0 2814.880859375 251.15890350341797 2814.880859375 310.58593902587893 0.18215215773809523 2814.880859375 434.36292266845703 2814.880859375 704.0702743530273 0.22233072916666666 
1 2815.486328125 206.5142936706543 2815.486328125 316.243350982666 0.21103631882440477 2815.486328125 423.3346572875977 2815.486328125 665.6529830932617 0.19180733816964285 
2 2814.450439453125 221.31475372314452 2814.450439453125 294.4509017944336 0.1929989769345238 2814.450439453125 485.7301361083984 2814.450439453125 705.1386993408203 0.19031924293154762 
3 2813.492919921875 221.1754051208496 2813.492919921875 294.31093826293943 0.18729073660714285 2813.492919921875 474.5126983642578 2813.492919921875 789.9097259521484 0.19365583147321427 
4 2814.802490234375 244.78585891723634 2814.802490234375 295.0774070739746 0.17850748697916666 2814.802490234375 481.4726837158203 2814.802490234375 705.4986907958985 0.20170665922619047 
5 2815.26806640625 236.62970733642578 2815.26806640625 296.05428314208984 0.17390078590029762 2815.26806640625 488.9204406738281 2815.26806640625 708.3343200683594 0.20529320126488096 
6 2815.446533203125 485.7703231811523 2815.446533203125 705.2043167114258 0.21409388950892858 
7 2815.513916015625 226.10965576171876 2815.513916015625 290.1095825195313 0.1727963402157738 2815.513916015625 542.0653381347656 2815.513916015625 702.0651550292969 0.2109316871279762 
8 2814.9111328125 241.19080352783203 2814.9111328125 296.0434799194336 0.18397158668154762 2814.9111328125 493.4779571533203 2814.9111328125 708.3176361083985 0.20978655133928573 
9 2815.230712890625 233.14336547851562 2815.230712890625 297.1344055175781 0.18442499069940477 2815.230712890625 542.0232147216797 2815.230712890625 702.0008941650391 0.20023600260416666 
10 2815.793212890625 254.01023864746094 2815.793212890625 290.57630920410156 0.1782284691220238 2815.793212890625 489.58005676269534 2815.793212890625 708.9764007568359 0.21380324590773808 
11 2816.206787109375 245.82733688354492 2816.206787109375 291.5358375549316 0.18318684895833334 2816.206787109375 433.4079620361328 2816.206787109375 712.2297943115234 0.21803501674107142 
12 2816.80712890625 206.2926498413086 2816.80712890625 293.13664093017576 0.18498302641369047 2816.80712890625 479.3062240600586 2816.80712890625 698.701496887207 0.21830822172619047 
13 2816.518310546875 206.75606994628907 2816.518310546875 289.0103485107422 0.18659319196428573 2816.518310546875 579.7124420166016 2816.518310546875 689.3847869873047 0.18122209821428573 
14 2816.438232421875 203.17797927856446 2816.438232421875 285.4299766540527 0.19042678106398808 2816.438232421875 602.1354095458985 2816.438232421875 638.6917999267578 0.1751708984375 
15 2818.376220703125 233.9743896484375 2818.376220703125 293.3832153320312 0.17372058686755953 2818.376220703125 485.6709808349609 2818.376220703125 709.5965362548828 0.23174176897321427 
16 1076.3361694335938 230.6232711791992 3045.6289184570314 290.0219009399414 0.17952473958333334 2818.40283203125 490.8876556396484 2818.40283203125 701.0673614501953 0.23475283668154762 
17 1074.6768188476562 182.4496078491211 3044.1784057617188 292.12024688720703 0.20797293526785715 2816.92822265625 551.3576721191406 2816.92822265625 693.0156188964844 0.1978759765625 
18 1078.2871643066405 189.29595336914062 3043.384588623047 298.9758361816406 0.20804850260416666 2816.642578125 579.5031372070313 2816.642578125 689.1830200195312 0.19638788132440477 
19 1070.9337463378906 229.81334915161133 3044.652557373047 293.77647933959963 0.17317998976934523 2816.915771484375 580.0290008544922 2816.915771484375 685.111196899414 0.19806780133928573 
20 2816.700927734375 579.3663665771485 2816.700927734375 689.0096710205078 0.19584147135416666 
21 2567.2416381835938 490.0137512207031 2850.5549926757812 704.7833679199218 0.24461146763392858 
22 2815.51611328125 244.56628875732423 2815.51611328125 299.4155532836914 0.18114071800595238 2815.51611328125 578.2326354980469 2815.51611328125 697.0726623535156 0.2088564918154762 
23 2816.0546875 209.15412292480468 2816.0546875 300.5499786376953 0.19079880487351192 2816.0546875 498.28143920898435 2816.0546875 703.9221740722656 0.19265601748511904 
24 2815.689208984375 198.45187454223634 2815.689208984375 294.4163963317871 0.20689174107142858 2815.689208984375 579.4978118896485 2815.689208984375 693.7412628173828 0.19574265252976192 
25 2816.331298828125 179.70347366333007 2816.331298828125 284.83813705444334 0.26282319568452384 2816.331298828125 593.9129791259766 2816.331298828125 644.1947479248047 0.17500813802083334 
26 2815.922119140625 194.9288787841797 2815.922119140625 290.9264678955078 0.1922549293154762 2815.922119140625 624.104946899414 2815.922119140625 688.1033660888672 0.17660667782738096 
27 2814.945068359375 234.51577529907226 2814.945068359375 293.93977584838865 0.17447916666666666 2814.945068359375 543.9425231933594 2814.945068359375 694.7880676269531 0.20486886160714285 
28 2814.8173828125 190.3926254272461 2814.8173828125 295.51310577392576 0.20815894717261904 2814.8173828125 580.1119018554688 2814.8173828125 689.8028930664062 0.20103236607142858 
29 2815.495361328125 199.17706069946288 2815.495361328125 290.5726188659668 0.20490373883928573 2815.495361328125 584.2686920166016 2815.495361328125 689.3735809326172 0.1917724609375 
30 2815.0693359375 191.1199577331543 2815.0693359375 291.65300674438475 0.20351446242559523 2815.0693359375 583.7612609863281 2815.0693359375 693.4336853027344 0.18968563988095238 
31 1089.2731018066406 194.53546524047852 3040.629119873047 295.0737113952637 0.20840308779761904 2815.47265625 579.6391357421875 2815.47265625 693.887109375 0.18705822172619047 
32 1084.4310424804687 222.29688110351563 3035.371447753906 281.69317016601565 0.17375255766369047 2592.007763671875 578.3233093261719 2838.731005859375 719.9606262207031 0.21781412760416666 
33 2809.692138671875 576.957308959961 2809.692138671875 700.3274200439453 0.2042178199404762 
34 1083.8004943847657 209.13836441040038 3034.938153076172 291.3877433776855 0.18393089657738096 2809.806884765625 581.0179595947266 2809.806884765625 699.8226776123047 0.20550827752976192 
35 1084.0792663574218 209.11925354003907 3035.0395080566404 291.3611541748047 0.19134521484375 2809.9287109375 473.76941375732423 2809.9287109375 729.6330825805665 0.21308244977678573 
36 2809.271484375 201.03910751342772 2809.271484375 292.42050247192384 0.19966052827380953 2809.271484375 536.5142120361328 2809.271484375 705.5698333740235 0.18990652901785715 
37 1084.8022583007812 217.196826171875 3035.7077514648436 290.2986572265625 0.18954613095238096 2810.603271484375 437.5567199707031 2810.603271484375 793.9282653808593 0.22223772321428573 
38 2810.4404296875 225.2744255065918 2810.4404296875 289.2368812561035 0.1889096214657738 2810.4404296875 439.829817199707 2810.4404296875 745.9358993530274 0.22771344866071427 
39 2809.928466796875 233.87113037109376 2809.928466796875 284.1244140625 0.1738949730282738 2809.928466796875 465.80942993164064 2809.928466796875 790.1716491699219 0.22190638950892858 
40 2809.540283203125 230.3516052246094 2809.540283203125 280.60377807617186 0.16861979166666666 2809.540283203125 443.30829467773435 2809.540283203125 749.3895812988281 0.22335960751488096 
41 2810.524169921875 237.86486206054687 2810.524169921875 283.5405334472656 0.16971551804315477 2810.524169921875 437.4324417114258 2810.524169921875 793.7027816772461 0.22806222098214285 
42 2810.039794921875 278.2973937988281 2810.039794921875 278.2973937988281 0.16132463727678573 2810.039794921875 428.86612701416016 2810.039794921875 798.8751754760742 0.22265625 
43 2810.31298828125 222.24655303955078 2810.31298828125 281.62939300537107 0.18058849516369047 2810.31298828125 438.6953155517578 2810.31298828125 753.8812835693359 0.2160702659970238 
44 2810.25634765625 230.33824157714844 2810.25634765625 280.5874786376953 0.17547898065476192 2810.25634765625 442.93108825683595 2810.25634765625 721.5858184814454 0.195556640625 
45 2809.36328125 209.61004333496095 2809.36328125 287.2694122314453 0.18841262090773808 2809.36328125 436.7900817871094 2809.36328125 738.2912170410157 0.19721912202380953 
46 2809.330322265625 225.2607749938965 2809.330322265625 289.2193428039551 0.17811802455357142 2809.330322265625 435.410400390625 2809.330322265625 718.655517578125 0.19737606956845238 
47 2808.999267578125 440.37728729248045 2808.999267578125 741.9285293579102 0.21030970982142858 
48 1079.8429443359375 181.35568923950194 3035.3914306640627 291.0125816345215 0.2194882347470238 2809.751220703125 440.033544921875 2809.751220703125 714.1758056640625 0.19973609561011904 
49 2810.494873046875 183.7247055053711 2810.494873046875 302.4607498168945 0.21363467261904762 2810.494873046875 431.5598403930664 2810.494873046875 746.6670578002929 0.22459193638392858 
50 2810.278076171875 204.96657333374023 2810.278076171875 291.73052444458006 0.18828183128720238 2810.278076171875 431.0094268798828 2810.278076171875 750.666049194336 0.21073404947916666 
51 1085.9607482910155 204.9155143737793 3035.379461669922 291.65780410766604 0.20229957217261904 2810.446533203125 440.03274993896486 2810.446533203125 741.3480178833008 0.2224179222470238 
52 1085.8981994628907 189.29796447753907 3035.421014404297 289.7417694091797 0.22758556547619047 2810.47607421875 443.7438720703125 2810.47607421875 713.115869140625 0.20067196800595238 
53 2815.24609375 198.6241928100586 2815.24609375 289.9869216918945 0.20851353236607142 2815.24609375 441.9652374267578 2815.24609375 738.894076538086 0.21347191220238096 
54 1095.2619995117188 171.06428298950195 3035.981408691406 308.0562461853027 0.27390834263392855 2812.05224609375 414.66408081054686 2812.05224609375 875.8703430175781 0.21773856026785715 
55 2816.97412109375 206.20905151367188 2816.97412109375 292.99151000976565 0.19708542596726192 2816.97412109375 467.0834136962891 2816.97412109375 759.4032196044922 0.26406133742559523 
56 2816.526123046875 193.8010711669922 2816.526123046875 298.8662872314453 0.20794387090773808 2816.526123046875 439.59745330810546 2816.526123046875 759.3610733032226 0.2534702845982143 
57 1071.717950439453 191.2551055908203 3045.4386657714845 287.19985046386716 0.20383417038690477 2575.2038330078126 472.41187591552733 2849.3318115234374 751.1085403442382 0.2737223307291667 
58 2820.8466796875 200.3351905822754 2820.8466796875 309.9078971862793 0.24734933035714285 2820.8466796875 430.3676239013672 2820.8466796875 768.2167877197265 0.26023646763392855 
59 1093.6038024902343 195.76034545898438 3042.847003173828 314.4496154785156 0.24680873325892858 2579.6779663085936 423.8333709716797 2849.0112426757814 757.0763580322266 0.2685139973958333 
60 2819.4169921875 194.57355270385742 2819.4169921875 322.4334205627441 0.23634556361607142 2819.4169921875 436.5940460205078 2819.4169921875 811.0407806396485 0.28806268601190477 
61 1322.3432983398438 203.38708038330077 1353.7860961914062 255.79178314208986 0.19271414620535715 2633.468371582031 10.699045562744146 2795.922985839844 650.0363517761231 0.36739676339285715 
62 1321.4143310546874 207.71710281372071 1347.6098388671876 254.86894149780272 0.18562534877232142 2637.6359252929688 84.39688224792481 2852.4390258789062 257.28699378967286 0.39408947172619047 
63 1313.656719970703 226.33055038452147 1344.3509704589844 277.48764114379884 0.19944545200892858 2678.1738159179686 56.13482818603516 2785.6037719726564 593.2843307495117 0.35022553943452384 
64 1309.0139465332031 199.20220336914062 1355.8890075683594 261.70233764648435 0.19346110026041666 2630.5308349609377 104.8510643005371 3307.6156494140623 568.3936408996582 0.36464146205357145 
65 2588.68447265625 143.59308166503905 2782.7310546875 253.7275360107422 0.2713216145833333 2645.163720703125 91.9549430847168 2839.210302734375 265.0233741760254 0.39270600818452384 
66 2614.5709594726563 141.26393280029296 2771.2403198242187 271.8218521118164 0.2585972377232143 2622.8060546875 77.79269027709961 2847.3658203125 271.0184211730957 0.47946893601190477 
67 2622.4711791992186 124.77575302124023 2788.6804321289064 233.85060501098633 0.27261788504464285 2682.00283203125 103.79982223510743 2817.04794921875 394.6660743713379 0.4025297619047619 
68 2603.8301635742187 114.3962516784668 2779.7335571289063 274.77881240844727 0.3069428943452381 2682.4294311523436 88.52810516357422 2832.4648559570314 404.1195693969727 0.35609654017857145 
69 2580.184045410156 82.20866928100585 2799.280065917969 176.10698928833008 0.45820545014880953 2666.25751953125 51.7117847442627 2765.37236328125 583.8022151947022 0.4166782924107143 
70 2635.367810058594 38.292968368530275 2841.026477050781 207.39023628234864 0.4154692150297619 2651.5391235351562 36.88675727844239 2838.9171752929688 187.7032314300537 0.32697986421130953 
71 2820.351806640625 93.46054267883301 2820.351806640625 216.7931728363037 0.30127534412202384 2820.351806640625 16.509414291381844 2820.351806640625 806.7518238067627 0.24664597284226192 
72 2810.599853515625 94.6895133972168 2810.599853515625 254.55497817993165 0.34462193080357145 2648.977685546875 24.946016120910645 2831.681005859375 180.24389095306395 0.33315894717261907 
73 1296.5538757324218 177.74300155639648 1401.5839416503907 287.3394721984863 0.23736862909226192 
74 2809.22216796875 156.14655532836915 2809.22216796875 270.3144889831543 0.26659574962797616 2809.22216796875 160.53762512207032 2809.22216796875 206.20480651855468 0.21475655691964285 
75 1085.0491027832031 170.67328567504882 3034.4468688964844 280.24131088256837 0.2544584728422619 2809.516357421875 191.56846618652344 2809.516357421875 241.7871551513672 0.17647298177083334 
76 1092.5849304199219 175.40390701293944 3039.4737854003906 285.0877769470215 0.24112374441964285 
77 1087.4544555664063 174.74317092895507 3032.635632324219 279.7646873474121 0.28056408110119047 2808.191650390625 184.92919311523437 2808.191650390625 262.55380859375 0.2520345052083333 
78 1299.2447204589844 172.9765197753906 1408.9377746582031 278.09910278320314 0.2574986049107143 2813.150146484375 192.13766479492188 2813.150146484375 192.13766479492188 0.1583804175967262 
79 1302.5324401855469 173.91161499023437 1407.5726623535156 288.08563842773435 0.27807035900297616 
80 1300.0846862792969 169.64607849121094 1395.9715881347656 288.3631988525391 0.32041713169642855 2807.406005859375 181.41242752075195 2807.406005859375 259.03515853881834 0.18896484375 
81 2652.96650390625 180.0422592163086 2852.5203125 473.0038528442383 0.7223074776785714 2760.091943359375 122.88698654174804 2908.695654296875 288.4739906311035 0.5084751674107143 
82 2638.4545043945313 180.07310104370117 2859.6541381835937 486.3493995666504 0.703125 2670.3583740234376 169.76572189331054 2870.2885986328124 310.142374420166 0.43565150669642855 
83 2641.092431640625 186.38199844360352 2849.897314453125 484.6748100280762 0.6874069940476191 2721.7298583984375 114.43115234375 2913.4893798828125 297.66815185546875 0.4831659226190476 
84 2636.1501708984374 191.26848526000975 2857.7741455078126 481.0841606140137 0.6873372395833334 2701.8833618164062 139.46885452270507 2893.6730346679688 309.9486717224121 0.4483235677083333 
85 2642.7760620117188 189.19911499023436 2847.6768188476562 492.2812927246094 0.7101004464285714 2745.7190185546874 143.06363220214843 2912.2009033203126 305.2766387939453 0.515380859375 
86 2644.998486328125 194.00904998779296 2850.081103515625 484.54298248291013 0.7105887276785714 2746.060827636719 123.67616729736328 2929.780725097656 311.66871185302733 0.5040341331845238 
87 2637.8158447265623 206.29133377075195 2868.0840576171877 491.9946006774902 0.7077055431547619 2767.3825561523436 135.6035614013672 2955.0088012695314 323.2295684814453 0.5783575148809523 
88 2633.78125 212.4216163635254 2851.06787109375 493.6159049987793 0.6929873511904762 2792.2398071289062 109.84143447875977 2971.1818237304688 314.3463554382324 0.6186290922619048 
89 2625.7077392578126 208.87757949829103 2847.4421630859374 486.0458671569824 0.7106817336309523 2786.59638671875 131.1392478942871 2978.4822265625 314.49675369262695 0.6019112723214286 
90 2628.034802246094 223.82748947143554 2832.652453613281 483.8622230529785 0.6780366443452381 2800.02509765625 127.25721130371093 2991.85380859375 314.82323303222654 0.6350213913690477 
91 2634.6380004882812 222.64411544799805 2835.0668334960938 474.24646377563477 0.7067289806547619 2790.290148925781 130.13843994140626 2977.925915527344 330.567431640625 0.5654529389880952 
92 2622.623095703125 231.3520950317383 2822.870068359375 465.6836410522461 0.6281854538690477 2801.894775390625 140.2413688659668 3010.662841796875 340.488321685791 0.6363234747023809 
93 2626.2314453125 222.37054519653321 2826.423828125 469.4164268493652 0.6965448288690477 2808.730676269531 142.09701919555664 3017.441931152344 346.54877853393555 0.6358816964285714 
94 1087.5331481933595 178.19554443359374 3032.058770751953 283.18165283203126 0.23471795944940477 2391.7837768554687 1134.4821228027345 2861.9391235351563 1472.263604736328 0.20179966517857142 
95 1087.8873291015625 40.73472366333007 3032.6219482421875 1337.224489593506 0.23492140997023808 2561.889440917969 1130.0389526367187 2840.360803222656 1476.9869262695313 0.18923223586309523 
96 1091.4568603515625 65.52736740112306 3032.6837646484373 1330.7506019592286 0.20219494047619047 2404.639782714844 985.7215942382812 2861.399035644531 1492.7244506835937 0.21185012090773808 
97 2808.32763671875 69.54556808471679 2808.32763671875 1329.7963661193849 0.1923769996279762 2400.361767578125 1127.8329833984376 2861.540576171875 1465.7263427734374 0.22371419270833334 
98 2605.1335693359374 217.395174407959 2801.3732666015626 473.36002883911135 0.6735258556547619 2806.7880126953123 105.98483963012696 2990.2295654296877 332.08710556030275 0.5684523809523809 
99 2808.49169921875 61.99220962524416 2808.49169921875 1326.7745597839355 0.18861607142857142 2541.90732421875 1159.2374328613282 2843.26357421875 1163.8034606933593 0.1811581566220238 
100 2807.2275390625 1091.7867309570313 2807.2275390625 1288.1854370117187 0.20914132254464285 2391.0662353515627 1122.1775390625 2861.5094482421873 1451.031201171875 0.2504359654017857 
101 2808.820556640625 201.49483184814454 2808.820556640625 288.27637786865233 0.19252232142857142 2558.313439941406 852.707730102539 2841.495397949219 989.7311737060547 0.17959449404761904 
102 2555.9453979492187 251.2680450439453 2739.5929321289063 507.5204681396484 0.7325846354166666 2776.2240600585938 55.629202651977536 2929.9754028320312 299.06897087097167 0.4363490513392857 
103 2530.67900390625 262.7766876220703 2718.852734375 532.2073211669922 0.7341192336309523 2774.285107421875 0.0 2932.522021484375 226.7539165019989 0.31296502976190477 
104 2512.8531494140625 255.65043182373046 2704.9554443359375 563.0139053344726 0.7701125372023809 2774.736193847656 0.0 2945.493542480469 299.81751012802124 0.3093145461309524 
105 2515.652880859375 266.47393798828125 2691.004345703125 578.6849975585938 0.7819475446428571 2698.0776123046876 223.37630157470704 2946.1357666015624 338.8516342163086 0.41677129836309523 
106 2507.343408203125 299.6026138305664 2686.695166015625 598.5223556518555 0.7777390252976191 2667.6433227539064 207.13456954956055 2881.1572143554686 339.5133338928223 0.5055571056547619 
107 2498.715368652344 321.8585708618164 2686.758020019531 621.0176193237305 0.7786458333333334 2571.86123046875 233.26144790649414 2866.7466796875 331.55659103393555 0.4187825520833333 
108 2626.797021484375 218.19781951904298 2832.345556640625 556.2112686157227 0.25280180431547616 2570.227185058594 444.3014404296875 2839.724230957031 923.9151123046875 0.2778727213541667 
109 2538.30478515625 219.42418060302734 2844.3392578125 699.0301956176758 0.2867954799107143 2556.4 491.7279678344727 2675.1595703125 651.5965866088867 0.3068731398809524 
110 2478.6854736328123 210.3188446044922 2857.8760498046877 721.9976226806641 0.31465076264880953 2543.3479858398437 504.46384582519534 2849.4418090820313 659.7948822021484 0.30344354538690477 
111 2466.5419311523438 226.40420989990236 2859.3967895507812 719.7567092895508 0.3199579148065476 2506.9519653320312 512.4362274169922 2854.1259155273438 658.6147369384765 0.32906668526785715 
112 2480.3264404296874 495.5804870605469 2749.8688720703126 696.5950500488282 0.39536830357142855 2462.0524780273436 551.632666015625 2859.5131958007814 693.256494140625 0.3330659412202381 
113 2459.5752197265624 511.53394775390626 2761.0590576171876 726.2269165039063 0.41792224702380953 2458.521203613281 555.1049926757812 2860.499548339844 696.7110473632813 0.31661551339285715 
114 2441.79345703125 524.9998565673828 2861.93212890625 744.2025970458984 0.38960193452380953 2429.6740966796874 576.638949584961 2863.5129150390626 713.6406524658203 0.32461402529761907 
115 2432.0124755859374 546.1636291503906 2865.9274658203126 765.4048522949219 0.3890787760416667 2432.0124755859374 582.7038330078125 2865.9274658203126 728.8646484375 0.328857421875 
116 2419.653283691406 559.6407806396485 2867.163366699219 783.3959014892578 0.35451543898809523 2435.8114013671875 620.2337921142578 2865.0557861328125 775.492465209961 0.36512974330357145 
117 2415.1554443359373 578.9503753662109 2867.1853759765627 816.3802520751954 0.35581752232142855 2415.1554443359373 665.3523803710938 2867.1853759765627 793.1992553710937 0.35400390625 
118 2405.0625244140624 601.9010314941406 2866.2153076171876 821.0625915527344 0.3239106677827381 2409.1015625 655.1108978271484 2865.6884765625 778.3892852783204 0.36483909970238093 
119 2396.5227905273437 610.616015625 2866.8241333007813 843.48359375 0.3395414806547619 2400.562109375 668.920687866211 2866.297265625 792.2035186767578 0.35573614211309523 
120 2422.71083984375 604.4789428710938 2677.7837890625 812.7883911132812 0.8061290922619048 2493.5099487304688 172.65378189086914 2701.8193969726562 325.69746017456055 0.7036365327380952 
121 2375.8214111328125 628.1486511230469 2864.7718505859375 856.6301574707031 0.3552943638392857 2396.033166503906 682.8084381103515 2862.135534667969 833.6062957763672 0.35363188244047616 
122 2407.1921997070312 625.9309234619141 2674.5888061523438 833.9059295654297 0.8150111607142857 2471.8376342773436 181.73927307128906 2688.3012817382814 334.5372772216797 0.7702055431547619 
123 2398.136120605469 632.971630859375 2666.001818847656 845.563525390625 0.8146158854166666 2463.38544921875 185.22027359008788 2675.97734375 338.2864860534668 0.7721121651785714 
124 2368.2970458984373 645.1675018310547 2661.8196533203127 840.8491607666016 0.8114304315476191 2452.394384765625 190.97657623291016 2669.345849609375 352.62666473388674 0.7801106770833334 
125 2359.7437377929687 647.368359375 2658.4869750976563 852.2208740234375 0.8187779017857143 2444.1141357421875 199.25348205566405 2666.0377197265625 361.42840270996095 0.7887369791666666 
126 2364.788330078125 642.0173217773438 2642.015869140625 856.2386596679687 0.8230096726190477 2429.571569824219 220.84454421997071 2677.396447753906 388.8613121032715 0.7776925223214286 
127 2360.933630371094 642.5240997314453 2634.396691894531 864.712777709961 0.8158947172619048 2427.327294921875 218.36077651977538 2666.607275390625 385.0022453308105 0.7957821800595238 
128 2359.8855834960937 638.2574920654297 2619.8192504882813 868.3628082275391 0.8159644717261905 2417.5756713867186 219.02007446289062 2660.4646118164064 389.46845092773435 0.8101283482142857 
129 2348.331201171875 642.7672546386718 2611.586279296875 867.8076965332032 0.8180106026785714 2417.0847045898436 220.77560729980468 2650.6171997070314 394.8634918212891 0.8077566964285714 
130 2343.020715332031 638.2363037109375 2602.468786621094 867.9116455078125 0.8003394717261905 2410.90908203125 229.1067008972168 2649.09091796875 403.4898109436035 0.7817150297619048 
131 2338.4009643554687 632.5423217773438 2592.2472290039063 873.6964477539062 0.8083147321428571 2404.954064941406 230.78156356811525 2646.108190917969 400.0125190734863 0.7751116071428571 
132 2334.2208740234373 632.3286743164062 2587.5628173828127 877.2260131835938 0.8273809523809523 2401.61630859375 238.83644409179686 2633.84658203125 403.50877075195314 0.7696940104166666 
133 2347.1972778320314 661.974609375 2612.1589233398436 885.821533203125 0.46529715401785715 2363.8889770507812 684.8160949707031 2606.0092163085938 862.9800476074219 0.33511207217261907 
134 2327.3239501953126 623.4558044433594 2581.9392333984374 873.8275207519531 0.80810546875 2378.736535644531 235.49384994506835 2612.133825683594 396.75024490356446 0.7767624627976191 
135 2319.9778442382812 617.1712005615234 2576.9389038085938 865.5666534423829 0.7987583705357143 2375.15859375 231.23581237792968 2610.70615234375 398.2603424072266 0.7669735863095238 
136 2337.7255126953123 648.6667022705078 2584.2945068359377 867.8389739990234 0.4033900669642857 2342.29169921875 682.5611175537109 2579.7283203125 851.5064483642578 0.3511323474702381 
137 2326.471228027344 633.6429077148438 2577.622277832031 861.9620727539062 0.40881928943452384 2332.09150390625 671.0521728515625 2564.97685546875 849.141064453125 0.4155157180059524 
138 2303.1027587890626 591.3762786865234 2557.5656982421874 858.7782012939454 0.8077101934523809 2355.853271484375 226.93340377807618 2584.438720703125 403.76369400024413 0.7721819196428571 
139 2322.6953979492187 615.1195251464844 2560.0123657226563 866.1279113769531 0.39871651785714285 2330.76982421875 648.470346069336 2558.9591796875 853.8407501220703 0.35306222098214285 
140 2288.5511962890623 591.1711791992187 2544.8701904296877 843.1458374023438 0.7998976934523809 2346.030871582031 231.58926696777343 2567.594860839844 414.0536773681641 0.76513671875 
141 2282.2540893554688 583.1432800292969 2536.2158813476562 832.8005676269531 0.7973865327380952 2339.205224609375 236.3051528930664 2558.731298828125 421.39586639404297 0.7576729910714286 
142 2267.01376953125 564.9561920166016 2523.53017578125 830.1680145263672 0.8158947172619048 2334.5710205078126 258.6081771850586 2556.3054443359374 454.25623321533203 0.7392578125 
143 2263.6142700195314 539.7126586914062 2510.2692749023436 831.2138549804688 0.6133045014880952 2299.548962402344 288.4581100463867 2583.575793457031 415.5227554321289 0.4191778273809524 
144 2271.5375854492186 512.3148559570312 2540.7312133789064 841.3294311523438 0.6797572544642857 2323.3056518554686 302.0791900634766 2592.4992797851564 459.1088592529297 0.5309709821428571 
145 2274.3013305664062 511.36809692382815 2513.3112182617188 802.6615661621094 0.6719447544642857 2303.8904296875 317.4598190307617 2535.43134765625 496.71727447509767 0.5167410714285714 
146 2262.5390502929686 517.0891662597656 2492.1233032226564 791.1090759277344 0.6710146949404762 2309.8233154296877 336.21327056884763 2524.5956298828123 499.14399871826174 0.5618722098214286 
147 2244.9003295898438 530.151025390625 2492.7493286132812 804.089208984375 0.8465866815476191 2305.273974609375 334.31368560791014 2522.685009765625 508.24268035888673 0.7293526785714286 
148 2228.1958618164062 509.3601135253906 2477.4254760742188 802.5715270996094 0.7380487351190477 2293.604455566406 349.7854827880859 2513.512976074219 511.05173645019534 0.5857979910714286 
149 2217.4722412109377 525.5639038085938 2465.5443603515623 795.5249633789062 0.71728515625 2275.8420166015626 343.43848876953126 2553.0993896484374 489.363330078125 0.5125093005952381 
150 2205.4087158203124 547.9568695068359 2459.1200927734376 793.0677276611328 0.8569103422619048 2259.98818359375 344.69010467529296 2470.69736328125 516.6977432250976 0.7570219494047619 
151 2196.165417480469 547.4833618164063 2446.949572753906 789.6197875976562 0.8680710565476191 2249.548376464844 339.77164764404296 2470.065637207031 508.40233306884767 0.7699730282738095 
152 2175.5157958984373 559.9211700439453 2446.9612548828127 781.3636810302735 0.7595796130952381 2245.575146484375 319.24664916992185 2481.304248046875 483.5427185058594 0.6536690848214286 
153 2157.3285400390623 566.3704803466796 2442.7578857421877 780.4425689697266 0.7649042038690477 2222.647802734375 325.951155090332 2465.262841796875 482.9373031616211 0.6023763020833334 
154 2143.778771972656 567.1731994628906 2437.840612792969 789.5127136230469 0.7535574776785714 2210.2599487304688 305.9379852294922 2454.1162719726562 449.38287658691405 0.5704520089285714 
155 2134.6337890625 562.9904357910157 2428.16845703125 784.9313171386718 0.7519066220238095 2194.1116943359375 292.86134338378906 2401.7340087890625 421.7302703857422 0.5870768229166666 
156 2136.58212890625 561.4601989746094 2401.851953125 791.3607238769531 0.8254510788690477 2203.919812011719 275.27478942871096 2416.135607910156 421.17320861816404 0.7387230282738095 
157 2116.7255615234376 579.193359375 2397.9883056640624 790.1402587890625 0.8168480282738095 2196.3379638671877 253.98353576660156 2402.8900634765623 412.19371032714844 0.7452101934523809 
158 2088.5994262695312 578.628060913086 2394.2660522460938 794.3927520751953 0.8093145461309523 2194.407275390625 243.57050018310548 2392.191357421875 396.40377349853514 0.7354910714285714 
159 2080.2760986328126 576.7424499511719 2380.3723388671874 790.4472473144531 0.8244512648809523 2187.303356933594 233.80047073364258 2378.273547363281 388.3954368591309 0.7081473214285714 
160 2074.6891479492188 585.0936706542968 2369.5108032226562 790.5753967285157 0.8136160714285714 2175.368273925781 231.5139633178711 2371.916149902344 374.457746887207 0.6947312127976191 
161 2068.7636596679686 574.3783386230468 2352.8679321289064 795.3483459472657 0.8219168526785714 2159.822619628906 229.3945785522461 2376.283093261719 373.7015213012695 0.7147739955357143 
162 2059.7589721679688 567.9519744873047 2340.4126586914062 794.285513305664 0.8267531622023809 2163.698193359375 222.1839469909668 2358.345263671875 367.03744277954104 0.7203543526785714 
163 2055.6585083007812 562.3071441650391 2327.4857788085938 788.0619354248047 0.8182198660714286 2158.78994140625 215.87799758911132 2366.1158203125 372.5242088317871 0.7434895833333334 
164 2046.1323364257812 552.156851196289 2320.3298217773436 789.1752410888672 0.8280319940476191 2149.626611328125 215.04029693603516 2363.408056640625 368.40510711669924 0.7392810639880952 
165 2038.8471557617188 541.1205963134765 2314.4011352539064 788.6522918701172 0.8329613095238095 2145.907360839844 209.52146530151367 2365.416613769531 372.98581314086914 0.7566499255952381 
166 2026.8102172851563 540.0149688720703 2301.8062377929687 786.5630950927734 0.8246837797619048 2143.3369750976562 222.71204376220703 2356.6959838867188 374.43392181396484 0.7582077752976191 
167 2026.897607421875 533.3031433105468 2299.801123046875 782.6804992675782 0.8462844122023809 2142.5377197265625 222.57679824829103 2354.2733154296875 373.1442558288574 0.7542550223214286 
168 2019.6904907226562 522.3830657958985 2289.5182495117188 782.7432159423828 0.8196382068452381 2139.67451171875 237.4434371948242 2347.9626953125 379.4580825805664 0.7349097842261905 
169 2007.6969787597657 531.625765991211 2292.124188232422 778.1292999267578 0.8262416294642857 2132.042761230469 245.19298248291017 2350.103479003906 382.6661178588867 0.7512788318452381 
170 2011.9295959472656 518.0002166748047 2287.244110107422 783.821255493164 0.8264973958333334 2131.695068359375 235.93053131103517 2350.048095703125 383.08146209716796 0.7728097098214286 
171 2006.3333557128906 523.933724975586 2286.1572448730467 779.6346954345703 0.8256603422619048 2129.1738891601562 244.66666717529296 2341.4537963867188 379.7539566040039 0.7706705729166666 
172 2007.3276489257812 526.1748840332032 2276.8215209960936 781.2314880371093 0.8262648809523809 2128.1927978515623 243.35443267822265 2344.7500732421877 382.9137252807617 0.7620907738095238 
173 2016.3460510253906 518.6587005615235 2272.0361511230467 779.0839141845703 0.8267531622023809 2130.5323120117187 240.9325698852539 2343.6075805664063 382.982682800293 0.7711123511904762 
174 2013.8039855957031 527.9276092529296 2277.7466735839844 782.4437896728516 0.8264973958333334 2129.0974853515627 243.6815933227539 2336.4811279296873 385.0794845581055 0.74609375 
175 2015.3810974121093 530.691683959961 2273.433477783203 784.0522735595703 0.8324962797619048 2129.0685791015626 241.0593063354492 2340.2024169921874 377.1233413696289 0.7668340773809523 
176 2015.1402282714844 526.7816558837891 2273.365264892578 785.0066131591797 0.8395879836309523 2124.75029296875 248.87374420166014 2340.72041015625 380.33374481201173 0.7662992931547619 
177 2015.9093017578125 526.288330078125 2273.2972412109375 783.67626953125 0.8340773809523809 2126.24404296875 249.28125 2332.15439453125 380.31512451171875 0.7568359375 
178 2015.04638671875 528.1969482421875 2272.1455078125 780.6216552734375 0.8352632068452381 2127.2351196289064 242.69096832275392 2346.9379760742186 382.92692108154296 0.779296875 
179 2008.8138671875 533.4122192382813 2270.47568359375 776.3836791992187 0.8366117931547619 2126.1662719726564 243.35591888427734 2336.4301635742186 383.5318069458008 0.7660900297619048 
180 2011.9422241210937 538.2109313964844 2273.6468872070313 776.5490783691406 0.8430989583333334 2125.7189208984373 240.91726684570312 2336.0174072265627 376.4429016113281 0.7742047991071429 
181 2006.8385620117188 522.9010528564453 2268.8618774414062 775.5664154052735 0.8384719122023809 2124.35322265625 244.8611801147461 2334.90751953125 380.5518142700195 0.7669968377976191 
182 2006.1801391601562 523.2868682861329 2267.615026855469 770.7163665771484 0.8408203125 2127.022009277344 241.2028823852539 2337.103723144531 381.25729217529295 0.7696010044642857 
183 2003.2636413574219 528.4257385253907 2267.6998596191406 765.0265319824218 0.8486793154761905 2122.8130126953124 251.14236907958986 2340.8569091796876 385.680110168457 0.7669270833333334 
184 2004.7192504882812 516.7240570068359 2256.2365600585936 754.2681915283204 0.8375651041666666 2124.2079833984376 253.20408935546874 2333.8056884765624 383.62049560546876 0.7570452008928571 
185 2001.2221069335938 528.4187805175782 2266.0066528320312 756.0408142089843 0.8273577008928571 2129.6837646484373 246.6606231689453 2334.0789306640627 376.73036804199216 0.7586495535714286 
186 2001.6698974609376 525.0077331542968 2258.0815673828124 748.7849914550782 0.8265671502976191 2124.8549926757814 248.33431091308594 2339.3083374023436 383.5331207275391 0.76171875 
187 2004.5478881835938 523.2817932128906 2251.192102050781 742.0040954589844 0.8274507068452381 2126.9751708984377 247.10457305908204 2336.3900634765623 377.40723724365233 0.7601609002976191 
188 2009.8571533203126 528.7422424316406 2247.0417724609374 742.6736511230469 0.8282645089285714 2126.4818603515623 244.5140625 2345.0640380859377 379.3838256835937 0.7722051711309523 
189 2003.8134216308595 531.4203094482422 2264.369317626953 754.7539459228516 0.8286365327380952 2122.6384399414064 244.0213134765625 2345.9721557617186 383.60484619140624 0.7732282366071429 
190 2007.4743957519531 528.4756622314453 2258.7154235839844 751.8008880615234 0.8356817336309523 2127.9053955078125 245.74016418457032 2327.9676513671875 376.01319274902346 0.7623930431547619 
191 2004.643048095703 536.072640991211 2263.015032958984 757.5343536376953 0.8194289434523809 2125.4888549804687 243.9844940185547 2351.5641235351563 382.3980743408203 0.7726004464285714 
192 2009.2257263183594 530.7946319580078 2258.3456848144533 756.8477630615234 0.8153599330357143 2127.0431518554688 250.44608306884766 2339.2564086914062 384.23265838623047 0.7417689732142857 
193 2014.5085144042969 536.5722961425781 2258.7020568847656 757.7286071777344 0.8149646577380952 2127.036181640625 244.88694915771484 2348.192333984375 383.10966339111326 0.7699265252976191 
194 2011.716131591797 539.26396484375 2262.0999084472655 757.1907470703125 0.8270554315476191 2127.0996826171877 248.7543746948242 2335.7528564453123 387.85655670166017 0.7664853050595238 
195 2013.6612915039063 541.809115600586 2259.2740112304687 759.6164825439453 0.8183361235119048 2127.912109375 248.42864990234375 2341.08544921875 382.8204345703125 0.7688104538690477 
196 2012.983544921875 544.5242706298828 2262.756201171875 757.2936614990234 0.8168247767857143 2127.01806640625 243.51605377197265 2344.41259765625 382.2787155151367 0.7701822916666666 
197 2010.3336669921875 543.4989654541016 2260.1272705078127 756.2861297607421 0.8287295386904762 2128.469616699219 246.55777740478516 2341.256701660156 380.70616912841797 0.7706008184523809 
198 2005.3061279296876 543.5951782226563 2264.8662353515624 756.8053344726562 0.8345889136904762 2128.3119140625 250.1638931274414 2341.5220703125 379.9439865112305 0.7698567708333334 
199 2002.7965148925782 549.4956359863281 2263.4206481933593 754.2718200683594 0.8347284226190477 2127.917517089844 250.2073959350586 2328.039758300781 380.5195022583008 0.7667410714285714 
200 2001.968927001953 552.3673950195313 2263.5490173339845 753.2234252929687 0.8398204985119048 2119.2846923828124 251.44263305664063 2329.4828857421876 382.23259887695315 0.7715076264880952 
201 2005.0756286621095 550.565151977539 2257.938165283203 747.2359344482422 0.8218005952380952 2125.743701171875 248.35487670898436 2331.779736328125 379.46873168945314 0.7626488095238095 
202 2005.3225708007812 553.4497985839844 2267.7172241210938 754.9315490722656 0.8121279761904762 2119.3993286132813 251.58760681152344 2330.2522827148437 382.78501281738284 0.7594401041666666 
203 1998.3968933105468 544.7794799804688 2261.0963928222654 751.1862182617188 0.8276832217261905 2122.890344238281 242.02568969726562 2338.679235839844 382.75751342773435 0.7793666294642857 
204 1999.7271850585937 543.33935546875 2261.899035644531 754.0133056640625 0.8316824776785714 2119.8293701171874 237.59206008911133 2339.8664306640626 382.7229881286621 0.7865048363095238 
205 1999.5339477539062 544.5245025634765 2266.5903198242186 755.3584930419922 0.8334030877976191 2125.493603515625 239.6261947631836 2331.642626953125 375.49694366455077 0.7790643601190477 
206 2002.0375122070313 549.0666778564453 2264.4207397460937 750.5394622802735 0.8330543154761905 2127.462512207031 239.46886825561523 2333.620739746094 375.3459053039551 0.7756928943452381 
207 2001.877001953125 546.3639190673828 2259.932080078125 748.116000366211 0.8211728050595238 2126.934436035156 247.70587615966798 2333.378308105469 379.07931060791014 0.7697172619047619 
208 1997.8943908691406 551.528564453125 2260.5161315917967 748.4947509765625 0.8194754464285714 2126.499645996094 244.71587066650392 2337.534777832031 380.71634979248046 0.7731817336309523 
209 1996.481103515625 550.8327667236329 2264.300146484375 752.8717620849609 0.8136393229166666 2126.4149658203123 243.9792739868164 2333.1524169921877 380.238102722168 0.7708798363095238 
210 1997.4841918945312 546.3634063720704 2269.1210327148438 757.1161468505859 0.8319614955357143 2126.4576782226563 241.0421905517578 2341.8936401367187 381.5439910888672 0.7768322172619048 
211 1998.0374633789063 547.7413818359375 2264.574597167969 758.165234375 0.8310314360119048 2126.8096435546877 243.4360092163086 2337.2338134765623 379.0425369262695 0.7781808035714286 
212 2001.4984375 548.1200622558594 2263.3443359375 753.8560119628906 0.8245210193452381 2126.6664916992186 243.29268493652344 2332.4026000976564 378.8913970947266 0.7748790922619048 
213 2001.152117919922 538.886343383789 2258.723980712891 754.3100067138672 0.8223121279761905 2125.4349975585938 241.8682418823242 2336.1755981445312 377.67884674072263 0.7789713541666666 
214 2007.2509521484376 544.8067565917969 2260.1333251953124 755.5421203613281 0.8284970238095238 2128.4689453125 244.1936477661133 2329.83818359375 375.31785736083987 0.7747628348214286 
215 2000.2215698242187 540.1209838867187 2265.116564941406 758.5432006835938 0.8336356026785714 2131.7754028320314 242.87377014160157 2340.9030639648436 372.9976287841797 0.7616722470238095 
216 2003.6671142578125 530.9817260742187 2258.6302490234375 758.1307006835938 0.8389369419642857 2137.92392578125 239.64622802734374 2341.89443359375 364.80994873046876 0.76123046875 
217 2008.2169311523437 534.9469787597657 2262.809680175781 766.3950622558593 0.8145228794642857 2134.6232299804688 232.28407287597656 2342.9263305664062 371.15293884277344 0.7589053199404762 
218 2004.9745544433595 518.9294799804687 2260.395196533203 769.7060180664063 0.8273809523809523 2139.472277832031 228.14305572509767 2343.808728027344 367.4633590698242 0.7552083333333334 
219 2004.0031372070312 515.4007293701172 2263.286169433594 774.6836822509765 0.8241024925595238 2141.6580444335937 222.46085891723632 2350.0106567382813 365.9924949645996 0.7722981770833334 
220 2001.4113342285157 513.6333953857422 2257.242352294922 778.767300415039 0.8258696056547619 2142.7446166992186 220.41171875 2352.0608032226564 359.9558959960938 0.7569986979166666 
221 1998.20810546875 511.5237701416016 2259.16787109375 781.8035614013672 0.8228236607142857 2143.9227905273438 217.76471862792968 2353.6223754882812 362.22460021972654 0.7487909226190477 
222 2001.925225830078 517.876220703125 2258.0272888183595 778.634765625 0.8206845238095238 2139.2891357421877 219.68724899291993 2353.4838134765623 364.03578872680663 0.7489304315476191 
223 2001.168194580078 521.487338256836 2259.038714599609 779.3579376220703 0.8161969866071429 2137.4970703125 225.3869644165039 2339.10498046875 361.35507049560545 0.7300502232142857 
224 2003.2997314453125 518.0909057617188 2260.7613037109377 780.2335571289062 0.8209402901785714 2128.0695068359373 229.66185836791993 2334.0388916015627 370.09548110961913 0.7489769345238095 
225 2003.9621337890626 512.6978759765625 2256.7619873046874 774.86083984375 0.8189406622023809 2115.777478027344 226.76743240356444 2335.807238769531 376.5748374938965 0.7762974330357143 
226 2004.8489013671874 512.7730102539062 2260.0456298828126 777.2496948242188 0.8383324032738095 2111.5675048828125 229.37964782714843 2338.9246826171875 382.4977325439453 0.7723911830357143 
227 2008.7308227539063 500.0644470214844 2266.216198730469 771.3437561035156 0.8307756696428571 2112.007775878906 237.98105010986328 2332.709753417969 389.7135604858398 0.7677176339285714 
228 2014.5884033203124 497.20961608886716 2262.1298583984376 767.6714263916016 0.8383556547619048 2097.807421875 238.91326599121095 2327.01240234375 394.7725860595703 0.7767624627976191 
229 2013.5255004882813 493.89820556640626 2268.135388183594 771.2409545898438 0.8436104910714286 2086.6209106445312 244.70941925048828 2313.9511108398438 408.3871078491211 0.7622767857142857 
230 2018.7189331054688 513.5402984619141 2274.2359008789062 773.6200408935547 0.8435639880952381 2082.07177734375 251.354541015625 2305.64892578125 411.052685546875 0.7641834077380952 
231 2010.5395141601562 507.7365020751953 2270.355749511719 776.669320678711 0.8448660714285714 2074.3539916992186 245.81637420654297 2297.7048461914064 414.46911773681643 0.748046875 
232 2013.4437194824218 522.6080474853516 2268.4587463378907 782.1768035888672 0.8385416666666666 2069.666162109375 249.3777648925781 2292.804052734375 417.8697937011719 0.7528599330357143 
233 2008.821875 534.6904113769531 2264.8177734375 786.1148864746094 0.8533296130952381 2065.260461425781 253.3763168334961 2289.256872558594 413.373713684082 0.7616722470238095 
234 2009.1963806152344 533.09892578125 2268.798858642578 797.2556884765625 0.8500744047619048 2058.9448120117186 256.32993774414064 2282.1115844726564 429.3981506347656 0.7708798363095238 
235 2009.072998046875 531.3772766113282 2268.127197265625 794.9762390136718 0.8624441964285714 2050.1510498046873 259.2130615234375 2286.4812744140627 427.371044921875 0.7878766741071429 
236 2012.2478881835937 531.488525390625 2266.8050903320313 795.1368408203125 0.8610723586309523 2049.836950683594 262.7700393676758 2281.665734863281 430.95948333740233 0.7996651785714286 
237 2003.2123291015625 535.488818359375 2263.9619873046877 796.2384765625 0.8660946800595238 2044.5592651367188 257.49669189453124 2282.4360961914062 426.7552001953125 0.8170340401785714 
238 1997.7441711425781 531.0682250976563 2263.9275817871094 797.2514770507812 0.8710007440476191 2039.7545654296875 260.82518005371094 2278.4016845703127 421.45301818847656 0.8149646577380952 
239 1995.840234375 543.2531463623047 2263.5005859375 797.0691802978515 0.8601655505952381 2042.1659545898438 262.8131103515625 2277.5227661132812 424.3323974609375 0.8128022693452381 
240 2000.3946044921875 544.3081115722656 2262.9965087890623 797.6959167480469 0.8624209449404762 2031.4036010742188 263.27793579101564 2270.970178222656 433.7388488769531 0.8050130208333334 
241 1996.0081726074218 548.8871490478516 2259.4719299316407 798.4843719482421 0.8545154389880952 2031.7410888671875 270.49024810791013 2262.8497314453125 436.88838348388674 0.8007114955357143 
242 1997.7932006835938 547.0567993164062 2264.2700317382814 799.7503295898438 0.8620489211309523 2029.7775268554688 269.8007247924805 2264.0933227539062 444.38900299072264 0.8073381696428571 
243 1992.947900390625 549.9406097412109 2264.093115234375 798.1075469970704 0.8630952380952381 2021.4056274414063 272.07835540771487 2260.381237792969 446.71439971923826 0.8138718377976191 
244 1998.967108154297 550.5231903076171 2261.0432678222655 798.8059722900391 0.8600027901785714 2022.84052734375 280.13551940917966 2261.9275390625 450.2551666259766 0.8265904017857143 
245 1995.03427734375 549.1706481933594 2257.320703125 797.6523498535156 0.8617931547619048 2022.466357421875 281.57495880126953 2261.745068359375 456.43245697021484 0.8356352306547619 
246 1995.4205322265625 551.8329467773438 2262.7552490234375 800.7308959960938 0.8566545758928571 2019.8848449707032 283.78899536132815 2259.5642517089846 458.93939819335935 0.8210332961309523 
247 1993.980731201172 552.1368896484375 2261.626324462891 796.7095458984375 0.8557942708333334 2018.4735412597656 282.71641845703124 2258.431610107422 462.685009765625 0.8275669642857143 
248 1997.5127258300781 551.4438690185547 2261.2586364746094 801.7788482666016 0.8612351190476191 2021.2394775390626 277.7259017944336 2258.1638427734374 456.5366409301758 0.8006417410714286 
249 1997.3670166015625 542.7981903076172 2260.7750732421873 801.7415435791015 0.8675362723214286 2025.0127807617187 280.76396484375 2257.1691040039063 459.34559326171876 0.7901553199404762 
250 1998.494775390625 548.0245910644531 2257.065283203125 797.6790222167969 0.8701404389880952 2021.64267578125 285.3387283325195 2257.92275390625 463.66331634521487 0.7978748139880952 
251 1994.8442687988281 548.3921905517578 2262.1385192871094 797.8669036865234 0.8667922247023809 2018.4894592285157 285.89537658691404 2259.054364013672 464.0916229248047 0.8174990699404762 
252 1995.5209899902343 548.9284820556641 2261.228643798828 796.9222869873047 0.8701404389880952 2022.4324340820312 285.0944534301758 2261.5692749023438 457.8043807983398 0.8167550223214286 
253 1995.0553405761718 553.9941711425781 2261.2714416503904 793.5888366699219 0.8749069940476191 2022.0182983398438 285.21807250976565 2261.6128051757814 458.2586730957031 0.8288457961309523 
254 1996.5591247558593 558.9903717041016 2258.728594970703 790.0549774169922 0.8665364583333334 2018.6059326171876 285.8829864501953 2267.4448486328124 454.7378631591797 0.8051990327380952 
255 1991.17080078125 551.9879974365234 2261.71298828125 791.4843536376953 0.88037109375 2014.1992431640624 282.29869232177737 2262.5658935546876 464.1385330200195 0.8376813616071429 
256 1996.7214965820312 552.5552520751953 2257.7133178710938 791.4290618896484 0.8667224702380952 2015.7769714355468 287.9905776977539 2259.0742248535157 460.5105514526367 0.8256603422619048 
257 1995.8416809082032 552.7865142822266 2261.6645446777343 796.4575653076172 0.8619559151785714 2018.8455078125 288.3267333984375 2262.516796875 461.11168212890624 0.8243582589285714 
258 1989.952685546875 551.4225158691406 2260.544384765625 795.3986511230469 0.8672805059523809 2020.833642578125 293.45616455078124 2260.373876953125 466.45740966796876 0.8179408482142857 
259 1992.5453491210938 551.8015594482422 2258.9612426757812 796.0161285400391 0.8709774925595238 2015.6005798339843 293.0707092285156 2259.815069580078 470.6813049316406 0.8318684895833334 
260 1988.0977172851562 555.960888671875 2264.3873901367188 792.14384765625 0.8782087053571429 2016.2065795898438 291.32628631591797 2256.845910644531 474.03385162353516 0.8249162946428571 
261 1988.1475158691405 556.7825164794922 2260.052069091797 793.0276031494141 0.8729771205357143 2015.7494812011719 292.59259643554685 2256.4518127441406 470.89080200195315 0.8288922991071429 
262 1988.911688232422 555.0506011962891 2260.7378479003905 791.2272918701171 0.8691871279761905 2013.077813720703 293.85076599121095 2253.7106384277345 476.55353088378905 0.8250325520833334 
263 1988.6915344238282 557.3626434326172 2260.1130310058593 793.1878326416015 0.8663271949404762 2020.1805053710937 297.0650146484375 2256.0057739257813 475.0463134765625 0.8261951264880952 
264 1989.7774230957032 560.58935546875 2261.3918884277346 792.129638671875 0.8625604538690477 2014.4385131835938 295.65391540527344 2250.431359863281 478.21449279785156 0.8400530133928571 
265 1990.8643920898437 556.0183013916015 2256.901965332031 791.0181365966797 0.8573753720238095 2014.3984008789062 296.1200942993164 2253.832312011719 477.9124069213867 0.8274507068452381 
266 1988.5828918457032 557.346792602539 2260.0043884277343 793.1718231201172 0.8695126488095238 2009.2904052734375 299.9585708618164 2249.5650634765625 482.3892990112305 0.8363792782738095 
267 1986.4416076660157 553.3709320068359 2258.141766357422 793.8924346923828 0.8685360863095238 2011.1105712890626 303.08461608886716 2247.1780029296874 485.7027984619141 0.8331240699404762 
268 1986.5581787109375 553.3966033935546 2258.5736572265623 794.1970855712891 0.8693033854166666 2007.8254455566407 306.7647399902344 2244.166619873047 485.1354675292969 0.8294968377976191 
269 1989.0218139648437 549.9965850830079 2256.2045043945313 794.9139984130859 0.8712332589285714 2006.8339721679688 310.5598388671875 2238.3923461914064 493.134619140625 0.8384021577380952 
270 1993.3492492675782 551.5788146972657 2252.0183044433593 792.4087341308593 0.8552129836309523 2002.2688354492188 314.6941650390625 2243.098596191406 497.54649658203124 0.8275669642857143 
271 1992.6873718261718 555.6254425048828 2255.5227111816407 791.7316741943359 0.8583054315476191 2002.625146484375 318.4911193847656 2238.731298828125 501.1393737792969 0.8362397693452381 
272 1989.5344360351562 556.3229309082031 2256.5019409179686 792.1442321777344 0.8607003348214286 1999.4601745605469 323.41087341308594 2239.7308654785156 501.3892364501953 0.8379836309523809 
273 1990.657891845703 556.5875305175781 2257.4811462402345 792.2812438964844 0.8560965401785714 2001.091455078125 323.80153503417966 2236.785009765625 501.68357238769534 0.8441220238095238 
274 1990.2839111328126 556.6505859375 2258.0451904296874 793.17314453125 0.8646995907738095 2004.7018920898438 327.50862884521484 2236.7617309570314 497.09082794189453 0.8470284598214286 
275 1990.1835815429688 552.5824890136719 2258.3234985351564 793.9084777832031 0.8651646205357143 2000.668524169922 322.0851791381836 2237.5254455566405 505.31420440673827 0.8467726934523809 
276 1990.1866394042968 557.1487365722656 2258.7412170410157 789.8961853027344 0.8565383184523809 2000.6877868652343 325.7784942626953 2237.910968017578 504.8150115966797 0.8354957217261905 
277 1986.2019165039062 563.1922180175782 2263.1987182617186 791.0443542480468 0.8478655133928571 1997.7148742675781 328.2949722290039 2234.5022888183594 507.00248260498046 0.8444475446428571 
278 1987.378680419922 559.7375 2259.340679931641 791.5739013671875 0.8486560639880952 1998.3531494140625 325.3289367675781 2234.6478271484375 508.12302856445314 0.8395182291666666 
279 1986.2844299316407 559.7737976074219 2263.441033935547 792.2276672363281 0.8420293898809523 1997.8039672851562 324.74096527099607 2234.7280151367186 508.02188262939455 0.8331240699404762 
280 1986.3696411132812 555.2424346923829 2258.4914428710936 791.6762054443359 0.8570498511904762 1997.3506408691405 324.6423065185547 2233.784490966797 507.5439117431641 0.84228515625 
281 1987.0178527832031 556.3660186767578 2258.8062438964844 792.5100189208985 0.8501906622023809 1997.9853942871093 326.0485107421875 2234.129473876953 508.72596435546876 0.8344029017857143 
282 1986.5107727050781 556.5849243164063 2258.1277770996094 792.5799926757812 0.8502371651785714 2000.8966491699218 326.41273498535156 2236.8915588378904 508.9748992919922 0.8399600074404762 
283 1986.4192260742188 556.4544311523438 2258.136682128906 792.5367797851562 0.8510044642857143 2000.8102661132812 326.19705352783205 2236.892614746094 508.82678070068357 0.8376116071428571 
284 1986.6735961914062 555.8577239990234 2258.2050659179686 791.7784454345704 0.8520042782738095 1997.1170532226563 329.6956085205078 2237.489147949219 507.74903259277346 0.8298921130952381 
285 1986.5396789550782 559.4107421875 2253.2893005371093 790.59365234375 0.8568173363095238 2000.390185546875 330.10874633789064 2236.018994140625 503.4959289550781 0.8370535714285714 
286 1986.6622192382813 559.5910583496094 2257.553845214844 790.5151428222656 0.8579799107142857 2001.0094848632812 326.61726837158204 2236.374548339844 504.25123138427733 0.8324032738095238 
287 1986.303125 556.2063415527343 2257.13095703125 791.5157043457032 0.8529343377976191 2000.6471374511718 327.21509857177733 2235.9565002441404 504.80708770751954 0.8309849330357143 
288 1986.859326171875 557.7853973388671 2257.240283203125 792.7063629150391 0.8522367931547619 1997.770086669922 328.66069946289065 2232.6909729003905 510.39203491210935 0.8263578869047619 
289 1987.0773010253906 556.4733093261718 2257.789764404297 791.6826965332032 0.8550037202380952 1997.4892700195312 327.0674285888672 2237.1364624023436 509.0218048095703 0.8299618675595238 
290 1987.7201904296876 554.5873291015625 2258.2871337890624 794.1056640625 0.8595377604166666 1994.7145874023438 324.7929229736328 2234.2329223632814 515.5205535888672 0.8362165178571429 
291 1982.6815307617187 557.3778106689454 2257.973986816406 792.7086761474609 0.84912109375 1997.5390747070312 327.8534591674805 2232.8698608398436 509.90182037353514 0.8310779389880952 
292 1986.9542907714845 552.9737609863281 2257.818780517578 792.7553649902344 0.8514462425595238 1997.8844055175782 327.3672698974609 2233.2258239746093 509.42368469238284 0.8259626116071429 
293 1989.578875732422 552.5303039550781 2256.202496337891 792.4915466308594 0.8496791294642857 1996.0735168457031 326.24212036132815 2236.0347595214844 512.8786071777344 0.8304501488095238 
294 1988.3669799804688 555.5270477294922 2260.122521972656 791.6423248291015 0.8440755208333334 1999.3332092285157 328.6644775390625 2235.448406982422 511.31971435546876 0.8331473214285714 
295 1987.4207641601563 553.6242004394531 2258.959851074219 794.0031188964844 0.8557012648809523 1994.440362548828 323.00426788330077 2234.8192810058595 514.417088317871 0.8329613095238095 
296 1986.8735290527343 556.1867950439453 2257.856085205078 791.630648803711 0.8521670386904762 1997.8085083007813 326.03959503173826 2233.2522827148437 512.6177230834961 0.8336123511904762 
297 1986.767315673828 556.7253448486329 2257.866351318359 792.2704437255859 0.8510509672619048 1997.194317626953 323.06055145263673 2237.183489990234 509.7188980102539 0.8302176339285714 
298 1987.214044189453 554.0817413330078 2257.8649353027345 793.6744232177734 0.8555850074404762 1997.6237426757812 324.7280700683594 2237.216345214844 511.0779602050781 0.8387044270833334 
299 1987.5257873535156 553.1698608398438 2257.844696044922 792.4685668945312 0.8495163690476191 1994.0025512695313 323.5862731933594 2237.732556152344 514.1389465332031 0.8314499627976191 
