0 1644.9748291015626 1138.3646728515625 1752.9592529296874 1242.9746826171875 0.8011765252976191 1606.2327514648437 1303.3913818359374 1746.2750610351563 1406.3141845703126 0.8854399181547619 
1 1640.9408935546876 1140.5229431152343 1760.8811279296874 1246.9488586425782 0.8101981026785714 1609.1041259765625 1305.0346801757812 1745.9373779296875 1404.7033569335938 0.8916713169642857 
2 1638.7189147949218 1148.7602111816407 1760.6020080566407 1246.9440124511718 0.8133835565476191 1608.5084655761718 1309.5131774902343 1743.9342834472657 1402.6185363769532 0.8991815476190477 
3 1637.70009765625 1147.8282958984375 1761.519384765625 1249.5977294921875 0.8170107886904762 1608.9305847167968 1309.289288330078 1744.6230041503907 1402.5777770996094 0.8956938244047619 
4 1635.6465942382813 1146.6842163085937 1761.2689331054687 1250.2376586914063 0.8309151785714286 1608.1585021972655 1309.7842651367187 1745.664129638672 1403.1522583007813 0.8923456101190477 
5 1636.5816040039062 1146.6831604003905 1761.6986694335938 1251.511053466797 0.8427036830357143 1606.4077087402343 1309.1273803710938 1745.0511535644532 1403.8106079101562 0.8927408854166666 
6 1637.9821044921875 1148.4770751953124 1758.3247802734375 1246.7851318359376 0.8287295386904762 1604.5391906738282 1309.4336547851562 1743.5263610839843 1402.6569213867188 0.9013206845238095 
7 1636.2953735351562 1146.941912841797 1756.2917846679688 1246.6570861816406 0.8348911830357143 1605.743701171875 1308.7354125976562 1742.641064453125 1403.3805541992188 0.9033435639880952 
8 1637.3580261230468 1145.8505920410157 1757.6218322753907 1247.4818054199218 0.8420526413690477 1606.542987060547 1308.1999877929688 1745.4390686035156 1403.0558715820312 0.8971586681547619 
9 1638.6102294921875 1147.3461486816407 1755.7403564453125 1247.5008972167968 0.84716796875 1604.7248168945312 1309.8526977539063 1743.9228881835938 1404.9148803710937 0.9021809895833334 
10 1638.6837219238282 1148.3645812988282 1752.3024841308593 1250.1125915527343 0.8447265625 1604.2458923339843 1308.0959716796874 1744.9973937988282 1404.7568115234376 0.9051339285714286 
11 1636.9395935058594 1149.7724975585938 1750.867169189453 1250.0968872070312 0.8339378720238095 1605.4165283203124 1310.134454345703 1743.1498779296876 1403.6571716308595 0.9059709821428571 
12 1636.938623046875 1153.3020812988282 1744.358740234375 1252.1968200683593 0.8356584821428571 1610.1818786621093 1311.4812622070312 1744.8834289550782 1403.5556030273438 0.8997395833333334 
13 1634.7781188964843 1155.9401794433593 1745.4893371582032 1253.0255187988282 0.8300316220238095 1609.7533874511719 1310.7393676757813 1744.3102111816406 1406.1214721679687 0.8963216145833334 
14 1635.0312255859376 1153.1490234375 1741.5937744140624 1259.711572265625 0.8309616815476191 1609.5940734863282 1309.1545288085938 1744.9116638183593 1405.5681274414062 0.9065290178571429 
15 1635.8640686035155 1154.4047729492188 1737.714910888672 1257.9531372070312 0.8320079985119048 1609.9443725585938 1310.7718078613282 1744.0478149414062 1405.8325622558593 0.9045061383928571 
16 1634.206201171875 1155.2317321777343 1738.03671875 1259.0620910644532 0.8324962797619048 1609.7215209960937 1310.9119567871094 1744.1905883789063 1404.5295715332031 0.9002511160714286 
17 1636.2944641113281 1155.920233154297 1739.7144470214844 1256.0042053222655 0.8019903273809523 1609.541241455078 1307.329168701172 1744.6544372558594 1407.4131408691405 0.8985305059523809 
18 1636.3191833496094 1157.06826171875 1742.5876770019531 1256.480810546875 0.8286830357142857 1610.9385559082032 1310.6039611816407 1742.9172790527343 1404.8744323730468 0.8940894717261905 
19 1637.0539855957031 1156.9893859863282 1743.5081481933594 1258.2080017089843 0.8308919270833334 1609.6685974121094 1309.4886779785156 1744.045147705078 1403.7267761230469 0.8932756696428571 
20 1636.6335815429688 1158.26962890625 1743.0580688476562 1255.970849609375 0.8348679315476191 1611.0004577636719 1308.7803833007813 1741.8502502441406 1404.7369506835937 0.8903692336309523 
21 1635.5557373046875 1160.5158081054688 1746.6454345703125 1255.7354125976562 0.8198939732142857 1610.0553894042969 1311.4836181640626 1742.3048400878906 1403.1767822265624 0.8949962797619048 
22 1634.0750427246094 1156.881121826172 1746.2817687988281 1256.8152893066406 0.8072684151785714 1608.518310546875 1308.3333374023437 1743.51708984375 1404.7609008789063 0.8899739583333334 
23 1635.5196044921875 1156.8751647949218 1750.4940673828125 1259.4677307128907 0.8231026785714286 1607.4222351074218 1308.927264404297 1741.8540100097657 1402.6756408691406 0.9008091517857143 
24 1631.800518798828 1154.9151733398437 1750.1305114746094 1259.1160766601563 0.7970145089285714 1608.2295227050781 1306.3258239746094 1742.4546813964844 1405.228497314453 0.8882068452380952 
25 1633.130633544922 1156.2230407714844 1757.4810607910156 1255.703350830078 0.8079659598214286 1607.30400390625 1305.3751525878906 1742.312939453125 1403.0790710449219 0.8930896577380952 
26 1632.7210876464844 1156.4992370605469 1756.963604736328 1255.8932189941406 0.8035481770833334 1605.1419372558594 1305.3171081542969 1743.5835266113281 1404.7110900878906 0.8830915178571429 
27 1631.1602661132813 1153.0299560546875 1754.7132690429687 1255.7007568359375 0.8107793898809523 1611.4158203125 1307.772442626953 1743.669873046875 1403.4825622558594 0.8774646577380952 
28 1633.1314636230468 1153.557843017578 1755.6359924316407 1253.3114196777344 0.8215215773809523 1611.7268798828125 1306.0826721191406 1744.7318603515625 1402.3361511230469 0.8840680803571429 
29 1634.310968017578 1154.2103271484375 1756.4203552246095 1249.7742919921875 0.8269159226190477 1609.9435974121093 1305.1113708496093 1742.6710266113282 1402.4449035644532 0.8820917038690477 
30 1634.78330078125 1152.0203552246094 1751.41005859375 1250.9763488769531 0.8277762276785714 1611.4035034179688 1307.5906555175782 1742.1668090820312 1401.2454040527343 0.8840215773809523 
31 1634.275390625 1149.880548095703 1750.904052734375 1252.3725036621095 0.8349609375 1612.2545654296875 1307.0167114257813 1743.0200927734375 1402.4400756835937 0.89697265625 
32 1633.7472229003906 1149.56259765625 1747.6979675292969 1249.488671875 0.828125 1608.3948181152343 1304.6435302734376 1743.3826477050782 1404.5696044921874 0.8988792782738095 
33 1632.1314758300782 1150.1643798828125 1749.0351501464843 1249.3553955078125 0.8446568080357143 1611.21689453125 1305.6952819824219 1744.0619140625 1403.1151428222656 0.9010416666666666 
34 1632.6048645019532 1148.5054870605468 1747.8041931152343 1249.5263732910157 0.8365652901785714 1611.4736022949219 1307.2623962402345 1744.3959045410156 1402.966485595703 0.9010416666666666 
35 1630.9722473144532 1148.5634338378907 1749.9382751464843 1247.9977233886718 0.8438430059523809 1613.1478332519532 1308.9832397460937 1744.5432067871093 1403.0907348632813 0.9038783482142857 
36 1631.7611511230468 1145.910626220703 1748.7406799316407 1245.1659118652344 0.8407273065476191 1610.8330505371093 1308.7684020996094 1743.7642395019532 1402.7065734863281 0.8995070684523809 
37 1632.6201782226562 1146.3396057128907 1747.4635620117188 1243.5147644042968 0.8404482886904762 1608.6321838378906 1308.4793823242187 1742.910662841797 1402.1209594726563 0.9026925223214286 
38 1631.357354736328 1144.083251953125 1751.1657165527345 1239.22509765625 0.8519345238095238 1610.9601745605469 1308.2775024414063 1743.1017150878906 1401.6575561523437 0.8950660342261905 
39 1633.2484558105468 1145.2098022460937 1752.6877014160157 1241.8151000976563 0.8449125744047619 1610.009051513672 1307.344549560547 1743.5001037597656 1403.9500061035155 0.8979957217261905 
40 1633.9454650878906 1145.5027404785155 1751.9714050292969 1240.628240966797 0.8475167410714286 1610.4351013183593 1308.1104248046875 1744.3152648925782 1403.2357666015625 0.8957170758928571 
41 1636.357080078125 1143.3143310546875 1749.490087890625 1237.0025634765625 0.8415876116071429 1609.4336791992187 1307.6427185058594 1743.7789672851563 1403.098614501953 0.8916015625 
42 1635.31962890625 1142.5843139648437 1748.61005859375 1236.4029907226563 0.8444010416666666 1609.9245727539062 1307.141552734375 1742.6867553710938 1402.7302734375 0.8859281994047619 
43 1635.1928283691407 1145.2624084472657 1750.1598327636718 1235.4672058105468 0.8519345238095238 1611.3832092285156 1309.481427001953 1744.0373229980469 1403.2237731933594 0.8861142113095238 
44 1634.9208251953125 1140.74052734375 1751.5977294921875 1236.203564453125 0.8433082217261905 1609.763232421875 1308.004705810547 1744.118359375 1403.4675842285155 0.8948567708333334 
45 1634.7784240722656 1140.9403991699219 1753.257586669922 1234.6627502441406 0.8464936755952381 1609.8175659179688 1309.6133911132813 1744.2117309570312 1403.3355834960937 0.9040876116071429 
46 1633.178759765625 1140.5175231933595 1753.880078125 1234.593438720703 0.8427269345238095 1609.6939819335937 1308.461492919922 1744.5953247070313 1402.5374084472655 0.8820219494047619 
47 1634.3618957519532 1139.0858215332032 1753.3342712402343 1233.1982360839843 0.8429594494047619 1609.2971923828125 1306.8900817871095 1744.2509033203125 1402.778253173828 0.8918573288690477 
48 1632.03125 1136.9493347167968 1752.576416015625 1232.6762756347657 0.8431919642857143 1609.9404235839843 1305.8352416992188 1744.6673645019532 1403.3349243164062 0.8968563988095238 
49 1631.5015563964844 1136.2712036132812 1752.2934875488281 1232.1941284179688 0.8368443080357143 1607.7940856933594 1305.502880859375 1744.573223876953 1403.202197265625 0.8897879464285714 
50 1631.449560546875 1133.3794738769532 1750.367822265625 1229.2241638183593 0.8407505580357143 1610.901593017578 1303.8382629394532 1742.2442810058594 1401.4577575683593 0.8769298735119048 
51 1631.6208435058593 1133.2278137207031 1752.0496887207032 1225.3204040527344 0.8379138764880952 1611.1180358886718 1304.4709777832031 1743.9438537597657 1400.1055603027344 0.8756045386904762 
52 1629.466943359375 1125.1949035644532 1750.261572265625 1222.8962829589843 0.8405412946428571 1608.2868896484374 1301.4673461914062 1746.8454345703126 1399.1688842773438 0.8713030133928571 
53 1626.8623352050781 1124.804949951172 1754.8572692871094 1217.2457092285156 0.8415178571428571 1610.589373779297 1299.020361328125 1749.2505920410156 1398.571923828125 0.8792550223214286 
54 1624.6891174316406 1122.5921630859375 1752.7062683105469 1215.0489501953125 0.8390299479166666 1609.3708862304688 1290.5461303710938 1751.6120239257812 1397.2270629882812 0.8704194568452381 
55 1623.8751342773437 1117.7069152832032 1749.9500610351563 1204.7163024902343 0.8528413318452381 1608.5768676757812 1285.9887268066407 1748.8572143554688 1394.3065612792968 0.8464936755952381 
56 1620.7752746582032 1108.1843566894531 1748.3144470214843 1200.2959899902344 0.8603980654761905 1608.0348815917969 1276.0565063476563 1751.5165100097656 1389.4246948242187 0.8595377604166666 
57 1621.2145141601563 1108.8494689941406 1745.7234741210937 1192.448260498047 0.865234375 1606.8480712890625 1270.1637817382812 1749.1441162109375 1378.6645874023438 0.8781854538690477 
58 1621.3441284179687 1107.0099304199218 1740.1319458007813 1183.2470275878907 0.8504464285714286 1608.933367919922 1259.9613525390625 1752.5425842285156 1369.8843505859375 0.8863002232142857 
59 1615.1589904785155 1098.253729248047 1734.265936279297 1176.4731994628905 0.84716796875 1614.270086669922 1252.231182861328 1752.9319396972655 1358.8941833496094 0.8808826264880952 
60 1618.0022216796874 1099.1317260742187 1727.2282470703126 1174.3365356445313 0.8313802083333334 1615.8672302246093 1247.5441040039063 1755.5332824707032 1349.6077514648437 0.9042736235119048 
61 1611.5363159179688 1092.6959594726563 1726.0147094726562 1162.4563842773437 0.8268926711309523 1615.5264587402344 1240.7474670410156 1755.0471496582031 1339.1274108886719 0.8954148065476191 
62 1611.1610107421875 1092.6720031738282 1720.1788330078125 1158.7976013183593 0.8057338169642857 1617.2785522460938 1225.610546875 1756.6784790039062 1331.05400390625 0.8908575148809523 
63 1610.9416748046874 1088.192120361328 1713.0075439453126 1156.2359802246094 0.8166852678571429 1619.412664794922 1219.6655578613281 1755.5005432128905 1318.1502380371094 0.8819521949404762 
64 1606.5558654785157 1079.4713256835937 1709.2877624511718 1156.9708129882813 0.8181966145833334 1618.0629516601562 1208.8914123535155 1753.2366088867188 1306.216375732422 0.8517020089285714 
65 1609.4195739746094 1079.1336669921875 1704.935772705078 1153.0235595703125 0.8123372395833334 1621.4804138183595 1181.7198913574218 1756.644708251953 1291.6535217285157 0.8791852678571429 
66 1608.350079345703 1075.4130737304688 1704.5934020996094 1155.3132446289062 0.8177315848214286 1625.8108337402343 1179.8978637695313 1740.2132141113282 1274.3252807617187 0.8416806175595238 
67 1606.9961669921875 1076.077734375 1703.5021240234375 1143.449853515625 0.8267299107142857 1623.5239868164062 1167.8214721679688 1734.5968627929688 1253.4021606445312 0.8164760044642857 
68 1603.2976623535155 1073.5333923339845 1703.501287841797 1137.299249267578 0.8270554315476191 1620.0450256347656 1145.2875183105468 1733.001727294922 1230.9159729003907 0.8304268973214286 
69 1601.6634948730468 1069.2409606933593 1703.7736389160157 1131.2364562988282 0.8298223586309523 1621.0897033691406 1131.2363891601562 1725.023211669922 1215.1127319335938 0.8104306175595238 
70 1594.9698547363282 1063.2278564453125 1706.6716247558593 1121.8256103515625 0.8184291294642857 1624.4799072265625 1123.9385192871093 1712.3765380859375 1193.5232727050782 0.7425595238095238 
71 1589.1901794433593 1050.3601501464843 1709.9649719238282 1107.0877258300782 0.7977818080357143 1618.1170349121094 1112.0145080566406 1707.7832336425781 1183.381365966797 0.7441871279761905 
72 1581.5797485351563 1037.9619689941405 1704.2828002929687 1091.072332763672 0.7855050223214286 1609.6844909667968 1085.2963989257812 1708.5795471191407 1167.7089721679688 0.7850864955357143 
73 1574.9999206542968 1028.7096313476563 1690.5131408691407 1085.5494018554687 0.7671130952380952 1609.4140930175781 1068.6949340820313 1695.5906677246094 1145.7037475585937 0.7705310639880952 
74 1570.1371337890625 1016.4038452148437 1678.6636474609375 1071.5868774414062 0.7712053571428571 1608.4821716308593 1054.2536560058593 1691.2567199707032 1137.0282043457032 0.8001302083333334 
75 1560.20751953125 1007.9053955078125 1669.155517578125 1057.7630615234375 0.7647879464285714 1602.749853515625 1041.7830627441406 1687.69228515625 1130.418719482422 0.8135928199404762 
76 1554.8589660644532 999.3218292236328 1660.3362243652343 1043.7332855224608 0.7431873139880952 1599.697491455078 1031.2069946289062 1686.6700622558594 1120.0300659179688 0.8118024553571429 
77 1551.5810485839843 995.7926879882813 1651.9830383300782 1036.6973022460938 0.7309337797619048 1594.773858642578 1026.1850646972657 1680.3017028808595 1113.5721374511718 0.7992001488095238 
78 1546.7254638671875 991.0379486083984 1647.7357177734375 1035.9313507080078 0.7372814360119048 1588.7410705566406 1026.0029724121093 1674.786883544922 1104.5664855957032 0.7597888764880952 
79 1542.1565368652343 983.3562927246094 1643.2732727050782 1033.9145812988281 0.7639973958333334 1585.656884765625 1023.5435852050781 1671.793310546875 1100.3173767089843 0.7498604910714286 
80 1537.5527709960938 976.3993530273438 1638.9721313476562 1034.6216430664062 0.76123046875 1584.5062194824218 1018.801953125 1667.1442932128907 1097.683642578125 0.7340959821428571 
81 1538.250909423828 966.1472961425782 1634.2206481933595 1032.0088317871093 0.7812732514880952 1580.7351806640625 1016.5204956054688 1659.7692138671875 1097.4362915039062 0.7280970982142857 
82 1531.4488586425782 968.851187133789 1635.1843200683593 1029.2063690185546 0.7795061383928571 1576.570086669922 1012.6667175292969 1653.9002502441406 1095.6551818847656 0.7744373139880952 
83 1531.4853881835938 964.3488677978515 1631.5622192382812 1028.5491424560546 0.7899460565476191 1571.6468933105468 1010.1024444580078 1650.9530822753907 1093.185092163086 0.7910388764880952 
84 1528.024755859375 963.6763458251953 1629.65517578125 1029.5479583740234 0.7810639880952381 1567.8372009277343 1011.1617858886718 1650.6472961425782 1092.0898010253907 0.7920619419642857 
85 1524.2498107910155 964.8168151855468 1629.648992919922 1030.6913635253907 0.7724376860119048 1565.9461547851563 1008.9744750976563 1648.7598999023437 1093.6703002929687 0.7989443824404762 
86 1523.2984924316406 967.5323181152344 1626.5946960449219 1029.5100402832031 0.7690662202380952 1561.5830993652344 1005.9613952636719 1646.0981750488281 1097.9889221191406 0.8014555431547619 
87 1522.8610961914062 971.7278381347656 1624.1801635742188 1029.8925231933595 0.7592075892857143 1556.5619812011719 1012.2122009277343 1640.9945373535156 1094.7683898925782 0.7855282738095238 
88 1521.2454528808594 972.6844421386719 1624.0862121582031 1030.6491760253907 0.7462332589285714 1553.3921691894532 1013.2453430175781 1639.4043395996093 1093.6480895996094 0.8139880952380952 
89 1522.591973876953 975.1829986572266 1623.3383239746095 1029.2876434326172 0.7363978794642857 1551.3662963867187 1010.4873321533203 1639.0531372070313 1094.4427825927735 0.8256370907738095 
90 1530.6435852050781 977.8426879882812 1621.9585876464844 1026.2956176757812 0.7122395833333334 1551.572900390625 1010.8136199951172 1635.43369140625 1096.538003540039 0.8330543154761905 
91 1533.9310119628906 981.6289581298828 1621.544696044922 1028.2319427490233 0.6896158854166666 1548.4854614257813 1009.4473571777344 1634.2349975585937 1100.7893371582031 0.8317057291666666 
92 1535.2466186523438 980.4912872314453 1624.7323852539062 1030.8270111083984 0.6962658110119048 1546.9342651367188 1011.6105377197266 1634.5557250976562 1102.9606903076171 0.8356817336309523 
93 1532.334246826172 985.0563079833985 1627.2125061035156 1033.4256866455078 0.7080078125 1545.213641357422 1015.6807373046875 1640.0919006347656 1108.6986572265625 0.8351004464285714 
94 1539.8294067382812 981.3770751953125 1629.1139526367188 1031.5997314453125 0.7071707589285714 1547.9852355957032 1019.5805908203125 1640.9899841308593 1110.7253173828126 0.8347516741071429 
95 1547.5539489746093 977.3272247314453 1633.0325988769532 1025.6412200927734 0.6905459449404762 1546.2674865722656 1028.3571899414062 1642.8954772949219 1117.5522338867188 0.8391462053571429 
96 1550.2917907714843 971.1497955322266 1635.6949035644532 1021.2776336669922 0.7550455729166666 1548.5780334472656 1037.0586364746093 1648.8337097167969 1122.4617492675782 0.8178245907738095 
97 1549.9805908203125 970.9599029541016 1639.0128173828125 1019.1856658935546 0.7475818452380952 1551.3360961914063 1040.8729919433595 1653.3521362304687 1126.195489501953 0.7974562872023809 
98 1553.31240234375 969.0736877441407 1641.987890625 1017.1062438964843 0.7640671502976191 1554.2361145019531 1053.1305908203126 1659.5381774902344 1136.2639404296874 0.8175455729166666 
99 1551.1763916015625 966.0833190917969 1642.9444580078125 1019.3088928222656 0.7864350818452381 1556.7530517578125 1055.2397033691407 1661.3687744140625 1143.3370788574218 0.7809244791666666 
100 1552.0686767578125 966.0966003417968 1645.1468994140625 1020.8484680175782 0.7750418526785714 1560.421856689453 1059.94697265625 1666.2755310058594 1153.0251953125 0.7909923735119048 
101 1549.842529296875 970.14853515625 1644.981201171875 1023.206689453125 0.7852957589285714 1559.2016052246095 1069.861309814453 1670.806573486328 1161.3407165527344 0.7513485863095238 
102 1549.3828002929688 969.8561553955078 1644.4570434570312 1024.7066497802734 0.7754603794642857 1570.830792236328 1075.5488891601562 1675.0467712402344 1165.1381225585938 0.7545805431547619 
103 1546.3969116210938 968.8136505126953 1640.7595825195312 1021.4389739990235 0.7500930059523809 1574.8035217285155 1082.3001770019532 1689.127508544922 1167.5893493652343 0.7120768229166666 
104 1542.834246826172 971.1153137207032 1637.5665100097656 1022.1249206542968 0.7478376116071429 1581.6521362304688 1086.447528076172 1680.0277954101562 1170.2491271972656 0.7307942708333334 
105 1538.7340759277345 968.7910400390625 1634.400079345703 1022.9416259765625 0.7034970238095238 1589.343994140625 1086.4643310546876 1679.594970703125 1167.6902099609374 0.7293759300595238 
106 1528.9813720703125 971.7924530029297 1631.5664794921875 1022.1851470947265 0.7081008184523809 1594.118096923828 1087.5296020507812 1684.1051696777345 1166.7182006835938 0.7184942336309523 
107 1525.6620300292968 971.8338409423828 1625.3886291503907 1015.3509124755859 0.6837565104166666 1601.4681762695313 1092.8309020996094 1684.8760620117187 1163.5461730957031 0.7378627232142857 
108 1516.1759887695312 967.1268127441406 1621.9726928710938 1022.7149841308594 0.6985444568452381 1605.1445617675781 1091.751806640625 1693.0096130371094 1167.06484375 0.7453031994047619 
109 1510.7709045410156 969.7753875732421 1614.6130065917969 1014.5348541259766 0.6599237351190477 1617.7806518554687 1097.3743957519532 1689.3958618164063 1158.2473083496093 0.6940104166666666 
110 1507.8197509765625 965.3975616455078 1606.8406494140625 1012.2074798583984 0.6629696800595238 1620.551251220703 1091.1471862792969 1690.7660095214844 1152.3600158691406 0.73046875 
111 1506.7139587402344 965.3757415771485 1599.1286926269531 1008.8650421142578 0.6315104166666666 1627.7032897949218 1088.3166381835938 1698.3734924316407 1153.5505493164062 0.7116117931547619 
112 1503.603582763672 963.9217803955078 1596.8796936035155 1005.9874603271485 0.6117466517857143 1633.1770629882812 1079.567138671875 1700.8478393554688 1143.580078125 0.7683454241071429 
113 1503.8957824707031 958.9357879638671 1584.3721618652344 1002.8319732666016 0.3981119791666667 1637.4133544921874 1070.5755310058594 1706.9157470703126 1134.5908508300781 0.7819707961309523 
114 1512.2190307617188 963.7853576660157 1657.0277954101562 1024.2751892089843 0.22785295758928573 1642.7867431640625 1057.6221130371093 1706.9425048828125 1123.6109191894532 0.7832263764880952 
115 1508.202325439453 974.6891387939453 1609.3168395996095 1022.488656616211 0.23717099144345238 1645.166485595703 1043.0650756835937 1711.3504821777344 1111.0875122070313 0.8073381696428571 
116 1586.7510559082032 1038.416278076172 1701.7148864746093 1077.3558166503906 0.37002418154761907 1648.369403076172 1039.1295471191406 1711.4141662597656 1096.6115417480469 0.7947358630952381 
117 1591.5243408203125 1039.7242797851563 1701.3489501953125 1073.2300659179687 0.32949683779761907 1648.4412170410155 1031.6341491699218 1711.730047607422 1085.6157287597657 0.7963402157738095 
118 1596.4301818847657 1020.0040893554688 1704.6343933105468 1062.9126586914062 0.3355189732142857 1645.6529724121094 1018.0667419433594 1712.814190673828 1077.7656555175781 0.7907133556547619 
119 1576.8692504882813 1007.1588958740234 1706.7667358398437 1046.6929718017577 0.3318568638392857 1644.6418151855469 1004.5522613525391 1714.2970275878906 1066.6771697998047 0.7817847842261905 
120 1585.0982604980468 994.2272521972657 1698.1289123535157 1026.2526062011718 0.32681710379464285 1644.1494934082032 991.7638214111328 1710.0840270996093 1057.698275756836 0.7892950148809523 
121 1520.4274353027345 987.2196105957031 1695.188409423828 1011.9140563964844 0.27999441964285715 1643.1693054199218 989.3383728027344 1703.9555725097657 1046.3255676269532 0.7956659226190477 
122 1577.5206787109375 981.8597015380859 1684.9173095703125 1006.7909942626953 0.30383882068452384 1638.6689575195312 980.605746459961 1701.9560424804688 1041.9751251220703 0.7979910714285714 
123 1520.9870727539062 959.1541351318359 1670.0405151367188 995.4620147705078 0.2638753255208333 1635.496600341797 968.4148040771485 1696.6465881347656 1039.119680786133 0.7977585565476191 
124 1504.8903381347657 952.5120910644531 1672.8666198730468 986.8708435058594 0.27822149367559523 1633.4420654296875 963.2308471679687 1692.6155517578125 1031.9483520507813 0.7988048735119048 
125 1527.0489685058594 948.9959747314454 1611.126690673828 987.2130706787109 0.32568359375 1632.5871215820312 959.35869140625 1693.7344116210938 1022.416943359375 0.7914109002976191 
126 1507.9541137695312 934.5517272949219 1574.9831420898438 970.9388732910156 0.3740815662202381 1631.1106201171874 949.7253051757813 1690.4789794921876 1020.5845092773437 0.7996186755952381 
127 1505.0067138671875 943.0855194091797 1601.2403564453125 968.106314086914 0.34151785714285715 1626.7792846679688 946.8608551025391 1694.1428344726562 1016.1490936279297 0.7875046502976191 
128 1508.744940185547 931.1621734619141 1572.5234924316405 971.7485321044921 0.37808082217261907 1627.679266357422 942.2379699707031 1691.4578186035155 1015.6798767089844 0.7818777901785714 
129 1493.1240844726562 931.9470031738281 1566.5553588867188 964.7978698730469 0.4613444010416667 1626.5342102050781 945.7710754394532 1690.3035583496094 1013.4051940917968 0.7701125372023809 
130 1487.9653564453124 924.677099609375 1569.4743408203126 957.6687255859375 0.4483119419642857 1624.33603515625 943.0389526367187 1688.37880859375 1010.9630004882813 0.7814592633928571 
131 1500.2024719238282 923.9565734863281 1577.6992614746093 962.7050476074219 0.4278041294642857 1625.9112976074218 938.4872650146484 1685.9713928222657 1006.2969757080078 0.7560453869047619 
132 1490.637469482422 911.5653533935547 1558.7762268066406 962.1827545166016 0.5535249255952381 1624.369189453125 939.4947692871094 1688.614453125 1007.6335266113281 0.7609979538690477 
133 1502.9535034179687 919.1372375488281 1574.8416625976563 967.7102966308594 0.45960053943452384 1625.3576965332031 937.5949859619141 1685.5882263183594 1007.5402069091797 0.7234933035714286 
134 1490.7220764160156 916.0431549072266 1574.4421081542969 958.8765838623046 0.41165597098214285 1625.6624755859375 937.5347595214844 1682.1248779296875 1001.7849426269531 0.7194940476190477 
135 1496.4690795898437 915.2755279541016 1578.9857543945313 962.4279022216797 0.40441313244047616 1626.1382568359375 932.6553619384765 1685.0787841796875 999.4546844482422 0.6964285714285714 
136 1498.2359558105468 921.6018829345703 1657.0681213378907 972.5850677490234 0.2640497116815476 1628.4843994140624 928.3895446777344 1691.2328857421876 998.9816711425781 0.7417689732142857 
137 1520.9903930664063 921.5362548828125 1628.7193237304687 976.3800048828125 0.2559407552083333 1626.9113464355469 921.8375549316406 1691.5487365722656 1000.1858825683594 0.7157273065476191 
138 1516.112860107422 916.8217041015625 1619.4880920410155 966.5213134765625 0.2851039341517857 1627.9753173828126 924.3148651123047 1689.6028076171874 1001.8463287353516 0.7176571800595238 
139 1517.7518249511718 908.036962890625 1597.0795959472657 965.5495849609375 0.3413783482142857 1631.861798095703 927.7926300048828 1687.3912536621094 999.1876556396485 0.7106352306547619 
140 1522.8138488769532 897.7957702636719 1588.7204528808593 957.7108215332031 0.4763067336309524 1633.7335632324218 926.9083129882813 1683.6627990722657 1000.8036010742187 0.7266787574404762 
141 1570.8309204101563 919.2330902099609 1658.6053588867187 979.0793487548829 0.3187779017857143 1633.7462341308594 925.064208984375 1681.623272705078 1000.8695068359375 0.7017066592261905 
142 1584.3692016601562 920.4256042480469 1655.8771362304688 989.9471984863281 0.3781040736607143 1621.5747619628905 923.1759307861328 1675.205633544922 1008.588168334961 0.6711309523809523 
143 1586.018780517578 929.9333953857422 1654.3355895996094 994.2315826416016 0.392822265625 1616.08125 926.3012054443359 1678.370166015625 1008.6832305908204 0.6414853050595238 
144 1584.7957153320312 928.1727508544922 1660.4867553710938 987.9288726806641 0.35665457589285715 1616.818865966797 932.4629516601562 1680.5586975097656 1008.1539916992188 0.7133091517857143 
145 1592.1553344726562 902.7953887939453 1665.3200073242188 962.1181243896484 0.4135625930059524 1618.9265075683593 934.2060272216797 1684.1815246582032 1011.3255279541015 0.7298409598214286 
146 1589.7751098632812 908.1746887207031 1669.7971557617188 964.1900573730469 0.37170991443452384 1620.6298522949219 934.0279846191406 1686.6478576660156 1006.0476989746094 0.6787341889880952 
147 0.0 0.0 0.0 0.0 0.23330543154761904 0.0 0.0 0.0 0.0 0.23330543154761904 
148 0.0 0.0 0.0 0.0 0.23330543154761904 0.0 0.0 0.0 0.0 0.23330543154761904 
149 0.0 0.0 0.0 0.0 0.23330543154761904 0.0 0.0 0.0 0.0 0.23330543154761904 
150 0.0 0.0 0.0 0.0 0.23330543154761904 0.0 0.0 0.0 0.0 0.23330543154761904 
151 0.0 0.0 0.0 0.0 0.23330543154761904 0.0 0.0 0.0 0.0 0.23330543154761904 
152 0.0 0.0 0.0 0.0 0.23330543154761904 0.0 0.0 0.0 0.0 0.23330543154761904 
153 0.0 0.0 0.0 0.0 0.24073428199404762 0.0 0.0 0.0 0.0 0.24073428199404762 
154 0.0 0.0 0.0 0.0 0.24073428199404762 0.0 0.0 0.0 0.0 0.24073428199404762 
155 0.0 0.0 0.0 0.0 0.24073428199404762 0.0 0.0 0.0 0.0 0.24073428199404762 
156 0.0 0.0 0.0 0.0 0.24073428199404762 0.0 0.0 0.0 0.0 0.24073428199404762 
157 1616.2273376464843 886.6822265625 1693.8767883300782 924.5599609375 0.4815034412202381 1677.7059020996094 946.4853729248047 1740.2041320800781 1008.9836822509766 0.7867140997023809 
158 0.0 0.0 0.0 0.0 0.23330543154761904 0.0 0.0 0.0 0.0 0.23330543154761904 
159 0.0 0.0 0.0 0.0 0.23330543154761904 0.0 0.0 0.0 0.0 0.23330543154761904 
160 0.0 0.0 0.0 0.0 0.24073428199404762 0.0 0.0 0.0 0.0 0.24073428199404762 
161 0.0 0.0 0.0 0.0 0.24073428199404762 0.0 0.0 0.0 0.0 0.24073428199404762 
162 0.0 0.0 0.0 0.0 0.2414608909970238 0.0 0.0 0.0 0.0 0.2414608909970238 
163 0.0 0.0 0.0 0.0 0.23414829799107142 0.0 0.0 0.0 0.0 0.23414829799107142 
164 1620.2804382324218 888.7330627441406 1705.4994689941407 928.5019226074219 0.38437034970238093 1695.3023376464844 936.2226104736328 1761.5837707519531 1006.2916107177734 0.7917131696428571 
165 1626.1367797851562 897.1261108398437 1715.5292358398438 935.1653930664063 0.3335542224702381 1696.290020751953 936.482177734375 1760.9569274902344 1001.14892578125 0.7737165178571429 
166 1628.3953369140625 909.0814086914063 1706.3248779296875 943.2943237304687 0.3329380580357143 1700.7689025878906 939.639126586914 1759.691180419922 1000.4621307373047 0.7508370535714286 
167 1636.2834228515626 915.5152099609375 1714.2212158203124 951.6327392578125 0.3494466145833333 1689.8016235351563 935.4017456054687 1760.1358764648437 1001.9340698242188 0.7751116071428571 
168 1633.4449340820313 912.5996032714844 1709.3619506835937 946.7622131347656 0.3045014880952381 1688.9228576660157 931.5788452148438 1764.8397155761718 1003.6999633789062 0.7740187872023809 
169 1631.6730651855469 905.9412200927734 1711.6590881347656 959.2652618408204 0.3605375744047619 1691.5894165039062 939.5617156982422 1760.1488647460938 1006.2167877197265 0.7898530505952381 
170 1633.1756530761718 907.7107391357422 1710.8339904785157 949.3811187744141 0.3182954334077381 1691.8930358886719 936.9237213134766 1765.7630920410156 1003.2174530029297 0.7900855654761905 
171 1639.3687072753905 916.0709289550781 1718.561590576172 970.7517028808594 0.2688802083333333 1692.4540405273438 940.873095703125 1764.1047973632812 1006.867138671875 0.8044084821428571 
172 1621.431396484375 890.4374450683594 1677.9921875 926.2593322753906 0.3920317150297619 1695.75810546875 940.6171142578125 1761.74580078125 1006.6048095703125 0.76904296875 
173 1616.1800109863282 900.2240173339844 1698.8184020996093 935.9087951660156 0.3744303385416667 1694.2675415039062 936.7755889892578 1763.7588256835938 1006.2669525146484 0.791015625 
174 1631.8317321777345 906.211376953125 1693.480645751953 945.442431640625 0.41296968005952384 1691.109423828125 940.7720733642578 1762.099072265625 1004.2890228271484 0.7840169270833334 
175 1620.4893310546875 897.7494201660156 1697.1683837890625 931.4134216308594 0.39150855654761907 1694.7226257324219 939.9013153076172 1763.9208068847656 1007.2292388916015 0.7835286458333334 
176 1623.7491943359375 911.6101440429687 1704.8030517578125 945.5396362304688 0.26393345424107145 1697.9880737304688 939.5947387695312 1763.9621215820312 1007.4537231445313 0.7752511160714286 
177 1624.9720764160156 903.1629180908203 1683.1903991699219 938.8450775146484 0.3639439174107143 1694.675225830078 943.0345001220703 1762.2836364746095 1008.7648773193359 0.7918294270833334 
178 1630.0406005859375 909.2580749511719 1690.1332275390625 944.9380920410156 0.3271484375 1695.6224792480468 941.9045257568359 1763.2267639160157 1007.6309356689453 0.7839006696428571 
179 1626.8734924316407 908.5570129394531 1685.3146179199218 946.2609802246094 0.29652622767857145 1697.0607849121093 941.1129089355469 1763.0426086425782 1010.8652404785156 0.8035249255952381 
180 1639.9449523925782 911.1021697998046 1690.7885681152343 961.9458648681641 0.3545038132440476 1697.5967102050781 939.565951538086 1763.5052185058594 1007.3575714111328 0.7512323288690477 
181 1637.2556396484374 908.9245880126953 1687.9308837890626 955.846224975586 0.3831147693452381 1697.6040649414062 938.0881744384766 1763.2943725585938 1007.5322479248047 0.7506045386904762 
182 1636.7784057617187 906.1096038818359 1677.9496215820313 951.0236358642578 0.39096214657738093 1695.8720458984376 938.0676696777343 1761.3716064453124 1005.4386779785157 0.7431175595238095 
183 1639.9572326660157 905.16494140625 1693.5360534667968 953.2011474609375 0.4051920572916667 1693.2518371582032 939.7709014892578 1765.3061462402343 1008.130160522461 0.7845517113095238 
184 1642.7178955078125 910.7372863769531 1682.0797119140625 951.9734069824219 0.3566778273809524 1690.51435546875 935.8970642089844 1765.4890625 1008.9974670410156 0.7814825148809523 
185 1638.24033203125 916.5028045654296 1690.866845703125 952.2136871337891 0.38310314360119047 1695.7826110839844 940.2859588623047 1763.445294189453 1007.9487213134765 0.7692057291666666 
186 1636.1455505371093 910.4504150390625 1690.6673156738282 946.171533203125 0.40108816964285715 1693.7043029785157 939.8082550048828 1763.2665222167968 1009.370394897461 0.7772972470238095 
187 1628.4618835449219 900.0431365966797 1677.4269104003906 939.5918121337891 0.44009254092261907 1696.042303466797 941.6923828125 1761.9568420410155 1009.4901123046875 0.78564453125 
188 1631.5397644042969 904.4664855957031 1684.3927307128906 938.4434265136719 0.43021065848214285 1696.8072692871094 941.2022155761719 1762.873516845703 1009.1559387207031 0.7697172619047619 
189 1638.1806213378907 905.2376373291015 1687.1288269042968 942.8901092529297 0.42192150297619047 1695.3834899902345 938.9800323486328 1763.157891845703 1010.5197845458985 0.7668340773809523 
190 1635.4114135742188 906.244140625 1686.2780395507812 938.271240234375 0.38512602306547616 1695.7701904296875 941.2421142578125 1763.5923583984375 1009.0642822265625 0.7659272693452381 
191 1634.098828125 909.4383697509766 1698.377734375 954.8118133544922 0.300537109375 1696.196337890625 940.0508972167969 1764.25654296875 1010.0015930175781 0.7766694568452381 
192 1633.5249755859375 908.7509948730469 1701.5775634765625 952.2291076660156 0.27265857514880953 1701.068603515625 940.5961669921875 1763.4501953125 1010.5390869140625 0.7786923363095238 
193 1635.5474731445313 909.0680358886718 1694.1195190429687 954.4142639160157 0.28864978608630953 1700.514501953125 941.3336303710937 1762.865625 1009.3528930664063 0.7727167038690477 
194 1635.3410278320312 909.9443176269531 1711.0054077148438 945.8849060058594 0.32059151785714285 1696.3090454101562 938.2457000732422 1760.6238159179688 1006.3435943603515 0.7585565476190477 
195 1633.3430419921874 900.3648284912109 1693.6064208984376 930.4964385986328 0.40072777157738093 1698.3144897460938 936.1461578369141 1760.4609008789062 1007.7087615966797 0.7808314732142857 
196 1634.4191101074218 908.7433563232422 1713.2397033691407 946.276968383789 0.3121744791666667 1698.2262634277345 939.9251403808594 1762.033380126953 1007.4856262207031 0.7802966889880952 
197 1627.6140747070312 901.1853790283203 1706.3583374023438 931.1832122802734 0.2862548828125 1696.6956420898437 938.4663024902344 1764.1905883789063 1007.8361877441406 0.7954566592261905 
198 1626.5307373046876 903.5791229248047 1707.1599365234374 933.5806060791016 0.21420433407738096 1698.9383728027344 941.0810150146484 1764.566632080078 1008.5844512939453 0.8110119047619048 
199 1640.1732299804687 907.8471862792969 1719.0628540039063 949.1702697753906 0.29599725632440477 1699.7016296386719 941.1512878417968 1763.5646057128906 1006.8925354003907 0.8062918526785714 
200 1655.07734375 915.2176391601563 1739.570361328125 949.0147827148437 0.22284807477678573 1697.4682189941407 939.98779296875 1765.0626647949218 1009.459716796875 0.8141276041666666 
201 1631.75390625 912.5497100830078 1708.94140625 950.202182006836 0.24541364397321427 1698.0077575683595 939.2684967041016 1765.782159423828 1008.9255340576171 0.810546875 
202 1635.755841064453 909.5623840332031 1716.4918395996094 947.1140075683594 0.32670665922619047 1699.810235595703 940.759164428711 1763.6481384277345 1008.3521026611328 0.8049432663690477 
203 1640.9248168945312 911.8104919433594 1708.2331420898438 945.4646545410156 0.28407505580357145 1700.1072082519531 941.0061767578125 1765.5459899902344 1008.314501953125 0.8083147321428571 
204 1663.5808715820312 920.1251861572266 1742.3663940429688 963.2696502685546 0.22408040364583334 1694.7487731933593 940.1823150634766 1766.0308898925782 1009.5886199951171 0.8165457589285714 
205 1627.3427978515624 904.5079895019531 1700.1237548828126 930.6344665527344 0.27938988095238093 1695.0276123046874 939.5346832275391 1765.9423583984376 1010.4495086669922 0.8091517857142857 
206 1630.5459106445312 909.8243682861328 1720.2805053710938 937.866488647461 0.2204531715029762 1696.62451171875 939.807861328125 1762.05615234375 1007.10888671875 0.7908761160714286 
207 1638.0021606445312 913.0970855712891 1714.8821166992188 944.9741424560547 0.24041457403273808 1695.1212524414063 938.8439300537109 1764.5008178710937 1010.0985137939454 0.7963169642857143 
208 1626.9978637695312 902.6526489257812 1704.1266479492188 932.7516479492188 0.29931640625 1696.0953735351563 939.8422882080079 1763.8182006835937 1011.3274505615234 0.8081519717261905 
209 1636.130548095703 914.3310913085937 1720.9157165527345 959.5498901367188 0.22567313058035715 1697.7266418457032 939.0419616699219 1763.6706970214843 1008.7543029785156 0.7867373511904762 
210 1639.3234619140626 915.563101196289 1722.7138916015624 961.0488983154297 0.2220400855654762 1698.367449951172 938.9620025634765 1762.8055236816406 1009.0859100341797 0.7790411086309523 
211 1656.7861633300781 911.6131256103515 1719.2510681152344 941.8991424560547 0.22508603050595238 1700.0309692382812 937.8222229003907 1766.2817749023438 1005.9657409667968 0.7927594866071429 
212 1634.9124633789063 911.5720642089843 1733.2430541992187 949.3915588378907 0.24550083705357142 1698.0417846679688 937.1729583740234 1766.1169067382812 1005.2480010986328 0.7948056175595238 
213 1618.5828796386718 910.6696716308594 1715.4111389160157 937.2500061035156 0.22512090773809523 1692.9931518554688 939.4406860351562 1765.1396606445312 1007.7900268554688 0.8115466889880952 
214 1641.5838317871094 916.6219360351563 1728.9712219238281 954.6164672851562 0.25190662202380953 1701.2059143066406 938.1765380859375 1765.796649169922 1004.6669677734375 0.7919689360119048 
215 1630.0956420898438 905.1468200683594 1694.8433227539062 939.4249572753906 0.31423223586309523 1692.4261901855468 933.1992706298828 1762.8869201660157 1003.6599212646485 0.7632998511904762 
216 1624.7762084960937 911.7086059570313 1708.7369750976563 942.2398803710937 0.3081170944940476 1694.0584838867187 936.6620697021484 1762.7537719726563 1005.3572784423828 0.7878301711309523 
217 1644.3973571777344 912.2424133300781 1716.728741455078 940.7943298339844 0.297607421875 1693.3748657226563 930.8377471923828 1759.9957397460937 1001.2657073974609 0.7577194940476191 
218 1636.0818664550782 907.9724578857422 1689.2353942871093 936.4476470947266 0.35336449032738093 1693.98134765625 929.6574096679688 1764.220068359375 997.9978637695312 0.7445824032738095 
219 1635.340234375 908.9643737792969 1698.1109375 947.0073059082031 0.4093424479166667 1678.7236938476562 917.9629943847656 1758.6137084960938 992.1466247558594 0.6938011532738095 
220 1635.2789916992188 912.1206176757812 1701.8960571289062 938.7674438476563 0.39765857514880953 1688.7922790527343 918.5627258300781 1761.1192199707032 990.8896667480469 0.7078218005952381 
221 1636.1488037109375 906.20888671875 1695.4549560546875 934.90537109375 0.42810639880952384 1679.7822265625 912.463265991211 1756.306396484375 988.9873565673828 0.6786876860119048 
222 1630.3368103027344 908.1111328125 1701.224102783203 936.8491943359375 0.4324544270833333 1688.2551513671874 914.5956207275391 1755.3105224609376 989.3145965576172 0.7121233258928571 
223 1637.8870910644532 905.0637512207031 1699.2741638183593 937.6756286621094 0.37488374255952384 1682.0827697753907 911.9992736816406 1756.8983093261718 986.8148132324219 0.7205868675595238 
224 0.0 0.0 0.0 0.0 0.2414608909970238 0.0 0.0 0.0 0.0 0.2414608909970238 
225 1652.5230773925782 903.6217193603516 1690.9030700683593 942.0016326904297 0.44705636160714285 1681.0128173828125 915.2833435058594 1753.9346923828125 980.5291564941406 0.6965913318452381 
226 0.0 0.0 0.0 0.0 0.23414829799107142 0.0 0.0 0.0 0.0 0.23414829799107142 
227 1636.05283203125 906.0628692626954 1699.425927734375 940.6300628662109 0.43769763764880953 1685.1707458496094 912.8581634521485 1758.1457824707031 978.1516632080078 0.7171688988095238 
228 1644.7736083984375 898.9593078613282 1688.4905517578125 938.8747985839843 0.40243675595238093 1685.7856506347657 912.8493438720703 1754.2122741699218 971.7721771240234 0.7465587797619048 
229 1646.2848083496094 908.0235382080078 1722.539044189453 936.6188568115234 0.3407621837797619 1689.9109985351563 914.5491027832031 1756.6334350585937 975.5524597167969 0.7688802083333334 
230 1648.089825439453 904.0673065185547 1691.9586364746094 932.6773834228516 0.38521902901785715 1676.8466552734376 910.3761566162109 1751.2329345703124 973.3184844970704 0.6988002232142857 
231 1652.7394958496093 905.5336029052735 1710.2471984863282 943.8720977783203 0.4148530505952381 1688.2763977050781 913.86484375 1757.2857360839844 969.455712890625 0.7449079241071429 
232 1657.3564880371093 902.8929626464844 1691.7815734863282 935.4054992675781 0.3711518787202381 1679.6445373535157 905.2468292236329 1750.4070983886718 968.3594329833984 0.7320033482142857 
233 1657.7885437011719 901.8206756591796 1696.1752014160156 947.8845855712891 0.494384765625 1674.4720642089844 904.6996490478516 1747.406475830078 964.1988494873046 0.6924293154761905 
234 1648.3894470214843 903.9702026367188 1690.5935852050782 942.3376586914062 0.43974376860119047 1668.2372009277344 904.486703491211 1743.053692626953 963.9562286376953 0.6387416294642857 
235 1651.8701293945312 899.5566619873047 1688.4431030273438 945.7541900634766 0.45169503348214285 1673.0438720703125 903.7025543212891 1744.2652099609375 965.2993377685547 0.6174432663690477 
236 1646.4072143554688 900.5126251220703 1688.7673461914062 935.1709075927735 0.43026878720238093 1664.0325744628906 895.47685546875 1733.349139404297 960.9424560546875 0.6644810267857143 
237 1641.1206604003905 894.2743133544922 1683.560614013672 927.0687652587891 0.4392206101190476 1658.7792236328125 888.5612762451171 1728.2263916015625 958.0083648681641 0.7039853050595238 
238 1638.711474609375 895.6120788574219 1686.852734375 924.4969299316406 0.4104585193452381 1661.226824951172 891.1682647705078 1732.4759338378906 958.5661712646485 0.6964285714285714 
239 1637.3963439941406 893.3607727050781 1683.505877685547 924.1004089355469 0.4411504836309524 1662.815655517578 889.1488433837891 1731.9798767089844 956.3918670654297 0.6726190476190477 
240 1649.9432739257813 896.2131805419922 1690.2061401367187 946.0625152587891 0.5080798921130952 1680.3985473632813 896.1394653320312 1737.9168823242187 959.4097290039062 0.6586216517857143 
241 1658.69326171875 896.2206848144531 1687.469091796875 942.2619812011719 0.41908482142857145 1676.8441589355468 893.7858032226562 1740.1510803222657 960.9294067382813 0.72265625 
242 1646.5623779296875 896.9675445556641 1692.4844970703125 925.6688690185547 0.380615234375 1672.0991271972657 889.3874420166015 1739.0689636230468 958.2707000732422 0.7153552827380952 
243 1647.3030822753906 899.1083374023438 1701.023455810547 922.1312866210938 0.3696405319940476 1678.6646118164062 892.7622589111328 1741.9777221679688 957.994027709961 0.7220517113095238 
244 1651.882568359375 898.5511749267578 1696.036865234375 929.2672454833985 0.37429082961309523 1676.0271240234374 893.5302673339844 1741.2988037109376 954.9624084472656 0.7314685639880952 
245 1658.4611450195312 904.0327575683593 1694.9350952148438 928.9887268066407 0.3662109375 1682.1617919921875 900.0457183837891 1743.5918701171875 959.5560272216796 0.6572730654761905 
246 1656.043719482422 898.0185424804688 1692.5648010253906 930.6953247070312 0.4474400111607143 1682.5103271484375 894.24814453125 1745.9418212890625 959.601708984375 0.7226097470238095 
247 1652.5204650878907 897.3640319824219 1696.7364929199218 928.1230285644531 0.43008277529761907 1684.314599609375 896.7724975585937 1747.75498046875 958.2904907226563 0.6995210193452381 
248 1646.6425842285157 899.0726379394531 1702.3992858886718 924.0670104980469 0.35715448288690477 1679.5493591308593 891.2341339111329 1744.9192687988282 958.5266693115234 0.7313290550595238 
249 1642.2477600097657 892.9760009765625 1703.7516296386718 923.7278564453125 0.4053315662202381 1678.7656677246093 893.6413055419922 1744.1133605957032 957.067007446289 0.7173316592261905 
250 1642.353533935547 897.2655151367187 1707.7532775878906 924.1948120117188 0.35537574404761907 1677.8646423339844 892.3827423095703 1743.264385986328 961.6294036865235 0.7296084449404762 
251 1644.4373962402344 899.308218383789 1704.057598876953 926.2334686279297 0.377685546875 1682.236260986328 896.1275146484375 1747.6261657714845 963.4406005859375 0.7218424479166666 
252 1652.8505920410157 901.8624145507813 1695.0328308105468 928.7057006835937 0.45445033482142855 1674.0155212402344 898.3226470947266 1737.288800048828 955.8439178466797 0.6969168526785714 
253 1653.6643432617188 898.5045959472657 1707.1208129882812 925.2328308105468 0.36948939732142855 1681.9346130371093 898.9451904296875 1744.9368469238282 960.0382080078125 0.7121465773809523 
254 1641.7170104980469 898.3923156738281 1697.3692932128906 925.2589294433594 0.40957496279761907 1672.8646484375 896.3256683349609 1740.031103515625 953.8969268798828 0.7084263392857143 
255 1641.6490417480468 898.2793762207032 1697.3762268066407 925.1821716308593 0.48081752232142855 1675.7948852539062 895.5447967529296 1743.0517944335938 958.9584381103516 0.7061941964285714 
256 1641.9263488769532 903.8503265380859 1701.4465759277343 928.8105010986328 0.3920317150297619 1679.8833984375 901.5610778808593 1743.243798828125 959.1614562988282 0.6708519345238095 
257 1640.21328125 895.7502899169922 1701.577978515625 922.5973052978516 0.3693033854166667 1679.598876953125 897.6679321289063 1744.798828125 959.0326293945312 0.7434663318452381 
258 1640.6606079101562 896.5235992431641 1690.5185913085938 923.3701385498047 0.43739536830357145 1674.0713623046875 895.4910064697266 1741.1876708984375 956.8545135498047 0.7303059895833334 
259 1639.1330932617188 895.0249176025391 1690.6916137695312 919.8494110107422 0.44101097470238093 1674.09306640625 895.2452789306641 1740.928173828125 956.3517059326172 0.7233305431547619 
260 1638.4939086914062 892.2805084228515 1701.4604370117188 922.8096405029297 0.39196196056547616 1679.3708068847657 897.5643646240235 1744.2452819824218 958.6227081298828 0.7322823660714286 
261 1651.1001586914062 900.79697265625 1689.2860717773438 923.7085205078125 0.4352329799107143 1679.5193786621094 899.7688995361328 1738.7073059082031 957.0476898193359 0.68115234375 
262 1641.2981384277343 896.3075347900391 1685.3145324707032 925.0139373779297 0.42501395089285715 1677.1442810058593 895.4979095458984 1742.2120422363282 956.7381134033203 0.7208658854166666 
263 1649.8107604980469 897.575796508789 1693.8182678222656 924.3629852294922 0.4208984375 1683.1475219726562 899.7099761962891 1744.3754272460938 959.0244598388672 0.6876395089285714 
264 1648.0535400390625 899.2624877929687 1693.8702880859375 925.9889770507813 0.4692499069940476 1679.1854125976563 904.7693084716797 1747.9105346679687 960.1312652587891 0.6698521205357143 
265 1651.6345764160155 897.2317932128906 1693.690496826172 922.0830261230469 0.4501255580357143 1680.5296691894532 898.7022216796875 1739.7902770996093 961.786181640625 0.6814313616071429 
266 1647.7669616699218 895.6762084960938 1691.7065490722657 922.4220581054688 0.37486049107142855 1679.3623107910157 895.0883636474609 1742.4061218261718 952.4009552001953 0.7122163318452381 
267 1644.9765380859376 894.1514923095704 1700.3769775390624 918.9861419677734 0.41133045014880953 1682.081561279297 899.0008331298828 1747.0337951660156 958.2220062255859 0.7146577380952381 
268 1633.8244201660157 892.1694610595703 1693.1954772949218 922.812533569336 0.3632114955357143 1677.1373962402345 892.6114288330078 1744.169122314453 957.7279876708984 0.7540225074404762 
269 1639.5505981445312 893.1013244628906 1697.0492553710938 923.7673278808594 0.32767159598214285 1675.0818420410155 890.5949432373047 1744.080389404297 955.760220336914 0.7741815476190477 
270 1636.8328430175782 891.2552612304687 1700.1870544433593 921.9725219726563 0.32573009672619047 1674.7862854003906 890.2215515136719 1741.9801940917969 955.4956115722656 0.7514183407738095 
271 1634.9176330566406 886.7976654052734 1694.4784851074219 919.4600860595704 0.3927641369047619 1674.1568542480468 892.3399200439453 1739.4816955566407 953.8221282958984 0.7504185267857143 
272 1637.0554077148438 886.0604095458984 1701.8481567382812 918.4568634033203 0.3936244419642857 1671.7972839355468 889.8717864990234 1740.4013244628907 952.7588897705078 0.7211681547619048 
273 1639.1395080566406 892.6641204833984 1707.618182373047 925.0012237548829 0.3404017857142857 1674.4761657714844 890.8350708007813 1741.0527648925781 951.7049682617187 0.7545107886904762 
274 1638.461376953125 891.9033508300781 1709.189501953125 926.3116149902344 0.34519159226190477 1677.3545288085938 895.1383453369141 1742.3478637695312 952.4853729248047 0.7445824032738095 
275 1651.8536682128906 892.4326171875 1714.9819030761719 924.9532470703125 0.37397693452380953 1687.3907897949218 903.4689880371094 1748.6061584472657 955.1193908691406 0.6957775297619048 
276 1637.0873901367188 887.5222351074219 1707.8723266601562 921.9581115722656 0.3862188430059524 1677.7041259765624 891.7899291992187 1740.8366455078126 953.0092651367188 0.7476748511904762 
277 1649.8945922851562 892.0157104492188 1701.8549194335938 917.0337280273437 0.41880580357142855 1684.3127563476562 903.9325531005859 1745.8954956054688 953.9685089111329 0.6280691964285714 
278 1653.8778930664062 893.6908477783203 1696.1282104492188 924.418344116211 0.4225957961309524 1678.474627685547 896.9408538818359 1738.0091369628906 950.7139923095704 0.7079380580357143 
279 1646.3148376464844 891.2646575927735 1694.255352783203 920.0289825439453 0.43258231026785715 1675.964178466797 893.1823028564453 1735.4104553222655 956.463754272461 0.7469540550595238 
280 1650.1639526367187 896.3258605957031 1696.3694946289063 923.2791198730469 0.4347563244047619 1678.2279846191407 896.9922485351562 1737.9100769042968 956.6744995117188 0.7135649181547619 
281 1654.9917724609375 891.5096588134766 1691.5568115234375 916.5277557373047 0.4790736607142857 1668.1670837402344 891.2875518798828 1731.6745910644531 956.7195892333984 0.7033575148809523 
282 1648.0853576660156 891.9100494384766 1701.9936218261719 918.8641815185547 0.4451264880952381 1673.8547241210938 896.2049255371094 1735.4641235351562 950.1131896972656 0.6615280877976191 
283 1643.1091857910155 885.0380065917968 1706.378973388672 919.5487854003907 0.4062383742559524 1680.4221252441407 895.4354919433594 1739.8572937011718 954.8706604003906 0.7238885788690477 
284 1632.2012268066405 886.3729125976563 1698.797186279297 922.5250366210937 0.4214564732142857 1674.6470275878905 891.8615661621094 1741.242987060547 956.5548156738281 0.7566499255952381 
285 1634.200830078125 886.4531707763672 1702.595556640625 922.5503082275391 0.41646902901785715 1676.8013916015625 896.9754364013672 1743.2962646484375 955.870816040039 0.7267950148809523 
286 1633.781671142578 883.4905181884766 1704.0211853027345 923.3561004638672 0.34188988095238093 1675.107568359375 892.7633026123046 1741.550390625 953.5109283447266 0.7530459449404762 
287 1637.9093078613282 882.8008239746093 1711.8647399902343 922.6230041503907 0.34573800223214285 1678.3879699707031 893.3033569335937 1742.8619079589844 955.8810913085938 0.7340262276785714 
288 1653.4325622558595 894.9742950439453 1693.331231689453 925.3733001708985 0.39208984375 1680.470068359375 897.0934509277344 1739.36806640625 959.7913146972656 0.7203776041666666 
289 1645.7653686523438 889.6485107421875 1702.9631469726562 922.060595703125 0.3656412760416667 1678.8374572753905 894.9283294677734 1741.754949951172 957.8459014892578 0.7184012276785714 
290 1633.0025512695313 883.1920532226562 1707.2342651367187 923.1629272460938 0.34158761160714285 1676.340997314453 890.3662658691406 1742.9591735839845 956.9844421386719 0.7308640252976191 
291 1635.2596374511718 879.0322387695312 1697.7597717285157 913.1232788085938 0.42719959077380953 1672.2643981933593 888.6476593017578 1742.3404602050782 953.0418548583984 0.7193080357142857 
292 1634.5075073242188 880.7332611083984 1702.7432250976562 920.5374298095703 0.378662109375 1673.8743286132812 887.8775665283204 1742.1100463867188 954.2179534912109 0.7274228050595238 
293 1636.5446899414062 888.8048065185546 1703.2626831054688 926.9293853759766 0.38156854538690477 1675.9156860351563 892.8372314453125 1744.5398803710937 959.555224609375 0.7536737351190477 
294 1637.2545349121094 883.4157196044922 1705.450421142578 917.5136627197265 0.42265392485119047 1675.141131591797 891.5759063720703 1743.3370178222656 955.9831146240234 0.7192847842261905 
295 1636.9540649414062 882.2142395019531 1699.6946166992188 920.2387634277344 0.43898809523809523 1676.2217651367187 894.2065856933593 1740.8634399414063 955.0458557128907 0.7272600446428571 
296 1637.0105102539062 882.6993469238281 1693.8769409179688 914.9236999511719 0.46611095610119047 1672.3698120117188 890.6460693359375 1738.7139282226562 955.094775390625 0.68505859375 
297 1642.7037292480468 889.5207885742187 1703.4233459472657 923.6756225585938 0.42296781994047616 1680.65341796875 900.0299652099609 1741.373193359375 956.9547149658204 0.7230747767857143 
298 1650.0871520996093 888.9083038330078 1688.1234191894532 921.2392181396484 0.4063081287202381 1676.4930725097656 896.0766723632812 1739.2531433105469 955.0330688476563 0.6966378348214286 
299 1636.434375 888.1187164306641 1696.77265625 922.0590789794921 0.43615141369047616 1673.2755187988282 890.4394104003907 1741.1562438964843 954.5489929199218 0.7317708333333334 
