0 0.0 0.0 0.0 0.0 0.20175025576636904 0.0 0.0 0.0 0.0 0.20175025576636904 
1 2582.9257568359376 1209.7743103027344 2831.0981689453124 1351.587139892578 0.26918829055059523 2638.5296630859375 1149.3219665527345 2851.2491455078125 1342.345147705078 0.22171456473214285 
2 0.0 0.0 0.0 0.0 0.20164271763392858 0.0 0.0 0.0 0.0 0.20164271763392858 
3 0.0 0.0 0.0 0.0 0.20367140997023808 0.0 0.0 0.0 0.0 0.20367140997023808 
4 2583.4088623046873 340.37571105957034 2807.8054931640627 1403.3073333740235 0.23207891555059523 2642.7634155273436 1268.2453002929688 2851.4130981445314 1323.3604125976562 0.19496372767857142 
5 0.0 0.0 0.0 0.0 0.20129685174851192 0.0 0.0 0.0 0.0 0.20129685174851192 
6 0.0 0.0 0.0 0.0 0.20367140997023808 0.0 0.0 0.0 0.0 0.20367140997023808 
7 2595.276257324219 1217.610858154297 2764.632678222656 1343.6434143066406 0.222900390625 2705.4033447265624 1267.2967529296875 2918.0834716796876 1330.3131103515625 0.19708542596726192 
8 0.0 0.0 0.0 0.0 0.20175025576636904 0.0 0.0 0.0 0.0 0.20175025576636904 
9 2582.561071777344 1225.14716796875 2807.109094238281 1343.33037109375 0.21303594680059523 2706.3503662109374 1268.329443359375 2856.0490478515626 1327.421044921875 0.1925106956845238 
10 2586.436877441406 1224.2904296875 2767.813854980469 1346.522802734375 0.22761172340029762 2692.290673828125 1141.033056640625 2850.009619140625 1353.953759765625 0.20491536458333334 
11 2583.3560424804687 1227.9135192871095 2768.6158813476563 1346.164483642578 0.22650146484375 2687.053125 1276.72998046875 2840.77939453125 1339.797119140625 0.20277041480654762 
12 2588.723010253906 1228.6503051757813 2774.086315917969 1346.9671264648437 0.22928583054315477 2695.056689453125 1179.8066101074219 2852.812451171875 1353.3380432128906 0.21319870721726192 
13 0.0 0.0 0.0 0.0 0.20164271763392858 0.0 0.0 0.0 0.0 0.20164271763392858 
14 0.0 0.0 0.0 0.0 0.20367140997023808 0.0 0.0 0.0 0.0 0.20367140997023808 
15 0.0 0.0 0.0 0.0 0.20164271763392858 0.0 0.0 0.0 0.0 0.20164271763392858 
16 2586.50322265625 1212.113104248047 2842.876171875 1354.1043029785155 0.24114118303571427 2705.4359497070313 1167.209893798828 2851.3714233398437 1356.5314392089845 0.21231515066964285 
17 0.0 0.0 0.0 0.0 0.20164271763392858 0.0 0.0 0.0 0.0 0.20164271763392858 
18 0.0 0.0 0.0 0.0 0.20164271763392858 0.0 0.0 0.0 0.0 0.20164271763392858 
19 0.0 0.0 0.0 0.0 0.20164271763392858 0.0 0.0 0.0 0.0 0.20164271763392858 
20 2606.1293090820313 1257.7751586914062 2803.2332397460937 1344.5009643554688 0.21637834821428573 2743.647351074219 1275.6661560058594 2905.272326660156 1338.739483642578 0.19521949404761904 
21 2606.1902465820312 1253.7753662109376 2775.7123413085938 1344.4497314453124 0.22841099330357142 2711.4213745117186 1278.642626953125 2888.8278930664064 1337.77802734375 0.20257277715773808 
22 2614.800390625 511.74725036621095 2760.68984375 1387.0848419189454 0.21343703497023808 2714.1328002929686 1262.2748779296876 2840.3073852539064 1337.1911865234374 0.19340587797619047 
23 2618.7311889648436 1225.9623229980468 2764.5136840820314 1352.0443908691407 0.22795758928571427 2726.3253540039063 1263.9989990234376 2911.5083862304687 1323.1001220703124 0.19441731770833334 
24 2615.2227783203125 1226.39609375 2764.9481201171875 1344.600244140625 0.21970331101190477 2726.0011962890626 1265.6458984375 2887.5471435546874 1332.628271484375 0.18272763206845238 
25 0.0 0.0 0.0 0.0 0.20390392485119047 0.0 0.0 0.0 0.0 0.20390392485119047 
26 0.0 0.0 0.0 0.0 0.20175025576636904 0.0 0.0 0.0 0.0 0.20175025576636904 
27 0.0 0.0 0.0 0.0 0.20175025576636904 0.0 0.0 0.0 0.0 0.20175025576636904 
28 0.0 0.0 0.0 0.0 0.20175025576636904 0.0 0.0 0.0 0.0 0.20175025576636904 
29 0.0 0.0 0.0 0.0 0.20164271763392858 0.0 0.0 0.0 0.0 0.20164271763392858 
30 0.0 0.0 0.0 0.0 0.20164271763392858 0.0 0.0 0.0 0.0 0.20164271763392858 
31 0.0 0.0 0.0 0.0 0.20164271763392858 0.0 0.0 0.0 0.0 0.20164271763392858 
32 0.0 0.0 0.0 0.0 0.20164271763392858 0.0 0.0 0.0 0.0 0.20164271763392858 
33 0.0 0.0 0.0 0.0 0.20164271763392858 0.0 0.0 0.0 0.0 0.20164271763392858 
34 0.0 0.0 0.0 0.0 0.20164271763392858 0.0 0.0 0.0 0.0 0.20164271763392858 
35 0.0 0.0 0.0 0.0 0.20175025576636904 0.0 0.0 0.0 0.0 0.20175025576636904 
36 0.0 0.0 0.0 0.0 0.20164271763392858 0.0 0.0 0.0 0.0 0.20164271763392858 
37 0.0 0.0 0.0 0.0 0.20164271763392858 0.0 0.0 0.0 0.0 0.20164271763392858 
38 0.0 0.0 0.0 0.0 0.20164271763392858 0.0 0.0 0.0 0.0 0.20164271763392858 
39 0.0 0.0 0.0 0.0 0.20353190104166666 0.0 0.0 0.0 0.0 0.20353190104166666 
40 0.0 0.0 0.0 0.0 0.20353190104166666 0.0 0.0 0.0 0.0 0.20353190104166666 
41 0.0 0.0 0.0 0.0 0.20164271763392858 0.0 0.0 0.0 0.0 0.20164271763392858 
42 0.0 0.0 0.0 0.0 0.20164271763392858 0.0 0.0 0.0 0.0 0.20164271763392858 
43 0.0 0.0 0.0 0.0 0.20164271763392858 0.0 0.0 0.0 0.0 0.20164271763392858 
44 0.0 0.0 0.0 0.0 0.20164271763392858 0.0 0.0 0.0 0.0 0.20164271763392858 
45 0.0 0.0 0.0 0.0 0.20164271763392858 0.0 0.0 0.0 0.0 0.20164271763392858 
46 0.0 0.0 0.0 0.0 0.20164271763392858 0.0 0.0 0.0 0.0 0.20164271763392858 
47 0.0 0.0 0.0 0.0 0.20164271763392858 0.0 0.0 0.0 0.0 0.20164271763392858 
48 0.0 0.0 0.0 0.0 0.20164271763392858 0.0 0.0 0.0 0.0 0.20164271763392858 
49 0.0 0.0 0.0 0.0 0.20164271763392858 0.0 0.0 0.0 0.0 0.20164271763392858 
50 0.0 0.0 0.0 0.0 0.20164271763392858 0.0 0.0 0.0 0.0 0.20164271763392858 
51 0.0 0.0 0.0 0.0 0.20164271763392858 0.0 0.0 0.0 0.0 0.20164271763392858 
52 0.0 0.0 0.0 0.0 0.20164271763392858 0.0 0.0 0.0 0.0 0.20164271763392858 
53 0.0 0.0 0.0 0.0 0.20164271763392858 0.0 0.0 0.0 0.0 0.20164271763392858 
54 0.0 0.0 0.0 0.0 0.20164271763392858 0.0 0.0 0.0 0.0 0.20164271763392858 
55 0.0 0.0 0.0 0.0 0.20164271763392858 0.0 0.0 0.0 0.0 0.20164271763392858 
56 0.0 0.0 0.0 0.0 0.20367140997023808 0.0 0.0 0.0 0.0 0.20367140997023808 
57 0.0 0.0 0.0 0.0 0.20164271763392858 0.0 0.0 0.0 0.0 0.20164271763392858 
58 0.0 0.0 0.0 0.0 0.20175025576636904 0.0 0.0 0.0 0.0 0.20175025576636904 
59 0.0 0.0 0.0 0.0 0.20175025576636904 0.0 0.0 0.0 0.0 0.20175025576636904 
60 0.0 0.0 0.0 0.0 0.20164271763392858 0.0 0.0 0.0 0.0 0.20164271763392858 
61 0.0 0.0 0.0 0.0 0.20164271763392858 0.0 0.0 0.0 0.0 0.20164271763392858 
62 0.0 0.0 0.0 0.0 0.20164271763392858 0.0 0.0 0.0 0.0 0.20164271763392858 
63 0.0 0.0 0.0 0.0 0.20164271763392858 0.0 0.0 0.0 0.0 0.20164271763392858 
64 0.0 0.0 0.0 0.0 0.20175025576636904 0.0 0.0 0.0 0.0 0.20175025576636904 
65 0.0 0.0 0.0 0.0 0.20004999069940477 0.0 0.0 0.0 0.0 0.20004999069940477 
66 0.0 0.0 0.0 0.0 0.20004999069940477 0.0 0.0 0.0 0.0 0.20004999069940477 
67 0.0 0.0 0.0 0.0 0.20164271763392858 0.0 0.0 0.0 0.0 0.20164271763392858 
68 2627.902868652344 1041.407177734375 2991.121789550781 1396.814990234375 0.31215704055059523 2712.4738037109373 1083.3170593261718 2993.6756103515627 1387.9523498535157 0.2647123790922619 
69 2699.2798095703124 0.0 2886.6391357421876 1564.1485805511475 0.31063988095238093 2719.847265625 1123.8243286132813 2911.109765625 1408.7664916992187 0.26467168898809523 
70 2681.688720703125 73.93875541687012 2883.226806640625 358.4629550933838 0.5826357886904762 2740.3565185546877 77.28252296447754 2933.9911376953123 148.41357536315917 0.21481468563988096 
71 2673.3002685546876 54.28476257324219 2879.6098876953124 361.8027618408203 0.32922944568452384 2786.935302734375 338.2972412109375 2786.935302734375 338.2972412109375 0.1155976795014881 
72 2657.2552490234375 54.74297599792481 2870.9713134765625 367.4016544342041 0.5345168340773809 2772.4853393554686 70.26935958862305 2831.8508422851564 90.05788040161133 0.1789492652529762 
73 2640.0776245117186 67.15785064697266 2865.7771118164064 383.92878875732424 0.7431873139880952 2803.488818359375 35.17617664337158 2985.632275390625 153.96526851654053 0.42557198660714285 
74 2636.3490356445313 66.43050231933594 2830.0887084960937 386.69443664550784 0.7250744047619048 2735.8040161132812 75.4027587890625 2937.4515991210938 186.111279296875 0.48254975818452384 
75 2622.801062011719 92.26001281738282 2816.277307128906 408.13946228027345 0.7062174479166666 2757.9612060546874 89.07085075378419 2990.9220947265626 195.68016395568847 0.4653436569940476 
76 2606.6757568359376 81.26807594299316 2819.6631103515624 428.35856437683105 0.7316778273809523 2733.042236328125 79.90277557373047 2981.527587890625 202.17327423095702 0.44999767485119047 
77 2602.172717285156 102.50728912353516 2811.028698730469 433.5241134643555 0.7180292038690477 2734.640185546875 90.53369483947753 3030.190869140625 236.33873405456544 0.5353771391369048 
78 2596.3448974609373 101.26268005371094 2809.0237548828127 451.78858947753906 0.7413504464285714 2763.5793579101564 56.72741584777832 3023.5200073242186 163.066735458374 0.4832124255952381 
79 2580.074108886719 114.79661560058594 2828.211291503906 457.46253967285156 0.7324916294642857 2750.1950439453126 104.6469223022461 2994.3938232421874 246.4397171020508 0.5414457775297619 
80 2577.7727294921874 135.00284118652343 2806.3727783203126 466.0785797119141 0.7490001860119048 2730.273828125 107.86796607971192 3029.81845703125 253.69895133972167 0.6158854166666666 
81 2566.1792236328124 145.18984832763672 2799.0956787109376 476.7996231079102 0.7404668898809523 2728.491979980469 110.57124786376953 3028.519982910156 268.4806625366211 0.6270228794642857 
82 2566.714892578125 158.68669738769532 2783.618115234375 482.06971130371096 0.7380719866071429 2721.4289794921874 118.49135284423828 3017.2062744140626 264.4080612182617 0.6199544270833334 
83 2562.6795288085937 163.5385299682617 2788.1708129882813 480.01771392822263 0.7393973214285714 2714.3765625 121.8484733581543 3022.94375 272.1761085510254 0.6422758556547619 
84 2559.369177246094 163.58466720581055 2790.175988769531 493.87732315063477 0.7355608258928571 2719.9237060546875 120.88232192993163 3018.3809814453125 264.14180221557615 0.6486700148809523 
85 2557.958386230469 167.2020736694336 2785.503771972656 490.5557693481445 0.7541387648809523 2723.320349121094 113.77040557861328 3034.697961425781 261.4751693725586 0.6650855654761905 
86 2556.4064086914063 174.9673614501953 2788.4541870117187 499.0338592529297 0.7680199032738095 2736.751257324219 112.1852424621582 3032.811975097656 260.2156211853027 0.6537155877976191 
87 2562.4061279296875 175.48488540649413 2785.1422119140625 492.0043571472168 0.7655784970238095 2754.0310913085937 103.34369163513183 3035.3817504882813 263.55725593566893 0.6851748511904762 
88 2565.8274169921874 178.4749443054199 2784.1379150390626 494.2455909729004 0.7840401785714286 2776.3409912109373 102.60603752136231 3041.4324462890627 270.23735389709475 0.6279296875 
89 2566.768603515625 184.67290649414062 2787.467724609375 492.07514038085935 0.7662062872023809 2781.7077392578126 105.24549522399903 3057.5813232421874 286.5339923858643 0.6112816220238095 
90 2562.0365356445313 176.04640579223633 2804.3675170898437 497.83022689819336 0.7839471726190477 2806.0483642578124 114.16490631103515 3052.3520263671876 257.17994232177733 0.5248442150297619 
91 2562.4369995117186 166.65434036254882 2812.5241821289064 500.10388412475584 0.7706240699404762 2811.1499633789062 107.10977478027344 3049.3283081054688 242.07745056152345 0.5718936011904762 
92 2564.4423706054686 173.2661033630371 2810.1560180664064 492.69387283325193 0.7782040550595238 2835.672216796875 76.87073020935058 3024.052880859375 248.87030525207518 0.551025390625 
93 2561.16474609375 176.26895065307616 2810.88408203125 491.4881446838379 0.7911318824404762 2828.518701171875 81.32530479431152 3053.675146484375 236.88802070617675 0.5157877604166666 
94 2562.927294921875 169.48915100097656 2804.967236328125 489.47410583496094 0.7611607142857143 2841.730676269531 97.06652069091797 3046.849157714844 224.24002838134766 0.5248325892857143 
95 2555.7166137695312 178.71634216308593 2797.5639038085938 482.0504425048828 0.7459309895833334 2818.84765625 138.51355361938477 3048.39794921875 216.3966178894043 0.33686755952380953 
96 2548.5843872070313 167.31755294799805 2781.4446655273437 473.7125526428223 0.7471168154761905 2872.4204345703124 70.056787109375 3076.6835693359376 184.44425048828126 0.557861328125 
97 2548.8706176757814 159.9033660888672 2760.6135131835936 473.44544982910156 0.7689499627976191 2871.4963500976564 58.10398902893066 3083.2392456054686 168.04730949401855 0.5965169270833334 
98 2550.889123535156 162.08073654174805 2748.879187011719 473.2079139709473 0.7715541294642857 2601.396765136719 144.98584899902343 3062.026818847656 173.27013244628907 0.25893438430059523 
99 2549.4071044921875 177.04637603759767 2710.9644775390625 488.0438034057617 0.7635788690476191 2606.2628662109373 144.73495788574218 3002.0779541015627 197.24102478027345 0.26244535900297616 
100 2677.5882202148437 212.3643913269043 2701.9603637695313 244.30014419555664 0.21064249674479166 2660.1334228515625 210.87751235961915 2701.3138427734375 244.49408493041992 0.21659342447916666 
101 2521.7281005859377 216.36921463012695 2664.2767822265623 513.3459190368652 0.7556036086309523 2501.6248413085937 97.12165222167968 3135.1752075195313 318.86424865722654 0.2522612072172619 
102 2503.2891479492187 236.50447998046874 2651.5738891601563 521.3669799804687 0.7576032366071429 2873.550439453125 104.12898635864258 3064.759619140625 209.48907089233398 0.38818359375 
103 2466.8428466796877 256.7120620727539 2632.4589111328123 540.6253097534179 0.7847377232142857 2554.352404785156 201.6583694458008 2645.046765136719 410.6500717163086 0.25685918898809523 
104 2453.85048828125 284.40327911376954 2608.90341796875 558.7279159545899 0.7779482886904762 2469.7531616210936 215.89858169555663 2752.0293090820314 474.32033615112306 0.20767647879464285 
105 2443.956433105469 313.11755523681643 2584.596057128906 574.305876159668 0.7616954985119048 2470.3843017578124 315.12672119140626 2623.0790771484376 451.74827880859374 0.28585960751488093 
106 2419.15126953125 338.3119125366211 2572.70615234375 605.0124588012695 0.7678571428571429 2418.374169921875 299.7677719116211 2955.816259765625 550.3046463012695 0.2652064732142857 
107 2396.034802246094 365.7222366333008 2564.242297363281 628.2900619506836 0.7695545014880952 2378.3619873046873 363.9864898681641 2891.1897705078127 450.1415618896484 0.2803838820684524 
108 2379.0754516601564 393.71288299560547 2555.8554565429686 640.3826065063477 0.7865048363095238 2391.2507568359374 371.7339920043945 2572.1418212890626 507.40233001708987 0.33451915922619047 
109 2365.1889526367186 411.5220031738281 2551.0315063476564 655.1823425292969 0.7760881696428571 2392.827111816406 398.65599517822267 2834.719519042969 506.0317184448242 0.29334077380952384 
110 2351.9311279296876 433.4269393920898 2552.2231689453124 687.9650588989258 0.7836216517857143 2364.9306030273438 353.66312408447266 2869.8342895507812 520.573356628418 0.27955845424107145 
111 2347.2946166992188 464.5503173828125 2552.0747680664062 711.12216796875 0.8102213541666666 2716.5093994140625 158.02327651977538 2841.8851318359375 442.20778732299806 0.3181733630952381 
112 2341.122607421875 504.213330078125 2547.729931640625 731.903125 0.8087100074404762 2692.5498291015624 185.22051315307618 2861.2089599609376 366.52907485961913 0.5792643229166666 
113 2331.1155029296874 523.3130279541016 2547.2106689453126 764.8309539794922 0.8269391741071429 2649.06533203125 193.14072647094727 2877.8716796875 358.38983688354494 0.7420712425595238 
114 2314.1972900390624 541.1754669189453 2536.7797607421876 776.599008178711 0.8074311755952381 2617.4492797851562 177.3390914916992 2865.7140502929688 369.95836334228517 0.7599981398809523 
115 2300.9629760742187 569.7447143554688 2531.9449829101563 787.6521362304687 0.8125 2579.8844360351563 169.46540603637695 2863.1641479492187 369.9402793884277 0.7604631696428571 
116 2289.5350341796875 575.6287475585938 2521.0880126953125 811.5508178710937 0.7988048735119048 2574.5234130859376 167.8061553955078 2841.0278564453124 355.6700408935547 0.7363978794642857 
117 2277.8988647460938 601.3696746826172 2506.9905395507812 826.0556793212891 0.8020833333333334 2544.94638671875 172.67010803222655 2809.28310546875 353.3000457763672 0.75048828125 
118 2260.8313842773437 620.2309875488281 2500.7826293945313 829.0776062011719 0.8057570684523809 2520.4369506835938 177.58562088012695 2791.4929809570312 341.9967613220215 0.7365141369047619 
119 2250.7890502929686 627.4840759277344 2484.8801391601564 843.9078918457031 0.8063151041666666 2498.1304443359377 182.23550186157226 2767.5560791015623 341.2407402038574 0.7435825892857143 
120 2238.1145141601564 640.8118499755859 2472.5756713867186 857.2376495361328 0.7965727306547619 2472.7491088867187 177.26539840698243 2747.7901977539063 353.11132583618166 0.7468610491071429 
121 2228.097802734375 645.1095550537109 2464.876806640625 864.0185577392579 0.7978515625 2441.8518920898437 178.42425079345702 2732.2416137695313 361.59305267333986 0.75439453125 
122 2216.9082641601562 651.9115264892578 2452.3190307617188 869.2137786865235 0.7896437872023809 2414.535009765625 197.9797218322754 2717.852685546875 365.48351974487304 0.7326078869047619 
123 2205.370251464844 665.9019500732422 2439.510852050781 870.2427642822265 0.7947126116071429 2399.232141113281 197.78449554443358 2684.458044433594 372.32564239501954 0.7430245535714286 
124 2191.8608520507814 668.0796752929688 2433.8439819335936 880.3456176757812 0.7926897321428571 2379.1446899414063 205.99307556152343 2667.8262573242187 375.8058135986328 0.7390950520833334 
125 2179.9176025390625 661.9436492919922 2415.0823974609375 879.3600006103516 0.7755766369047619 2382.1456298828125 221.99114761352538 2639.4954833984375 377.2885612487793 0.7361886160714286 
126 2174.032177734375 671.5152587890625 2407.304736328125 887.82275390625 0.7741350446428571 2344.8269287109374 230.41763076782226 2624.7541259765626 395.8292411804199 0.7649507068452381 
127 2169.6764526367188 672.4423461914063 2392.0840454101562 886.6125854492187 0.7660202752976191 2324.1263793945313 233.6467300415039 2608.3138061523437 406.6304000854492 0.7573707217261905 
128 2151.2410888671875 675.8771606445313 2382.6163330078125 899.1340698242187 0.7719029017857143 2318.2934448242186 252.0013626098633 2590.2609985351564 414.37000579833983 0.7538364955357143 
129 2143.0830322265624 675.825228881836 2372.3686279296876 909.1335723876953 0.7914806547619048 2301.0457763671875 258.8717330932617 2582.6246337890625 431.84167633056643 0.7613699776785714 
130 2130.8685791015623 678.0684173583984 2362.7237060546877 905.9260284423829 0.7698335193452381 2305.9899047851563 273.85943908691405 2565.8277221679687 433.7595184326172 0.7492792038690477 
131 2124.4572875976564 684.8687194824219 2355.0590698242186 903.5427795410156 0.7790178571428571 2297.714465332031 268.7762512207031 2564.099255371094 435.76372680664065 0.7494187127976191 
132 2116.9569702148438 680.1590209960938 2350.1682739257812 909.4176391601562 0.7667875744047619 2282.2117553710937 275.61180419921874 2558.9032348632813 453.48487548828126 0.7515578497023809 
133 2106.776892089844 681.35849609375 2342.909387207031 909.6198974609375 0.7899228050595238 2278.729772949219 266.9156768798828 2546.346643066406 440.0795013427734 0.7329566592261905 
134 2099.853479003906 670.8499877929687 2342.448522949219 909.5323364257813 0.7831566220238095 2277.736376953125 266.1735534667969 2543.808544921875 438.3378601074219 0.7446056547619048 
135 2097.5016845703126 668.4759918212891 2333.7468505859374 908.5942596435547 0.7971307663690477 2270.1423461914064 270.4636291503906 2533.4980346679686 448.6158386230469 0.7421409970238095 
136 2092.5018310546875 662.5741088867187 2320.5128173828125 898.3143188476563 0.7776692708333334 2267.4489624023436 268.38543701171875 2499.3247192382814 442.29217529296875 0.7374441964285714 
137 2085.5722900390624 659.2712341308594 2311.5063232421876 900.5229553222656 0.7841796875 2265.700891113281 267.05309906005857 2487.805700683594 435.5463577270508 0.72265625 
138 2075.615856933594 652.4817291259766 2303.999133300781 892.2842010498047 0.7880161830357143 2258.46884765625 277.6988983154297 2475.4330078125 441.3736114501953 0.7368861607142857 
139 2067.131872558594 639.61845703125 2295.056848144531 890.33564453125 0.7764601934523809 2251.6634887695313 277.7148635864258 2475.7893920898437 448.6583969116211 0.7140764508928571 
140 2052.689978027344 636.1022094726562 2280.538781738281 875.3434692382813 0.7835984002976191 2239.2046875 277.9705780029297 2470.8509765625 456.4521514892578 0.7163550967261905 
141 2044.0333129882813 637.8751037597656 2271.119763183594 861.1128112792969 0.7575102306547619 2228.3376586914064 287.47475280761716 2474.6689331054686 468.3743072509766 0.7080543154761905 
142 2041.5641723632812 629.0091613769531 2258.578161621094 849.8303161621094 0.7745070684523809 2232.659423828125 295.72735595703125 2468.709716796875 486.09039306640625 0.7074962797619048 
143 2024.57587890625 622.5498199462891 2253.97001953125 844.2976531982422 0.7649739583333334 2215.737744140625 318.1612945556641 2445.131884765625 501.6767181396484 0.6784784226190477 
144 2017.576708984375 613.5237670898438 2247.346630859375 839.4641479492187 0.7630208333333334 2220.0983154296873 327.19520263671876 2430.7205322265627 507.1815673828125 0.6675037202380952 
145 2016.2250854492188 610.1088775634765 2234.2439086914064 835.7776580810547 0.7615559895833334 2211.7360961914064 340.89520874023435 2418.2802612304686 528.3149963378906 0.6637602306547619 
146 2008.0913452148438 599.0525146484375 2229.516320800781 828.1127685546875 0.7607654389880952 2206.6101684570312 369.11128692626954 2412.7645874023438 529.4534408569336 0.6427641369047619 
147 1995.7831481933595 593.5663208007812 2217.916680908203 819.5298706054688 0.7437453497023809 2211.730090332031 362.88911895751954 2426.203747558594 519.9146224975586 0.6862909226190477 
148 1991.6960998535155 595.759634399414 2205.843328857422 821.3792205810547 0.7521158854166666 2204.666845703125 391.46651458740234 2434.110498046875 552.0770950317383 0.7373046875 
149 1962.2161804199218 597.0894836425781 2205.3039611816407 820.8845153808594 0.7437918526785714 2198.9223510742186 390.9546829223633 2422.7175415039064 549.1546615600586 0.7346772693452381 
150 1950.9371398925782 599.7932373046875 2193.0388122558593 822.6803955078125 0.7325846354166666 2189.6391845703124 394.49464721679686 2412.5263427734376 552.0528381347656 0.7052176339285714 
151 1955.6724060058593 601.293179321289 2186.446368408203 820.5282928466797 0.7786225818452381 2183.931262207031 389.4547348022461 2410.859020996094 547.1501541137695 0.7310732886904762 
152 1937.464044189453 605.4775634765625 2181.8673767089845 822.7248291015625 0.7637183779761905 2175.0037231445312 376.44288177490233 2403.8890991210938 535.4989212036132 0.7264694940476191 
153 1932.1597778320313 610.3904724121094 2176.194470214844 819.0006408691406 0.7728794642857143 2163.629443359375 368.47528381347655 2395.855908203125 521.9808929443359 0.7361653645833334 
154 1928.585498046875 618.0739501953125 2167.546826171875 817.8613525390625 0.7752976190476191 2165.8894775390627 355.75888977050784 2385.2638427734373 504.6200775146484 0.6985212053571429 
155 1921.251708984375 621.4003875732421 2164.563720703125 817.6196929931641 0.7620442708333334 2157.6204833984375 330.09020843505857 2393.0836181640625 487.0656448364258 0.7134021577380952 
156 1916.2064636230468 620.8448333740234 2154.8546936035154 820.3703155517578 0.7705775669642857 2156.6601806640624 317.9452880859375 2371.8349365234376 482.260400390625 0.7120070684523809 
157 1911.8087097167968 630.5595642089844 2150.4086975097657 826.1335510253906 0.7702520461309523 2151.7629516601564 310.1192337036133 2370.8056518554686 466.57836761474607 0.7185872395833334 
158 1905.68388671875 643.7796966552735 2144.321484375 823.7359893798828 0.7503952752976191 2148.6849853515623 293.94822845458987 2367.7622802734377 454.3440994262695 0.7140531994047619 
159 1900.8603088378907 636.5473846435547 2131.998944091797 820.6747222900391 0.7737630208333334 2143.2997802734376 290.5928298950195 2362.6855712890624 443.3793685913086 0.6982189360119048 
160 1898.5601623535156 635.1408569335938 2125.2224304199217 826.6312377929687 0.7528831845238095 2133.038330078125 281.4697235107422 2359.700439453125 437.7884552001953 0.7331659226190477 
161 1886.6888000488282 633.3532043457031 2122.0137145996096 829.4572204589844 0.7612537202380952 2122.918737792969 271.9185043334961 2350.399377441406 436.6458572387695 0.7391183035714286 
162 1881.5740112304688 639.446157836914 2117.998498535156 832.5260711669922 0.7685081845238095 2122.3935668945314 271.169660949707 2346.9968139648436 424.8455062866211 0.7533482142857143 
163 1873.9867919921876 631.7843627929688 2106.9883056640624 825.2942504882812 0.7712286086309523 2117.4690795898437 272.2569274902344 2346.5213989257813 422.3258361816406 0.7450241815476191 
164 1861.1370910644532 641.9511871337891 2102.8388610839843 824.2181854248047 0.7669038318452381 2112.8971313476563 277.72214660644534 2338.7495971679687 420.3658050537109 0.7511393229166666 
165 1859.21298828125 635.083364868164 2100.99013671875 817.4071746826172 0.7480933779761905 2114.557751464844 280.3447235107422 2336.517199707031 419.0693389892578 0.7567429315476191 
166 1849.3374389648438 626.6892852783203 2094.204309082031 812.3141937255859 0.7656715029761905 2110.305810546875 276.2501983642578 2331.475927734375 418.4309539794922 0.7759254092261905 
167 1837.6089416503905 629.4335723876953 2091.035467529297 807.6241058349609 0.7399786086309523 2106.265490722656 289.34867706298826 2328.013562011719 431.9010482788086 0.7739025297619048 
168 1848.9556762695313 608.4865753173829 2082.294567871094 806.2313812255859 0.7726469494047619 2109.3703735351564 293.3118148803711 2326.8896362304686 427.778303527832 0.7619977678571429 
169 1844.567852783203 609.0396881103516 2081.789447021484 802.7705535888672 0.7634393601190477 2112.3543701171875 293.0484909057617 2321.9000244140625 431.4276748657227 0.7666015625 
170 1844.6131103515625 609.2570983886719 2072.5948974609373 801.8622863769531 0.7626953125 2108.576123046875 291.62476043701173 2328.696337890625 433.1306411743164 0.7793433779761905 
171 1845.6981567382813 603.5999176025391 2068.8655639648437 803.2759979248046 0.7707403273809523 2108.619982910156 294.59891510009766 2323.956921386719 431.6315231323242 0.7693684895833334 
172 1845.8175903320312 615.146337890625 2071.864294433594 806.116845703125 0.7505580357142857 2108.439343261719 300.6595657348633 2318.896838378906 437.0670883178711 0.7734607514880952 
173 1845.3958618164063 617.9068145751953 2073.653454589844 803.6078948974609 0.7439081101190477 2109.513952636719 299.7747207641602 2318.427697753906 431.31295623779295 0.7747628348214286 
174 1852.0810485839843 615.9215759277344 2071.085821533203 804.1887756347656 0.7527436755952381 2107.1432373046873 299.97550811767576 2318.4636962890627 434.4520736694336 0.7690894717261905 
175 1853.9435180664063 620.5358093261718 2067.6433959960937 803.7071105957032 0.7570219494047619 2106.391149902344 297.05061492919924 2320.091027832031 434.42909088134763 0.7892020089285714 
176 1859.8628234863281 606.0368011474609 2072.4815368652344 811.0618927001954 0.7661597842261905 2104.7538452148438 298.49925842285154 2321.1692504882812 435.18262634277346 0.7879929315476191 
177 1854.9749938964844 611.1680572509765 2074.1721008300783 807.6896697998047 0.7544642857142857 2105.8599609375 298.7975021362305 2317.4984375 431.07166900634763 0.7860863095238095 
178 1858.5337646484375 609.1062683105469 2073.6615478515623 809.1372619628906 0.7612769717261905 2105.306506347656 296.72115325927734 2320.433972167969 436.3654251098633 0.7955031622023809 
179 1871.2489807128907 606.3943572998047 2073.766033935547 808.911489868164 0.7699032738095238 2106.942004394531 305.9362426757813 2316.959606933594 437.19736328125 0.7822963169642857 
180 1866.911962890625 605.7518463134766 2076.411279296875 811.5099334716797 0.7674153645833334 2108.2100463867187 303.1578903198242 2321.4503540039063 437.8359146118164 0.7711821056547619 
181 1871.1005065917968 600.0891998291015 2076.3664123535154 809.0871307373047 0.7821568080357143 2105.218395996094 301.5206573486328 2321.680773925781 435.8764984130859 0.7888997395833334 
182 1869.78486328125 597.0965362548828 2075.229296875 806.2763275146484 0.7911783854166666 2106.9798828125 298.2682144165039 2323.63046875 432.74097137451173 0.7867606026785714 
183 1868.620831298828 588.181982421875 2073.799456787109 800.8218017578125 0.7872721354166666 2105.0786010742186 301.64918823242186 2325.1794555664064 435.94797973632814 0.7899228050595238 
184 1866.4048461914062 595.9823699951172 2068.2999877929688 790.3998931884765 0.7823195684523809 2106.2632446289062 304.21215667724607 2323.1134643554688 435.0701614379883 0.7793666294642857 
185 1866.6628662109374 589.0219848632812 2068.3488525390626 786.9730102539063 0.7857607886904762 2106.7034912109375 303.7310989379883 2319.5943603515625 434.45350189208983 0.7811337425595238 
186 1865.156024169922 589.3714172363282 2066.620953369141 787.1055114746093 0.7808779761904762 2107.3729248046875 298.22303619384763 2323.7613525390625 432.532975769043 0.7852725074404762 
187 1861.112811279297 597.4034484863281 2065.589703369141 779.5737243652344 0.7753673735119048 2104.9123046875 299.410546875 2327.97783203125 436.9677490234375 0.7935267857142857 
188 1865.1660400390624 593.9799560546875 2066.0998291015626 783.7507568359375 0.7741350446428571 2107.173779296875 306.46154632568357 2319.270556640625 432.97537384033205 0.779296875 
189 1876.3500854492188 599.2593353271484 2065.6965454101564 788.6057159423829 0.7808547247023809 2107.53544921875 303.38763427734375 2322.87080078125 433.331298828125 0.7859700520833334 
190 1880.8678283691406 605.0522308349609 2073.364471435547 793.8470001220703 0.7700427827380952 2108.5320556640627 298.2252227783203 2326.9415771484373 431.49212341308595 0.7918061755952381 
191 1878.7926452636718 593.885043334961 2074.5941955566404 800.7696807861328 0.7888997395833334 2109.2644287109374 301.6036575317383 2327.2321533203126 430.9065658569336 0.7964564732142857 
192 1880.1048645019532 599.6146514892578 2079.3027282714843 802.5013763427735 0.7830636160714286 2107.394665527344 297.98030242919924 2328.725695800781 434.4677261352539 0.7912713913690477 
193 1883.889599609375 601.9584808349609 2079.285693359375 801.0412139892578 0.7863188244047619 2108.21201171875 300.0730209350586 2325.72841796875 436.48157501220703 0.7816917782738095 
194 1884.3971618652345 602.4035705566406 2079.534112548828 801.2221618652344 0.7816220238095238 2108.4220581054688 304.1756530761719 2325.6499633789062 436.72138061523435 0.7717633928571429 
195 1884.3218078613281 600.2593627929688 2079.5130310058594 799.1333374023437 0.7765764508928571 2108.4092407226562 304.78137664794923 2325.6974487304688 437.3640396118164 0.7799479166666666 
196 1887.5948303222656 603.3620147705078 2078.9641296386717 798.4116058349609 0.7781575520833334 2108.2640747070313 302.0118637084961 2325.3948608398437 434.4983596801758 0.7832728794642857 
197 1888.0758056640625 599.5475433349609 2075.6331787109375 798.1376983642579 0.7910388764880952 2108.16572265625 304.4912307739258 2325.14384765625 436.88465423583983 0.7825288318452381 
198 1887.4162048339845 600.1054016113281 2078.706475830078 798.7532409667969 0.7933175223214286 2107.9943725585936 305.38787536621095 2325.0356567382814 434.1411163330078 0.7810407366071429 
199 1882.6301330566407 604.1701171875 2084.979608154297 799.1615478515625 0.7884114583333334 2104.5071411132812 302.9097900390625 2321.5731811523438 435.3568115234375 0.7809477306547619 
200 1883.3041442871095 610.7357482910156 2085.353692626953 798.0907897949219 0.7679501488095238 2104.4282470703124 302.998681640625 2324.8461669921876 438.92294921875 0.7737397693452381 
201 1884.8823486328124 605.2379486083985 2079.2558349609376 795.9439971923828 0.7883882068452381 2104.786669921875 304.5092514038086 2324.831982421875 436.53649444580077 0.7751116071428571 
202 1885.4355346679688 604.983447265625 2079.6506469726564 795.534375 0.7863420758928571 2105.1608032226563 301.2577301025391 2325.0274291992187 436.8420013427734 0.7780877976190477 
203 1886.1688537597656 608.2330169677734 2080.404754638672 795.1393585205078 0.7875279017857143 2106.3405151367188 297.99109802246096 2322.5654907226562 437.25462951660154 0.7879231770833334 
204 1890.9342712402345 608.3983215332031 2077.952569580078 795.4166198730469 0.7898530505952381 2107.570935058594 300.79125518798827 2323.925402832031 440.13821868896486 0.7738095238095238 
205 1891.1429748535156 611.6662689208985 2078.066375732422 794.9246124267578 0.7913876488095238 2107.669787597656 297.7305938720703 2323.914440917969 440.6721160888672 0.7745303199404762 
206 1891.5065979003907 612.9686157226563 2074.698846435547 792.4968383789062 0.7915271577380952 2107.1095581054688 298.72377624511716 2326.9400024414062 441.6135650634766 0.7829706101190477 
207 1888.5187683105469 612.3667175292969 2075.2850646972656 795.4710510253906 0.7923177083333334 2107.257946777344 298.695051574707 2326.983020019531 441.5164047241211 0.7862258184523809 
208 1888.7451965332032 609.9449340820313 2075.4216735839846 792.9611938476562 0.7891322544642857 2107.3792724609375 300.0844467163086 2326.9986572265625 435.5164138793945 0.7850399925595238 
209 1888.9141418457032 610.0259796142578 2075.6540954589846 793.1042083740234 0.7872953869047619 2107.6221313476562 296.82133026123046 2327.3161010742188 435.96080474853517 0.7854352678571429 
210 1885.9880310058593 609.526318359375 2079.967169189453 792.525439453125 0.7803664434523809 2108.2617797851562 299.2724182128906 2327.8605346679688 438.35178833007814 0.7807384672619048 
211 1882.9258972167968 607.4181579589844 2076.8066467285157 793.9825988769531 0.7794131324404762 2107.9005737304688 297.74366149902346 2327.3882446289062 436.7524932861328 0.7827613467261905 
212 1892.0843872070313 610.155728149414 2078.7146850585937 793.1266815185547 0.7844587053571429 2107.849401855469 297.5568420410156 2327.414514160156 432.9553649902344 0.7882021949404762 
213 1878.6690734863282 608.3233337402344 2080.0632263183593 795.0705871582031 0.7699497767857143 2107.1033935546875 297.9229370117188 2330.4678955078125 440.7296508789062 0.7705310639880952 
214 1876.9853515625 600.8785095214844 2078.8154296875 799.0388488769531 0.7837611607142857 2106.3374877929687 300.39182739257814 2326.5157836914063 436.16835327148436 0.7723214285714286 
215 1873.6909606933593 603.2700134277344 2079.340899658203 797.9029602050781 0.7708100818452381 2106.0358032226563 292.8176971435547 2330.0474487304687 436.03819885253904 0.7704148065476191 
216 1876.6524841308594 601.2329467773437 2075.1498840332033 799.7301879882813 0.7750186011904762 2105.1222900390626 294.1559539794922 2333.0266357421874 433.83922424316404 0.7686941964285714 
217 1872.7580505371093 608.1290466308594 2071.980352783203 803.6620910644531 0.7653227306547619 2105.3259399414064 288.5786468505859 2330.3735229492186 425.0828521728516 0.7570684523809523 
218 1862.679180908203 607.4818237304687 2073.120013427734 806.8467895507813 0.7463727678571429 2101.9453247070314 284.4367919921875 2330.8459350585936 428.4225830078125 0.7543712797619048 
219 1867.5928039550781 613.0778930664062 2067.8081970214844 805.8777954101563 0.7414899553571429 2098.4677612304686 285.8029449462891 2324.6369750976564 422.9874603271484 0.7455124627976191 
220 1856.3318969726563 610.0314300537109 2064.438854980469 803.2736846923829 0.7355143229166666 2097.5988891601564 281.57672119140625 2320.5707885742186 422.792236328125 0.7564871651785714 
221 1861.2838073730468 625.6800079345703 2066.4348205566407 804.7208099365234 0.7243303571428571 2094.8403442382814 282.8053771972656 2314.9113647460936 424.54600219726564 0.7599283854166666 
222 1851.2107727050782 615.5473754882812 2060.9958923339846 806.6016723632813 0.7363746279761905 2085.7781494140627 284.01195831298827 2310.5480224609373 426.36612396240236 0.7464890252976191 
223 1850.816387939453 618.5031616210938 2060.666888427734 802.1224487304687 0.7369791666666666 2078.39453125 283.11706085205077 2314.4765625 425.51566009521486 0.7482096354166666 
224 1854.3315063476562 618.4032775878907 2063.274450683594 801.2283142089843 0.7299107142857143 2069.4452392578123 280.7366485595703 2304.5059326171877 429.98155212402344 0.7650437127976191 
225 1862.63154296875 615.4073120117188 2063.99443359375 805.5834106445312 0.7253999255952381 2067.0063598632814 291.99317626953126 2287.0139038085936 426.23515625 0.7542782738095238 
226 1855.3604797363282 601.7040344238281 2069.0849548339843 807.9293884277344 0.7352818080357143 2055.9614990234377 294.67339477539065 2280.9344970703123 437.1563781738281 0.7699497767857143 
227 1855.3677124023438 579.7500396728516 2054.845666503906 798.0466522216797 0.7688802083333334 2051.6609619140627 298.9174514770508 2281.2487060546873 441.9393905639648 0.7746465773809523 
228 1856.0151000976562 579.7453002929688 2052.078649902344 798.4315795898438 0.7747628348214286 2047.2930908203125 301.31185760498045 2269.7498779296875 444.5890518188477 0.7897135416666666 
229 1844.9323974609374 568.9579681396484 2048.8971923828126 803.1397491455078 0.7823195684523809 2044.10322265625 303.3970428466797 2259.39921875 446.9277862548828 0.7686476934523809 
230 1844.859930419922 578.0174377441406 2045.7605529785155 801.6613952636719 0.7863188244047619 2038.0336791992188 307.2827972412109 2257.8869750976564 451.32468566894534 0.7747628348214286 
231 1836.9906372070313 581.9006713867187 2049.1512084960937 813.0042358398438 0.7881091889880952 2031.8113037109374 311.7455032348633 2247.7604736328126 459.50025482177733 0.7501395089285714 
232 1848.0911804199218 594.5089050292969 2048.9226135253907 818.0760559082031 0.7714146205357143 2024.5838256835937 314.24837799072264 2236.7831176757813 465.81934051513673 0.7513950892857143 
233 1834.5812072753906 592.2066711425781 2046.9682312011719 815.9715515136719 0.7736002604166666 2014.585028076172 320.8880783081055 2234.5571838378905 468.8004898071289 0.7333054315476191 
234 1847.5908935546875 602.1412933349609 2051.6864501953123 821.3549835205079 0.7577659970238095 2005.3143127441406 321.29195098876954 2228.3076354980467 480.0329086303711 0.7580915178571429 
235 1852.0435119628905 605.5145874023438 2051.927557373047 820.4843139648438 0.7654389880952381 1996.0818664550782 321.06404571533204 2229.9087341308596 487.00562591552733 0.7646716889880952 
236 1849.0534118652345 604.7455688476563 2052.445489501953 823.2036499023437 0.7677873883928571 1987.5453735351562 330.65895385742186 2221.069616699219 488.8527038574219 0.7669503348214286 
237 1842.0223571777344 607.3436096191406 2053.8942687988283 822.9990417480469 0.7591843377976191 1982.4456909179687 334.5003189086914 2213.234729003906 493.40425262451174 0.7719494047619048 
238 1840.494366455078 607.1908111572266 2051.960345458984 826.2091522216797 0.7706008184523809 1977.743914794922 340.38933715820315 2208.090679931641 480.1079162597656 0.77490234375 
239 1836.3898620605469 610.1138214111328 2056.1385803222656 826.073861694336 0.7668340773809523 1969.142559814453 337.3222885131836 2200.257708740234 492.6619338989258 0.7696010044642857 
240 1845.1974182128906 610.0277099609375 2050.240203857422 822.6646728515625 0.7610909598214286 1961.446826171875 337.07545471191406 2196.866162109375 485.1619110107422 0.7589983258928571 
241 1849.3746032714844 615.6852416992188 2049.017120361328 823.1567993164062 0.7614164806547619 1956.7237854003906 342.4190246582031 2191.597381591797 491.17222290039064 0.7888997395833334 
242 1845.4707946777344 610.4947723388672 2048.867950439453 821.4250885009766 0.7642299107142857 1951.6603881835938 355.95859985351564 2188.9570434570314 487.79005737304686 0.7668108258928571 
243 1861.3542358398438 617.7721496582031 2052.5446899414064 823.9578308105469 0.7615094866071429 1947.1447875976562 354.4888122558594 2194.5678588867186 493.19557495117186 0.7716006324404762 
244 1861.5215698242187 614.7837432861328 2052.7291625976563 824.7373138427735 0.7640904017857143 1944.868389892578 360.5610610961914 2188.564593505859 499.28040008544923 0.7709030877976191 
245 1861.01123046875 611.6775756835938 2048.53369140625 821.7027954101562 0.7679268973214286 1943.521014404297 359.82039337158204 2191.050885009766 502.33753509521483 0.7739722842261905 
246 1858.546649169922 614.7240539550781 2045.9737365722656 820.8938659667969 0.7662062872023809 1943.897998046875 359.2464889526367 2191.301708984375 505.4396377563477 0.7792038690476191 
247 1852.0759399414062 614.6119384765625 2046.8039428710938 820.5743408203125 0.7776692708333334 1940.2220886230468 358.95926971435546 2194.8664123535154 508.75011138916017 0.7806454613095238 
248 1847.7395324707031 614.5276550292969 2049.9544372558594 820.4873596191406 0.7683919270833334 1942.9419006347657 362.19105072021483 2193.838250732422 508.23518829345704 0.7702985491071429 
249 1859.1496215820312 621.0784759521484 2050.271520996094 823.4429473876953 0.7672526041666666 1948.2245300292968 362.35761108398435 2191.8112365722654 508.50969848632815 0.7770182291666666 
250 1855.3239379882812 616.8634826660157 2054.059851074219 826.8485534667968 0.7659505208333334 1948.6346069335937 361.73740539550784 2188.6175903320313 507.9770111083984 0.7607189360119048 
251 1856.3868713378906 617.6391387939453 2055.002655029297 823.7498382568359 0.7697637648809523 1952.0915161132812 362.6671859741211 2195.676794433594 505.0709426879883 0.7735537574404762 
252 1858.2973999023438 611.0348388671875 2056.550256347656 824.2500732421875 0.7744838169642857 1950.949639892578 363.14698791503906 2194.0897888183595 505.2904510498047 0.7742513020833334 
253 1863.1144897460938 617.0082183837891 2054.2129028320314 826.8418182373047 0.7699730282738095 1951.7460632324219 362.06616668701173 2199.0499572753906 508.20028228759764 0.7875744047619048 
254 1865.414776611328 614.5756042480468 2056.222308349609 824.0896789550782 0.7819707961309523 1951.4652221679687 356.71209411621095 2194.651232910156 506.3649932861328 0.7899228050595238 
255 1872.151220703125 611.6757507324219 2055.69814453125 825.1894836425781 0.7856212797619048 1948.7972045898437 359.69492797851564 2192.2777465820313 509.5291320800781 0.7889462425595238 
256 1874.6464050292968 611.9801727294922 2058.1557189941404 825.4501861572265 0.7849934895833334 1948.8279602050782 359.6188201904297 2188.5137145996096 513.1674346923828 0.7837844122023809 
257 1868.5681030273438 615.21689453125 2055.7341430664064 821.0996337890625 0.7776692708333334 1945.5941467285156 361.2468490600586 2188.910125732422 522.2097244262695 0.7804594494047619 
258 1855.3230285644531 611.4944274902343 2053.9419860839844 821.3560363769532 0.7804361979166666 1948.5787414550782 363.8693603515625 2188.4206481933593 521.26552734375 0.7784598214285714 
259 1858.5546630859376 611.8014953613281 2053.4702392578124 821.7107116699219 0.7825288318452381 1945.6322937011719 360.371809387207 2185.5284729003906 525.3004623413086 0.7752278645833334 
260 1864.8330993652344 615.5010620117188 2055.928497314453 821.5843872070312 0.7873186383928571 1948.9958374023438 364.1659225463867 2185.0546997070314 525.2855850219727 0.7762276785714286 
261 1858.4082946777344 614.7977142333984 2053.382110595703 821.0199737548828 0.7847609747023809 1945.5119934082031 362.8604309082031 2185.4795837402344 527.8382385253906 0.7735305059523809 
262 1853.9493347167968 613.6017944335938 2052.7685607910157 823.6749389648437 0.77978515625 1948.1648498535155 368.6126770019531 2180.745672607422 526.1675354003906 0.7628115699404762 
263 1847.5817260742188 614.3543701171875 2053.8123168945312 820.5849609375 0.7844354538690477 1947.956964111328 372.7906524658203 2184.1845153808595 522.7764862060546 0.7625325520833334 
264 1862.6013549804688 615.6406799316406 2050.206018066406 822.0056823730469 0.7827380952380952 1946.8791809082031 366.84817962646486 2179.5088806152344 528.1881057739258 0.7748558407738095 
265 1859.3667846679687 615.1947174072266 2054.4845336914063 825.3215789794922 0.7883882068452381 1947.8335754394532 373.46224822998045 2176.7219665527346 527.3051162719727 0.7829473586309523 
266 1852.7486389160156 613.0500122070313 2055.2041198730467 823.0038208007812 0.7882719494047619 1941.5753479003906 373.96790924072263 2174.024139404297 531.4333053588867 0.7745070684523809 
267 1859.129833984375 617.6996429443359 2057.585498046875 827.3886749267579 0.7839704241071429 1941.2195739746094 372.7263717651367 2177.119903564453 533.7376480102539 0.7792736235119048 
268 1858.6624816894532 620.3359832763672 2057.2224060058593 830.1351470947266 0.7781110491071429 1938.3458190917968 375.6663528442383 2170.6235412597657 533.0157455444336 0.7760416666666666 
269 1855.5225341796875 611.3293518066406 2050.3473388671873 824.8872009277344 0.7750651041666666 1933.9136352539062 368.6630172729492 2173.6979370117188 537.2613296508789 0.7673921130952381 
270 1848.5940673828125 610.8097564697266 2050.7758056640623 824.2237518310546 0.7758556547619048 1933.9885620117188 376.9471496582031 2169.867150878906 545.4318786621094 0.7634161086309523 
271 1849.0416442871094 610.928353881836 2051.1096008300783 824.2222198486328 0.7783668154761905 1931.0777221679687 373.4554214477539 2170.5655883789063 549.3293380737305 0.7613699776785714 
272 1849.3195922851562 611.3602416992187 2051.2553588867186 820.7751342773438 0.7736932663690477 1930.8704650878906 382.2408172607422 2173.9414245605467 557.999722290039 0.7589518229166666 
273 1852.8121643066406 611.1141967773438 2054.776336669922 824.2986450195312 0.7727864583333334 1931.9291931152343 388.57950286865236 2171.294073486328 560.6231643676758 0.7551385788690477 
274 1856.1468322753906 611.6792205810547 2054.2319519042967 820.9766021728516 0.7765997023809523 1931.9021789550782 388.8694381713867 2171.0991638183596 560.7923355102539 0.7545572916666666 
275 1852.657568359375 617.6478332519531 2050.934228515625 819.6656433105469 0.7740187872023809 1931.3640075683593 391.7447875976562 2170.792364501953 556.3518920898438 0.7438383556547619 
276 1850.5141235351562 614.3719635009766 2048.672399902344 820.0078582763672 0.7743210565476191 1932.4809692382812 391.9113525390625 2168.0275756835936 556.420068359375 0.7406994047619048 
277 1850.1058471679687 613.6984954833985 2051.670275878906 822.7283233642578 0.7710658482142857 1931.9375854492187 392.03502502441404 2170.8287719726563 556.2727752685547 0.7459077380952381 
278 1850.5808044433593 614.06005859375 2052.104132080078 823.047119140625 0.7677408854166666 1932.3958618164063 395.7431274414063 2171.238171386719 556.2153686523437 0.7439313616071429 
279 1846.6343322753905 611.6946624755859 2048.178289794922 820.7032257080078 0.7706938244047619 1930.8980285644532 396.2263916015625 2173.4973571777346 556.71513671875 0.7453729538690477 
280 1846.7166259765625 614.5556762695312 2055.6046630859373 823.4437133789063 0.7651832217261905 1935.5227966308594 396.3423614501953 2170.521759033203 556.7385101318359 0.7491861979166666 
281 1847.0229797363281 614.1752838134765 2052.0911560058594 822.9719940185547 0.7679501488095238 1932.0617126464845 392.75904541015626 2170.686456298828 556.8135864257813 0.7503255208333334 
282 1843.2232727050782 611.7302398681641 2051.9426208496093 820.4495086669922 0.7674851190476191 1931.5276000976562 396.5602279663086 2170.0639526367186 556.8267654418945 0.7509300595238095 
283 1845.8930908203124 612.1680236816406 2047.0522216796876 817.0524353027344 0.7701590401785714 1933.7210510253906 403.2718444824219 2168.4067565917967 556.0039123535156 0.7476981026785714 
284 1847.9740844726562 612.8914154052734 2049.109411621094 817.7514678955079 0.7656017485119048 1929.6316467285155 397.4302062988281 2168.014227294922 557.5934753417969 0.7394903273809523 
285 1852.3331970214845 613.0735870361328 2049.485528564453 817.6656097412109 0.7732979910714286 1930.5931823730468 398.32353515625 2168.6637756347654 554.5574462890625 0.7462797619047619 
286 1846.7421569824219 612.5788269042969 2047.5240783691406 817.0788879394531 0.7751813616071429 1931.1163696289063 397.49621429443357 2169.0801635742187 557.3780838012696 0.7447219122023809 
287 1846.948663330078 612.1615142822266 2047.6229919433595 820.2682342529297 0.7759486607142857 1930.848779296875 394.33548431396486 2172.401220703125 557.8478958129883 0.7470935639880952 
288 1856.2859619140625 612.6027191162109 2049.7079345703123 820.9032012939454 0.7726702008928571 1931.2512817382812 398.2935089111328 2169.3090209960938 554.518930053711 0.7486281622023809 
289 1856.5138793945312 612.4801330566406 2049.905065917969 820.7475280761719 0.7759486607142857 1931.4673095703124 394.91504821777346 2169.4872802734376 554.8346466064453 0.7522786458333334 
290 1860.155010986328 612.9995941162109 2046.0145446777344 821.1623321533203 0.7751116071428571 1931.3535705566405 398.8321365356445 2169.253729248047 554.9542098999024 0.7515578497023809 
291 1863.7468994140625 616.5463317871094 2045.9462158203125 821.0555969238281 0.7741350446428571 1931.6783569335937 401.88306884765626 2169.652941894531 558.0538208007813 0.7510928199404762 
292 1857.6762268066407 615.3690216064454 2051.014569091797 823.5795257568359 0.7669270833333334 1933.0381103515624 401.1524353027344 2167.2748779296876 557.3103332519531 0.7427455357142857 
293 1862.1769104003906 612.7345794677734 2051.667938232422 824.5186553955078 0.7731119791666666 1934.2007141113281 401.0934265136719 2168.2776794433594 564.5758850097657 0.7469075520833334 
294 1858.889825439453 615.4154846191407 2052.0104431152345 823.3915222167968 0.7722284226190477 1930.8815979003907 400.58307495117185 2168.568475341797 563.9928527832031 0.7425827752976191 
295 1862.584893798828 615.7709533691407 2052.0175231933595 823.7755554199218 0.7778552827380952 1931.3006774902344 394.76611328125 2169.0202453613283 561.91259765625 0.7403041294642857 
296 1861.5660095214844 612.8062774658204 2054.730743408203 824.5444915771484 0.7783435639880952 1931.1453979492187 401.2108871459961 2165.171740722656 564.6579177856445 0.7445126488095238 
297 1855.5992248535156 611.6222930908203 2052.3640319824217 826.9497894287109 0.7737862723214286 1930.849658203125 403.86263275146484 2168.452587890625 563.5020217895508 0.7427920386904762 
298 1852.3852600097657 611.3361267089844 2052.973260498047 826.7824035644531 0.7727167038690477 1930.963232421875 400.17591552734376 2168.696923828125 563.6179077148438 0.7470238095238095 
299 1855.8753295898437 614.4079742431641 2052.7482055664063 826.1392059326172 0.7692057291666666 1931.1670227050781 399.53356781005857 2168.9002380371094 566.6898513793946 0.7478841145833334 
