0 1697.7524047851562 1270.57890625 1864.1374877929688 1582.0177734375 0.8846726190476191 1374.9914001464845 1802.387841796875 1665.098809814453 1998.637060546875 0.8500744047619048 
1 1694.2113159179687 1282.1353942871094 1860.7811157226563 1581.106671142578 0.8811848958333334 1373.8850402832031 1802.2138916015624 1668.5852966308594 2007.2228759765626 0.8656994047619048 
2 1682.197772216797 1278.5455444335937 1861.6490295410156 1586.1761352539063 0.8874627976190477 1373.0881225585938 1799.8085205078125 1667.9008911132812 2004.8955810546875 0.87158203125 
3 1671.3587219238282 1276.5770141601563 1855.5342224121093 1593.5304077148437 0.84619140625 1375.1622131347656 1803.4048889160156 1670.699725341797 2008.996112060547 0.8908575148809523 
4 1671.6161315917968 1278.1706420898438 1855.8427307128907 1578.0742309570312 0.8641880580357143 1375.3377014160155 1802.6723999023438 1670.957098388672 2012.6049438476562 0.89990234375 
5 1666.554443359375 1278.164013671875 1866.975341796875 1580.9275390625 0.8848586309523809 1375.9275451660155 1803.4900817871094 1678.691229248047 2016.7038879394531 0.8949730282738095 
6 1668.8493041992188 1276.0949340820312 1874.0674438476562 1575.3713745117188 0.8917875744047619 1371.8751037597656 1799.4997985839843 1671.151385498047 2008.9932434082032 0.8803013392857143 
7 1671.1379821777343 1279.00703125 1875.8516418457032 1569.018115234375 0.8970424107142857 1374.8935485839843 1800.1412475585937 1673.4344543457032 2009.1197387695313 0.8776506696428571 
8 1668.1582275390624 1275.00703125 1868.5143798828126 1573.409716796875 0.8893229166666666 1375.3300842285157 1803.4420532226563 1669.4698425292968 2012.3240600585937 0.9044596354166666 
9 1668.8795593261718 1277.2952453613282 1864.3415100097657 1566.2388122558593 0.9035528273809523 1376.9943420410157 1803.048358154297 1665.9379089355468 2011.2576721191406 0.8873232886904762 
10 1668.8687805175782 1271.9043823242187 1855.4824157714843 1560.3072875976563 0.8999488467261905 1377.040234375 1799.9362060546875 1661.201953125 2007.7559326171875 0.8643740699404762 
11 1672.9127075195313 1272.6580078125 1847.8055541992187 1566.98994140625 0.8887881324404762 1370.869677734375 1797.6648315429688 1660.935986328125 2006.6833129882812 0.8556547619047619 
12 1668.8851318359375 1281.397149658203 1839.1038818359375 1562.2582458496095 0.8743489583333334 1372.638897705078 1803.6742248535156 1670.5218688964844 2012.1923522949219 0.8915085565476191 
13 1667.7741821289062 1284.049853515625 1839.2729370117188 1567.02265625 0.8782784598214286 1373.09345703125 1803.657763671875 1668.928515625 2013.743603515625 0.9187825520833334 
14 1658.5076171875 1286.7516723632812 1843.288525390625 1574.6658081054688 0.85498046875 1377.865704345703 1801.4272827148438 1674.3744079589844 2011.9914184570312 0.9029482886904762 
15 1659.875665283203 1287.2658142089845 1831.8617614746095 1562.443536376953 0.8478190104166666 1374.775616455078 1801.2396301269532 1667.1519958496094 2007.6230407714843 0.8990420386904762 
16 1662.08876953125 1288.5202331542969 1834.943701171875 1569.4095764160156 0.8699311755952381 1378.87265625 1802.2650817871095 1672.7259765625 2009.691094970703 0.8801153273809523 
17 1658.8669067382812 1286.9764526367187 1840.6958374023438 1572.7076293945313 0.8754417782738095 1379.4631103515626 1801.6587707519532 1673.8528076171874 2013.7925231933593 0.9035760788690477 
18 1661.6746337890625 1287.2198059082032 1836.1171142578125 1566.3276794433593 0.8620721726190477 1379.7153381347657 1797.967138671875 1671.9063659667968 2011.65908203125 0.8938337053571429 
19 1655.9642517089844 1283.1623168945312 1838.992413330078 1570.7781127929688 0.8498418898809523 1378.0697692871095 1797.8872192382812 1674.401055908203 2011.4201538085938 0.8929734002976191 
20 1649.8610046386718 1279.6477172851562 1842.5934631347657 1568.7463256835938 0.8603980654761905 1374.9141052246093 1796.5209899902343 1672.7732727050782 2015.5352844238282 0.88818359375 
21 1652.4955078125 1284.0364135742188 1844.57431640625 1567.7890258789062 0.8576311383928571 1378.984814453125 1799.156689453125 1671.468310546875 2013.062548828125 0.8756045386904762 
22 1647.484197998047 1284.0399169921875 1847.8167053222655 1580.1834716796875 0.8508417038690477 1378.9785888671875 1799.9461242675782 1670.7670166015625 2008.9885681152343 0.8767438616071429 
23 1647.4621704101562 1282.5590454101562 1856.7643920898438 1574.7102416992188 0.8756510416666666 1380.13212890625 1802.4606506347657 1667.922802734375 2007.4025085449218 0.8736049107142857 
24 1639.848095703125 1289.4787475585938 1864.72587890625 1566.2514770507812 0.9089006696428571 1379.54208984375 1802.6059204101562 1669.2884765625 2014.5100463867188 0.8853236607142857 
25 1641.9972717285157 1285.3880554199218 1867.1532409667968 1575.4929260253907 0.9084821428571429 1381.8687377929687 1800.6489318847657 1667.6437133789063 2012.8150573730468 0.8633975074404762 
26 1640.6244750976562 1284.14345703125 1869.2451538085938 1568.84091796875 0.9156901041666666 1377.660821533203 1803.6002258300782 1670.9855407714845 2014.9665466308593 0.8807663690476191 
27 1639.9817749023437 1285.9754333496094 1868.3326782226563 1561.7200012207031 0.9043898809523809 1377.8255920410156 1804.8193359375 1666.4955749511719 2007.319091796875 0.8484468005952381 
28 1642.4745300292968 1280.99599609375 1870.9093811035157 1556.841650390625 0.9019949776785714 1380.2222961425782 1802.3508911132812 1668.9982849121093 2013.5453491210938 0.8804640997023809 
29 1644.7997985839843 1282.0997985839845 1868.8065246582032 1562.108087158203 0.8710704985119048 1382.188427734375 1804.671563720703 1670.812548828125 2007.1391052246095 0.8498186383928571 
30 1647.790301513672 1277.3678283691406 1867.6475646972656 1548.9562683105469 0.8798595610119048 1379.6837829589845 1801.642919921875 1681.448663330078 2012.8783203125 0.8898344494047619 
31 1646.8982543945312 1274.7811218261718 1866.6683959960938 1546.2619689941407 0.8904622395833334 1382.7099304199219 1802.6605346679687 1680.0460510253906 2009.5030395507813 0.8706984747023809 
32 1648.0865539550782 1269.3259521484374 1867.6096130371093 1549.1103271484376 0.9000418526785714 1382.37421875 1804.227276611328 1666.462939453125 2010.8372985839844 0.8797898065476191 
33 1649.4629455566405 1268.5424194335938 1869.408758544922 1544.5527954101562 0.8993210565476191 1382.7413330078125 1808.2886657714844 1671.6898193359375 2006.6711730957031 0.8658389136904762 
34 1648.2777709960938 1271.924609375 1873.4910278320312 1544.779248046875 0.9043666294642857 1379.920849609375 1798.1441772460937 1678.7615234375 2014.6954223632813 0.8818591889880952 
35 1650.9871032714843 1265.0314392089845 1870.2622863769532 1550.089288330078 0.8893461681547619 1381.6158935546875 1802.7617919921875 1684.2156494140625 2017.6515380859375 0.8720470610119048 
36 1652.2965393066406 1258.8501098632812 1872.7196960449219 1554.2170288085938 0.8996930803571429 1379.6502990722656 1808.7208740234375 1670.6086120605469 2011.5100830078125 0.8427966889880952 
37 1655.9104858398437 1263.8727172851563 1872.3531860351563 1549.5772338867187 0.9057384672619048 1380.0291809082032 1797.9869018554687 1678.7202087402343 2014.4296020507813 0.8726748511904762 
38 1656.5054809570313 1263.5089599609375 1870.9124877929687 1546.5261962890625 0.9062034970238095 1380.41513671875 1802.9900146484374 1672.00869140625 2013.1088623046876 0.8746279761904762 
39 1659.9584838867188 1260.684814453125 1875.3335083007812 1549.287353515625 0.9012044270833334 1383.11865234375 1799.7851989746093 1671.72119140625 2010.8528625488282 0.8576543898809523 
40 1656.432196044922 1250.3660766601563 1888.5981994628905 1540.5736206054687 0.9212704613095238 1377.386541748047 1797.810809326172 1676.5234924316405 2016.5826232910156 0.8724190848214286 
41 1664.6729675292968 1251.2353393554688 1887.6450256347657 1556.1154907226562 0.9155040922619048 1376.2444152832031 1792.7388854980468 1672.0237731933594 2015.7109436035157 0.8411923363095238 
42 1667.3336975097657 1245.040576171875 1884.3456237792968 1559.01533203125 0.8936941964285714 1380.7074890136719 1790.9446350097655 1680.8302307128906 2021.808416748047 0.8516090029761905 
43 1667.3515869140624 1241.7688598632812 1894.8344482421876 1562.1017456054688 0.8981119791666666 1385.4087036132812 1799.4050842285155 1673.2441284179688 2022.245428466797 0.8573753720238095 
44 1669.3020874023437 1242.19599609375 1897.0087036132813 1562.84404296875 0.8987397693452381 1383.5070007324218 1800.9173461914063 1671.6256896972657 2019.3297241210937 0.8588634672619048 
45 1672.5308471679687 1242.2279724121095 1904.3348754882813 1557.481622314453 0.9039481026785714 1380.8144226074219 1799.092791748047 1668.2513732910156 2016.9886291503906 0.8277064732142857 
46 1670.57333984375 1238.1472900390625 1903.305078125 1563.9718505859375 0.9088309151785714 1385.3873352050782 1802.4325622558595 1669.3200622558593 2016.545831298828 0.8561197916666666 
47 1672.8969360351562 1235.9444091796875 1901.0764526367188 1561.9149658203125 0.9079008556547619 1381.8517639160157 1795.8257385253905 1679.8820007324218 2019.348455810547 0.8561430431547619 
48 1675.2283996582032 1233.7724487304688 1904.0856872558593 1574.7231567382812 0.9039713541666666 1380.26484375 1798.0116333007813 1674.509814453125 2012.8572631835937 0.8173363095238095 
49 1671.2680358886719 1235.8962768554688 1911.9481506347656 1564.5172973632812 0.8975539434523809 1383.5910705566407 1792.3802001953125 1679.8128601074218 2019.1749755859375 0.8572823660714286 
50 1672.2482971191407 1237.0703674316405 1915.0862976074218 1553.218084716797 0.9222470238095238 1385.00146484375 1793.41279296875 1673.657958984375 2022.505419921875 0.8424944196428571 
51 1668.7784240722656 1236.5097961425781 1909.799090576172 1540.0174255371094 0.9338030133928571 1384.4975646972657 1800.0931396484375 1679.0784851074218 2009.8704833984375 0.8666527157738095 
52 1673.2154052734375 1231.3938598632812 1908.3383056640625 1558.7218627929688 0.9017857142857143 1389.684912109375 1795.79521484375 1684.74111328125 2026.3078125 0.8894159226190477 
53 1674.4564819335938 1226.8808227539062 1910.0449829101562 1568.7151245117188 0.9045293898809523 1382.724627685547 1798.6183532714845 1682.9844787597656 2020.348809814453 0.8472377232142857 
54 1671.9586608886718 1224.0987609863282 1907.5251037597657 1549.6086364746093 0.92919921875 1391.5852172851562 1804.1191467285157 1687.1140014648438 2013.9874206542968 0.8800920758928571 
55 1676.903009033203 1215.0286071777343 1920.1637634277345 1552.8907043457032 0.9131324404761905 1390.4999145507813 1800.8296142578124 1683.3138061523437 2017.0612548828126 0.8705822172619048 
56 1667.3505981445312 1203.6466552734375 1907.2612182617188 1520.6714599609375 0.9332449776785714 1390.2009643554688 1803.5881713867188 1690.0893188476562 2004.9418579101562 0.8534226190476191 
57 1662.7995544433593 1184.455548095703 1907.9217590332032 1508.3670837402344 0.9087146577380952 1389.2256103515624 1791.2004943847655 1700.0055908203126 1992.550848388672 0.8240792410714286 
58 1660.705029296875 1173.6210205078125 1900.76640625 1496.6126220703125 0.8920665922619048 1402.3452880859375 1782.0002319335938 1699.1483642578125 1982.7788208007812 0.8135230654761905 
59 1659.8146728515626 1161.2732177734374 1888.1601806640624 1503.7914794921876 0.8534458705357143 1404.4190307617187 1754.0932373046876 1714.9689086914063 1982.4387451171874 0.8172200520833334 
60 1654.278338623047 1151.6406005859376 1873.0945861816406 1477.6321044921874 0.8424246651785714 1408.8400634765626 1733.2041015625 1730.3659912109374 1960.95166015625 0.8688616071428571 
61 1648.0221069335937 1122.1679077148438 1873.8091918945313 1546.3738403320312 0.7757161458333334 1403.0247924804687 1732.4244873046875 1745.1263305664063 1930.8433349609375 0.8067103794642857 
62 1644.4730895996095 1120.5067199707032 1866.898614501953 1452.0468688964843 0.8437034970238095 1431.7322021484374 1705.463525390625 1763.2721923828126 1919.495703125 0.8929268973214286 
63 1652.6088806152343 1105.9966918945313 1860.3878234863282 1436.7467163085937 0.8606305803571429 1442.2205505371094 1683.5045959472657 1777.2109680175781 1899.7643249511718 0.8993908110119048 
64 1654.1342468261719 1102.5851013183594 1845.7596740722656 1423.446270751953 0.8648623511904762 1454.9673645019532 1660.49248046875 1798.1103942871093 1869.9435546875 0.8758603050595238 
65 1650.8279968261718 1091.887890625 1845.6069396972657 1422.16533203125 0.8713262648809523 1465.3319458007813 1623.4586364746094 1799.8435913085937 1835.175030517578 0.8734654017857143 
66 1650.750555419922 1089.1993774414063 1836.4675842285155 1432.3723999023437 0.8743954613095238 1488.9468383789062 1575.231640625 1811.9330444335938 1797.284716796875 0.8766741071428571 
67 1651.27451171875 1083.880126953125 1839.38857421875 1416.08154296875 0.8770228794642857 1501.0296508789063 1540.77255859375 1817.2213256835937 1728.88662109375 0.8762555803571429 
68 1648.6116577148437 1078.2456420898438 1838.3465942382813 1409.2724243164062 0.8676060267857143 1502.3511962890625 1483.64482421875 1829.3411865234375 1665.305859375 0.8387044270833334 
69 1653.285626220703 1067.7411865234376 1844.3216735839844 1394.0945068359374 0.8634440104166666 1517.0500061035157 1420.1170471191406 1827.4835632324218 1611.153094482422 0.8319149925595238 
70 1649.8359252929688 1059.8339782714843 1846.0219848632812 1358.2003234863282 0.8467494419642857 1528.4772155761718 1352.3839965820312 1822.7563049316407 1540.3955444335938 0.8181733630952381 
71 1621.3057006835938 1039.0648681640625 1882.0766235351562 1347.8726318359375 0.7713448660714286 1528.9273559570313 1346.2889038085937 1858.3221557617187 1462.9496215820313 0.7247256324404762 
72 1625.721453857422 1025.597589111328 1874.6255920410156 1286.7428649902345 0.8292875744047619 1546.1536560058594 1266.0270202636718 1831.7815246582031 1429.2428771972657 0.8234979538690477 
73 1613.7406372070313 1001.5327575683593 1868.2178588867187 1247.9314758300782 0.8415178571428571 1548.8007446289062 1219.8114868164062 1827.5139526367188 1405.6203979492188 0.8375418526785714 
74 1589.172509765625 975.3628875732422 1867.369970703125 1218.295864868164 0.8397972470238095 1562.498028564453 1172.78369140625 1836.7772399902344 1376.533935546875 0.8627232142857143 
75 1586.192578125 956.0614166259766 1837.819384765625 1184.0981903076172 0.8597702752976191 1560.93916015625 1147.2010864257813 1847.9509765625 1343.7845092773437 0.8562360491071429 
76 1583.1414978027344 929.712124633789 1825.964581298828 1160.7856170654297 0.8473539806547619 1558.7386840820313 1110.624285888672 1856.3926635742187 1314.2823303222656 0.8518415178571429 
77 1574.3677795410156 876.6696594238281 1811.224383544922 1130.1476013183594 0.8227306547619048 1566.3767150878907 1076.4473449707032 1844.7869812011718 1288.3716247558593 0.8177315848214286 
78 1565.6742431640625 869.1242126464844 1805.1814697265625 1104.571954345703 0.81298828125 1556.9307922363282 1053.5166564941405 1845.1513610839843 1260.548162841797 0.84228515625 
79 1567.0384582519532 857.5436492919922 1797.0288024902343 1091.5689605712892 0.8224516369047619 1558.813458251953 1038.6493408203125 1833.1878845214844 1236.3604248046875 0.8460518973214286 
80 1571.5090087890626 863.292269897461 1812.4609619140624 1058.5464141845703 0.8158947172619048 1554.8916381835938 1019.8791320800781 1829.0783325195312 1215.1331970214844 0.8160109747023809 
81 1560.6612915039063 841.5086791992187 1791.5982299804687 1060.2911254882813 0.8057803199404762 1553.337353515625 1002.7905517578125 1820.7380859375 1201.3154052734376 0.8362397693452381 
82 1559.0948547363282 839.3474395751953 1783.3723083496093 1047.3138763427735 0.7968517485119048 1550.3119873046876 990.8523681640625 1823.5227294921874 1190.6632568359375 0.8213123139880952 
83 1568.8129028320313 831.3306945800781 1782.4683471679687 1036.9238220214843 0.7964332217261905 1539.6639526367187 983.2773498535156 1817.8192016601563 1188.8704772949218 0.8388439360119048 
84 1556.7472717285157 834.5515625 1778.0978210449218 1036.820263671875 0.80224609375 1532.0874755859375 990.5832214355469 1814.5004150390625 1189.0355529785156 0.8561197916666666 
85 1549.2853515625 817.2746612548829 1774.25517578125 1042.244564819336 0.7860863095238095 1521.2740356445313 986.662060546875 1811.0658081054687 1192.56669921875 0.8494001116071429 
86 1559.166015625 829.4329650878906 1775.091064453125 1037.506121826172 0.7652297247023809 1507.3741760253906 993.4151763916016 1805.7433776855469 1193.6365203857422 0.8538411458333334 
87 1557.4015563964845 799.063916015625 1767.192071533203 1043.819384765625 0.8314034598214286 1496.2873901367188 992.2683288574219 1795.4330688476562 1194.2886779785156 0.8830682663690477 
88 1562.2456848144532 805.5995910644531 1763.3662536621093 1041.5294372558594 0.8468191964285714 1484.2966674804688 994.0757110595703 1793.7128540039062 1195.1962005615235 0.8538178943452381 
89 1561.1299621582032 799.1371612548828 1762.4726989746093 1043.0716400146484 0.8456798735119048 1472.0745910644532 992.8848297119141 1774.0886169433593 1209.7154510498046 0.8712332589285714 
90 1562.818182373047 786.2527679443359 1761.7319885253905 1047.5707794189452 0.8235444568452381 1460.2110961914063 1000.7675354003907 1768.3323608398437 1223.0829284667968 0.8848818824404762 
91 1565.422998046875 781.9407348632812 1754.11533203125 1047.6504516601562 0.7661365327380952 1451.3781005859375 1015.8066955566406 1755.5965087890625 1231.455145263672 0.8767671130952381 
92 1561.6528686523438 791.7076751708985 1749.4098754882812 1054.5675323486328 0.7237258184523809 1450.4428771972657 1021.0601196289062 1750.8541198730468 1223.8375854492188 0.8675595238095238 
93 1565.8236083984375 803.6781219482422 1750.7593994140625 1052.775308227539 0.7015904017857143 1448.2428344726563 1038.6945861816407 1746.4046264648437 1238.7271667480468 0.8864629836309523 
94 1572.0196655273437 798.5286499023438 1747.4761840820313 1004.4993041992187 0.4682733444940476 1446.4421997070312 1058.0458251953125 1743.9552612304688 1252.5735595703125 0.8920665922619048 
95 1619.6239074707032 811.2541534423829 1906.0068298339843 912.9954193115234 0.26712472098214285 1437.7359619140625 1080.390362548828 1742.9598388671875 1261.2638122558594 0.8750232514880952 
96 1579.6809997558594 804.687451171875 1761.9531555175781 1024.9330322265625 0.6036086309523809 1427.057275390625 1109.2046508789062 1742.236181640625 1272.4901733398438 0.8519577752976191 
97 1601.7754333496093 809.4723480224609 1794.7871887207032 1044.1140167236329 0.48482840401785715 1426.8130249023438 1135.9620483398437 1748.4992309570312 1291.1282836914063 0.8273344494047619 
98 1585.5988708496093 834.1227478027344 1794.9964660644532 1032.0986877441405 0.5902739025297619 1438.1418823242188 1152.3193298339843 1757.9491821289062 1308.4156555175782 0.8240559895833334 
99 1573.0250427246094 818.6900207519532 1790.565411376953 1036.2303894042968 0.7155180431547619 1428.5459350585938 1199.9832092285155 1758.7411743164062 1324.292059326172 0.8416108630952381 
100 1584.8173217773438 836.2041687011719 1796.7322387695312 1004.1366516113281 0.7641834077380952 1442.2592651367188 1206.8244873046874 1770.1274536132812 1334.7729248046876 0.8382626488095238 
101 1595.6516662597655 826.0537567138672 1825.274481201172 982.9626617431641 0.7018926711309523 1438.3013305664062 1213.4685913085937 1755.9459838867188 1355.0692504882813 0.8236142113095238 
102 1604.1199340820312 820.9698791503906 1832.2753295898438 988.2837829589844 0.7233537946428571 1450.2613159179687 1219.6567993164062 1769.6788696289063 1379.3654174804688 0.8440057663690477 
103 1589.2463989257812 812.8912170410156 1825.4252319335938 984.3114196777344 0.8112444196428571 1464.8568481445313 1230.7462219238282 1788.6504760742187 1386.9291931152343 0.8651413690476191 
104 1602.724139404297 816.5347900390625 1820.6580627441406 939.8935546875 0.7816917782738095 1482.054022216797 1240.6990966796875 1786.3389221191405 1388.7296142578125 0.8235444568452381 
105 1579.2012634277344 802.244741821289 1813.1528625488281 932.2178436279297 0.7687406994047619 1504.2167724609376 1241.725244140625 1793.8711181640624 1375.411962890625 0.8288225446428571 
106 1578.1016906738282 789.9013214111328 1816.0932556152343 925.3733978271484 0.7975260416666666 1517.1251831054688 1228.284375 1795.3921508789062 1396.70927734375 0.8506556919642857 
107 1579.9068542480468 775.7540222167969 1814.3459533691407 909.7192443847656 0.7742513020833334 1535.9673950195313 1239.4798522949218 1803.8978393554687 1373.4450744628907 0.8133835565476191 
108 1645.4468139648438 262.5179916381836 1730.9716430664062 453.3040603637695 0.2025146484375 1567.2599548339845 1249.8485534667968 1804.097833251953 1348.5309631347657 0.6982421875 
109 1544.2163452148438 733.7168365478516 1775.4008422851562 867.9530242919922 0.7791573660714286 1570.317852783203 1223.7650390625 1823.8751403808594 1361.730078125 0.8191266741071429 
110 1528.121844482422 720.1053985595703 1771.0560119628906 854.6535736083985 0.7900855654761905 1590.0772583007813 1205.542626953125 1844.2237670898437 1343.82822265625 0.8231491815476191 
111 1517.9653381347657 712.8589019775391 1769.1155944824218 834.7406463623047 0.7646251860119048 1605.6121765136718 1195.4138732910155 1860.4558166503907 1320.989080810547 0.8238467261904762 
112 1506.1018310546874 704.6033203125 1756.1125244140626 820.550244140625 0.7762974330357143 1631.9433959960938 1183.1631469726562 1878.3305297851562 1306.3568725585938 0.8501441592261905 
113 1496.4809936523438 703.2428131103516 1745.6801391601562 799.7069549560547 0.7453264508928571 1659.5735229492188 1159.7472229003906 1888.6759887695312 1292.3854675292969 0.8035946800595238 
114 1491.7923706054687 686.3026275634766 1729.7352172851563 789.4111785888672 0.7360491071428571 1682.299267578125 1119.1756896972656 1908.34501953125 1277.8044128417969 0.8259626116071429 
115 1491.4889831542969 669.498892211914 1715.8048400878906 771.8184295654297 0.7169363839285714 1699.9119750976563 1096.0320922851563 1928.1632202148437 1253.4466674804687 0.8546549479166666 
116 1494.9869689941406 649.3176239013671 1711.0302429199219 761.3400299072266 0.7137276785714286 1719.185723876953 1076.4801513671875 1939.2299255371095 1220.5091064453125 0.8290318080357143 
117 1496.5355346679687 615.7439483642578 1716.7462036132813 716.1909271240235 0.4597284226190476 1729.2278564453125 1050.6673706054687 1941.7118408203125 1193.6111938476563 0.8268229166666666 
118 1470.3052307128905 599.5901153564453 1723.471502685547 726.1732513427735 0.6823614211309523 1743.805029296875 1024.1590637207032 1959.740869140625 1169.3574157714843 0.8353562127976191 
119 1479.7905883789062 614.4650299072266 1718.7623901367188 722.7491424560546 0.7075660342261905 1759.4046936035156 999.2038543701171 1964.7712097167969 1133.625552368164 0.8368675595238095 
120 1475.8299194335937 597.8857696533203 1719.1993774414063 715.767855834961 0.6936848958333334 1769.3651306152344 973.4704162597657 1978.510723876953 1106.5631530761718 0.8058733258928571 
121 1482.1671936035157 567.0295440673829 1714.0358093261718 692.4666107177734 0.6735723586309523 1774.7075561523438 945.8260803222656 1979.9682250976562 1082.6664733886719 0.8180338541666666 
122 1483.4921630859376 543.6905548095704 1709.7461181640624 690.7556732177734 0.6991489955357143 1779.5078552246093 931.658251953125 1979.3655578613282 1059.86884765625 0.7919224330357143 
123 1489.1623291015626 567.1752319335938 1716.0796142578124 673.0700073242188 0.6545061383928571 1780.2274841308595 904.9330505371094 1980.671075439453 1033.5195861816405 0.80126953125 
124 1500.7334350585938 526.6109985351562 1709.7614379882812 693.8333374023438 0.6248837425595238 1780.2169006347656 895.2602355957031 1974.042742919922 1009.2754089355469 0.7916201636904762 
125 1507.3902404785156 519.9043548583984 1706.478289794922 676.8776885986329 0.6501813616071429 1785.1121398925782 868.0140258789063 1976.5430114746093 994.3584106445312 0.8013392857142857 
126 1510.1383178710937 521.1336669921875 1712.8580200195313 674.129638671875 0.6791294642857143 1777.4398986816407 843.1608520507813 1983.9845397949218 984.6821655273437 0.7876441592261905 
127 1512.837823486328 514.9641876220703 1715.2545837402345 663.9123382568359 0.6796642485119048 1772.9829650878905 833.57216796875 1986.857244873047 971.0627197265625 0.7924339657738095 
128 1511.90341796875 503.9712738037109 1717.997216796875 652.8167510986328 0.6884533110119048 1776.1261962890626 819.4239807128906 1982.2199951171874 956.8197937011719 0.7736700148809523 
129 1512.0263061523438 542.4802062988281 1726.7405395507812 640.4199401855469 0.6776181175595238 1779.042626953125 813.4083038330078 1989.98984375 949.0171722412109 0.7712518601190477 
130 1510.2893371582031 507.99266357421874 1728.0433044433594 635.6414916992187 0.7112165178571429 1776.8501953125 794.624951171875 1987.095361328125 941.045703125 0.7742513020833334 
131 1519.7174865722657 494.83511505126955 1728.8202331542968 621.7903427124023 0.7021716889880952 1774.4897033691407 785.6546173095703 1991.0604675292968 931.2797698974609 0.77880859375 
132 1530.513165283203 521.1152191162109 1747.9776794433594 633.5968780517578 0.7125651041666666 1778.9823059082032 753.57724609375 1992.6972595214843 926.0490966796875 0.7634626116071429 
133 1533.8276733398438 517.3459991455078 1749.1049438476562 617.5612884521485 0.7127046130952381 1785.9361755371094 755.6070922851562 1993.790020751953 918.9208618164063 0.7639508928571429 
134 1539.721484375 506.7333465576172 1761.452099609375 621.2941802978515 0.7107747395833334 1791.1582885742187 751.3476776123047 2001.8024047851563 913.9501129150391 0.78271484375 
135 1541.9030822753907 502.4822265625 1765.0760437011718 625.227490234375 0.7061709449404762 1801.9854553222656 743.3947662353515 2002.841326904297 910.7746063232422 0.7857142857142857 
136 1551.2765319824218 499.3660461425781 1766.5590393066407 627.0759704589843 0.7039155505952381 1801.503839111328 745.3830657958985 2013.1373962402345 905.9326690673828 0.7777390252976191 
137 1552.5294311523437 495.65092010498046 1780.1414672851563 627.8127334594726 0.7093331473214286 1806.4043823242187 743.1719635009765 2011.9894165039063 908.3742401123047 0.7798316592261905 
138 1566.0369995117187 495.95040130615234 1790.8560668945313 633.7427444458008 0.7105887276785714 1811.2181701660156 744.8970825195313 2014.2804870605469 900.8199584960937 0.7906901041666666 
139 1572.712255859375 492.01230773925784 1796.030419921875 632.4866546630859 0.7210751488095238 1816.6721496582031 738.8814086914062 2014.7769470214844 900.9672241210938 0.7915969122023809 
140 1574.8200378417969 487.2541870117187 1811.1488342285156 638.9279418945313 0.7121000744047619 1821.1879821777343 738.3704833984375 2015.1893371582032 900.6260986328125 0.8071521577380952 
141 1604.6597534179687 480.74009399414064 1813.1964477539063 626.7157165527344 0.7021716889880952 1823.2221740722657 738.0689086914062 2014.3807312011718 901.4226684570312 0.8115466889880952 
142 1603.4553100585938 477.8217483520508 1835.4675415039062 634.7712387084961 0.7220052083333334 1827.5938842773437 733.8489074707031 2005.0150024414063 901.0342712402344 0.8099190848214286 
143 1609.795849609375 473.06350860595705 1840.96416015625 607.0741561889648 0.7299572172619048 1825.1148376464844 726.1374816894531 1999.3286437988281 900.3512878417969 0.7995024181547619 
144 1615.3168395996095 463.10071868896483 1849.561700439453 601.6681106567382 0.7238653273809523 1825.959490966797 719.5518798828125 1994.2198303222656 901.0091552734375 0.7972935267857143 
145 1618.5478820800781 477.83903045654296 1861.8892517089844 588.1537979125976 0.7194242931547619 1830.442071533203 713.0689575195313 1989.4249938964845 904.4974487304687 0.8136858258928571 
146 1635.80390625 473.82886962890626 1871.20927734375 578.4534790039063 0.7254929315476191 1839.01708984375 720.5518676757813 1969.7978515625 910.1839721679687 0.7786690848214286 
147 1651.6522033691406 473.9408294677734 1880.755145263672 581.9464385986328 0.7216796875 1844.249658203125 723.4364074707031 1975.165625 916.5373474121094 0.8059198288690477 
148 1649.2284606933595 467.5380340576172 1891.823663330078 572.4440826416015 0.7049153645833334 1850.2143005371095 732.9553833007812 1968.233575439453 919.8192749023438 0.79638671875 
149 1661.0985595703125 465.5380828857422 1900.4058349609375 583.5526763916016 0.7091471354166666 1859.9328979492188 740.7793426513672 1971.3910766601562 921.0793609619141 0.8016648065476191 
150 1665.7842102050781 468.7038009643555 1898.5503845214844 576.8908340454102 0.7064499627976191 1868.5404724121095 751.9067504882812 1983.284356689453 919.1049682617188 0.8085704985119048 
151 1684.0209045410156 459.83333892822264 1900.1149597167969 594.0736129760742 0.6809895833333334 1885.3813110351562 755.7664337158203 1993.4282592773438 922.7482757568359 0.8055943080357143 
152 1695.5662353515625 453.35582275390624 1908.0470458984375 577.5753295898437 0.6701078869047619 1899.497576904297 757.7439788818359 2000.8345764160156 924.4596954345703 0.8009207589285714 
153 1714.6135681152343 458.3456558227539 1902.2139465332032 583.412614440918 0.6567615327380952 1911.8345642089844 763.0380401611328 2013.8628234863281 924.3085784912109 0.8160342261904762 
154 1719.3873474121094 452.3777359008789 1908.515606689453 579.550212097168 0.6540411086309523 1921.5589599609375 757.7672332763672 2032.4271240234375 933.8520904541016 0.8203125 
155 1708.7777038574218 455.24972381591795 1912.4021057128907 586.6203018188477 0.7070777529761905 1930.8444702148438 761.4443115234375 2049.0781372070314 932.2260986328125 0.8287062872023809 
156 1704.0511901855468 456.3634826660156 1924.7450744628907 594.7089050292968 0.6901274181547619 1943.4952880859375 767.8940277099609 2065.3709228515627 929.2970733642578 0.8268229166666666 
157 1710.0647583007812 454.8586181640625 1924.0712280273438 599.72451171875 0.6974981398809523 1952.943096923828 765.104605102539 2081.346820068359 942.8946014404297 0.82177734375 
158 1714.7894226074218 463.0232208251953 1932.4929260253907 591.6661712646485 0.6657598586309523 1965.7320434570313 767.6304107666016 2097.673474121094 939.1543182373047 0.8240094866071429 
159 1718.3174926757813 464.67149047851564 1934.2638061523437 590.9170104980469 0.6935686383928571 1976.558575439453 777.3463836669922 2102.804095458984 940.1367095947265 0.8134998139880952 
160 1725.8820007324218 461.58982849121094 1930.1767150878907 595.5535430908203 0.6852911086309523 1981.3147521972655 780.1400604248047 2115.278387451172 944.2456207275391 0.8091517857142857 
161 1736.2581665039063 460.21832885742185 1938.4586303710937 591.6486145019531 0.6859188988095238 1986.1570922851563 776.9990081787109 2134.437390136719 948.8693389892578 0.8174293154761905 
162 1739.276385498047 456.2764297485352 1942.6329162597656 588.4581588745117 0.6875 1991.3863159179687 778.2575988769531 2133.7359985351563 944.3321228027344 0.8186848958333334 
163 1742.941632080078 456.71679229736327 1963.6466247558594 582.3488510131835 0.6528087797619048 2000.474346923828 775.4983856201172 2139.688128662109 945.271450805664 0.8249162946428571 
164 1751.7076110839844 467.19840240478516 1968.7395324707031 582.4966354370117 0.6632021949404762 2003.302960205078 776.9646728515625 2142.339007568359 943.1298095703125 0.8222423735119048 
165 1766.9959350585937 467.0328002929688 1977.9447387695313 582.7143920898437 0.6223725818452381 2002.1541442871094 768.7994750976562 2148.457305908203 945.7242065429688 0.8332403273809523 
166 1779.3560913085937 471.2324020385742 2003.3213989257813 583.2150161743164 0.5885881696428571 2002.799249267578 775.2038604736329 2145.3226989746095 944.8745697021484 0.8382161458333334 
167 1788.1028381347655 470.1080749511719 2007.740789794922 598.5117980957032 0.6195359002976191 2002.0223510742187 771.3628845214844 2147.321154785156 947.0731506347656 0.8321940104166666 
168 1785.7327880859375 468.3623550415039 2021.1610107421875 606.256022644043 0.6364862351190477 2000.5933227539062 771.9613098144531 2145.2135620117188 946.8508239746094 0.8290783110119048 
169 1800.3304809570313 468.8870681762695 2028.4522338867187 603.0764022827149 0.6720842633928571 1998.0016052246094 770.9420349121094 2145.6098449707033 948.7429016113281 0.8230794270833334 
170 1807.9906066894532 473.3859634399414 2021.2453552246093 593.3417892456055 0.7123558407738095 1997.279852294922 774.0444519042969 2147.2246643066405 953.9781311035156 0.8181036086309523 
171 1807.1176208496095 473.17626495361327 2026.007501220703 605.836766052246 0.68017578125 1995.9036682128906 773.9584930419921 2148.4633972167967 953.0502349853516 0.8187779017857143 
172 1814.4505432128906 485.0675476074219 2029.452166748047 610.7608215332032 0.7096354166666666 1997.2655456542968 771.1851684570313 2149.4206115722654 953.1096313476562 0.8273344494047619 
173 1804.4105102539063 483.55762939453126 2035.2960327148437 612.1938354492188 0.6656436011904762 1998.7603759765625 771.4033752441406 2150.4852294921875 956.1117614746094 0.826171875 
174 1807.0745788574218 483.8494110107422 2024.2639221191407 618.7700347900391 0.7019159226190477 1999.4567077636718 777.9915435791015 2150.8310119628904 952.4010955810547 0.8140578497023809 
175 1811.5874877929687 494.3236343383789 2041.6839965820313 625.8074386596679 0.6868257068452381 2000.2160705566407 777.6458312988282 2151.422479248047 951.8618591308593 0.8115699404761905 
176 1815.333203125 498.09608764648436 2047.7869140625 629.0560119628906 0.6724330357142857 2001.0695495605469 777.7709747314453 2151.6732482910156 951.2928070068359 0.8108026413690477 
177 1811.64208984375 496.7422241210937 2040.802001953125 621.1432739257813 0.6472284226190477 2002.3988525390625 775.2595489501953 2149.7158935546877 952.0399505615235 0.8140578497023809 
178 1812.2676574707032 497.20825347900393 2038.0076110839843 614.985563659668 0.6447172619047619 2002.1458740234375 780.9560028076172 2152.6392822265625 947.807241821289 0.8141973586309523 
179 1812.843798828125 496.4873443603516 2041.34736328125 630.3252166748047 0.6765020461309523 1999.7899291992187 777.4715148925782 2153.213732910156 957.0100524902343 0.8104306175595238 
180 1813.6761596679687 496.28172607421874 2035.8006469726563 623.6766479492187 0.6944289434523809 1999.9942993164063 777.0781799316406 2153.5215698242187 953.4711364746094 0.8077101934523809 
181 1828.1467895507812 496.9882354736328 2036.9259643554688 633.9996185302734 0.6837100074404762 2000.1637084960937 775.2769195556641 2153.485949707031 957.9587371826171 0.8125 
182 1827.2808532714844 502.301220703125 2042.5417785644531 632.7623779296875 0.7211681547619048 2000.0164489746094 777.6496002197266 2153.308380126953 957.0338104248046 0.8114536830357143 
183 1825.21162109375 505.9288604736328 2040.358447265625 633.061068725586 0.6996140252976191 2000.3631225585937 778.623583984375 2153.5736450195313 954.6526611328125 0.8077334449404762 
184 1825.8948669433594 506.14784545898436 2054.085968017578 636.5428283691406 0.7016136532738095 2000.4234252929687 776.3412017822266 2150.3776000976563 955.6343231201172 0.8101050967261905 
185 1829.4205139160156 505.8311462402344 2054.0229675292967 632.7803039550781 0.7037760416666666 2001.1900390625 778.1332763671875 2147.66982421875 953.90908203125 0.8047340029761905 
186 1835.2785949707031 509.2577331542969 2056.8157653808594 636.3157531738282 0.6993582589285714 1998.5494384765625 776.4053802490234 2151.6707763671875 955.5897979736328 0.8099423363095238 
187 1827.3884521484374 509.3488525390625 2054.9157470703126 639.364404296875 0.6819893973214286 2001.7843627929688 778.7560729980469 2148.0518188476562 957.5274963378906 0.8018973214285714 
188 1832.1808715820312 512.4307373046875 2059.113073730469 638.864306640625 0.6951962425595238 2000.759130859375 778.2655303955078 2149.885888671875 956.569369506836 0.8036876860119048 
189 1826.247576904297 512.9758239746094 2046.8094299316406 636.2309631347656 0.7023111979166666 2002.0233215332032 781.4424285888672 2147.9833923339843 956.5944976806641 0.7954334077380952 
190 1823.3083740234374 518.4296203613281 2063.2262939453126 641.6308044433594 0.6907552083333334 2000.8775451660156 781.7908203125 2150.0158874511717 956.866162109375 0.8004557291666666 
191 1827.012762451172 518.9013458251953 2056.9190002441405 641.9497894287109 0.6844540550595238 2000.7500732421875 779.071566772461 2149.7035400390623 957.1679962158203 0.8071056547619048 
192 1811.9013366699219 520.3597412109375 2042.4664611816406 647.0081787109375 0.6877790178571429 2001.4993530273437 779.1522064208984 2147.6322387695313 957.7589874267578 0.8153599330357143 
193 1811.952569580078 520.5507598876953 2039.8043884277345 647.4966644287109 0.6722237723214286 1998.36533203125 782.8306274414062 2151.35146484375 958.6019897460938 0.7997116815476191 
194 1810.4612670898437 519.4245513916015 2037.6632446289063 642.7627655029297 0.7108444940476191 2001.7104797363281 783.0787689208985 2151.0144958496094 958.3489044189453 0.7894810267857143 
195 1814.9779113769532 523.6684448242188 2031.8095642089843 643.4112670898437 0.7194940476190477 2002.433984375 780.829232788086 2148.0669921875 958.8253692626953 0.7948056175595238 
196 1815.1146362304687 523.664175415039 2032.5989868164063 640.5214324951172 0.7156808035714286 2003.1349792480469 778.3530181884765 2149.2064514160156 960.1309295654297 0.8011997767857143 
197 1806.2001525878907 523.3501678466797 2043.1119812011718 643.4287017822265 0.6659923735119048 2003.9179992675781 780.8575134277344 2149.9593200683594 962.5980529785156 0.7950148809523809 
198 1804.8475280761718 525.6823089599609 2038.5026916503907 642.5098907470704 0.7238188244047619 2002.555810546875 780.680908203125 2145.345068359375 959.16748046875 0.7960844494047619 
199 1817.9002990722656 520.521240234375 2045.1694030761719 647.1427001953125 0.7122628348214286 2001.7135498046875 779.2585906982422 2151.0618408203127 957.8272857666016 0.8002697172619048 
200 1812.4656005859374 521.9892791748047 2046.0453857421876 648.5116363525391 0.6948707217261905 2004.3703369140626 783.3939788818359 2153.6018310546874 958.5787384033204 0.7928989955357143 
201 1819.3737060546875 523.7241973876953 2033.6394775390625 643.8428802490234 0.7013811383928571 2001.6743408203124 782.0667877197266 2151.0112060546876 957.3751678466797 0.8055943080357143 
202 1816.4483703613282 522.7340942382813 2033.5783630371093 642.6416381835937 0.6812686011904762 2000.9215454101563 780.6225494384765 2153.2364135742187 955.6227508544922 0.8070591517857143 
203 1822.8676147460938 523.0648986816407 2046.5891723632812 652.7584655761718 0.6551571800595238 2003.5657958984375 779.3344421386719 2152.7135009765625 957.6631164550781 0.8113141741071429 
204 1814.5561096191407 525.6028198242187 2047.5387390136718 655.0375610351563 0.6765950520833334 2006.34365234375 782.1076568603515 2151.9576171875 953.6087127685547 0.8056873139880952 
205 1817.4745849609376 519.8343383789063 2057.2109619140624 652.6612670898437 0.6827566964285714 2002.011767578125 781.625454711914 2154.276806640625 956.5682098388672 0.8011300223214286 
206 1823.0940368652343 519.4690765380859 2056.267413330078 649.0097442626953 0.6723167782738095 2005.0739196777345 777.9277252197265 2150.807061767578 956.0462127685547 0.8034551711309523 
207 1817.7591369628906 524.0693511962891 2057.6277038574217 650.4864959716797 0.6657133556547619 2002.398095703125 777.4023590087891 2154.746923828125 955.6830291748047 0.8031994047619048 
208 1820.4979431152344 519.0927947998047 2056.6052062988283 651.7009674072266 0.6663178943452381 2001.870184326172 780.4528259277344 2153.8843322753905 955.1074768066406 0.8024786086309523 
209 1826.4673095703124 523.4992248535157 2056.1242431640626 652.8833435058593 0.66162109375 2004.992626953125 779.5305084228515 2153.784228515625 954.1990447998047 0.8094540550595238 
210 1832.0241333007812 525.4444366455078 2055.185827636719 654.8135589599609 0.6425083705357143 2002.3185791015626 778.5849578857421 2151.0930419921874 956.4674713134766 0.8121977306547619 
211 1820.160888671875 523.4641143798829 2043.369873046875 652.8605316162109 0.6511346726190477 2002.9334655761718 779.1465362548828 2151.7395080566407 957.0666595458985 0.8112444196428571 
212 1817.296240234375 521.839077758789 2047.117578125 657.7897674560547 0.6653645833333334 2000.5556579589843 778.0538116455078 2152.691046142578 959.3213714599609 0.8109421502976191 
213 1826.9831115722657 522.6780975341796 2050.057049560547 651.9962799072266 0.6686662946428571 2002.184344482422 778.2058349609375 2150.900250244141 956.0182861328125 0.8103841145833334 
214 1818.5198059082031 521.1844665527344 2048.5596618652344 650.7844055175781 0.6511811755952381 2005.1935302734375 777.2689697265625 2150.9934814453127 955.4689453125 0.8088960193452381 
215 1805.9430419921875 522.6674224853516 2042.9810302734375 649.3041961669921 0.6619931175595238 2003.391534423828 773.9427459716796 2152.7577575683595 952.5330230712891 0.8090355282738095 
216 1818.140234375 515.5574798583984 2039.363671875 642.4356231689453 0.6783389136904762 2007.331201171875 772.692236328125 2150.475927734375 948.3696533203125 0.8071521577380952 
217 1813.589581298828 511.259228515625 2034.8753845214844 634.9188720703125 0.6706891741071429 2004.586199951172 770.2185699462891 2154.279644775391 949.1997039794921 0.8128255208333334 
218 1808.8464111328126 506.9382019042969 2033.4944091796874 627.4016418457031 0.6849190848214286 2005.6951416015625 768.9023468017579 2152.2047607421873 941.4580657958984 0.8138485863095238 
219 1803.2341918945312 504.6646759033203 2041.4474487304688 625.4028900146484 0.6221633184523809 2007.058331298828 756.0562164306641 2153.901995849609 938.7951629638671 0.83154296875 
220 1816.0033203125 500.20757446289065 2034.904150390625 617.8259948730469 0.6211635044642857 2005.6251708984375 755.1731506347656 2149.3811767578127 928.3335632324219 0.8243582589285714 
221 1801.2590393066407 500.7796203613281 2040.1900573730468 628.4276550292968 0.44174339657738093 2006.4527770996094 746.8861206054687 2147.1928527832033 923.6296264648438 0.8462379092261905 
222 1807.133074951172 493.0622497558594 2042.8912170410156 617.4901184082031 0.5353422619047619 2006.6207702636718 739.2733367919922 2150.6952697753904 912.8175445556641 0.8357049851190477 
223 1817.9159912109376 494.97582550048827 2044.6269775390624 623.116795349121 0.46364629836309523 2009.36923828125 732.3019744873047 2153.93837890625 906.4422271728515 0.8293805803571429 
224 1812.7933532714844 495.6873031616211 2033.282208251953 610.8680252075195 0.5955636160714286 2011.3852416992188 729.3395538330078 2156.1838500976564 903.7560882568359 0.8215448288690477 
225 1815.011248779297 491.53595275878905 2037.9185607910156 606.2676971435546 0.5083821614583334 2013.58544921875 727.9337615966797 2154.54150390625 891.8361968994141 0.8130812872023809 
226 1812.591082763672 497.83662109375 2049.326763916016 635.932421875 0.41428338913690477 2016.5732971191405 724.9611633300781 2151.381170654297 889.3608581542969 0.8009672619047619 
227 1815.7961303710938 484.60496520996094 2054.8828247070314 602.5106964111328 0.4287690662202381 2020.1156677246095 721.5501373291015 2147.846856689453 882.0329315185547 0.7871558779761905 
228 1826.5795471191407 471.68576965332034 2033.5558288574218 599.8139251708984 0.6281854538690477 2020.919921875 715.9380676269532 2142.4775390625 873.6343200683593 0.7869233630952381 
229 1820.3978576660156 460.60711364746095 2030.6044616699219 588.7017852783204 0.6363699776785714 2026.3094421386718 715.2805419921875 2137.9816955566407 869.6510986328125 0.7894810267857143 
230 1814.060858154297 455.8348617553711 2027.4854064941405 590.4565505981445 0.603515625 2030.768975830078 716.9958435058594 2139.1229919433595 864.7513488769531 0.7896670386904762 
231 1811.7090881347656 452.7622924804688 2028.043719482422 587.1520141601562 0.6045386904761905 2033.8429077148437 715.9947052001953 2138.732531738281 863.4955902099609 0.7875279017857143 
232 1821.3637756347657 448.40868682861327 2015.2454772949218 583.1401107788085 0.61279296875 2033.8247009277343 703.5894439697265 2138.981085205078 861.3237030029297 0.7896205357142857 
233 1816.464990234375 459.22149353027345 2004.017919921875 597.4184600830079 0.6572963169642857 2032.7456604003905 697.3960388183593 2144.619451904297 855.3354064941407 0.7929222470238095 
234 1818.874072265625 463.7881713867188 2006.476513671875 592.1476196289062 0.6090262276785714 2035.5913940429687 701.6456451416016 2144.2032836914063 853.0439910888672 0.7984095982142857 
235 1810.362078857422 464.19482421875 2004.4383361816406 592.4825439453125 0.6029110863095238 2035.308349609375 685.2191833496094 2143.859619140625 849.6906066894531 0.7869233630952381 
236 1816.4592651367188 463.6427993774414 2007.2123657226562 591.9077072143555 0.5841238839285714 2033.017156982422 681.7184936523438 2144.8379455566405 849.4495971679687 0.7849934895833334 
237 1812.8677734375 460.6962005615234 2010.7318359375 589.3078887939453 0.5727771577380952 2032.1671936035157 676.4441772460938 2154.183270263672 847.9264282226562 0.8015718005952381 
238 1820.3274475097655 462.46476593017576 2005.608709716797 598.1172348022461 0.6170014880952381 2031.5684875488282 668.7429901123047 2150.6779724121093 847.4072174072265 0.7895275297619048 
239 1814.2348510742188 465.5332321166992 2009.3640258789062 597.8242202758789 0.5827520461309523 2030.8614379882813 663.3337310791015 2156.537731933594 845.2338348388672 0.7944800967261905 
240 1819.4400207519532 482.47650756835935 2021.1921813964843 598.2360168457031 0.49955822172619047 2032.1320922851562 660.5680114746094 2154.5063354492186 842.4758117675781 0.7814360119047619 
241 1833.9148254394531 495.9487930297852 2019.2195739746094 598.5282272338867 0.47155180431547616 2028.7648376464845 647.7815704345703 2157.816339111328 846.3223724365234 0.7905505952380952 
242 1839.0679809570313 544.6718200683594 2040.5924194335937 633.8711486816406 0.39351981026785715 2030.8084777832032 652.295541381836 2156.3481384277343 843.9089874267578 0.798828125 
243 1853.6813354492188 564.4809539794921 2045.0742797851562 666.7771636962891 0.4140625 2031.7478820800782 653.5776672363281 2153.8433044433596 841.6706237792969 0.79052734375 
244 1822.4036193847655 499.6755035400391 2026.978582763672 601.9629852294922 0.5085797991071429 2036.1159790039062 655.5180236816407 2148.3022338867186 836.9957702636718 0.7929920014880952 
245 1823.5120361328125 525.7587310791016 2051.1478759765623 624.7308319091796 0.45414806547619047 2037.31728515625 658.7366271972656 2149.48544921875 836.8862976074219 0.8045712425595238 
246 1821.7452026367187 514.8884338378906 2046.0685180664063 623.7512145996094 0.49319893973214285 2038.0751586914062 662.4495635986328 2146.937780761719 833.9909271240234 0.7944103422619048 
247 1827.4237854003907 536.458853149414 2048.704510498047 632.2371307373047 0.44226655505952384 2029.015399169922 662.3425048828125 2154.517926025391 834.0827880859375 0.8114304315476191 
248 1824.9307800292968 568.8885223388672 2052.6064514160157 697.5747955322265 0.4057035900297619 2035.8544311523438 662.9284851074219 2151.3421020507812 834.5102355957031 0.8084542410714286 
249 1820.2082580566407 553.5319702148438 2041.2642761230468 639.3148315429687 0.3969610305059524 2041.2642822265625 662.9178131103515 2150.1424560546875 834.4836151123047 0.8057338169642857 
250 1814.07744140625 523.6015350341797 2022.014599609375 629.220425415039 0.44198753720238093 2038.3906616210938 668.3196960449219 2150.610559082031 839.9503234863281 0.7982700892857143 
251 1820.8380004882813 518.9588653564454 2025.3204467773437 621.2000091552734 0.4421502976190476 2039.9081298828125 671.1789642333985 2148.7456787109377 839.3822540283203 0.7990606398809523 
252 1850.482977294922 569.9300659179687 2042.1921936035155 679.0059692382813 0.41598074776785715 2037.9968017578126 672.3952880859375 2147.0730224609374 840.967138671875 0.7770182291666666 
253 1831.1722839355468 501.6641815185547 2019.4613830566407 630.4935943603516 0.44033668154761907 2033.055712890625 672.0391662597656 2145.368603515625 843.8116638183594 0.7820870535714286 
254 1823.459619140625 550.9055450439453 2042.4048828125 676.9649993896485 0.47302827380952384 2035.515118408203 668.0336303710938 2141.670306396484 840.5359497070312 0.7646251860119048 
255 1823.5093139648438 524.2086669921875 2030.8171020507812 639.37958984375 0.4436732700892857 2034.487322998047 669.6278045654296 2146.367779541016 840.7389556884766 0.7755533854166666 
256 1848.5998840332031 573.8999572753906 2045.7271423339844 705.3181823730469 0.43144298735119047 2030.3108642578125 670.8209014892578 2142.0162841796873 838.3791107177734 0.7768322172619048 
257 1857.4834289550781 582.9863372802735 2057.7210388183594 724.1375030517578 0.4348028273809524 2023.1277221679688 665.4297424316406 2144.583459472656 836.1240905761719 0.7945963541666666 
258 1840.0559204101562 558.6627838134766 2049.6374389648436 676.5524871826171 0.41028413318452384 2027.3442993164062 657.2820739746094 2141.9591674804688 837.3912658691406 0.7691592261904762 
259 1837.9241455078125 552.8533264160156 2040.8866455078125 680.5232604980469 0.39961170014880953 2017.845635986328 657.9858947753906 2145.5155700683595 834.7597106933594 0.7684616815476191 
260 1825.2270385742188 531.0540405273438 2034.8955200195312 632.6120971679687 0.47190057663690477 2018.6411071777343 660.9626892089843 2146.407843017578 837.8704406738282 0.7829706101190477 
261 1825.4400512695313 528.1805999755859 2035.4068725585937 629.8833038330079 0.4861537388392857 2019.1294006347657 664.0786041259765 2147.077996826172 834.6767059326172 0.7826218377976191 
262 1848.7477661132812 552.7507202148438 2039.0825561523438 680.7343872070312 0.48667689732142855 2014.2177612304688 667.2291809082031 2148.7649047851564 831.3108581542969 0.77294921875 
263 1846.1513793945312 547.2703186035156 2039.9970581054688 655.6925720214844 0.4282807849702381 2018.0093383789062 664.2854827880859 2146.1447143554688 831.8470245361328 0.7769484747023809 
264 1827.9172668457031 530.6471374511718 2031.7698669433594 635.8612854003907 0.48733956473214285 2024.5616577148437 665.0734130859375 2146.215441894531 832.75849609375 0.7768787202380952 
265 1821.3497436523437 530.7934875488281 2041.6937133789063 642.6098327636719 0.41336495535714285 2018.7992126464844 666.7692565917969 2150.3478820800783 827.9164123535156 0.78564453125 
266 1818.5390014648438 515.8940063476563 2041.9907836914062 630.9059204101562 0.4423014322916667 2024.9286010742187 661.8706665039062 2146.512561035156 826.1734008789062 0.7763671875 
267 1825.373760986328 514.8762817382812 2035.8780700683594 629.9957885742188 0.45615931919642855 2022.0889221191405 663.899072265625 2150.365057373047 825.0663818359375 0.7849004836309523 
268 1816.096990966797 500.6215393066406 2032.8762756347655 612.2956970214843 0.48897879464285715 2020.4960021972656 661.6900604248046 2151.877410888672 822.6322662353516 0.8005022321428571 
269 1856.415673828125 567.4776824951172 2062.852880859375 711.6560455322266 0.35471307663690477 2021.7671752929687 658.4713409423828 2149.5616821289063 822.3104583740235 0.7813662574404762 
270 1860.0646728515626 574.4840911865234 2069.7448974609374 721.9156280517578 0.31851050967261907 2023.6253784179687 661.556918334961 2148.122912597656 818.8171661376953 0.7920619419642857 
271 1860.2720825195313 561.5523681640625 2066.239880371094 725.018798828125 0.31774321056547616 2023.1099426269532 654.6024688720703 2147.3445251464846 818.068978881836 0.7951543898809523 
272 1863.4475219726562 560.922720336914 2066.0720092773436 721.0614715576172 0.3248930431547619 2014.6617553710937 656.0758453369141 2148.655383300781 819.4826873779297 0.7820172991071429 
273 1822.0728942871094 564.3424835205078 2047.554180908203 701.5919036865234 0.32761346726190477 2019.4004028320312 660.4924621582031 2146.8464233398436 814.0811462402344 0.7965029761904762 
274 1849.6133605957032 546.4296356201172 2068.5010192871096 699.9777740478515 0.3323567708333333 2011.9571350097656 659.1405151367187 2152.4372741699217 815.9555541992188 0.7828311011904762 
275 1815.4832763671875 533.3552856445312 2047.2615966796875 637.8186645507812 0.37815057663690477 2011.854559326172 657.907827758789 2152.2271057128905 814.6029754638672 0.7908063616071429 
276 1854.6918640136719 558.3834350585937 2043.6004943847656 688.6652709960938 0.3679315476190476 2010.6542358398438 657.7233489990234 2150.7073364257812 817.3185821533203 0.7723446800595238 
277 1843.4573852539063 532.9155975341797 2048.857067871094 650.2868560791015 0.3671991257440476 2011.1126708984375 658.813851928711 2154.5665283203125 815.3088897705078 0.7885509672619048 
278 1841.8991149902345 545.0697052001954 2060.049493408203 675.3087738037109 0.34216889880952384 2011.2098388671875 662.6605224609375 2151.2169189453125 815.69140625 0.8019670758928571 
279 1814.9168884277344 558.5848419189454 2068.9689758300783 705.1532562255859 0.28015718005952384 2010.967950439453 660.5564178466797 2151.0221618652345 813.6389556884766 0.7953636532738095 
280 1846.5525817871094 558.5918975830078 2064.796905517578 721.4607757568359 0.29389880952380953 2013.8064025878907 662.0763275146485 2150.616326904297 818.4304473876953 0.7943638392857143 
281 1852.3957824707031 559.2664398193359 2067.2488708496094 722.0339141845703 0.2819010416666667 2011.2817993164062 660.1822784423828 2151.2619018554688 816.4391204833985 0.8028041294642857 
282 1841.2894775390625 533.3403991699219 2046.5510986328125 653.8908020019531 0.35971214657738093 2011.3382995605468 659.1539154052734 2154.6955139160154 818.8018341064453 0.7914109002976191 
283 1840.9672912597657 530.6796997070312 2049.473992919922 651.2226440429688 0.3551548549107143 2011.3814575195313 658.9914947509766 2154.729626464844 818.6294158935547 0.7851329985119048 
284 1840.9612243652343 532.9979675292968 2049.508868408203 650.3059875488282 0.35471307663690477 2008.9022277832032 655.9458251953125 2152.2788024902343 815.615087890625 0.7871558779761905 
285 1840.3154724121093 535.907583618164 2052.081378173828 649.9353729248047 0.3427850632440476 2008.6004455566406 658.8320831298828 2151.9497253417967 815.213021850586 0.7845517113095238 
286 1855.2713928222656 545.81123046875 2066.950653076172 698.871630859375 0.29244559151785715 2011.3378295898438 658.1641082763672 2151.3718872070312 814.4810943603516 0.7809709821428571 
287 1853.2812194824219 546.3568237304687 2061.5375061035156 699.2950317382813 0.33267066592261907 2008.4722106933593 658.6199768066406 2151.648516845703 814.8121520996094 0.7839471726190477 
288 1843.5196411132813 546.9412963867187 2029.0289428710937 654.3414184570313 0.3915318080357143 2011.5044006347657 656.0938507080078 2151.450067138672 815.5667327880859 0.7942475818452381 
289 1845.1173400878906 550.2932250976562 2037.0807800292969 673.9306518554688 0.3524576822916667 2008.423895263672 653.4078552246094 2151.5830627441405 816.0886047363281 0.787109375 
290 1850.7664611816406 559.7407409667969 2032.966571044922 686.6302307128906 0.3614908854166667 2011.1927795410156 656.0966674804688 2147.842742919922 815.5218627929687 0.7846447172619048 
291 1839.785693359375 542.3696716308593 2031.68232421875 646.4491760253907 0.37144252232142855 2011.2916625976563 656.0815277099609 2147.8960815429687 815.4533233642578 0.7883417038690477 
292 1849.373114013672 566.6604064941406 2044.4592834472655 693.4664245605469 0.33476329985119047 2007.9431518554688 655.0744781494141 2151.006311035156 817.6462860107422 0.7846912202380952 
293 1850.7732971191406 566.0907684326172 2032.963885498047 699.480337524414 0.3513997395833333 2007.93779296875 655.3091064453125 2151.08759765625 817.9792236328125 0.7894577752976191 
294 1845.5585693359376 557.7488525390625 2030.9494873046874 678.0902587890625 0.34901646205357145 2010.9343017578126 655.8233703613281 2150.7903076171874 815.1944519042969 0.7897367931547619 
295 1840.4783142089843 556.1998596191406 2029.0086242675782 679.7196960449219 0.3590611049107143 2005.3798583984376 657.0911071777343 2151.6533447265624 816.3666564941407 0.7899925595238095 
296 1819.831524658203 553.9310028076172 2034.7538024902344 674.417691040039 0.3791387648809524 2008.4521362304688 660.3901062011719 2151.7336547851564 813.4408264160156 0.7928292410714286 
297 1858.3165954589845 586.3473999023438 2056.887628173828 703.5368774414062 0.350341796875 2010.3122680664062 656.5859588623047 2150.2885620117186 816.0939117431641 0.7886672247023809 
298 1862.800848388672 573.4001220703125 2041.6846252441405 700.24501953125 0.3540852864583333 2004.1565551757812 653.9604125976563 2150.5160522460938 819.8345092773437 0.7742978050595238 
299 1855.3518310546874 574.9359375 2057.1298583984376 721.38779296875 0.3251255580357143 2008.0622680664062 655.6721862792969 2144.7504760742186 818.3964172363281 0.7760881696428571 
