0 1881.7303161621094 1047.0565124511718 1985.5993957519531 1124.4863342285157 0.8424014136904762 1908.9687744140624 985.3888153076172 2003.3952392578126 1030.713540649414 0.7957124255952381 
1 1884.1061950683593 1046.15703125 1989.7037414550782 1121.58369140625 0.8575381324404762 1913.6242126464845 985.3803985595703 2002.250665283203 1034.4078704833985 0.8255208333333334 
2 1883.3511291503905 1045.9847045898437 1994.682196044922 1123.3502563476563 0.8560035342261905 1911.6557189941407 985.1663024902343 2004.1171081542968 1036.1143371582032 0.8196847098214286 
3 1884.9518981933593 1047.8310668945312 1998.3380187988282 1125.3115112304688 0.8604910714285714 1912.2808959960937 985.6866455078125 2002.9898559570313 1034.8206787109375 0.8242420014880952 
4 1886.5057006835937 1048.3933959960937 1997.9422973632813 1123.9435180664063 0.8680013020833334 1913.820001220703 985.8465087890625 2002.5914978027345 1036.8429443359375 0.8428431919642857 
5 1888.6501098632812 1048.0213745117187 2000.1692260742188 1125.5176879882813 0.8749069940476191 1914.5306640625 985.2100341796875 2003.368017578125 1040.0245849609375 0.8326357886904762 
6 1890.4499755859374 1048.2454467773437 1998.0763916015626 1119.9964965820313 0.8383091517857143 1912.7449890136718 984.6281616210938 2003.3779357910157 1041.2736938476562 0.8304734002976191 
7 1891.2284240722656 1049.5749206542969 1996.8351745605469 1119.3507385253906 0.8367745535714286 1913.2781494140625 986.4720123291015 2003.7982666015625 1037.3894989013672 0.8314267113095238 
8 1891.0255249023437 1049.383282470703 1996.6514770507813 1121.0580017089844 0.8447265625 1911.4107971191406 986.4865051269531 2003.8334655761719 1037.4132751464845 0.8294503348214286 
9 1893.045965576172 1051.0506164550782 1994.9072814941405 1126.5034606933593 0.8567940848214286 1913.2151733398437 985.2470397949219 2003.7584594726563 1039.9503479003906 0.8384719122023809 
10 1891.5052551269532 1050.7218383789063 1997.2656188964843 1126.2649780273437 0.8681175595238095 1912.1344299316406 986.5102661132812 2002.7861022949219 1039.3903686523438 0.84326171875 
11 1895.692822265625 1052.900946044922 1992.02421875 1126.5659729003905 0.8567940848214286 1914.2181030273437 985.3382598876954 2001.1051391601563 1040.1148040771484 0.8514229910714286 
12 1900.4638549804688 1053.1864929199219 1989.2190063476562 1126.8343811035156 0.8235909598214286 1915.2078735351563 985.8574951171875 2002.0745971679687 1038.7328369140625 0.8406110491071429 
13 1904.7598388671875 1052.4331848144532 1989.7670166015625 1124.2170837402343 0.8258463541666666 1916.384698486328 986.5343841552734 2001.3920349121095 1037.5386749267577 0.8474934895833334 
14 1905.1484252929688 1052.75927734375 1993.8432739257812 1126.357177734375 0.8249860491071429 1918.8663513183594 985.693814086914 2001.899884033203 1036.6462127685547 0.8433779761904762 
15 1906.9263916015625 1051.4572448730469 1989.9696044921875 1125.0638732910156 0.8240327380952381 1916.8712036132813 985.8355743408204 2001.8018920898437 1036.7940032958984 0.8493768601190477 
16 1907.243359375 1050.8825134277345 1990.492236328125 1124.671319580078 0.8226376488095238 1918.668231201172 985.0983612060547 2003.8091857910156 1036.1829498291015 0.8444242931547619 
17 1907.9413024902344 1052.4461975097656 1987.378887939453 1124.3183288574219 0.7967587425595238 1917.4709350585938 986.4664825439453 2002.5825317382812 1037.5334564208983 0.8508417038690477 
18 1906.472637939453 1049.4450622558593 1987.6148864746094 1124.9261535644532 0.828125 1916.198046875 985.2859466552734 2001.114453125 1038.1228057861329 0.8520042782738095 
19 1902.6908386230468 1049.642840576172 1991.4804260253907 1125.2083557128906 0.8424246651785714 1914.3163269042968 985.6301086425781 2003.1059143066407 1036.6368591308594 0.8453776041666666 
20 1901.80361328125 1052.676043701172 1988.622412109375 1126.2833068847656 0.8204985119047619 1916.539569091797 987.0539031982422 2001.4710510253906 1038.0128082275392 0.8517485119047619 
21 1900.25595703125 1050.5163024902345 1996.643212890625 1126.114190673828 0.8519112723214286 1914.2124633789062 984.8042266845703 2003.0399780273438 1037.7228118896485 0.8453311011904762 
22 1898.1737915039062 1051.624609375 2000.2920288085938 1127.267724609375 0.8557245163690477 1912.3569885253905 985.8734069824219 2005.019598388672 1038.8234924316407 0.8529110863095238 
23 1900.9175109863281 1054.6294311523438 2001.1446228027344 1124.5993286132812 0.8384486607142857 1914.082373046875 986.9871032714843 2001.071923828125 1038.0462219238282 0.8534923735119048 
24 1902.6099731445313 1053.5811706542968 2001.0929077148437 1119.8676818847657 0.8288457961309523 1913.900616455078 986.8575164794922 2002.9139587402344 1037.992886352539 0.8367745535714286 
25 1898.7171447753906 1053.5347595214844 2002.891864013672 1125.5100402832031 0.8538876488095238 1911.6844421386718 986.2217956542969 2004.4946350097657 1035.4680236816407 0.8330543154761905 
26 1897.4378784179687 1054.3209838867188 1999.7820922851563 1122.5503540039062 0.8445172991071429 1913.54765625 986.3102478027344 2002.624951171875 1037.482354736328 0.8451218377976191 
27 1895.7923950195313 1053.7490112304688 2005.5684448242187 1123.7785766601562 0.85595703125 1910.861016845703 986.2673706054687 2003.6029724121095 1035.4772583007812 0.8371000744047619 
28 1891.8653625488282 1050.66865234375 2009.1435485839843 1130.115283203125 0.8856026785714286 1909.0351440429688 985.9911437988281 2003.6142700195312 1033.2807067871095 0.8368908110119048 
29 1891.623358154297 1050.9541442871093 2006.9861389160155 1130.3841125488282 0.8802780877976191 1908.3532470703126 986.2898162841797 2004.8039794921874 1033.5696197509765 0.8384719122023809 
30 1891.475762939453 1050.3091674804687 2008.9704040527345 1133.6922973632813 0.88525390625 1912.0300903320312 985.7308624267578 2002.9935913085938 1035.002719116211 0.8380301339285714 
31 1890.7247436523437 1050.6662231445312 2010.0870239257813 1134.0303100585938 0.8783947172619048 1911.4929565429688 985.8840881347656 2002.4355102539062 1037.039373779297 0.8413783482142857 
32 1894.245916748047 1052.34609375 2007.6694885253905 1133.63291015625 0.8788597470238095 1913.0771118164062 985.6007263183594 2001.9255737304688 1040.422100830078 0.8517485119047619 
33 1893.928973388672 1052.2617248535157 2008.8118713378906 1137.0113464355468 0.8799758184523809 1911.241162109375 984.7517547607422 2001.640673828125 1039.368179321289 0.84326171875 
34 1892.2188659667968 1051.2880920410157 2008.4741271972657 1137.5421081542968 0.8944847470238095 1909.4551818847656 985.9484985351562 2001.334490966797 1038.4509155273438 0.8473074776785714 
35 1890.5609497070313 1049.4420349121094 2008.7190795898437 1137.591778564453 0.8978794642857143 1909.4605224609375 987.6219085693359 2001.3612548828125 1036.3854766845702 0.8370768229166666 
36 1889.4412353515625 1049.82421875 2009.6080810546875 1141.8271484375 0.8933454241071429 1911.6835693359376 986.4910614013672 2001.8088623046874 1039.064175415039 0.8503534226190477 
37 1885.4075012207031 1049.260595703125 2011.1268005371094 1141.2044921875 0.9027855282738095 1907.635675048828 987.8444030761718 2003.3324645996095 1036.6310607910157 0.8401925223214286 
38 1887.5170471191407 1051.5406127929687 2009.3712585449218 1141.5253051757813 0.9061802455357143 1911.3831420898437 986.6479370117188 2001.3678344726563 1039.1389282226562 0.8457263764880952 
39 1885.5666809082031 1051.5522521972657 2009.2674255371094 1141.5164733886718 0.9112025669642857 1910.8690673828125 985.016244506836 2002.7075927734375 1039.3695587158204 0.8398902529761905 
40 1882.213818359375 1050.2351440429688 2011.384814453125 1143.8373657226562 0.9123883928571429 1909.3584350585938 985.8656799316407 2002.9606567382812 1038.2828796386718 0.8400297619047619 
41 1881.5739501953126 1050.022149658203 2012.5591064453124 1143.5829528808595 0.9130394345238095 1908.7064819335938 984.0257263183594 2004.1387329101562 1038.2910461425781 0.8428199404761905 
42 1881.9629211425781 1050.6480773925782 2009.3580017089844 1140.5742126464843 0.9087146577380952 1910.3529541015625 985.7976959228515 2004.0259521484375 1038.2544891357422 0.8408668154761905 
43 1879.5083435058593 1049.8082702636718 2010.4431945800782 1143.3332092285157 0.9242001488095238 1909.5082153320313 985.707650756836 2004.9036499023437 1036.2111114501954 0.8414015997023809 
44 1878.7219360351562 1051.5244140625 2009.7194702148438 1143.22265625 0.9245256696428571 1910.3916076660157 985.5218383789063 2003.9612976074218 1037.9207885742187 0.8499813988095238 
45 1878.9534545898437 1050.7556945800782 2010.0392211914063 1142.5156677246093 0.9219912574404762 1910.6445922851562 985.9330200195312 2004.2772827148438 1040.2400756835937 0.8494466145833334 
46 1877.7927978515625 1050.6357360839843 2008.7601806640625 1142.3128723144532 0.9212704613095238 1910.894464111328 984.216519165039 2004.4425720214845 1040.3454315185547 0.8520275297619048 
47 1876.3128601074218 1050.9757568359375 2009.2465881347657 1140.8465087890625 0.9191545758928571 1912.7508178710937 984.5088989257813 2004.4938110351563 1038.8057983398437 0.8489583333333334 
48 1876.5301513671875 1048.1535522460938 2005.6859130859375 1139.8730590820312 0.9184105282738095 1911.0867980957032 984.7995727539062 2002.8061462402343 1039.0825073242188 0.8434477306547619 
49 1875.3245849609375 1047.6443664550782 2006.4195556640625 1137.5381286621093 0.9250604538690477 1908.2423156738282 985.0501495361328 2003.7543884277343 1043.106527709961 0.8510044642857143 
50 1875.7029052734374 1049.543475341797 2006.8854736328126 1133.8751037597656 0.9190848214285714 1908.8590393066406 985.0332733154297 2002.5607604980469 1041.2543853759767 0.8494698660714286 
51 1875.828875732422 1044.6890747070313 2007.2569396972656 1129.1786010742187 0.9021112351190477 1904.2808715820313 986.0518524169922 2001.9132202148437 1040.500698852539 0.8210332961309523 
52 1877.8611694335937 1041.6389770507812 2007.2045043945313 1124.1188354492188 0.8994140625 1911.4587341308593 984.9701232910156 1999.5621398925782 1033.7082214355469 0.8434477306547619 
53 1880.7281066894532 1040.7496398925782 2004.4897888183593 1119.5070739746093 0.8965076264880952 1912.4617919921875 984.0615264892579 1998.7200927734375 1029.065853881836 0.8380533854166666 
54 1882.0159301757812 1036.7406005859375 2003.9337768554688 1117.3939208984375 0.8939267113095238 1913.5414001464844 980.0378601074219 1999.821759033203 1026.929425048828 0.8364025297619048 
55 1881.3077880859375 1032.8254455566407 2005.3955810546875 1109.9102722167968 0.8783017113095238 1913.125146484375 967.4551727294922 1999.610693359375 1021.9786041259765 0.8354957217261905 
56 1883.2332092285155 1028.4964294433594 2006.805731201172 1107.1335754394531 0.8564918154761905 1908.9415405273437 960.9492218017579 1996.9400512695313 1013.3739593505859 0.8260556175595238 
57 1881.3552185058593 1018.4294494628906 2010.7469543457032 1095.3143249511718 0.8442847842261905 1904.4351379394532 957.9889556884766 1996.3220642089843 1008.6204803466796 0.7895972842261905 
58 1889.8883056640625 1013.0258056640625 2012.0584716796875 1090.0869873046875 0.8472609747023809 1908.03310546875 955.3383544921875 1998.25107421875 1006.0859619140625 0.8097330729166666 
59 1894.4025085449218 1011.3628234863281 2014.8669006347657 1086.6531677246094 0.8522832961309523 1868.268084716797 944.470248413086 2001.9083068847656 997.1734893798828 0.7337007068452381 
60 1897.5116638183595 1008.3334503173828 2019.301446533203 1085.154769897461 0.8534226190476191 1890.5935180664062 946.0693389892579 1997.3937866210938 1000.4063079833984 0.7755998883928571 
61 1897.8651489257813 1008.3195159912109 2021.6187377929687 1081.4466583251954 0.86865234375 1895.9179992675781 943.7022552490234 1999.0459899902344 1001.8289337158203 0.7834356398809523 
62 1902.7692993164062 1006.0106018066406 2026.4765502929688 1079.110369873047 0.8599562872023809 1895.0556274414062 949.1311920166015 1998.1450561523438 990.3669158935547 0.7630905877976191 
63 1908.1218688964843 1004.0625457763672 2028.5608703613282 1075.573257446289 0.8479120163690477 1889.3755920410156 950.8638061523437 1996.641619873047 994.1465698242188 0.7633696056547619 
64 1913.2126953125 1001.8286865234375 2030.041943359375 1075.3180419921875 0.8453776041666666 1884.6576843261719 947.9800109863281 1997.7181701660156 985.6668395996094 0.7412341889880952 
65 1916.93369140625 1001.0242248535156 2026.485986328125 1072.799871826172 0.8298688616071429 1884.7507568359374 946.6112640380859 1996.1921142578126 986.2767364501954 0.7527669270833334 
66 1921.1990844726563 997.4685363769531 2028.6639526367187 1076.6531677246094 0.7951078869047619 1892.4112426757813 946.2740875244141 1997.9908569335937 991.5224822998047 0.7396065848214286 
67 1925.724542236328 999.1198822021485 2029.2670349121095 1074.423635864258 0.7934337797619048 1894.878955078125 944.0178680419922 2002.18671875 994.8479156494141 0.7334914434523809 
68 1922.2326110839845 996.6061767578125 2027.559747314453 1071.8398681640624 0.7974795386904762 1887.437109375 943.6532745361328 2005.930078125 988.7934417724609 0.6862444196428571 
69 1920.256396484375 991.4403778076172 2031.394970703125 1068.6722320556642 0.8033621651785714 1892.2906982421875 946.3039855957031 2007.1966064453125 987.7454528808594 0.6632021949404762 
70 1920.1607360839844 990.3768463134766 2036.8838195800781 1067.5647430419922 0.7799711681547619 1885.76650390625 946.7143676757812 2011.902685546875 988.1321899414063 0.6394624255952381 
71 1918.1287170410155 984.0121643066407 2040.088934326172 1060.9408386230468 0.80810546875 1913.8708740234374 945.4034118652344 2022.6969970703126 994.1875305175781 0.7233305431547619 
72 1923.4223327636719 980.1389038085938 2045.3124084472656 1055.1482055664062 0.8251255580357143 1918.1571533203125 949.8467346191406 2023.1702392578125 987.3513854980469 0.6685965401785714 
73 1932.870538330078 971.4025512695313 2052.6566833496095 1050.0122436523438 0.8205915178571429 1939.2773193359376 953.2618560791016 2016.0154052734374 1001.9249725341797 0.6875930059523809 
74 1941.4021057128907 967.1466735839844 2061.025750732422 1053.126153564453 0.8069893973214286 1943.4868408203124 952.5531311035156 2020.1208251953126 1003.0193786621094 0.6711309523809523 
75 1950.4883666992187 972.9900756835938 2073.6490844726563 1053.2311157226563 0.8173828125 1946.0384826660156 955.5494567871094 2020.6813659667969 1000.3351867675781 0.7107514880952381 
76 1959.3875366210937 967.0671539306641 2080.1107543945313 1058.0738983154297 0.8061290922619048 1955.7444580078125 952.2088592529296 2033.7501708984375 998.6409332275391 0.6776646205357143 
77 1960.0893188476562 966.7564971923828 2083.100866699219 1061.810824584961 0.7807384672619048 1954.569598388672 949.838900756836 2038.4410217285156 992.7064483642578 0.6034458705357143 
78 1951.743603515625 957.802490234375 2089.655322265625 1060.304443359375 0.8147321428571429 1960.631884765625 953.860107421875 2046.360791015625 991.133544921875 0.60205078125 
79 1957.688739013672 958.8970764160156 2095.962750244141 1059.799578857422 0.8095935639880952 1962.9350952148438 948.9793029785156 2043.2834106445312 986.3506530761719 0.6164202008928571 
80 1962.392041015625 966.561734008789 2101.154345703125 1062.1952850341797 0.8029901413690477 1957.5599487304687 941.1027557373047 2038.1920043945313 982.356411743164 0.6585518973214286 
81 1968.1519287109375 964.8799102783203 2105.9779541015623 1063.0572845458985 0.8089425223214286 1955.8071716308593 934.889306640625 2036.9922668457032 978.3139404296875 0.6734095982142857 
82 1977.447491455078 968.6586090087891 2107.254046630859 1064.6025604248048 0.8023158482142857 1955.3789489746093 934.7960998535157 2038.1541320800782 985.5898864746093 0.6631789434523809 
83 1970.1697570800782 964.2208892822266 2111.6445739746096 1066.0827606201171 0.8215680803571429 1956.6026794433594 933.0239410400391 2039.601300048828 978.2958221435547 0.6622488839285714 
84 1982.172802734375 967.9899963378906 2112.613330078125 1068.1834655761718 0.8058965773809523 1960.2146118164062 934.616455078125 2041.5036499023438 983.7679443359375 0.6592261904761905 
85 1981.3692687988282 971.7989990234375 2111.9680114746093 1068.3284423828125 0.7888067336309523 1965.7906005859375 940.8600677490234 2054.7491943359373 990.0711456298828 0.6866164434523809 
86 1984.01494140625 972.1919097900391 2110.99091796875 1066.9501190185547 0.7898065476190477 1972.3523864746094 939.5368011474609 2061.425079345703 988.8110382080079 0.6664341517857143 
87 1989.391046142578 971.5311218261719 2112.7509216308595 1064.5253967285157 0.8105701264880952 1977.7121154785157 937.3700012207031 2063.114910888672 984.8160339355469 0.6842215401785714 
88 1997.9567138671875 969.1491943359375 2109.7903564453127 1067.7143310546876 0.8026878720238095 1975.3568298339844 939.1860534667969 2068.2355773925783 994.1550109863281 0.6188383556547619 
89 1994.1839599609375 968.2540008544922 2108.1973876953125 1065.165493774414 0.8282645089285714 1986.3637145996095 937.9965942382812 2079.474786376953 993.1031372070313 0.7228422619047619 
90 1996.1404541015625 967.1731384277343 2106.3732177734373 1069.8037902832032 0.8113141741071429 1986.418310546875 931.7202423095703 2079.546044921875 986.836703491211 0.6785714285714286 
91 1996.699560546875 967.5272399902344 2099.602685546875 1068.524639892578 0.8161969866071429 1985.4125366210938 928.6087921142578 2084.5042114257812 985.777133178711 0.6565057663690477 
92 1995.0581481933593 967.9324737548828 2099.824786376953 1068.889486694336 0.8301943824404762 1988.6109985351563 928.0039611816406 2085.7583862304687 981.3396667480469 0.6886393229166666 
93 1992.1572387695312 971.0361022949219 2101.6838256835936 1069.0335998535156 0.8197079613095238 1983.7321350097657 924.402310180664 2089.415692138672 978.2048065185547 0.6814081101190477 
94 1990.5785095214844 969.0091705322266 2098.6345031738283 1067.4172821044922 0.8202892485119048 1985.086669921875 925.8165008544922 2089.283447265625 974.0557525634765 0.6985444568452381 
95 1987.2257507324218 967.372933959961 2099.1493713378904 1067.7181915283204 0.8275204613095238 1983.6631469726562 926.7004089355469 2087.8678588867188 980.7324523925781 0.6751999627976191 
96 1984.638934326172 967.3100463867188 2102.429058837891 1069.6523559570312 0.8099423363095238 1975.9494873046874 922.5259674072265 2091.8088134765626 988.1795379638672 0.6981026785714286 
97 1983.7792236328125 969.5130493164063 2095.8985107421877 1068.1007202148437 0.8189406622023809 1970.1732482910156 923.1931793212891 2084.225555419922 985.0521209716796 0.7158435639880952 
98 1974.8611206054688 968.4383728027344 2100.893518066406 1069.264385986328 0.8341936383928571 1964.942529296875 925.184701538086 2073.524267578125 987.2313751220703 0.6613188244047619 
99 1977.7391174316406 978.8321105957032 2096.0532409667967 1069.9922302246093 0.8259858630952381 1966.9968505859374 933.99814453125 2062.0358642578126 999.9436279296875 0.7005208333333334 
100 1974.0702514648438 987.0902313232422 2097.6511840820312 1077.845132446289 0.8236374627976191 1963.0043640136719 938.6678314208984 2053.7591857910156 998.5274200439453 0.7160528273809523 
101 1977.7564514160156 997.7245513916016 2103.4211608886717 1084.7233856201171 0.8315894717261905 1963.7027465820313 942.8484527587891 2056.501354980469 1002.7808807373046 0.7277250744047619 
102 1976.6325134277345 1003.9304077148438 2109.867120361328 1090.8225219726562 0.8196614583333334 1957.6944885253906 956.1026092529297 2061.965057373047 1019.8234771728515 0.7013578869047619 
103 1985.8526794433594 1012.8572479248047 2110.4570129394533 1101.0388092041017 0.8134068080357143 1960.342059326172 973.853890991211 2050.440533447266 1029.446585083008 0.7430710565476191 
104 1986.7288940429687 1016.8392517089844 2115.104846191406 1114.558087158203 0.7936197916666666 1957.4721252441407 978.5180511474609 2045.6107604980468 1037.9158477783203 0.7615559895833334 
105 1986.2596252441406 1034.514697265625 2125.8510925292967 1120.56416015625 0.8193126860119048 1949.2656311035157 975.7510162353516 2052.525018310547 1048.4149383544923 0.7876209077380952 
106 1988.2921936035157 1049.4936462402343 2135.546551513672 1132.5601867675782 0.8371465773809523 1947.7028259277345 986.3222808837891 2043.984552001953 1050.5101776123047 0.8160109747023809 
107 1993.9861389160155 1050.2233093261718 2140.130926513672 1140.1586486816407 0.8699544270833334 1945.2711669921875 992.9329254150391 2038.9536865234375 1054.7633026123046 0.8158249627976191 
108 1999.5954895019531 1045.4513854980469 2149.7247009277344 1149.2442932128906 0.8767671130952381 1942.2812866210938 995.9786682128906 2033.1000610351562 1058.9958190917969 0.7841564360119048 
109 2009.2635375976563 1056.9079833984374 2162.298229980469 1154.6288818359376 0.8801618303571429 1936.6465942382813 995.4246948242187 2030.6798217773437 1072.8638793945313 0.7929920014880952 
110 2016.6133422851562 1070.172021484375 2171.3707885742188 1160.447119140625 0.8851143973214286 1934.9831176757812 1000.5878082275391 2023.4158081054688 1079.8088592529298 0.7986653645833334 
111 2023.8086853027344 1076.9380920410156 2182.375518798828 1167.284442138672 0.9019019717261905 1929.349383544922 1002.4059844970703 2021.5394104003906 1087.2209075927735 0.8179408482142857 
112 2033.0511352539063 1084.512628173828 2188.980358886719 1172.5668395996095 0.8748372395833334 1928.204522705078 1003.3023529052734 2014.4242614746095 1085.8532257080078 0.8352632068452381 
113 2039.8842041015625 1088.3181579589843 2195.6436279296877 1176.2762023925782 0.8772553943452381 1923.6641052246093 1005.3639923095703 2011.6221496582032 1091.4897064208985 0.8364722842261905 
114 2046.2669799804687 1094.0851806640626 2205.575061035156 1181.9792724609374 0.8540504092261905 1917.665380859375 1008.7968475341797 2007.390771484375 1091.1975982666015 0.8271949404761905 
115 2053.572644042969 1099.39736328125 2213.851916503906 1186.82236328125 0.8714192708333334 1916.27041015625 1007.5589599609375 2003.69541015625 1089.5198974609375 0.8196847098214286 
116 2057.2998046875 1104.1266174316406 2218.65087890625 1191.1474304199219 0.8839983258928571 1911.0797241210937 1008.5292510986328 1998.1006958007813 1090.111312866211 0.8391694568452381 
117 2061.946630859375 1109.2769897460937 2223.648095703125 1198.3038208007813 0.8708379836309523 1908.0015747070313 1009.4887786865235 1998.8451049804687 1091.248098754883 0.8291248139880952 
118 2064.7439453125 1112.2078857421875 2230.262890625 1202.1636962890625 0.8752325148809523 1905.7988647460938 1011.0420471191406 1997.5539184570312 1090.203192138672 0.837890625 
119 2070.821423339844 1116.6985229492188 2232.979602050781 1204.9845825195312 0.8730701264880952 1907.0692260742187 1012.404428100586 1998.9588500976563 1091.6818145751954 0.8394717261904762 
120 2076.343017578125 1118.7573303222657 2236.576904296875 1206.9759460449218 0.8493768601190477 1906.5530883789063 1011.7731170654297 2001.9732788085937 1090.9898834228516 0.8359375 
121 2076.8450317382812 1122.4717834472656 2240.4638061523438 1210.574237060547 0.8624906994047619 1907.2792602539062 1014.0382263183594 2006.1697143554688 1094.948468017578 0.8460518973214286 
122 2080.3249755859374 1125.8599792480468 2243.8234619140626 1208.5075744628907 0.8380068824404762 1909.2942016601562 1017.0913757324219 2009.9086791992188 1096.1455627441405 0.8473307291666666 
123 2083.987109375 1125.7458862304688 2245.24677734375 1217.1264282226562 0.8795107886904762 1911.2186584472656 1017.4813537597656 2016.9333190917969 1103.4865417480469 0.8432152157738095 
124 2082.9736083984376 1128.7893920898437 2249.7373291015624 1220.2403930664063 0.8772088913690477 1913.4515563964844 1021.6138549804688 2019.247784423828 1109.4784301757813 0.8593982514880952 
125 2081.946240234375 1133.0904602050782 2248.276416015625 1218.9382263183593 0.8888113839285714 1918.574169921875 1024.6114135742187 2022.30693359375 1108.6705688476563 0.8365885416666666 
126 2084.5417236328126 1134.3783386230468 2249.3059326171874 1222.1332580566407 0.8904157366071429 1920.741943359375 1028.714373779297 2024.614990234375 1112.8873107910156 0.82470703125 
127 2078.6013793945312 1135.8780700683594 2249.6405639648438 1224.960919189453 0.8910667782738095 1923.323193359375 1035.6941650390625 2026.659228515625 1114.0870849609375 0.8197079613095238 
128 2082.1446044921877 1138.9626220703126 2247.4940673828123 1226.0822998046874 0.8847423735119048 1923.4281616210938 1035.2260009765625 2030.1052856445312 1120.5677001953125 0.8325892857142857 
129 2079.9862548828123 1140.3128051757812 2250.5484130859377 1230.9240112304688 0.87548828125 1921.997705078125 1041.9800170898438 2028.598974609375 1120.1542602539062 0.8263113839285714 
130 2080.8114990234376 1143.0091125488282 2248.4321533203124 1232.9949157714843 0.8806036086309523 1922.5560668945313 1045.151300048828 2026.6573120117187 1124.5504821777345 0.8433314732142857 
131 2079.385693359375 1143.9736267089843 2251.416064453125 1234.4224914550782 0.8741396949404762 1925.0222534179688 1045.8167053222655 2027.8857055664062 1123.851141357422 0.8273809523809523 
132 2078.2724853515624 1144.6173095703125 2251.7431396484376 1235.8236083984375 0.8698149181547619 1925.1615905761719 1045.432196044922 2030.6747131347656 1125.9082580566405 0.8266369047619048 
133 2082.2422607421877 1145.8453247070313 2248.8358642578123 1237.2030151367187 0.8866257440476191 1923.9164001464844 1043.5329650878907 2029.604718017578 1125.9339538574218 0.8414481026785714 
134 2078.1418212890626 1144.52314453125 2245.9656005859374 1235.57646484375 0.8722098214285714 1921.9227111816406 1046.6715576171875 2027.259051513672 1128.7981689453125 0.8311011904761905 
135 2074.3329223632813 1147.106689453125 2243.8435913085937 1236.322998046875 0.8734654017857143 1921.7731384277345 1047.939453125 2021.695245361328 1128.234130859375 0.8293108258928571 
136 2072.5208251953127 1146.335870361328 2242.1422607421873 1237.3956970214845 0.8873465401785714 1917.8703552246093 1050.2629760742188 2023.2139953613282 1128.8244262695312 0.8327985491071429 
137 2066.6785522460937 1147.0613952636718 2238.0941528320313 1238.1259826660157 0.9013206845238095 1917.9258239746093 1050.9833251953125 2021.4895812988282 1129.5489013671875 0.8164295014880952 
138 2062.955944824219 1145.7724670410157 2236.368518066406 1238.7359558105468 0.8944382440476191 1918.5601623535156 1050.3338012695312 2020.462420654297 1136.1461791992188 0.8326590401785714 
139 2061.276965332031 1145.3002075195313 2229.184216308594 1238.1851440429687 0.9081333705357143 1915.7662292480468 1049.7359008789062 2022.9411682128907 1137.2621459960938 0.8587472098214286 
140 2055.7686401367187 1146.4013977050781 2225.1593383789063 1233.7713317871094 0.8820452008928571 1921.1474975585938 1054.299542236328 2020.9989868164062 1143.4525329589844 0.8553989955357143 
141 2053.3571044921873 1144.3573120117187 2222.8211181640627 1237.1165649414063 0.9006928943452381 1926.1561218261718 1060.4486022949218 2020.6992248535157 1154.9917053222657 0.8354259672619048 
142 2044.9176879882812 1143.32587890625 2221.839880371094 1238.041796875 0.8993443080357143 1927.725762939453 1065.9310668945313 2024.2287048339845 1164.2210327148437 0.8406808035714286 
143 2038.2706176757813 1139.859326171875 2215.902478027344 1236.74931640625 0.8972749255952381 1935.8596801757812 1072.229425048828 2020.1898803710938 1169.1195739746095 0.8349609375 
144 2033.66259765625 1140.6376892089843 2211.2509765625 1237.5040344238282 0.9174107142857143 1944.1096435546874 1078.3368347167968 2024.8315185546876 1176.9970275878907 0.8473307291666666 
145 2031.8183227539062 1138.8304870605468 2205.103308105469 1238.8712951660157 0.9008091517857143 1947.1686401367188 1086.4741333007812 2020.4126586914062 1175.7961303710938 0.8351236979166666 
146 2031.3419677734375 1139.8671142578125 2198.0574462890627 1240.9605224609375 0.8848121279761905 1948.46181640625 1093.140447998047 2017.63095703125 1185.3660217285155 0.8350539434523809 
147 2028.270068359375 1141.3413696289062 2196.442333984375 1240.4743041992188 0.8794875372023809 1946.9075866699218 1089.3918762207031 2017.7168029785157 1190.2950134277344 0.8539109002976191 
148 2024.3897094726562 1142.4152038574218 2190.7379760742188 1242.2243225097657 0.8864629836309523 1943.707342529297 1087.9311584472657 2015.4998107910155 1192.9932800292968 0.8402622767857143 
149 2020.6026000976562 1146.7926635742188 2187.1412963867188 1246.7158813476562 0.8768601190476191 1939.4234497070313 1091.4371704101563 2014.8040893554687 1203.6316772460937 0.8479120163690477 
150 2020.7696655273437 1152.1595703125 2184.362414550781 1251.35947265625 0.8778831845238095 1934.421453857422 1096.0666381835938 2010.9968811035155 1205.7087524414062 0.8415643601190477 
151 2017.3928283691407 1156.3892517089844 2185.084100341797 1254.9294738769531 0.8653273809523809 1926.4989868164062 1099.1400024414063 2006.0227416992188 1209.7818725585937 0.8466099330357143 
152 2014.3443359375 1162.322088623047 2180.29873046875 1258.1309143066405 0.8615606398809523 1923.6681884765626 1100.2043884277343 1997.2356201171874 1209.7000305175782 0.8426339285714286 
153 2015.3754760742188 1163.3348266601563 2180.8737915039064 1260.5863159179687 0.8692568824404762 1914.2522277832031 1108.0156555175781 1989.3235778808594 1206.9732360839844 0.8331240699404762 
154 2013.26279296875 1165.8253234863282 2179.82021484375 1264.4001403808593 0.8824172247023809 1906.5822448730469 1103.0720092773438 1977.9640197753906 1201.6469848632812 0.8186616443452381 
155 2009.4302551269532 1169.9067993164062 2177.8381774902346 1268.5700073242188 0.8864862351190477 1894.606866455078 1110.1071166992188 1969.4547790527345 1205.3679809570312 0.8359607514880952 
156 2001.05146484375 1175.5390747070312 2177.41728515625 1273.8969604492188 0.8657691592261905 1887.7573669433593 1113.3153137207032 1960.6778137207032 1208.2814880371093 0.8398902529761905 
157 2001.1843688964843 1184.1375793457032 2174.207354736328 1277.4343200683593 0.8544921875 1880.0289978027345 1117.0683288574219 1949.577569580078 1203.5797424316406 0.8427036830357143 
158 2008.2596740722656 1188.454150390625 2171.963348388672 1279.5880859375 0.8019438244047619 1875.258740234375 1115.040789794922 1942.7654296875 1201.1116760253906 0.8376581101190477 
159 2003.071484375 1192.440985107422 2171.4265625 1287.4531799316405 0.7992699032738095 1866.964404296875 1110.9562194824218 1936.97333984375 1200.9677307128907 0.82421875 
160 1996.7078674316406 1199.4052368164062 2168.2915222167967 1290.2436889648438 0.8105933779761905 1861.9381469726563 1110.3135620117187 1934.2725463867187 1199.4698852539063 0.8258463541666666 
161 1997.0152709960937 1200.0919677734375 2166.504992675781 1294.0664794921875 0.8198474702380952 1858.8934997558595 1113.2817993164062 1927.696221923828 1198.8656616210938 0.8275437127976191 
162 1994.1504272460938 1200.0258422851562 2162.756555175781 1299.5034545898438 0.8313802083333334 1856.477001953125 1117.6682006835938 1925.605517578125 1200.2851684570312 0.8243582589285714 
163 1989.9309692382812 1202.113262939453 2159.5165405273438 1301.1781188964844 0.8087100074404762 1851.3434448242188 1117.1266784667969 1923.5432739257812 1202.7589416503906 0.8470052083333334 
164 1986.3991943359374 1205.96123046875 2154.2902587890626 1299.98017578125 0.8042457217261905 1850.0200134277343 1118.2058044433593 1923.8919738769532 1200.4725402832032 0.8440522693452381 
165 1981.4745666503907 1208.4361511230468 2149.104901123047 1303.9853576660157 0.8018740699404762 1848.9821533203126 1114.8855346679688 1924.4157958984374 1205.4059692382812 0.8526553199404762 
166 1977.5236450195312 1210.0340942382813 2147.552282714844 1302.6238647460937 0.7751116071428571 1848.351141357422 1115.3074890136718 1925.7898498535155 1209.5808166503907 0.8497721354166666 
167 1973.6096618652343 1208.8935485839843 2143.446124267578 1306.4232238769532 0.7852027529761905 1846.976171875 1118.7366638183594 1926.008935546875 1212.9033508300781 0.8484002976190477 
168 1968.0793090820312 1213.7436157226562 2140.875524902344 1306.0134643554688 0.7885974702380952 1848.7737365722655 1118.0540832519532 1925.944891357422 1212.0014587402343 0.8445405505952381 
169 1960.8910217285156 1215.4324523925782 2138.540496826172 1308.4080017089843 0.8069893973214286 1849.9718322753906 1122.2016357421876 1926.3444519042969 1215.1770263671874 0.8450520833333334 
170 1959.5800903320312 1215.5849304199219 2137.4138061523436 1308.6566467285156 0.8135928199404762 1850.0162780761718 1123.53583984375 1924.8061096191407 1216.60771484375 0.8538876488095238 
171 1960.227850341797 1216.8236022949218 2135.0935607910155 1311.7507385253907 0.8194754464285714 1850.0559143066407 1123.4976867675782 1924.9984069824218 1216.7595153808593 0.8532598586309523 
172 1960.1591064453125 1217.0435974121094 2136.9102294921877 1313.756329345703 0.8119419642857143 1848.56748046875 1123.986260986328 1925.270654296875 1215.6967224121095 0.8537016369047619 
173 1958.3709289550782 1218.8381408691407 2136.0908630371096 1315.1722351074218 0.8214750744047619 1848.8770141601562 1123.5899536132813 1923.6190795898438 1214.9412963867187 0.8585611979166666 
174 1957.3989562988281 1219.3863037109375 2136.8543395996094 1317.4220458984375 0.8333565848214286 1847.8596923828125 1123.9068298339844 1924.2943603515625 1218.6194152832031 0.8555385044642857 
175 1956.6593383789063 1220.2207275390624 2136.1485229492187 1318.2748779296876 0.8368210565476191 1848.5695678710938 1124.9150268554688 1923.3567016601562 1217.9834106445312 0.8545619419642857 
176 1956.3812194824218 1220.784326171875 2133.7961486816407 1316.95322265625 0.8321707589285714 1849.6260620117187 1122.9575073242188 1924.2399047851563 1215.8100708007812 0.8494931175595238 
177 1956.2644165039062 1219.850732421875 2132.1557495117186 1317.7525390625 0.8355654761904762 1850.7040100097656 1123.4168334960937 1923.7155456542969 1216.3404907226563 0.8442150297619048 
178 1953.2406921386719 1220.028985595703 2132.7833557128906 1318.1124938964845 0.8440522693452381 1850.4256774902344 1123.2243957519531 1923.572735595703 1217.9830017089844 0.8577241443452381 
179 1952.373779296875 1220.4271911621095 2132.279052734375 1320.374688720703 0.8415876116071429 1850.6325073242188 1125.0927429199219 1923.9273071289062 1218.3771057128906 0.8535388764880952 
180 1951.8528747558594 1219.6684265136719 2130.091094970703 1321.2809143066406 0.8397042410714286 1848.4464782714845 1126.0004943847657 1923.406427001953 1217.6182800292968 0.8535853794642857 
181 1948.4869079589844 1219.4397094726562 2126.617218017578 1320.9904663085938 0.8377046130952381 1848.985040283203 1124.1637451171875 1923.8996032714845 1219.0554931640625 0.8521437872023809 
182 1944.0287963867188 1219.8637145996095 2125.2946899414064 1321.306085205078 0.8457728794642857 1849.0465148925782 1127.6318481445312 1922.2180114746093 1219.0961791992188 0.8483537946428571 
183 1945.1605407714844 1219.0252380371094 2119.6003234863283 1322.0278625488281 0.8395879836309523 1849.5060913085938 1125.6072814941406 1922.6047485351562 1218.641864013672 0.8537713913690477 
184 1940.8039306640626 1218.6712768554687 2117.4128662109374 1321.9708129882813 0.8392624627976191 1848.9109924316406 1126.0732849121093 1922.220233154297 1221.0423156738282 0.8518647693452381 
185 1941.202978515625 1218.280322265625 2116.209130859375 1323.28388671875 0.8351004464285714 1849.0844299316407 1125.8413208007812 1922.4203308105468 1220.8444702148438 0.8514694940476191 
186 1942.3869873046874 1217.9595886230468 2113.7375244140626 1324.4299377441407 0.8405412946428571 1848.5855834960937 1126.077862548828 1923.4476196289063 1219.2393981933594 0.8508649553571429 
187 1942.275567626953 1219.2909301757813 2113.7887634277345 1322.5320678710937 0.8332403273809523 1848.3851379394532 1125.4646423339843 1923.3181091308593 1220.3797180175782 0.8566313244047619 
188 1943.3587341308594 1219.8852783203124 2114.862091064453 1324.7853759765626 0.84130859375 1849.6657592773438 1126.44853515625 1922.9294555664062 1219.69306640625 0.8578171502976191 
189 1948.6310302734375 1220.5132934570313 2114.7434814453127 1323.5030639648437 0.8306129092261905 1847.81337890625 1127.1069091796876 1924.2251953125 1220.1299072265624 0.8562825520833334 
190 1944.4669311523437 1220.8532958984374 2116.451281738281 1323.3825439453126 0.8261486235119048 1848.8706604003905 1125.3206909179687 1923.286932373047 1217.9276000976563 0.8561895461309523 
191 1942.1571472167968 1223.0399780273438 2118.9855529785154 1323.8486938476562 0.8318917410714286 1848.4672790527343 1125.9178161621094 1922.8343566894532 1220.1162414550781 0.8524925595238095 
192 1941.8446716308595 1222.741278076172 2121.436212158203 1324.1773010253905 0.8304036458333334 1847.7638793945312 1126.6777954101562 1922.5935424804688 1218.1364135742188 0.8588634672619048 
193 1946.356378173828 1219.9942260742187 2120.7006286621095 1324.6007446289063 0.8333798363095238 1846.5395446777343 1126.8189697265625 1922.9188293457032 1219.8026123046875 0.8609095982142857 
194 1947.7012023925781 1223.4581237792968 2119.6409606933594 1322.6540588378907 0.8290318080357143 1849.967791748047 1126.2969665527344 1921.0582092285156 1218.8799133300781 0.8503534226190477 
195 1947.0334411621093 1222.3003234863281 2119.189337158203 1323.2764587402344 0.8330310639880952 1848.9859497070313 1125.0169677734375 1921.8211791992187 1219.3717041015625 0.8581891741071429 
196 1943.2277770996093 1223.2290893554687 2119.090704345703 1324.4332641601563 0.8280784970238095 1847.7029113769531 1124.6413513183593 1922.3616638183594 1217.5499328613282 0.8494466145833334 
197 1944.4931884765624 1222.218682861328 2118.8652099609376 1323.5204528808595 0.8291248139880952 1847.4068603515625 1124.8129943847657 1922.1378173828125 1217.8113952636718 0.8477027529761905 
198 1945.2009765625 1223.1407348632813 2117.50556640625 1324.2039916992187 0.8247535342261905 1848.3433044433593 1126.1555236816407 1921.2415344238282 1217.2781921386718 0.8595842633928571 
199 1947.3679504394531 1223.2918395996094 2116.6670837402344 1324.5393371582031 0.83154296875 1848.6740661621093 1124.6617797851563 1921.7049621582032 1217.6101928710937 0.8536551339285714 
200 1946.963397216797 1223.6317443847656 2118.219830322266 1325.0553894042969 0.8341238839285714 1846.8187377929687 1124.8299926757813 1921.6395141601563 1217.9402709960937 0.8516322544642857 
201 1945.8968444824218 1224.5972900390625 2116.7927307128907 1325.8074951171875 0.8361932663690477 1848.707208251953 1124.7273803710937 1921.7111267089845 1217.6415161132813 0.8570963541666666 
202 1949.584423828125 1224.289013671875 2115.413134765625 1325.44462890625 0.8400995163690477 1847.8548767089844 1127.215509033203 1922.477764892578 1218.4213317871095 0.86328125 
203 1948.334490966797 1226.2638916015626 2114.004986572266 1325.6662841796874 0.8376116071428571 1848.1673828125 1126.3517822265626 1921.06259765625 1219.1272216796874 0.8651413690476191 
204 1949.5906188964843 1225.2527954101563 2114.888507080078 1326.0843627929687 0.8283342633928571 1848.3774780273438 1124.2940246582032 1921.1086059570312 1218.5137145996093 0.8716052827380952 
205 1950.907373046875 1225.4145263671876 2114.612158203125 1326.2832275390624 0.82373046875 1848.1943664550781 1126.0723815917968 1920.9519958496094 1217.0195373535157 0.8654203869047619 
206 1950.6562194824219 1225.6326782226563 2115.8341369628906 1326.3912475585937 0.8226376488095238 1848.0554077148438 1126.2084533691407 1922.3855102539062 1218.7079284667968 0.8628627232142857 
207 1950.4556945800782 1224.9820251464844 2113.9924255371093 1325.7471008300781 0.8277064732142857 1849.1187438964844 1124.2804931640626 1921.8017883300781 1216.7861572265624 0.8694893973214286 
208 1950.5208801269532 1226.0748046875 2115.8222595214843 1326.90859375 0.8273344494047619 1847.843310546875 1125.3045776367187 1922.228955078125 1217.8734008789063 0.8681175595238095 
209 1949.5703125 1225.926953125 2114.66650390625 1324.98466796875 0.8224748883928571 1846.8296020507812 1125.0912719726562 1922.7739135742188 1217.5452026367188 0.8697916666666666 
210 1950.3796142578126 1225.679949951172 2113.6267333984374 1324.6175354003906 0.8226376488095238 1847.7636596679688 1124.9666442871094 1921.9668090820312 1217.3083801269531 0.8629789806547619 
211 1953.0937255859376 1224.8326354980468 2114.5635009765624 1325.3393615722657 0.8249395461309523 1847.834033203125 1127.304296875 1921.978466796875 1216.277490234375 0.8628162202380952 
212 1950.623291015625 1225.3173034667968 2113.561279296875 1325.7135803222657 0.8241257440476191 1848.2013732910157 1125.1742614746095 1922.2640808105468 1215.695489501953 0.8585611979166666 
213 1948.5299499511718 1224.5650634765625 2116.4398986816404 1324.9818115234375 0.8180106026785714 1848.1130615234374 1125.667724609375 1920.5448974609376 1216.20751953125 0.8549107142857143 
214 1947.4906066894532 1225.278564453125 2116.7465759277343 1325.517578125 0.8257765997023809 1848.705126953125 1123.8386535644531 1921.008740234375 1215.8614196777344 0.8526553199404762 
215 1949.5508178710938 1223.5868408203125 2118.956750488281 1325.5593994140625 0.8255208333333334 1846.692529296875 1122.246844482422 1920.704931640625 1214.3511779785156 0.8515625 
216 1949.3701171875 1222.7188720703125 2120.3505859375 1323.0054931640625 0.8324032738095238 1846.7437744140625 1122.495343017578 1920.7257080078125 1214.5619079589844 0.8572823660714286 
217 1946.4139709472656 1222.688232421875 2123.841278076172 1322.90185546875 0.83203125 1845.6948303222657 1121.0845336914062 1921.2657409667968 1214.7267456054688 0.8635370163690477 
218 1948.4889831542969 1220.271466064453 2127.5746154785156 1323.7796813964844 0.8231956845238095 1846.6868774414063 1117.5847045898438 1922.2642944335937 1212.8779418945312 0.865234375 
219 1949.50478515625 1221.545458984375 2128.58359375 1323.40693359375 0.8129417782738095 1847.7066162109375 1117.7884643554687 1923.2811767578125 1209.7923461914063 0.8575148809523809 
220 1952.7141662597655 1221.0215637207032 2129.886297607422 1322.7314880371093 0.8264508928571429 1848.354345703125 1117.6081665039062 1923.816552734375 1207.8347045898438 0.8581891741071429 
221 1956.3635314941407 1221.17265625 2129.786737060547 1322.608837890625 0.8208240327380952 1850.6484130859376 1115.520458984375 1925.9074951171874 1205.50419921875 0.86181640625 
222 1957.2976318359374 1221.1722595214844 2131.4030517578126 1323.007550048828 0.8141276041666666 1851.1666137695313 1118.3894348144531 1926.7218139648437 1202.1570739746094 0.8415411086309523 
223 1956.7093383789063 1219.573193359375 2130.875378417969 1323.086962890625 0.8189174107142857 1851.805438232422 1116.56513671875 1927.3868225097656 1203.647998046875 0.8472842261904762 
224 1955.5069274902344 1220.0688171386719 2131.713897705078 1322.1700744628906 0.8165457589285714 1852.8990173339844 1117.714306640625 1930.2983703613281 1206.641162109375 0.8368210565476191 
225 1955.0915100097657 1216.611328125 2130.834149169922 1321.728515625 0.8217075892857143 1855.6597290039062 1116.2953063964844 1929.5702514648438 1214.842510986328 0.8389601934523809 
226 1952.2532043457031 1213.249578857422 2130.0899353027344 1320.2810607910155 0.82421875 1857.1281677246093 1119.3912658691406 1926.2869934082032 1216.5429382324219 0.8312639508928571 
227 1949.1396484375 1212.7662414550782 2126.9501953125 1316.4890075683593 0.8088727678571429 1856.5617309570312 1124.8741333007813 1925.7102416992188 1222.0113647460937 0.8375883556547619 
228 1948.4026977539063 1205.004345703125 2130.687390136719 1313.38994140625 0.8225678943452381 1858.0813293457031 1120.9360778808593 1925.4117126464844 1224.3950988769532 0.8394949776785714 
229 1956.0568542480469 1204.3999938964844 2133.1302795410156 1309.3323059082031 0.8238699776785714 1856.2956237792969 1125.1332458496095 1925.1573791503906 1228.425958251953 0.8264276413690477 
230 1956.4578552246094 1202.7655883789062 2133.413848876953 1309.2668823242188 0.8239629836309523 1858.211981201172 1134.5794738769532 1925.3897033691405 1231.2499938964843 0.8372860863095238 
231 1959.3435974121094 1205.3101806640625 2138.019805908203 1310.2210693359375 0.8262648809523809 1856.0089050292968 1135.2645874023438 1924.8566955566407 1235.2576293945312 0.8307989211309523 
232 1957.8420043945312 1207.8041015625 2136.928747558594 1314.598974609375 0.8360305059523809 1856.6079650878905 1136.523211669922 1927.256903076172 1236.7461975097656 0.8487025669642857 
233 1962.4727416992187 1210.8666381835938 2138.2745727539063 1319.3052368164062 0.8381463913690477 1857.2569702148437 1138.321484375 1926.2632934570313 1240.188037109375 0.8550269717261905 
234 1965.5430541992187 1213.0632751464843 2138.0885375976563 1319.8770324707032 0.8252185639880952 1857.212353515625 1138.672802734375 1927.873828125 1243.843310546875 0.8584216889880952 
235 1964.83671875 1214.0787231445313 2139.24873046875 1321.0294311523437 0.8281017485119048 1855.1013916015625 1136.491845703125 1927.4989501953125 1246.73349609375 0.8673502604166666 
236 1960.6028869628906 1216.281427001953 2138.4262878417967 1321.6583923339845 0.8341703869047619 1854.9726867675781 1135.9188903808595 1927.4192810058594 1246.235284423828 0.8737909226190477 
237 1961.9183166503906 1216.9927062988281 2136.5298034667967 1322.4185485839844 0.8291015625 1854.401788330078 1134.9456909179687 1928.5292419433595 1248.6077758789063 0.86767578125 
238 1961.0270935058593 1217.8201782226563 2137.575567626953 1325.0692260742187 0.8250558035714286 1854.6031127929687 1134.3690002441406 1930.5023559570313 1249.867938232422 0.8708844866071429 
239 1958.7626342773438 1220.4688293457032 2140.3357543945312 1326.1111267089843 0.8321475074404762 1853.9456787109375 1135.7135192871094 1931.5267333984375 1249.609356689453 0.8679547991071429 
240 1960.235369873047 1221.4862426757813 2138.836041259766 1327.3235717773437 0.8333798363095238 1856.3061157226562 1138.0375610351562 1932.3767456054688 1250.4897827148438 0.8606770833333334 
241 1957.0081481933594 1221.3331359863282 2138.718536376953 1327.0554138183593 0.8343331473214286 1855.9238891601562 1136.5137756347656 1933.5636596679688 1250.495623779297 0.8672805059523809 
242 1958.5021606445312 1222.071600341797 2138.522009277344 1326.1196838378905 0.8345424107142857 1859.281689453125 1139.6208435058593 1930.2986328125 1253.5782531738282 0.8648856026785714 
243 1957.5858093261718 1221.5617431640626 2139.5837463378907 1327.4514404296874 0.8392624627976191 1857.9959777832032 1139.8535888671875 1932.4497009277343 1258.9794189453125 0.8760695684523809 
244 1955.7911987304688 1222.822265625 2137.7705688476562 1328.701171875 0.8212658110119048 1856.0206909179688 1137.8135803222656 1932.1211547851562 1263.544940185547 0.8756045386904762 
245 1957.9861877441406 1222.69189453125 2138.0947448730467 1328.44384765625 0.8250093005952381 1857.0644165039062 1139.0564758300782 1931.4211791992188 1264.6367614746093 0.8801385788690477 
246 1959.6862365722657 1222.8387023925782 2139.332684326172 1328.3191345214843 0.8235677083333334 1856.2976379394531 1139.6079162597657 1932.1116638183594 1263.2178894042968 0.8723725818452381 
247 1958.4346923828125 1222.6987182617188 2139.6761474609375 1328.1482055664062 0.8210332961309523 1855.2664916992187 1138.9220031738282 1931.0584594726563 1267.4387145996093 0.8848121279761905 
248 1958.0733825683594 1222.9649841308594 2139.3813293457033 1328.453350830078 0.8251488095238095 1854.8672912597656 1139.1576538085938 1930.687030029297 1267.7214965820312 0.8864164806547619 
249 1957.09482421875 1223.4421630859374 2140.11806640625 1327.3202880859376 0.8270321800595238 1855.309521484375 1139.223565673828 1931.15703125 1269.4833435058595 0.8846958705357143 
250 1958.0022521972655 1224.1593383789063 2140.842840576172 1327.9336791992187 0.8232189360119048 1855.241473388672 1141.6720336914063 1929.3660705566406 1268.5074096679687 0.8823474702380952 
251 1958.0742614746093 1223.0357727050782 2139.419024658203 1328.5454040527343 0.8240327380952381 1855.0374328613282 1141.9378784179687 1929.2239196777343 1268.8792602539063 0.8832775297619048 
252 1957.8913330078126 1222.937890625 2139.2356201171874 1328.44736328125 0.8228236607142857 1854.8547119140626 1140.5720703125 1929.0410400390624 1267.513134765625 0.87841796875 
253 1957.8902099609375 1224.5101501464844 2140.5687744140623 1328.192608642578 0.8203822544642857 1855.2206298828125 1142.2859252929688 1929.2793701171875 1267.3630004882812 0.8811151413690477 
254 1955.4044494628906 1224.8327941894531 2139.750701904297 1326.8816833496094 0.8259161086309523 1855.2546447753907 1142.0288635253905 1930.9683776855468 1270.412908935547 0.8822544642857143 
255 1955.3161376953126 1225.281689453125 2137.9172607421874 1327.2751953125 0.8177548363095238 1854.841326904297 1142.7126892089843 1932.1587951660156 1269.3819152832032 0.8771623883928571 
256 1954.6306518554688 1224.7969177246093 2139.099572753906 1328.5606262207032 0.8241257440476191 1855.1112182617187 1144.8518798828125 1935.8162719726563 1271.6742431640625 0.8666294642857143 
257 1953.736016845703 1226.7729187011719 2136.5988220214845 1327.2650451660156 0.8218470982142857 1855.271484375 1142.8182434082032 1935.99462890625 1268.0214782714843 0.8605375744047619 
258 1954.8083435058593 1225.1590576171875 2137.571173095703 1328.8892822265625 0.8174293154761905 1854.7510864257813 1139.9837524414063 1938.7232788085937 1268.4117553710937 0.8625139508928571 
259 1957.8582641601563 1225.9427673339844 2137.432507324219 1328.085919189453 0.8067103794642857 1856.285400390625 1143.6327087402344 1938.658935546875 1267.192852783203 0.8708147321428571 
260 1953.0200744628905 1226.3034606933593 2137.796697998047 1328.5907043457032 0.8150111607142857 1856.9514587402343 1142.4179748535157 1939.4409973144532 1267.8021179199218 0.8640020461309523 
261 1952.1112365722656 1225.8031127929687 2138.583953857422 1328.1155883789063 0.8165922619047619 1857.2882263183594 1143.3566284179688 1941.448468017578 1267.1216430664062 0.8639555431547619 
262 1953.2656494140624 1226.873797607422 2138.1493896484376 1329.2200744628906 0.8121047247023809 1857.1413818359374 1144.5904663085937 1939.6786865234376 1266.7457153320313 0.8646995907738095 
263 1953.2769775390625 1226.6663818359375 2136.7147216796875 1329.1270751953125 0.8196149553571429 1856.8544799804688 1144.100341796875 1939.4841430664062 1268.044677734375 0.8658389136904762 
264 1953.0788635253907 1226.7556701660155 2137.508905029297 1328.850897216797 0.8132440476190477 1857.000634765625 1143.4075256347655 1940.98203125 1265.263006591797 0.8698614211309523 
265 1953.5552185058593 1226.4519653320312 2137.826251220703 1330.1044311523438 0.8142206101190477 1856.1041564941406 1144.6309326171875 1941.6586608886719 1266.3815185546875 0.8766043526785714 
266 1954.5537536621093 1226.3005615234374 2138.881915283203 1329.9850830078126 0.8167782738095238 1857.262451171875 1144.4543518066407 1941.197509765625 1266.2425476074218 0.8725353422619048 
267 1951.1037475585938 1227.2281311035156 2138.5713012695314 1329.184344482422 0.8093377976190477 1856.4211975097655 1144.8789611816405 1943.577215576172 1269.857489013672 0.8782784598214286 
268 1956.1775939941406 1226.8896240234376 2138.9585144042967 1328.9834228515624 0.8110816592261905 1857.1872192382812 1144.2393310546875 1942.8142456054688 1271.0331298828125 0.8820917038690477 
269 1949.9218444824219 1226.0988403320312 2139.1319885253906 1329.7532104492188 0.8107328869047619 1856.6455932617187 1144.7828186035156 1943.8468383789063 1273.116717529297 0.8771391369047619 
270 1950.0830139160157 1226.0549682617188 2137.807489013672 1329.7975708007812 0.8078497023809523 1857.8041564941407 1147.3930725097657 1945.0795104980468 1274.1895690917968 0.8780691964285714 
271 1952.4077941894532 1227.292987060547 2138.7859313964846 1329.5535705566406 0.8038736979166666 1857.0619323730468 1150.8514221191406 1946.1276428222657 1277.852313232422 0.8824172247023809 
272 1952.6747436523438 1226.8000549316407 2137.5105590820312 1329.1199890136718 0.8057338169642857 1858.3526123046875 1151.7740600585937 1947.4698974609375 1277.1983520507813 0.8826264880952381 
273 1951.123028564453 1226.4108947753907 2137.690325927734 1328.7752624511718 0.8064546130952381 1858.2203186035156 1151.3520935058593 1947.376483154297 1276.8311340332032 0.8809291294642857 
274 1948.3215881347655 1226.8326782226563 2139.718817138672 1329.1311889648437 0.8061988467261905 1858.3977600097655 1153.2816467285156 1949.146551513672 1277.0299987792969 0.8802548363095238 
275 1948.9494201660157 1228.2540771484375 2138.637860107422 1328.8714111328125 0.8014787946428571 1860.3224182128906 1153.2669311523437 1949.3935241699219 1276.9767211914063 0.8779529389880952 
276 1950.5025207519532 1227.2004943847655 2138.7278259277346 1329.568670654297 0.8048037574404762 1858.8664672851562 1153.5995788574219 1949.6769897460938 1277.4320373535156 0.8858584449404762 
277 1949.0133361816406 1226.9039001464844 2137.384002685547 1329.3511047363281 0.8160342261904762 1860.0392761230469 1154.3264587402343 1949.2674865722656 1279.9070617675782 0.8846028645833334 
278 1950.8580993652345 1228.195574951172 2137.571710205078 1330.6402404785156 0.8106863839285714 1858.9630187988282 1154.539727783203 1949.8413024902343 1278.4645446777345 0.8818824404761905 
279 1948.548291015625 1227.4569274902344 2138.548876953125 1329.892071533203 0.8025483630952381 1859.584716796875 1153.617120361328 1950.45458984375 1279.1828063964845 0.8823009672619048 
280 1950.5502624511719 1228.007550048828 2140.2237854003906 1331.9156677246094 0.8059663318452381 1859.392803955078 1153.2166625976563 1948.4569274902344 1278.5660522460937 0.8773484002976191 
281 1951.3132629394531 1228.3638977050782 2139.1348571777344 1330.5124450683593 0.8062220982142857 1860.2538940429688 1153.4633056640625 1947.5744750976562 1278.6778076171875 0.8790922619047619 
282 1948.6694274902343 1228.0890075683594 2139.817510986328 1330.254376220703 0.8119419642857143 1858.8626953125 1154.4437316894532 1949.49326171875 1279.6787048339843 0.8808128720238095 
283 1948.883966064453 1226.8798095703125 2139.9098571777345 1330.6265380859375 0.8105003720238095 1859.1346374511718 1154.9283874511718 1949.7072814941407 1278.4364807128907 0.8794177827380952 
284 1949.803778076172 1226.9505737304687 2139.4785705566405 1330.8594848632813 0.8035249255952381 1859.9144592285156 1154.8868347167968 1948.9792175292969 1278.5878967285157 0.8784644717261905 
285 1948.7136474609374 1227.76240234375 2139.8371337890626 1329.914599609375 0.8099888392857143 1860.3761901855469 1154.1266296386718 1949.3473205566406 1279.3454162597657 0.8800920758928571 
286 1948.6106018066407 1228.1725463867188 2139.750115966797 1330.3333129882812 0.8068963913690477 1858.8081176757812 1154.530694580078 1949.4345581054688 1279.7599548339845 0.8756742931547619 
287 1951.209228515625 1227.14833984375 2139.328369140625 1331.108984375 0.7967122395833334 1859.815234375 1155.04853515625 1948.924267578125 1278.811328125 0.8743954613095238 
288 1952.8185119628906 1227.7756958007812 2136.441131591797 1330.3395385742188 0.8017810639880952 1859.352978515625 1155.3065124511718 1948.68291015625 1279.3757385253907 0.8716285342261905 
289 1951.0478210449219 1227.8091735839844 2137.8585510253906 1330.3071594238281 0.8035481770833334 1859.2957824707032 1155.386785888672 1948.5681091308593 1279.3760314941405 0.8718610491071429 
290 1950.6502319335937 1227.0676391601562 2139.1410278320313 1331.2336303710938 0.8038039434523809 1858.8848937988282 1154.8255126953125 1949.8234802246093 1278.8326904296875 0.8714192708333334 
291 1950.5259399414062 1226.7800048828126 2138.9196166992188 1330.8923583984374 0.8056640625 1858.8078979492188 1154.5752014160157 1949.6996704101562 1278.5184265136718 0.8730701264880952 
292 1950.9163757324218 1228.138818359375 2137.6687072753907 1330.60458984375 0.8032924107142857 1860.4641479492188 1154.4676696777344 1949.7087036132812 1278.418194580078 0.8722563244047619 
293 1951.0258361816407 1228.6804504394531 2137.521405029297 1329.3550720214844 0.7976655505952381 1860.6979064941406 1154.9200561523437 1949.8197937011719 1278.7003051757813 0.8668619791666666 
294 1950.5295532226562 1227.3868041992187 2137.3134643554686 1329.8700317382813 0.8002232142857143 1860.0620178222657 1156.436962890625 1949.3216491699218 1278.7556640625 0.8658621651785714 
295 1950.0646240234375 1227.469219970703 2138.5652587890627 1329.9872009277344 0.8055013020833334 1859.7572692871095 1156.3045166015625 1949.047052001953 1280.3180419921875 0.8695591517857143 
296 1948.9301513671876 1226.6850158691407 2138.7739501953124 1330.6864440917968 0.8046875 1860.2304992675781 1155.826885986328 1949.3746032714844 1279.6380798339844 0.8663969494047619 
297 1949.940167236328 1228.1557189941407 2138.227679443359 1330.5575378417968 0.8057105654761905 1861.196063232422 1155.6104736328125 1948.7332580566406 1281.1353759765625 0.8650018601190477 
298 1950.303173828125 1228.6674682617188 2138.183642578125 1330.8479125976562 0.7990606398809523 1860.4831665039062 1156.2789916992188 1947.8310424804688 1281.5325317382812 0.8706984747023809 
299 1950.3934265136718 1227.210626220703 2138.3327697753907 1329.4232849121095 0.8000837053571429 1860.5453063964844 1155.8774536132812 1947.920635986328 1282.8188354492188 0.8671409970238095 
