0 1556.0705444335938 426.2292251586914 1750.0095336914062 558.215446472168 0.8462379092261905 1270.8602355957032 210.4307548522949 1386.6848083496093 398.98246841430665 0.7994326636904762 
1 1559.0452819824218 425.5626815795898 1749.1936096191407 559.4699417114258 0.8482840401785714 1274.543963623047 203.07064361572264 1395.0604064941406 390.54077606201173 0.8140113467261905 
2 1559.4285705566406 424.7574996948242 1748.722186279297 558.0628433227539 0.8431919642857143 1280.3076293945312 198.240877532959 1400.2824584960938 392.86674270629885 0.8060593377976191 
3 1560.5560974121095 425.95807495117185 1750.910089111328 560.7922912597656 0.8505161830357143 1283.7697204589845 197.5738098144531 1405.384942626953 390.57175903320314 0.8076636904761905 
4 1562.7591552734375 426.5325302124023 1750.0277099609375 558.4117141723633 0.8467261904761905 1288.957696533203 200.20754470825196 1405.0114196777345 376.92567977905276 0.8009672619047619 
5 1559.6664306640625 425.81698150634764 1749.7825439453125 560.4825485229492 0.8504231770833334 1291.6555480957031 199.24162750244142 1410.4781188964844 378.7957565307617 0.8102213541666666 
6 1564.0293029785157 427.69866333007815 1748.1768737792968 559.2327331542969 0.8442615327380952 1294.080987548828 201.0554344177246 1415.0922302246095 385.2030647277832 0.8131045386904762 
7 1562.056982421875 425.9510955810547 1746.222802734375 560.1290435791016 0.8510974702380952 1296.4330932617188 203.6365852355957 1414.8254516601562 387.8024253845215 0.8179175967261905 
8 1560.3145324707032 422.96300048828124 1745.7976501464843 558.8098266601562 0.8616071428571429 1296.2572265625 204.52296524047853 1419.041845703125 387.3936454772949 0.8263346354166666 
9 1563.8125854492187 423.07569732666013 1746.3651489257813 558.6861129760742 0.86474609375 1296.2026611328124 200.70269317626952 1416.1657470703126 385.86307220458986 0.8417271205357143 
10 1561.2869384765625 419.59725189208984 1746.4664794921875 560.4380569458008 0.8634440104166666 1298.2637634277344 196.0977996826172 1415.6311340332031 378.66916809082034 0.8358909970238095 
11 1557.65927734375 418.39305114746094 1743.954736328125 557.4586944580078 0.8691871279761905 1296.7851684570312 183.75765151977538 1417.4836303710938 362.1814811706543 0.8235444568452381 
12 1558.2683959960937 412.1065200805664 1744.2867797851563 553.5853439331055 0.8633510044642857 1298.0842407226562 181.64913635253907 1415.9833862304688 346.7077972412109 0.8206845238095238 
13 1541.4997924804688 408.676953125 1738.5465942382812 547.9232666015625 0.8600957961309523 1297.9703735351563 173.2314010620117 1416.1983276367187 338.75062408447263 0.8207542782738095 
14 1533.9318603515626 400.8182830810547 1731.0786376953124 537.5067291259766 0.8394484747023809 1303.0173095703126 163.53436965942382 1416.0481201171874 323.88047103881837 0.8307989211309523 
15 1517.3085510253907 383.9272521972656 1728.5250671386718 527.3458801269531 0.8055245535714286 1304.0861511230469 148.23931655883788 1416.2135314941406 317.734056854248 0.8324730282738095 
16 1429.9321533203124 369.4339599609375 1726.1791748046876 514.958740234375 0.7614397321428571 1304.9967529296875 138.5532569885254 1419.3377197265625 310.06464767456055 0.8165225074404762 
17 1436.565985107422 354.6249755859375 1713.9844299316405 503.6089111328125 0.7738095238095238 1311.5893310546876 126.11044158935547 1422.0429931640624 303.34997711181643 0.8112676711309523 
18 1414.282275390625 327.28446807861326 1692.459423828125 516.9507308959961 0.8399135044642857 1318.7683471679688 115.53915557861328 1430.0392700195312 302.67651214599607 0.7777855282738095 
19 1401.8708618164062 308.920556640625 1677.7822143554688 492.0253662109375 0.8220098586309523 1326.4293334960937 99.0928279876709 1436.7938110351563 294.73908882141114 0.7801804315476191 
20 1393.7224365234374 289.0343978881836 1667.7177490234376 501.319026184082 0.8083379836309523 1337.1385498046875 86.52853317260742 1443.2808837890625 276.59733657836915 0.7684151785714286 
21 1375.1034851074219 274.63221435546876 1651.6446838378906 426.36278076171874 0.8446335565476191 1339.429833984375 76.49769439697266 1452.004248046875 264.937272644043 0.7908528645833334 
22 1384.442559814453 260.92559509277345 1641.0048278808595 410.99029846191405 0.8057570684523809 1347.7641967773438 66.26966934204101 1454.2616821289062 257.4811698913574 0.7654854910714286 
23 1372.541845703125 241.70189971923827 1628.594873046875 399.64114837646486 0.8201962425595238 1348.8878295898437 60.384744262695314 1458.9666625976563 242.25414123535157 0.7775995163690477 
24 1383.0020141601562 239.6638931274414 1630.9494018554688 389.862809753418 0.8263113839285714 1353.9342102050782 51.59432792663574 1456.4509216308593 242.32309913635254 0.7707403273809523 
25 1398.6736206054688 240.1923049926758 1622.9201293945312 380.94273529052737 0.8317289806547619 1355.824639892578 44.297827148437506 1458.4054626464845 244.6882568359375 0.7639741443452381 
26 1415.1291198730469 243.6766815185547 1617.7899475097656 377.19447326660156 0.8088262648809523 1356.9901733398438 44.408748626708984 1459.5127563476562 251.83815383911133 0.7474655877976191 
27 1419.7337219238282 236.19287338256837 1618.1057556152343 372.4242683410645 0.7957589285714286 1355.1111389160155 39.01588325500488 1460.272283935547 258.8981105804443 0.7572312127976191 
28 1423.3341247558594 233.37529983520508 1617.559552001953 372.4502464294434 0.8015020461309523 1354.2578430175781 40.072198486328126 1459.7630310058594 255.8781494140625 0.7615559895833334 
29 1428.9052490234376 237.22871627807618 1616.1401611328124 371.65380630493166 0.7965262276785714 1355.2299743652343 42.05384407043457 1460.8497375488282 267.695934677124 0.7627185639880952 
30 1429.541571044922 236.33703689575196 1617.9182678222655 373.996932220459 0.7931082589285714 1354.0235595703125 45.26654624938965 1472.3629150390625 277.114839553833 0.7567894345238095 
31 1429.2187133789062 236.43768386840821 1620.0962280273438 374.1594688415527 0.7710890997023809 1347.7193908691406 56.43288955688477 1487.8573913574219 288.3853935241699 0.7723446800595238 
32 1436.406640625 236.9660888671875 1616.491552734375 373.8306030273437 0.7506510416666666 1351.9053527832032 63.06875991821289 1495.9731872558593 298.3796501159668 0.7769949776785714 
33 1437.4283935546875 243.68737182617187 1620.9905517578125 374.80328979492185 0.7454659598214286 1362.5180541992188 70.76107978820801 1496.0178344726562 302.0018825531006 0.7643694196428571 
34 1436.712908935547 247.99786376953125 1623.5814025878906 380.4615478515625 0.7589750744047619 1368.9344360351563 76.14080429077148 1496.6673706054687 310.3176460266113 0.7750418526785714 
35 1432.9416809082031 258.4666778564453 1628.9993591308594 388.3843963623047 0.7659970238095238 1370.5266235351562 89.57365608215332 1493.3578979492188 297.4419918060303 0.7849237351190477 
36 1430.841552734375 270.64239501953125 1637.933837890625 401.56280517578125 0.7764369419642857 1369.135009765625 112.07305908203125 1476.251708984375 300.12237548828125 0.7667410714285714 
37 1421.2682067871094 287.2783477783203 1651.269024658203 413.1735565185547 0.7939220610119048 1356.5513244628905 130.74737396240235 1453.393865966797 322.01126251220705 0.7788318452380952 
38 1435.864276123047 306.08471527099607 1660.7806213378906 424.7218948364258 0.8047340029761905 1342.60849609375 147.0462387084961 1436.5296875 342.3032791137695 0.8114769345238095 
39 1444.0348327636718 315.6082138061523 1673.4630920410157 439.1465774536133 0.7848539806547619 1329.1265869140625 162.78525390625 1445.1014404296875 367.0017333984375 0.7933640252976191 
40 1440.0537841796875 328.82957763671874 1682.4098388671875 443.49268798828126 0.7706240699404762 1309.3538391113282 176.58020935058593 1416.1990173339843 377.2406524658203 0.7867606026785714 
41 1452.1414916992187 333.6417999267578 1700.8340942382813 456.6510467529297 0.7812965029761905 1283.9808532714844 183.58285827636718 1385.597149658203 394.8378570556641 0.7902948288690477 
42 1461.4370361328124 345.43310394287107 1716.0148681640626 460.40371856689455 0.7547898065476191 1255.2899841308595 186.03241882324218 1362.048516845703 405.0240997314453 0.7958519345238095 
43 1484.8111083984375 347.3479522705078 1729.2523681640625 465.35413513183596 0.7536737351190477 1231.7244384765625 192.70796432495118 1346.9210693359375 414.67199478149416 0.7958286830357143 
44 1506.5888610839843 353.5529449462891 1737.3780578613282 468.9475433349609 0.7762509300595238 1209.22587890625 205.2043083190918 1324.620556640625 433.108634185791 0.78955078125 
45 1534.4681396484375 358.90305480957034 1745.9561767578125 470.52174987792966 0.7818080357142857 1186.1680725097656 232.82362518310546 1283.100115966797 438.43702545166013 0.7913876488095238 
46 1539.2646789550781 364.5247329711914 1759.5132751464844 470.1234298706055 0.7827613467261905 1163.8672302246093 251.61541442871095 1278.5171691894532 450.74432678222655 0.8385649181547619 
47 1555.2765380859375 365.88900604248045 1770.7134521484375 481.8934951782227 0.7622535342261905 1142.1220275878907 262.24981689453125 1248.1832702636718 481.00115966796875 0.7228422619047619 
48 1557.2013610839845 368.5067199707031 1787.177423095703 485.1612487792969 0.7679734002976191 1125.5796142578124 264.28678741455076 1252.2331298828126 484.26390228271487 0.7324683779761905 
49 1569.2690673828124 367.02489318847654 1799.6115478515626 487.2035614013672 0.7775297619047619 1114.8755676269532 268.9302978515625 1255.0840270996093 482.581298828125 0.7584402901785714 
50 1577.43544921875 367.6760498046875 1808.917333984375 488.4492553710937 0.7914341517857143 1120.4068420410156 278.3864410400391 1264.663836669922 479.6751434326172 0.7515345982142857 
51 1593.2003540039063 370.5888870239258 1817.8308959960937 491.2859603881836 0.7889229910714286 1138.652099609375 280.32397003173827 1279.46533203125 468.07498626708986 0.7530691964285714 
52 1604.4042419433595 369.86216888427737 1833.799493408203 494.68022003173826 0.7900390625 1158.1992736816405 277.2217849731445 1296.511053466797 462.76207122802737 0.7904808407738095 
53 1619.0977478027344 370.7197830200195 1848.7043762207031 498.94168548583986 0.8126395089285714 1181.2165222167969 275.06944427490237 1309.4383850097656 456.96562042236326 0.8549572172619048 
54 1635.6695190429687 372.3613876342773 1863.9823364257813 504.0802932739258 0.8106398809523809 1203.9241760253906 271.71460418701173 1329.788836669922 456.1211196899414 0.8376348586309523 
55 1652.7327758789063 371.79076232910154 1877.2484252929687 504.19739685058596 0.7980375744047619 1224.0718017578124 270.93585815429685 1344.9648193359376 452.2753845214844 0.8558872767857143 
56 1665.437548828125 374.14488677978517 1894.071240234375 502.4028121948242 0.7978050595238095 1242.593896484375 265.0827697753906 1362.487158203125 446.3167663574219 0.8702799479166666 
57 1676.7148010253907 377.64220428466797 1902.9530456542968 503.02725982666016 0.7852260044642857 1270.2617248535157 268.61175231933595 1384.7437683105468 448.51202697753905 0.8732561383928571 
58 1696.0380615234376 376.346257019043 1914.4939208984374 501.9583999633789 0.7771577380952381 1294.8353759765625 274.3651611328125 1404.0633056640625 446.39918212890626 0.8549107142857143 
59 1713.4904846191407 379.79473571777345 1924.5489440917968 501.5592071533203 0.7797154017857143 1315.622509765625 275.72252349853517 1421.15166015625 451.60453338623046 0.8374720982142857 
60 1722.7674377441406 382.3248718261719 1928.771258544922 500.7770568847656 0.7971772693452381 1338.7882751464845 283.58167419433596 1439.215020751953 450.9597686767578 0.8595377604166666 
61 1726.6574829101562 379.4718643188477 1930.0214721679688 501.49020233154295 0.7886672247023809 1353.7585144042969 283.6561981201172 1450.3563537597656 456.51549377441404 0.8406575520833334 
62 1731.7465698242188 380.8320907592773 1933.0932739257812 499.12332305908205 0.79638671875 1362.5461975097655 285.6763519287109 1458.185858154297 456.82114562988284 0.8357282366071429 
63 1730.8294250488282 382.57900085449216 1931.6802185058593 500.57883605957034 0.8145693824404762 1366.1115783691407 283.50550231933596 1464.0262390136718 456.7393096923828 0.8437732514880952 
64 1726.8428344726562 381.30863494873046 1929.6393432617188 496.4769790649414 0.7875279017857143 1368.9158447265625 285.7843902587891 1469.0621826171875 461.0405609130859 0.8520972842261905 
65 1722.6352783203124 383.6305328369141 1925.7399658203126 493.9590667724609 0.8031296502976191 1369.9505126953125 287.3823959350586 1470.2491943359375 462.9050491333008 0.8532366071428571 
66 1719.7827392578124 377.6065979003906 1922.2018798828126 495.0596618652344 0.7803896949404762 1372.7099548339843 290.2376983642578 1467.6720031738282 465.1677581787109 0.8371698288690477 
67 1716.1711303710938 378.7649398803711 1915.7246215820312 491.01383819580076 0.7819475446428571 1370.7899108886718 292.8993682861328 1470.5666564941407 467.5087127685547 0.8440987723214286 
68 1714.5679260253905 374.68192291259766 1913.636297607422 489.14623260498047 0.7672061011904762 1371.9407104492188 291.22637329101565 1471.4748168945312 465.4111389160156 0.8474934895833334 
69 1707.7992797851562 372.3094787597656 1909.0806030273438 489.1023864746094 0.7586030505952381 1373.859442138672 291.4528381347656 1470.7727600097655 462.91477661132814 0.8506789434523809 
70 1707.4005065917968 369.7047088623047 1908.7238830566407 486.5219757080078 0.76025390625 1373.3911743164062 292.65504760742186 1470.3246459960938 464.15269165039064 0.8470052083333334 
71 1710.8083068847657 371.42763061523436 1904.7496765136718 483.3168151855469 0.7732514880952381 1373.8976318359375 289.66247406005857 1470.8682373046875 463.71231231689455 0.8551432291666666 
72 1706.544189453125 371.0820938110352 1908.031494140625 485.50704803466795 0.7569289434523809 1372.262548828125 291.4821517944336 1469.275048828125 465.60705108642577 0.8583286830357143 
73 1706.5559143066407 370.86848907470704 1907.9341979980468 485.2313949584961 0.7623000372023809 1372.4556396484375 289.1123641967773 1469.4154541015625 465.62906036376955 0.8546549479166666 
74 1708.5304565429688 372.2103668212891 1912.2029418945312 486.46571960449216 0.7518368675595238 1371.209698486328 291.10433807373045 1468.0782653808594 462.4873672485352 0.8653506324404762 
75 1717.2009582519531 370.09007720947267 1916.2261657714844 487.0174362182617 0.7577427455357143 1373.5953796386718 288.56628265380857 1465.6444885253907 465.20120391845705 0.8652808779761905 
76 1722.7105834960937 369.76875762939454 1917.5845825195313 487.1928207397461 0.7542317708333334 1373.513330078125 288.47516479492185 1463.45517578125 460.86370239257815 0.8680710565476191 
77 1722.2149291992187 372.11873931884764 1922.3981079101563 487.22400360107423 0.7547200520833334 1373.3381958007812 285.9822631835938 1460.9183959960938 463.6447509765625 0.8680943080357143 
78 1727.501446533203 371.1931549072266 1925.2469665527344 483.83302917480466 0.7587425595238095 1369.942071533203 282.5253845214844 1462.5570739746095 462.7491516113281 0.8723493303571429 
79 1731.458966064453 372.5227966308594 1929.3695251464844 482.7514343261719 0.7732282366071429 1367.8199951171875 279.6377914428711 1460.5122802734375 460.01195831298827 0.8773949032738095 
80 1730.8625 370.98326873779297 1935.19609375 487.02457427978516 0.7559291294642857 1367.5057434082032 276.09330291748046 1458.3205505371093 457.7231948852539 0.8779529389880952 
81 1734.1916564941407 369.09242858886716 1936.7252136230468 488.08091125488284 0.7426292782738095 1367.87861328125 278.3418472290039 1453.95537109375 458.09037322998046 0.87451171875 
82 1736.5486267089843 373.84007568359374 1934.4544250488282 485.4793212890625 0.7802734375 1362.4009399414062 274.789533996582 1453.7421264648438 449.8601547241211 0.8717680431547619 
83 1735.068865966797 370.7202117919922 1936.7083557128906 493.23529357910155 0.7497674851190477 1358.6884338378907 270.5876953125 1453.1271179199218 444.1507080078125 0.8700474330357143 
84 1732.2695556640624 369.29744720458984 1941.8710693359376 491.99109649658203 0.7466982886904762 1358.4865295410157 269.31392059326174 1450.5067565917968 440.5738052368164 0.8682570684523809 
85 1732.4224609375 371.8540786743164 1938.033837890625 490.08064422607424 0.7702520461309523 1355.6989868164062 267.0713577270508 1450.7941772460938 436.70076751708984 0.8672572544642857 
86 1735.3623840332032 373.27197418212893 1934.6548278808593 488.24838104248045 0.7772042410714286 1354.3678649902345 266.55025177001954 1448.903985595703 437.7373764038086 0.8675130208333334 
87 1734.0607604980469 367.8669372558594 1935.9440002441406 490.5301574707031 0.7431408110119048 1355.2593566894532 265.6475860595703 1449.8122985839843 439.42046813964845 0.8670014880952381 
88 1731.061572265625 367.80225372314453 1936.56123046875 489.5798568725586 0.7453729538690477 1359.7763671875 268.27248229980466 1451.109619140625 440.79075012207034 0.8597237723214286 
89 1731.2392578125 368.69389190673826 1930.6953125 489.88243255615237 0.7641136532738095 1361.167431640625 269.3542114257813 1452.05888671875 443.5627807617187 0.8680245535714286 
90 1735.1458618164063 372.21746826171875 1925.8697631835937 482.63653564453125 0.7808547247023809 1364.5084411621094 272.3190948486328 1454.851300048828 445.47625427246095 0.8746744791666666 
91 1729.1067749023437 370.19238128662107 1924.9894165039063 485.7128616333008 0.7865280877976191 1364.2901000976562 274.9555969238281 1457.2086791992188 445.7250061035156 0.8646530877976191 
92 1727.9314880371094 370.67954711914064 1924.1177062988281 483.8639709472656 0.7962239583333334 1362.2587646484376 274.7146270751953 1457.8366943359374 448.2640716552734 0.8688616071428571 
93 1728.1402648925782 369.0543212890625 1924.4404235839843 482.304443359375 0.7800409226190477 1362.2551635742188 277.1959060668945 1457.8886352539062 448.3293930053711 0.8708379836309523 
94 1730.2937561035155 369.41844177246094 1923.966619873047 480.08863830566406 0.7769484747023809 1362.6830322265625 272.58204193115233 1455.7466552734375 451.1634719848633 0.8712565104166666 
95 1732.5664367675781 370.1774963378906 1921.2481384277344 480.87078247070315 0.7857607886904762 1360.1376953125 273.6111892700195 1455.736572265625 449.71409759521487 0.8738141741071429 
96 1728.987286376953 366.75826263427734 1922.8321716308594 485.0791702270508 0.7768322172619048 1360.759619140625 275.4517425537109 1456.4232421875 446.63938293457034 0.8799990699404762 
97 1728.502880859375 367.40672454833987 1924.952685546875 485.78031768798826 0.7792038690476191 1360.6922729492187 271.60354766845705 1453.8799926757813 447.90466156005857 0.8878813244047619 
98 1727.6348205566405 372.17273712158203 1922.789862060547 486.22444915771484 0.7848074776785714 1354.9684509277345 265.43204193115236 1451.278741455078 442.84582061767577 0.8883231026785714 
99 1732.2576293945312 368.25022277832034 1926.1166381835938 488.13674011230466 0.7741350446428571 1354.1540100097657 260.33274993896487 1440.8802917480468 431.23478546142576 0.8730003720238095 
100 1733.2942321777343 368.7681289672852 1923.9922668457032 484.7331832885742 0.7639741443452381 1344.7616760253907 245.86502990722656 1432.3798034667968 413.3700775146484 0.8510509672619048 
101 1731.7469970703125 368.18921356201173 1924.3482177734375 481.63924713134764 0.7737630208333334 1328.6847839355469 222.57131958007812 1426.3045959472656 401.9806823730469 0.8351702008928571 
102 1729.1105712890626 365.85093688964844 1930.1294189453124 483.7820587158203 0.7619047619047619 1311.0941955566407 201.73703384399414 1418.3043640136718 383.99421310424805 0.8473074776785714 
103 1732.0352844238282 366.275456237793 1932.2836853027343 488.04806060791014 0.7309105282738095 1294.4866088867188 188.19605865478516 1408.1410766601562 355.97163543701174 0.8438895089285714 
104 1737.841748046875 368.70705261230466 1929.492724609375 486.43552551269534 0.7624860491071429 1283.355157470703 178.63560485839844 1398.3456481933595 337.43214416503906 0.8364025297619048 
105 1736.6945556640626 374.41743621826174 1926.9699951171874 487.47962799072263 0.7540457589285714 1281.6883972167968 169.29342193603514 1389.2353088378907 331.9926193237305 0.8413318452380952 
106 1736.4034484863282 378.53682403564454 1923.7819763183593 488.7594711303711 0.7841796875 1279.2973388671876 164.45049743652345 1386.7644287109374 329.78448791503905 0.8464936755952381 
107 1724.1381225585938 375.9627487182617 1924.6716918945312 491.3381851196289 0.7676246279761905 1282.71083984375 165.28634872436524 1389.8453125 330.1083808898926 0.8404482886904762 
108 1719.9085815429687 375.8165283203125 1919.2068969726563 490.48138427734375 0.7804594494047619 1287.8152648925782 167.90774230957032 1391.5596130371093 337.1748992919922 0.8440057663690477 
109 1719.0799255371094 375.1976806640625 1917.3196105957031 486.53779296875 0.7724841889880952 1293.4600341796875 177.37583770751954 1396.6532470703125 337.59691009521487 0.8480980282738095 
110 1715.46123046875 371.19960021972656 1917.793408203125 492.5989227294922 0.7516741071428571 1299.1758666992187 178.82841415405272 1404.3885864257813 348.78744583129884 0.8478422619047619 
111 1714.7969543457032 368.4640609741211 1924.0044372558593 494.52498321533204 0.6881975446428571 1301.5400512695312 188.45074691772462 1408.8259155273438 354.7438484191895 0.8433082217261905 
112 1715.1170532226563 372.51931915283205 1917.5682495117187 487.06408538818357 0.7710425967261905 1303.4524780273437 190.96890411376953 1415.3334106445313 369.44567718505857 0.8380068824404762 
113 1715.9571899414063 373.4280639648438 1913.7054077148437 482.99130859375 0.7734375 1309.154962158203 201.27198333740233 1416.0458435058595 377.64204864501954 0.8272879464285714 
114 1710.3534606933595 371.46558532714846 1909.492608642578 476.5668243408203 0.7775530133928571 1312.7132568359375 210.9415283203125 1417.8145751953125 379.65667724609375 0.8309384300595238 
115 1714.8615478515626 371.4409484863281 1911.8210693359374 483.2287292480469 0.7974795386904762 1315.8242614746093 214.91759643554687 1422.2888977050782 387.9224914550781 0.8337518601190477 
116 1711.71923828125 370.2058502197266 1909.8232421875 477.51210632324216 0.7860863095238095 1311.913525390625 226.2842224121094 1416.468310546875 388.6193420410156 0.8419828869047619 
117 1710.888739013672 370.0446441650391 1915.8042541503905 480.5912200927734 0.7540225074404762 1313.501776123047 226.62447204589844 1421.3521057128905 393.79245910644534 0.841796875 
118 1715.8178588867188 372.6599365234375 1916.3996704101562 482.3112548828125 0.7648111979166666 1313.4201782226562 228.34395523071288 1417.7226440429688 394.1581657409668 0.8441452752976191 
119 1712.8346252441406 369.88109283447267 1915.1764831542969 485.89042205810546 0.7798084077380952 1310.7449645996094 231.76976470947267 1418.6606750488281 393.6432907104492 0.84619140625 
120 1719.0833923339844 371.2766860961914 1913.302471923828 482.25898895263674 0.7438848586309523 1308.5556335449219 232.86896209716798 1416.7633361816406 396.56783599853514 0.8475864955357143 
121 1715.5919677734375 369.5351364135742 1915.7849853515625 483.53392486572267 0.7324451264880952 1309.4313232421875 233.2927391052246 1415.0886962890625 397.33972244262696 0.8411458333333334 
122 1716.6814697265625 370.49962615966797 1913.0170166015625 483.87650299072266 0.7619047619047619 1310.290185546875 238.08478012084962 1415.37119140625 392.940991973877 0.8404947916666666 
123 1718.9894470214845 370.7651306152344 1916.198907470703 483.06500854492185 0.7514183407738095 1307.7148071289062 236.8691032409668 1417.2756713867188 395.73235244750975 0.8420991443452381 
124 1716.5449951171875 368.3774383544922 1915.9940673828125 481.9526397705078 0.7454892113095238 1309.7625122070312 239.6731216430664 1415.0272827148438 397.57031707763673 0.8274739583333334 
125 1715.2701843261718 369.756901550293 1913.6203186035157 485.46114654541014 0.7665550595238095 1312.8482177734375 239.64258422851563 1417.5331298828125 399.4246765136719 0.8319382440476191 
126 1715.6587890625 370.08766479492186 1914.12587890625 481.55552368164064 0.75830078125 1311.9277282714843 239.27504119873046 1420.6768859863282 396.9612564086914 0.8363327752976191 
127 1714.7220581054687 368.8113418579102 1914.6710083007813 483.85043182373045 0.76318359375 1310.0836853027345 243.9749542236328 1419.644708251953 400.0994476318359 0.82373046875 
128 1713.8693237304688 367.98168182373047 1918.7256469726562 486.58267974853516 0.7246791294642857 1314.5239379882812 243.0566635131836 1422.3430053710938 402.08985137939453 0.8343796502976191 
129 1717.1500061035156 370.35799407958984 1917.409197998047 487.84339141845703 0.7468843005952381 1317.761279296875 246.9161804199219 1419.226025390625 401.7832824707031 0.8340308779761905 
130 1714.1809631347655 369.3147964477539 1916.994451904297 485.5945358276367 0.7412109375 1313.234130859375 245.7545608520508 1421.4013671875 405.3011947631836 0.8341471354166666 
131 1715.2849365234374 369.7599838256836 1917.4184326171876 484.484309387207 0.7262602306547619 1312.0688354492188 247.36634826660156 1421.3300903320312 403.0636444091797 0.8200102306547619 
132 1714.6775390625 372.2337173461914 1915.975048828125 487.644303894043 0.74560546875 1316.7278137207031 242.78389587402344 1424.0865173339844 406.5058990478516 0.8362862723214286 
133 1711.6540405273438 372.5004623413086 1916.8696411132812 494.00963897705077 0.74755859375 1313.9971557617187 245.2792999267578 1419.3050903320313 407.29156188964845 0.8353794642857143 
134 1709.8090698242188 372.5256607055664 1906.6108520507812 486.17175750732423 0.7767857142857143 1310.9815979003906 243.7409698486328 1416.3122253417969 401.73675231933595 0.8434244791666666 
135 1705.1234558105468 373.1170654296875 1909.6403381347657 491.521484375 0.7842726934523809 1315.030584716797 243.9486083984375 1419.9800354003905 405.4091796875 0.8397739955357143 
136 1702.966326904297 369.3024139404297 1906.5291564941406 484.8380889892578 0.7791573660714286 1312.0282958984376 248.79406127929687 1419.3113037109374 400.09076538085935 0.8375186011904762 
137 1704.6948974609375 373.668603515625 1905.5912353515625 489.9770263671875 0.7931780133928571 1317.4407653808594 249.73506622314454 1420.5322570800781 400.40735931396483 0.8404947916666666 
138 1701.6194091796874 369.0970062255859 1905.1906494140626 485.42344055175784 0.7814127604166666 1316.3390808105469 248.60155487060547 1422.0902404785156 404.5846939086914 0.8445638020833334 
139 1704.5165466308595 369.7505279541016 1902.928887939453 480.8614105224609 0.7893415178571429 1316.3407958984376 250.9066635131836 1422.1606689453124 404.34550323486326 0.8445870535714286 
140 1705.4235229492188 367.9398727416992 1905.1985473632812 482.47757720947266 0.78125 1316.9379333496095 248.2797836303711 1420.820977783203 405.4361282348633 0.8404017857142857 
141 1705.2559143066405 369.1576812744141 1909.316717529297 483.1137420654297 0.7806919642857143 1312.3215698242188 252.14374389648438 1423.6274047851562 408.5020690917969 0.8437732514880952 
142 1709.1174377441407 366.99383850097655 1909.8196960449218 484.7391326904297 0.7695545014880952 1309.3599914550782 255.01234588623046 1424.4291931152343 415.5740493774414 0.8345424107142857 
143 1719.164080810547 364.6578109741211 1915.3636291503906 483.9683181762695 0.7769717261904762 1312.8965393066405 260.745458984375 1424.252996826172 414.5234619140625 0.8438895089285714 
144 1723.0935974121094 364.95450286865236 1923.0185852050781 482.7185623168945 0.6691080729166666 1309.7606384277344 266.36130981445314 1422.047344970703 416.98976440429686 0.8307059151785714 
145 1735.6272583007812 368.9318374633789 1917.8573608398438 480.44575653076174 0.7739490327380952 1308.2968322753907 273.1094055175781 1422.5306823730468 417.2615051269531 0.8272181919642857 
146 1740.1492065429688 366.72612915039065 1928.5536743164062 481.40717163085935 0.7602074032738095 1309.3601135253907 275.35936584472654 1426.7716003417968 417.3454071044922 0.8367280505952381 
147 1751.7956909179688 368.5468032836914 1936.1789184570312 481.37833709716796 0.7891555059523809 1308.513623046875 276.1434616088867 1426.849169921875 419.2468887329102 0.8496558779761905 
148 1760.8480834960938 361.6219680786133 1943.9192504882812 483.6695053100586 0.7593238467261905 1312.2379760742188 278.30108032226565 1425.9641723632812 419.7652648925781 0.8369605654761905 
149 1775.645770263672 366.58084869384766 1950.1744201660156 485.7035446166992 0.8179175967261905 1311.408221435547 276.0135040283203 1427.7606018066406 422.8391571044922 0.8563523065476191 
150 1777.48154296875 364.43578033447267 1967.338037109375 490.07609100341796 0.8212193080357143 1313.686181640625 276.27276611328125 1428.158544921875 421.4571533203125 0.8588634672619048 
151 1796.2041931152344 361.5259643554688 1982.5039367675781 488.5484375 0.8376116071428571 1311.1303405761719 279.55848083496096 1429.6847229003906 420.69457092285154 0.8565615699404762 
152 1815.9540222167968 361.6285064697266 2003.3036682128907 495.0441009521484 0.8561197916666666 1313.1890197753905 279.85412445068357 1429.572821044922 421.7856155395508 0.8607700892857143 
153 1842.3746398925782 357.570622253418 2026.5983825683593 495.7384292602539 0.8446568080357143 1314.1707092285155 276.86206817626953 1432.189031982422 423.6653060913086 0.85595703125 
154 1876.3047973632813 351.6661346435547 2051.334118652344 497.5239288330078 0.8663039434523809 1310.1520751953126 277.61522674560547 1432.6726318359374 423.47306060791016 0.8473772321428571 
155 1914.9808166503906 348.7242919921875 2085.3076354980467 498.13367919921876 0.8412388392857143 1309.068292236328 277.81227416992186 1431.5839294433595 424.23350219726564 0.8452845982142857 
156 1970.0250305175782 338.43794708251954 2124.9797302246093 490.35438079833983 0.8595377604166666 1307.435693359375 281.0602600097656 1432.007177734375 423.8617370605469 0.8371930803571429 
157 2033.847216796875 330.663916015625 2170.452587890625 489.0019165039063 0.8951590401785714 1309.2657409667968 277.52632598876954 1433.4523986816407 420.3410140991211 0.8558175223214286 
158 2105.1407958984373 317.25769805908203 2223.3220947265627 485.19942474365234 0.8839053199404762 1305.3841735839844 279.1000015258789 1429.785382080078 425.27148895263673 0.8379371279761905 
159 2182.7765258789063 311.6897933959961 2288.8741088867187 483.31847686767577 0.8533296130952381 1307.2301208496094 278.9243225097656 1428.930401611328 422.46831665039065 0.8478655133928571 
160 2277.3758911132813 309.94922943115233 2365.7444702148437 474.0627639770508 0.8798130580357143 1301.9197875976563 275.7184310913086 1428.1610229492187 420.89579620361326 0.8422619047619048 
161 2340.561486816406 319.92996978759766 2443.939733886719 466.6602096557617 0.8799525669642857 1301.9063659667968 280.0408905029297 1425.2932189941407 416.76678771972655 0.8532366071428571 
162 2388.772912597656 321.17882232666017 2508.553503417969 479.7118942260742 0.8919270833333334 1301.2632873535156 274.8383728027344 1428.089617919922 412.23370971679685 0.8498651413690477 
163 2423.7237548828125 328.09360961914064 2552.7049560546875 490.24147338867186 0.8820452008928571 1288.5472351074218 281.3201965332031 1428.5839904785157 406.61626586914065 0.8299386160714286 
164 2460.7274169921875 329.2624908447266 2586.5411376953125 519.8896697998047 0.8990652901785714 1288.8101623535156 278.08643341064453 1429.874285888672 403.90035247802734 0.8307059151785714 
165 2467.69775390625 330.9843994140625 2609.37109375 556.8962158203125 0.9242001488095238 1286.5939575195312 274.7273284912109 1428.2676147460938 401.0848052978516 0.8315894717261905 
166 2471.654638671875 341.4924346923828 2618.159814453125 572.8163421630859 0.9291062127976191 1282.4126953125 272.9849914550781 1428.91787109375 404.06853637695315 0.8400530133928571 
167 2474.303857421875 348.40902252197264 2615.747412109375 585.4226119995117 0.9298037574404762 1286.736151123047 269.15942535400393 1424.3569885253905 402.9574264526367 0.8431454613095238 
168 2475.7486206054687 359.78112335205077 2612.7853149414063 591.9823959350585 0.9353841145833334 1280.1902404785155 272.08344116210935 1424.840155029297 401.5070739746094 0.8522135416666666 
169 2474.6320068359373 367.7537246704102 2606.5750244140627 590.1721481323242 0.9348725818452381 1281.488916015625 267.99890594482423 1424.741552734375 399.9420425415039 0.8613048735119048 
170 2476.6309448242187 366.4707427978516 2604.9840454101563 589.2011932373047 0.9303617931547619 1284.7179748535157 266.57596588134766 1424.3964050292968 398.70421600341797 0.8559337797619048 
171 2477.6749267578125 368.82404174804685 2606.5989990234375 588.7533508300781 0.9344540550595238 1282.939715576172 265.1305587768555 1427.0313537597656 397.84652252197264 0.8677222842261905 
172 2477.908984375 371.99958953857424 2606.35126953125 587.3296646118164 0.9246186755952381 1283.8585571289063 259.1038589477539 1434.9673706054687 395.10179901123047 0.8639322916666666 
173 2477.3669555664064 375.13326568603514 2609.5610229492186 582.8667037963867 0.9137369791666666 1289.3640747070312 259.35455322265625 1444.2199096679688 387.7716064453125 0.8532598586309523 
174 2473.878698730469 375.49196472167966 2610.556115722656 582.3550201416016 0.9254557291666666 1300.6132080078125 256.14795379638673 1459.4544189453125 389.13131256103514 0.8697684151785714 
175 2468.696398925781 375.0613647460938 2607.201306152344 579.1737426757812 0.9272925967261905 1316.638739013672 253.2387680053711 1477.0127502441405 395.38845977783205 0.8967866443452381 
176 2467.06123046875 371.00974731445314 2606.05205078125 584.8418151855469 0.9200148809523809 1343.3463806152345 255.45818939208985 1503.720391845703 401.5767532348633 0.9101097470238095 
177 2457.5125122070312 361.3868576049805 2601.7645874023438 584.6340469360351 0.9326869419642857 1378.7925537109375 272.7484786987305 1529.9137451171875 417.0005142211914 0.9007859002976191 
178 2451.741418457031 358.1511703491211 2591.244177246094 584.0128005981445 0.927734375 1419.1396545410157 273.0698013305664 1561.9639831542968 439.14452362060547 0.9014601934523809 
179 2444.0091918945313 353.54797210693357 2574.6468139648437 574.387971496582 0.9362676711309523 1472.9591430664063 290.98062286376955 1600.4864135742187 452.7225936889648 0.9086449032738095 
180 2428.5115356445312 347.867903137207 2553.0223999023438 544.7689071655274 0.9349655877976191 1535.440985107422 292.5173538208008 1639.6826721191405 486.52271575927733 0.9283389136904762 
181 2414.05224609375 343.30123138427734 2542.1923828125 532.8420486450195 0.9290829613095238 1595.7204284667969 308.59654541015624 1697.1647033691406 514.1549194335937 0.9437779017857143 
182 2400.2213623046873 346.4382720947266 2527.1116455078127 524.0844940185547 0.9106910342261905 1667.1868530273437 317.25354766845703 1768.6988891601563 527.8911972045898 0.9222237723214286 
183 2385.591455078125 342.5287033081055 2517.139013671875 517.0822280883789 0.8895089285714286 1749.3565307617187 333.77185974121096 1863.1957153320313 533.6229766845703 0.8880905877976191 
184 2368.57568359375 341.1338638305664 2503.431640625 516.701188659668 0.865234375 1825.6283264160156 347.49500885009763 1950.3066101074219 535.7846237182617 0.8486560639880952 
185 2355.166857910156 342.2243118286133 2490.808972167969 523.0803451538086 0.8701171875 1876.4587768554688 356.32955169677734 2024.6603637695312 532.1618118286133 0.8255440848214286 
186 2344.733544921875 344.27369537353513 2482.603369140625 523.9971481323242 0.8837890625 1926.0100524902343 364.63226013183595 2098.347491455078 532.0459014892579 0.83544921875 
187 2338.3063354492188 349.2514053344727 2476.2266235351562 528.3058151245117 0.8719075520833334 1972.1942260742187 371.6797439575195 2153.668322753906 533.7965438842773 0.8523530505952381 
188 2332.0872192382812 355.63063049316406 2472.0800170898438 533.5875701904297 0.8841843377976191 2005.5590087890625 382.0960235595703 2207.2437255859377 536.3254241943359 0.8591657366071429 
189 2331.267297363281 358.5579772949219 2472.433142089844 529.8085388183594 0.8703031994047619 2036.9191284179688 385.08223724365234 2245.1968383789062 542.4475784301758 0.8516787574404762 
190 2330.0059814453125 361.37723541259766 2468.9847412109375 527.6963424682617 0.8694661458333334 2063.7025634765623 391.6967407226563 2277.8667724609377 553.4591430664062 0.8459588913690477 
191 2326.3487548828125 358.0889190673828 2467.9364013671875 531.1403900146485 0.8764183407738095 2082.9356079101562 401.91365203857424 2296.4406127929688 554.7383560180664 0.8380068824404762 
192 2324.3666870117186 357.99742279052737 2462.8303344726564 529.9603103637695 0.8729306175595238 2091.761608886719 404.98231506347656 2310.623400878906 556.8456268310547 0.8617001488095238 
193 2323.9391845703126 357.6957534790039 2463.8777099609374 526.510758972168 0.8630952380952381 2095.748388671875 407.3321594238281 2317.873193359375 560.5983825683594 0.8550269717261905 
194 2324.28232421875 357.9859161376953 2462.09755859375 529.1437225341797 0.8634905133928571 2101.8283203125 409.62393646240236 2315.22001953125 562.9991409301758 0.8592354910714286 
195 2323.5492553710938 358.3165283203125 2463.2722778320312 529.089111328125 0.8626302083333334 2101.5961181640623 411.8002593994141 2316.7251708984377 562.6123992919922 0.85205078125 
196 2325.6125366210936 356.8268569946289 2467.0278442382814 529.1767135620117 0.8690941220238095 2103.2913818359375 413.51192474365234 2315.4141845703125 565.9752883911133 0.8729771205357143 
197 2325.5657592773437 357.8811950683594 2465.3129028320313 530.9016418457031 0.8704659598214286 2104.3418090820314 416.7491165161133 2312.8537475585936 567.5874008178711 0.8694428943452381 
198 2329.6733642578124 361.6876251220703 2467.7240966796876 528.6843841552734 0.86376953125 2105.64072265625 416.8393753051758 2314.94326171875 566.0231430053711 0.8671642485119048 
199 2328.455078125 361.2736297607422 2468.662109375 530.4124053955078 0.8699311755952381 2107.2735107421877 418.36653594970704 2309.7948486328123 567.4757186889649 0.8546316964285714 
200 2330.6809936523437 364.82238311767577 2467.9715942382813 526.471043395996 0.8674665178571429 2105.6674682617186 422.8217178344727 2318.2463500976564 568.9698776245117 0.8419131324404762 
201 2331.5630737304687 364.57343139648435 2471.3990844726563 526.6057678222656 0.8573753720238095 2106.527685546875 424.4178436279297 2317.391748046875 570.9127838134766 0.8528645833333334 
202 2332.168176269531 366.32595977783205 2472.134313964844 526.2874130249023 0.8563290550595238 2107.1796142578123 426.2260543823242 2316.0181396484377 570.6356704711914 0.8434942336309523 
203 2333.2349365234377 363.756982421875 2471.3275634765623 530.8046020507812 0.8737676711309523 2106.906701660156 427.7490600585937 2320.727819824219 574.7509399414063 0.8527483258928571 
204 2333.396130371094 364.19000244140625 2471.833117675781 531.6538696289062 0.8649786086309523 2107.9640869140626 428.3415557861328 2324.5505615234374 575.7097747802734 0.8460984002976191 
205 2332.90400390625 362.5957092285156 2470.96806640625 531.8358093261719 0.8643043154761905 2107.5645751953125 428.28756256103514 2328.0218505859375 577.4860885620117 0.8414015997023809 
206 2333.163293457031 364.1480773925781 2473.865759277344 529.4177185058594 0.8579566592261905 2109.9116943359377 429.7748992919922 2324.3158447265623 577.1775543212891 0.8430292038690477 
207 2334.921594238281 364.5345458984375 2471.440954589844 530.1480712890625 0.86181640625 2110.4308837890626 430.5561584472656 2327.5188232421874 576.0274597167969 0.8430059523809523 
208 2334.761767578125 363.1349105834961 2471.957470703125 531.8181228637695 0.8629557291666666 2111.148303222656 429.74315948486327 2327.062878417969 575.9352767944335 0.8378441220238095 
209 2335.342236328125 364.78845367431643 2472.346240234375 533.2359298706054 0.8625604538690477 2111.7823974609373 431.56274871826173 2329.6409423828127 575.304591369629 0.8388904389880952 
210 2335.2708984375 365.7495422363281 2471.687109375 533.4744567871094 0.8618396577380952 2110.9495361328127 430.2591278076172 2327.8737060546873 575.6206939697265 0.8324265252976191 
211 2335.102258300781 366.0515960693359 2471.386755371094 531.3803497314453 0.8610723586309523 2112.7161376953127 432.2174697875977 2329.4308349609373 575.2044967651367 0.8365652901785714 
212 2334.981823730469 368.09862060546874 2471.203479003906 531.1181762695312 0.8590029761904762 2112.6978515625 430.28311920166016 2329.312890625 575.4375534057617 0.8350074404761905 
213 2335.2077392578126 368.20973815917966 2471.3567138671874 531.1422515869141 0.8595610119047619 2112.7849609375 432.3354553222656 2331.51630859375 575.1804138183594 0.8343563988095238 
214 2334.2184448242188 367.91382598876953 2470.1455688476562 530.5806503295898 0.8600027901785714 2114.1298706054686 431.6778503417969 2330.2761352539064 576.5181945800781 0.8326357886904762 
215 2334.554248046875 366.1281677246094 2470.569287109375 531.1302551269531 0.8577938988095238 2112.3503173828126 432.16331481933594 2330.8664794921874 574.8677520751953 0.8251255580357143 
216 2334.7497436523436 368.00562591552733 2470.8520629882814 528.650959777832 0.8556082589285714 2112.9183959960938 431.59441833496095 2327.1121215820312 576.6214630126954 0.8346121651785714 
217 2334.3209838867188 368.0288055419922 2472.6284790039062 528.6441070556641 0.8587704613095238 2113.0458984375 431.60570220947267 2324.96875 576.6055709838868 0.83251953125 
218 2335.774279785156 368.28116912841796 2471.822644042969 526.6326187133789 0.8586542038690477 2112.31513671875 431.5874359130859 2326.42412109375 576.5570343017578 0.8358909970238095 
219 2335.7843383789063 369.7859115600586 2471.7349487304687 528.0232620239258 0.8623046875 2112.743408203125 431.589338684082 2324.469482421875 574.2258163452149 0.8298921130952381 
220 2335.159814453125 369.36590576171875 2470.979345703125 531.9039916992188 0.8575148809523809 2110.3640258789064 431.62364501953124 2324.1127807617186 574.1228149414062 0.8286365327380952 
221 2335.0844116210938 369.6545867919922 2470.8718872070312 532.1541900634766 0.8557012648809523 2112.31103515625 431.8975997924805 2323.783203125 574.3629287719726 0.8274507068452381 
222 2333.4376831054688 371.587419128418 2471.4785766601562 531.8928359985351 0.8587937127976191 2112.3327514648436 431.87320404052736 2326.0732543945314 574.3669387817383 0.8301478794642857 
223 2334.286999511719 370.34586944580076 2470.267443847656 528.6182113647461 0.8520275297619048 2112.6541015625 431.90574798583987 2326.6564453125 576.8030227661133 0.8317987351190477 
224 2333.3615844726564 369.9252731323242 2469.4721557617186 530.5801284790039 0.8544921875 2111.5172729492188 431.8014373779297 2325.7236938476562 576.8370513916016 0.8336821056547619 
225 2333.089697265625 370.20428771972655 2469.127587890625 528.5436370849609 0.8533761160714286 2113.3358154296875 432.0475738525391 2325.1983642578125 574.7759735107422 0.8276599702380952 
226 2333.7522094726564 368.33496856689453 2467.6918823242186 529.0625839233398 0.8531203497023809 2113.266809082031 432.21388092041013 2327.570349121094 575.0828414916992 0.83251953125 
227 2332.9977905273436 368.2860855102539 2469.1826293945314 531.261247253418 0.8536318824404762 2112.4920166015627 430.4536422729492 2329.0480224609373 575.5684829711914 0.8311244419642857 
228 2332.0754272460936 368.1773452758789 2468.3745239257814 531.2892990112305 0.8487955729166666 2113.1031127929687 430.39707336425784 2329.8409790039063 575.6337493896484 0.8296595982142857 
229 2332.1349243164063 368.5785934448242 2468.4029174804687 531.6534927368164 0.8462844122023809 2113.2125854492188 431.0419403076172 2329.9009399414062 574.0117095947265 0.8273809523809523 
230 2333.2555297851563 369.7869338989258 2469.3013549804687 534.8261947631836 0.8570033482142857 2113.231591796875 430.43286590576173 2327.336767578125 575.399806213379 0.8321940104166666 
231 2333.1401611328124 369.71135864257815 2469.2104248046876 534.7800964355469 0.8595610119047619 2111.36123046875 430.3681045532227 2325.5044921875 575.3609909057617 0.8374720982142857 
232 2333.2892211914063 371.78668212890625 2469.3858276367187 532.4252319335938 0.8557012648809523 2111.724719238281 432.19774932861327 2323.678356933594 574.9875228881835 0.8324497767857143 
233 2334.495007324219 372.1083282470703 2470.488146972656 532.6247650146485 0.8544689360119048 2113.0987548828125 432.4734741210938 2324.8914794921875 575.1548217773437 0.8311244419642857 
234 2334.5763305664063 372.3889846801758 2470.6221557617187 532.9674301147461 0.8561895461309523 2113.0949584960936 432.77745819091797 2324.9692504882814 575.5138320922852 0.83056640625 
235 2333.7965576171873 370.09181213378906 2467.7898681640627 535.3502655029297 0.8688848586309523 2111.5052124023437 432.79381866455077 2325.8944458007813 575.720066833496 0.8362397693452381 
236 2333.5328369140625 369.71225891113284 2467.4080810546875 534.8250335693359 0.8661644345238095 2113.153466796875 432.1015258789063 2327.353857421875 577.1330932617187 0.8392624627976191 
237 2332.328125 369.90968322753906 2466.2890625 532.8956756591797 0.87158203125 2113.5248168945313 432.33899078369143 2327.8626342773437 575.2308029174804 0.8409133184523809 
238 2334.0205200195314 371.775407409668 2467.9919311523436 532.5410293579101 0.8557942708333334 2113.483154296875 431.9766342163086 2327.837158203125 577.1122634887695 0.8446103050595238 
239 2335.631213378906 370.0252059936523 2467.210827636719 532.8269973754883 0.8480515252976191 2113.1296508789064 434.09946899414064 2329.4555541992186 576.8298522949219 0.8428664434523809 
240 2334.04658203125 369.8139114379883 2468.04814453125 532.8488998413086 0.8563755580357143 2115.177783203125 432.26198120117186 2329.580029296875 575.1967590332031 0.8396344866071429 
241 2335.2728637695313 371.98583526611327 2469.0652709960937 532.5363510131835 0.8488188244047619 2115.030627441406 432.36378479003906 2329.098034667969 575.0753631591797 0.8405645461309523 
242 2335.715673828125 370.1515090942383 2467.240380859375 530.6563217163086 0.8510044642857143 2118.965539550781 432.48429718017576 2330.742712402344 572.9260726928711 0.8300083705357143 
243 2333.9196044921873 370.5217254638672 2467.7351806640627 528.8701202392579 0.8578404017857143 2120.5011596679688 431.167626953125 2334.6060180664062 569.443701171875 0.8365420386904762 
244 2328.3211059570312 370.27098541259767 2464.2640991210938 528.4993698120118 0.8566545758928571 2126.12158203125 431.12805328369143 2335.60693359375 567.070768737793 0.8297991071428571 
245 2331.194921875 369.7812530517578 2460.47890625 528.0428436279296 0.84716796875 2126.72353515625 428.6792739868164 2334.0240234375 566.8795333862305 0.8375651041666666 
246 2331.7973388671876 367.9859283447266 2463.5600830078124 526.5477630615235 0.8593284970238095 2127.1957397460938 430.68914489746095 2334.8894653320312 566.9183380126954 0.8336588541666666 
247 2331.916394042969 367.86103515625 2466.005236816406 526.532763671875 0.8648390997023809 2127.431103515625 432.32678375244143 2335.268603515625 568.650358581543 0.8350539434523809 
248 2331.5719482421873 367.4180419921875 2467.9329345703127 528.3685791015625 0.8621884300595238 2127.288525390625 432.15935974121095 2335.183154296875 568.5202667236329 0.8407738095238095 
249 2333.7018920898436 365.89962310791014 2467.8745239257814 529.1431320190429 0.8631882440476191 2127.3682373046877 430.40577087402346 2335.3358642578123 571.2871612548828 0.8433547247023809 
250 2333.7779296875 365.94556121826173 2468.04482421875 527.0656997680665 0.8595610119047619 2127.2996337890627 430.2387069702148 2335.4132568359373 571.2188430786133 0.8455868675595238 
251 2335.4164306640623 365.85596618652346 2469.6192138671877 526.8990997314453 0.8513299851190477 2126.800329589844 430.11836700439454 2339.287805175781 571.0311386108399 0.8432384672619048 
252 2337.66015625 365.9502700805664 2472.001953125 529.3991256713867 0.8697219122023809 2126.330712890625 430.27919616699216 2345.755224609375 573.5768218994141 0.8413318452380952 
253 2342.665002441406 365.7506500244141 2476.994421386719 526.9461273193359 0.8722330729166666 2125.6710693359373 429.8155212402344 2349.5535400390627 573.1003723144531 0.8479817708333334 
254 2348.8456176757813 363.0992965698242 2485.2151733398437 535.2380142211914 0.8972749255952381 2124.2570190429688 429.8224151611328 2358.9917602539062 575.134310913086 0.8541666666666666 
255 2358.933447265625 362.9586807250977 2492.863916015625 537.0682662963867 0.8823009672619048 2121.8936279296877 431.03999481201174 2360.7362548828123 580.5956558227539 0.8635602678571429 
256 2368.21083984375 364.68597412109375 2504.569921875 539.0465698242188 0.8796502976190477 2115.869384765625 430.3721237182617 2352.821044921875 586.8495864868164 0.8611421130952381 
257 2374.7193359375 360.0128860473633 2516.355859375 546.6135482788086 0.8882068452380952 2111.8528076171874 434.80881652832034 2343.4172119140626 587.6864837646484 0.8623046875 
258 2380.4915161132812 361.52802124023435 2522.4013061523438 550.7410217285156 0.8862769717261905 2109.2340576171873 437.2478958129883 2334.4876220703127 585.9152816772461 0.8667922247023809 
259 2382.606689453125 364.24863586425784 2522.693115234375 556.3024505615234 0.8904622395833334 2101.82578125 436.7250457763672 2325.512109375 588.1086334228515 0.8584914434523809 
260 2382.49853515625 360.08959503173827 2525.03515625 561.450779724121 0.8884626116071429 2096.381298828125 436.9270584106445 2320.367236328125 590.7760360717773 0.8618396577380952 
261 2386.3283203125 362.38365173339844 2524.354296875 561.5028839111328 0.8880905877976191 2094.698779296875 437.22743835449216 2316.445263671875 591.0923248291016 0.8717215401785714 
262 2385.4312255859377 363.86888122558594 2525.8788330078123 565.4795684814453 0.9137834821428571 2092.5118041992187 437.31649627685545 2309.9796508789063 591.3561416625977 0.8673967633928571 
263 2385.7128051757813 366.12822265625 2526.9890991210937 566.6497314453125 0.9112955729166666 2090.1012939453126 436.50354461669923 2302.0158935546874 589.1733657836915 0.8605608258928571 
264 2385.3478271484373 366.3888473510742 2529.1546142578127 567.2618179321289 0.9000418526785714 2085.9697875976562 436.62414093017577 2298.2560424804688 591.8442123413085 0.8657691592261905 
265 2385.779296875 365.1140853881836 2526.5830078125 571.7775466918945 0.8984840029761905 2084.4312133789062 435.51593322753905 2293.3659057617188 592.2167938232421 0.8684895833333334 
266 2385.27890625 367.38477478027346 2533.910546875 575.4688018798828 0.9161783854166666 2079.397314453125 435.2803207397461 2287.481103515625 588.485090637207 0.8617001488095238 
267 2386.7537231445312 368.299951171875 2533.6464233398438 572.572607421875 0.8972051711309523 2074.165319824219 431.85929107666016 2283.028283691406 590.2279586791992 0.8558175223214286 
268 2388.150427246094 367.89671783447267 2535.161828613281 576.9285690307618 0.9101795014880952 2072.0405029296876 432.3025619506836 2278.7754150390624 588.5021560668945 0.8630952380952381 
269 2388.9787109375 368.7883239746094 2536.3611328125 576.0451721191406 0.9006928943452381 2069.3247924804687 433.0910873413086 2269.6730102539063 589.685188293457 0.8652808779761905 
270 2388.0000610351562 370.57322082519534 2540.1676635742188 580.3798431396484 0.9096447172619048 2064.9545288085938 431.6707534790039 2265.5388793945312 588.449333190918 0.8607003348214286 
271 2388.0972290039062 367.5081420898438 2538.0177612304688 588.9289916992187 0.9288736979166666 2062.6192993164063 431.7343994140625 2265.5884643554687 588.5741943359375 0.8662574404761905 
272 2383.4421142578126 366.81720275878905 2533.5241943359374 595.4036834716796 0.9529854910714286 2063.47431640625 431.9119369506836 2262.04423828125 588.9208572387695 0.8663271949404762 
273 2372.4462768554686 366.442041015625 2529.6545532226564 599.94248046875 0.9449869791666666 2062.0313232421877 430.37456970214845 2258.5414306640623 587.5827667236329 0.8707217261904762 
274 2362.783898925781 366.4803405761719 2524.782751464844 600.2211975097656 0.9368024553571429 2063.5315551757812 430.47869567871095 2257.9301147460938 587.8487579345704 0.8684198288690477 
275 2356.532849121094 367.54640502929686 2518.322863769531 605.6087463378906 0.9451962425595238 2062.999658203125 428.17320861816404 2257.147802734375 587.6518035888672 0.8597237723214286 
276 2355.8615234375 375.7001663208008 2515.09501953125 604.1655258178711 0.9320824032738095 2062.2470947265624 428.3341995239258 2258.4042724609376 585.2598861694336 0.8621186755952381 
277 2357.232080078125 383.79578704833983 2516.442724609375 602.9990432739257 0.9406854538690477 2061.3521240234377 428.2576705932617 2262.0961181640623 585.1610610961914 0.8637462797619048 
278 2363.317919921875 391.1761993408203 2512.510693359375 600.0459075927735 0.9071103050595238 2060.341906738281 427.0177276611328 2264.621228027344 585.3915130615235 0.8572823660714286 
279 2372.426953125 394.7303497314453 2516.9275390625 603.4534271240234 0.9172014508928571 2062.3416259765627 425.25367279052733 2264.1837646484373 583.5162551879882 0.8610026041666666 
280 2379.5388427734374 397.0073516845703 2517.1071533203126 601.0668060302735 0.9088774181547619 2064.4548828125 425.4909957885742 2273.0998046875 581.4016128540039 0.8575846354166666 
281 2389.536865234375 396.49499053955077 2517.194580078125 599.3796127319335 0.9032040550595238 2071.181689453125 424.55163116455077 2283.184521484375 581.8442123413085 0.865234375 
282 2395.979296875 395.4668884277344 2517.13447265625 594.3445129394531 0.9041573660714286 2079.19912109375 421.3157043457031 2294.0787109375 579.0462341308594 0.8608630952380952 
283 2399.8681396484376 393.26290130615234 2520.8779541015624 596.4678421020508 0.9124348958333334 2095.4999389648438 423.64707336425784 2312.4041137695312 576.6215423583984 0.8712332589285714 
284 2403.7657958984373 394.2899642944336 2520.9505126953127 594.856184387207 0.90869140625 2112.450573730469 424.01954193115233 2335.552600097656 577.2611282348632 0.8729771205357143 
285 2406.02646484375 390.87513275146483 2522.0755859375 598.4240921020507 0.9127139136904762 2131.2687133789063 425.9816070556641 2352.2080932617187 582.2013153076172 0.8783714657738095 
286 2410.391467285156 390.5450408935547 2527.695202636719 605.2328521728516 0.9152250744047619 2150.3316040039062 427.5748489379883 2367.2326049804688 586.9307357788086 0.8713960193452381 
287 2411.4514404296874 390.1290481567383 2531.8747314453126 604.7016098022461 0.9095052083333334 2168.9204223632814 431.3087951660156 2376.9245483398436 595.5225036621093 0.8553524925595238 
288 2413.86416015625 392.18187713623047 2535.4078125 604.8837051391602 0.9207356770833334 2184.466687011719 436.34172973632815 2384.145861816406 599.1237243652344 0.8340308779761905 
289 2413.26142578125 393.8751495361328 2538.03984375 604.707553100586 0.9314546130952381 2201.6015502929686 440.4601654052734 2382.3151977539064 606.1142364501953 0.8385416666666666 
290 2414.4711181640623 394.65258941650393 2537.7305419921877 602.918913269043 0.9151088169642857 2210.291650390625 445.3296142578125 2388.805517578125 611.092626953125 0.8278924851190477 
291 2414.8262329101562 394.3143371582031 2539.2355346679688 603.0685974121094 0.9085984002976191 2215.2365600585936 447.84104614257814 2396.5786254882814 614.4227478027344 0.8145461309523809 
292 2416.7886596679687 393.75359497070315 2537.0548461914063 596.3068298339844 0.9021344866071429 2217.9684936523436 449.8290069580078 2401.5322387695314 616.513461303711 0.8205217633928571 
293 2415.380651855469 393.6543487548828 2537.515588378906 597.9140716552735 0.9013439360119048 2220.1920654296873 451.48203125 2405.4998291015627 617.8379150390625 0.8199869791666666 
294 2415.4408447265623 397.08905334472655 2535.5835693359377 595.2194793701171 0.8934384300595238 2219.336950683594 452.3774887084961 2409.036340332031 620.9991287231445 0.8285900297619048 
295 2415.4294311523436 397.1560791015625 2533.2441528320314 594.9166748046875 0.8975771949404762 2219.206103515625 453.9596450805664 2410.655224609375 622.266520690918 0.8311244419642857 
296 2413.2383422851562 395.61266937255857 2533.1979370117188 593.4408279418946 0.9028552827380952 2218.324255371094 454.05454406738284 2414.047570800781 622.4189056396484 0.833984375 
297 2409.7672485351563 397.2975708007813 2531.5308471679687 592.5390991210937 0.9027855282738095 2220.6623779296874 456.9681732177734 2413.8044189453126 624.9178741455078 0.8431687127976191 
298 2408.5554443359374 395.866796875 2530.5846923828126 591.5345703125 0.9005068824404762 2216.4480834960937 457.2860961914063 2418.4276489257813 625.6024536132812 0.8224981398809523 
299 2405.2705322265624 397.60528564453125 2529.4452880859376 593.3384399414062 0.9101795014880952 2214.7179565429688 457.4261245727539 2418.8696899414062 625.798698425293 0.8192894345238095 
