0 2815.955322265625 485.30359802246096 2815.955322265625 768.1868194580078 0.24591936383928573 2815.955322265625 574.4504364013671 2815.955322265625 784.3314849853516 0.17722865513392858 
1 2815.1220703125 489.71534118652346 2815.1220703125 763.4452423095703 0.2522088913690476 2815.1220703125 663.6040222167969 2815.1220703125 768.5337951660156 0.17290387834821427 
2 2812.279296875 488.28774108886716 2812.279296875 743.6818023681641 0.18996465773809523 2812.279296875 682.6398315429688 2812.279296875 682.6398315429688 0.17545572916666666 
3 2814.189208984375 494.3210083007813 2814.189208984375 758.8995727539062 0.18576195126488096 2814.189208984375 679.2453002929688 2814.189208984375 679.2453002929688 0.16266741071428573 
4 2816.4501953125 488.9835266113281 2816.4501953125 739.9211364746094 0.18974958147321427 2816.4501953125 689.9091186523438 2816.4501953125 689.9091186523438 0.1647891090029762 
5 2815.492431640625 637.1497192382812 2815.492431640625 637.1497192382812 0.16994512648809523 
6 2814.401611328125 484.79974975585935 2814.401611328125 759.0110412597656 0.23972865513392858 2814.401611328125 575.8519165039063 2814.401611328125 731.2384155273437 0.18159412202380953 
7 2814.204345703125 479.6452362060547 2814.204345703125 762.912808227539 0.21393694196428573 
8 2813.644775390625 575.6483489990235 2813.644775390625 726.3911407470703 0.17654854910714285 
9 2815.622314453125 481.65362548828125 2815.622314453125 778.6715698242188 0.21975562686011904 2815.622314453125 565.4865234375 2815.622314453125 775.6837646484375 0.19937569754464285 
10 2816.7783203125 481.9619506835937 2816.7783203125 779.0097290039063 0.23138137090773808 2816.7783203125 564.2213195800781 2816.7783203125 788.1496520996094 0.22535923549107142 
11 2815.1181640625 482.030224609375 2815.1181640625 779.0935546875 0.22957938058035715 2815.1181640625 573.4343353271485 2815.1181640625 779.0935577392578 0.1917782738095238 
12 2814.852783203125 481.706640625 2814.852783203125 778.7988525390625 0.1914120628720238 2814.852783203125 575.932373046875 2814.852783203125 726.7637939453125 0.19096447172619047 
13 2814.14794921875 480.38856201171876 2814.14794921875 786.4639770507813 0.21689569382440477 2814.14794921875 582.1208526611329 2814.14794921875 737.4426849365234 0.18461681547619047 
14 2814.385498046875 631.7270233154297 2814.385498046875 723.108120727539 0.17337472098214285 
16 2813.6630859375 337.33174896240234 2813.6630859375 542.9154739379883 0.18459937686011904 
17 2815.77099609375 223.1095703125 2815.77099609375 291.66282958984374 0.18138195219494047 
18 2814.818603515625 334.35312805175784 2814.818603515625 535.4126800537109 0.18913922991071427 2814.818603515625 414.67150726318357 2814.818603515625 711.6913162231446 0.21047247023809523 
19 2811.162841796875 280.22271728515625 2811.162841796875 280.22271728515625 0.17401413690476192 2811.162841796875 394.38829498291017 2811.162841796875 531.3869430541993 0.17972819010416666 
20 2812.895751953125 271.36221466064455 2812.895751953125 376.3942245483398 0.18641880580357142 2812.895751953125 413.8052978515625 2812.895751953125 715.2015380859375 0.19123767671130953 
21 2810.4541015625 260.2817916870117 2810.4541015625 369.8659439086914 0.16862851097470238 2810.4541015625 438.53162994384763 2810.4541015625 525.2857223510742 0.17256963820684523 
22 2811.97705078125 511.2450286865234 2811.97705078125 515.8108184814453 0.17436872209821427 2811.97705078125 412.5547607421875 2811.97705078125 663.6705810546875 0.21769205729166666 
23 2814.399658203125 211.00566558837892 2814.399658203125 380.0115768432617 0.18631417410714285 
24 2814.768310546875 194.8591323852539 2814.768310546875 295.35970916748045 0.18781680152529762 2814.768310546875 438.9068969726562 2814.768310546875 525.7028442382813 0.16409156436011904 
25 2815.74560546875 220.03240966796875 2815.74560546875 220.03240966796875 0.15985398065476192 2815.74560546875 438.478694152832 2815.74560546875 525.2948348999023 0.16373697916666666 
26 2815.591796875 190.72990188598632 2815.591796875 382.66321029663084 0.18766276041666666 2815.591796875 373.69928283691405 2815.591796875 625.0405242919921 0.19594029017857142 
27 2812.380859375 237.75761489868165 2812.380859375 374.7228385925293 0.17352585565476192 2812.380859375 383.678239440918 2812.380859375 534.3399795532226 0.19086565290178573 
28 2815.4228515625 243.03511962890624 2815.4228515625 380.1067260742187 0.17076183500744047 2815.4228515625 386.0816680908203 2815.4228515625 532.2914398193359 0.18819754464285715 
29 2816.19775390625 216.83922729492187 2816.19775390625 641.7714904785156 0.22068568638392858 2816.19775390625 370.4334350585938 2816.19775390625 621.7374633789062 0.21280343191964285 
30 2815.84765625 217.24789581298828 2815.84765625 637.5679916381836 0.22027297247023808 2815.84765625 389.9797760009766 2815.84765625 531.6093963623047 0.19770159040178573 
31 2816.884765625 194.45879211425782 2816.884765625 386.15332946777346 0.22181919642857142 2816.884765625 371.40760192871096 2816.884765625 672.6418975830078 0.20653134300595238 
32 2815.099853515625 232.65292205810547 2815.099853515625 643.8472305297852 0.23309035528273808 2815.099853515625 365.5003234863281 2815.099853515625 721.8686950683593 0.18836611793154762 
33 2815.140869140625 236.4628433227539 2815.140869140625 643.0055099487305 0.26064918154761907 2815.140869140625 369.2831756591797 2815.140869140625 629.6531646728515 0.23821149553571427 
34 2814.5341796875 288.84074249267576 2814.5341796875 640.5229965209961 0.332275390625 2814.5341796875 322.21718139648436 2814.5341796875 628.2264221191406 0.3359956287202381 
35 2689.258654785156 101.95688247680664 3083.713757324219 355.9211540222168 0.3826264880952381 2594.2817993164062 148.30224151611327 3415.6129760742188 721.0727279663085 0.3307524181547619 
36 2817.3381225585936 107.92059936523438 3321.9091918945314 323.41448364257815 0.36293247767857145 2831.2866455078124 132.38096923828124 3320.0898193359376 731.5590942382812 0.3421107700892857 
37 2678.241809082031 109.98918304443359 3294.534802246094 332.683332824707 0.366455078125 2856.9149169921875 138.87169799804687 3271.2296142578125 283.8818420410156 0.38992745535714285 
38 2661.1671752929688 142.68900985717772 3279.0591430664062 333.2057197570801 0.29259672619047616 2743.1566162109375 112.58657608032227 3268.3648681640625 735.6277030944824 0.3754069010416667 
39 2814.569091796875 203.49995803833008 2814.569091796875 290.2665672302246 0.19620186941964285 2814.569091796875 422.6998016357422 2814.569091796875 710.399624633789 0.17365373883928573 
40 2817.63037109375 191.9396125793457 2817.63037109375 287.8704917907715 0.20072428385416666 2817.63037109375 417.7109939575195 2817.63037109375 719.2080429077148 0.21335565476190477 
41 2816.5302734375 190.2798957824707 2816.5302734375 272.529354095459 0.21650041852678573 2816.5302734375 390.80686340332034 2816.5302734375 532.4587005615234 0.1666201636904762 
42 2779.6953125 18.61137294769287 2952.9990234375 139.17059803009033 0.48231724330357145 2849.8283203125 20.350207710266112 2917.64287109375 125.8395315170288 0.5107654389880952 
43 2825.546630859375 95.62898483276368 2825.546630859375 237.14123306274413 0.33029901413690477 2825.546630859375 91.23964576721191 2825.546630859375 209.92733879089354 0.25047084263392855 
44 2653.2011474609376 68.60147590637207 2826.4267822265624 106.2592342376709 0.21962193080357142 2785.8723266601564 32.681767272949216 2913.9086791992186 130.5919448852539 0.3403436569940476 
45 2819.64013671875 94.4741024017334 2819.64013671875 240.69259223937988 0.2893763950892857 2338.6304565429687 0.0 2882.3805297851563 936.987890625 0.22101702008928573 
46 2817.302490234375 89.67843780517578 2817.302490234375 213.0662826538086 0.3522832961309524 2817.302490234375 88.79961242675782 2817.302490234375 189.33783874511718 0.28249976748511907 
47 2814.768310546875 96.98042297363281 2814.768310546875 224.94837951660156 0.2777622767857143 2814.768310546875 93.99216117858887 2814.768310546875 217.38983497619628 0.20470028831845238 
48 2820.6728515625 96.79462776184081 2820.6728515625 215.71754112243653 0.24787248883928573 2820.6728515625 742.2505157470703 2820.6728515625 847.4515716552735 0.2872953869047619 
49 1087.6930603027345 173.42076416015624 3039.613702392578 273.9881103515625 0.24199567522321427 2814.39208984375 752.7378631591797 2814.39208984375 830.4489654541015 0.1784609840029762 
50 2815.09521484375 90.2257038116455 2815.09521484375 273.0873683929443 0.24327450706845238 
51 2816.0869140625 93.6188949584961 2816.0869140625 217.03506622314453 0.23124186197916666 2816.0869140625 588.6900482177734 2816.0869140625 840.0933380126953 0.2163144066220238 
52 2816.808837890625 97.26070022583008 2816.808837890625 220.65368270874023 0.2194882347470238 2816.808837890625 596.8089141845703 2816.808837890625 839.0247650146484 0.2440127418154762 
53 2812.69384765625 164.38792343139647 2812.69384765625 223.7787178039551 0.23569452194940477 2246.8997436523437 753.5516082763672 2886.4930786132813 854.059048461914 0.319580078125 
54 1088.17744140625 91.61463012695313 3039.4431640625 265.26357421875 0.25349353608630953 2814.297119140625 792.0104522705078 2814.297119140625 897.1137542724609 0.1981143043154762 
55 2822.598388671875 85.23644104003907 2822.598388671875 272.08493957519534 0.25559198288690477 2314.6367065429686 754.1050170898437 2888.8542602539064 886.2660766601563 0.27212379092261907 
56 1092.1864501953125 91.12960968017578 3037.7627685546877 269.2457565307617 0.24215843563988096 2288.058984375 792.1765380859375 2881.77939453125 892.6523193359375 0.24044363839285715 
57 2811.49951171875 169.95298614501954 2811.49951171875 243.0251022338867 0.23246837797619047 2286.2937255859374 751.7194183349609 2880.0046142578126 897.8636505126954 0.2572719029017857 
58 2813.826904296875 178.72938613891603 2813.826904296875 265.44180221557616 0.23250325520833334 2813.826904296875 786.9450714111329 2813.826904296875 896.4764984130859 0.22308640252976192 
59 2813.635498046875 171.09817810058593 2813.635498046875 262.4237335205078 0.24039713541666666 2813.635498046875 746.8004974365234 2813.635498046875 902.0539337158203 0.23046875 
60 2814.962158203125 171.6915397644043 2814.962158203125 258.47620010375977 0.22469656808035715 
61 2812.60595703125 175.43286209106446 2812.60595703125 262.2258140563965 0.21955798921130953 2812.60595703125 735.3702941894531 2812.60595703125 963.7727722167969 0.20491536458333334 
62 2816.859375 93.54243545532226 2816.859375 275.8930046081543 0.2600620814732143 2816.859375 736.8542327880859 2816.859375 905.5285186767578 0.21201869419642858 
63 2813.00927734375 167.91416549682617 2813.00927734375 259.303653717041 0.23507254464285715 2813.00927734375 880.9280578613282 2813.00927734375 976.8870056152343 0.18942406063988096 
64 1086.417578125 171.82229080200196 3037.199609375 263.193807220459 0.22843424479166666 2812.109375 62.87931365966797 2812.109375 1067.9660537719726 0.17811802455357142 
65 1081.5063232421876 93.32401580810547 3042.0796142578124 275.7029312133789 0.2718505859375 2815.859619140625 867.3821868896484 2815.859619140625 967.6906280517578 0.18110584077380953 
66 2811.68310546875 95.12272300720215 2811.68310546875 241.28725776672363 0.26668875558035715 2811.68310546875 90.73076248168945 2811.68310546875 214.0570945739746 0.20619419642857142 
67 1080.960186767578 93.86215591430664 3040.757952880859 276.1689262390137 0.2595912388392857 2814.62744140625 882.6895141601562 2814.62744140625 882.6895141601562 0.17147972470238096 
68 2813.60302734375 164.3350685119629 2813.60302734375 255.69714279174804 0.24607631138392858 2813.60302734375 784.7186614990235 2813.60302734375 981.1471221923828 0.19455682663690477 
69 2813.30517578125 90.82931442260742 2813.30517578125 273.5177772521973 0.25773693266369047 2813.30517578125 61.14244537353517 2813.30517578125 1079.6305953979493 0.19063313802083334 
70 2815.1171875 95.66514472961425 2815.1171875 273.5326320648193 0.2914341517857143 2815.1171875 740.8294494628906 2815.1171875 982.5467712402344 0.2005673363095238 
71 2818.924072265625 95.85897865295411 2818.924072265625 259.95970878601076 0.2731119791666667 2818.924072265625 733.1518493652344 2818.924072265625 965.6279357910156 0.23663620721726192 
72 1077.5665649414063 96.97227554321289 3037.4654174804687 256.8707878112793 0.28193591889880953 2811.3232421875 779.9673522949219 2811.3232421875 990.1196838378906 0.19684709821428573 
73 2819.405517578125 95.05208320617676 2819.405517578125 263.66119651794435 0.29218982514880953 2819.405517578125 0.0 2819.405517578125 1081.9937984466553 0.20799618675595238 
74 2812.865478515625 93.18372116088867 2812.865478515625 257.55054702758787 0.27773321242559523 2812.865478515625 0.0 2812.865478515625 1005.279125213623 0.19413248697916666 
75 1076.7692565917969 94.76101799011231 3043.9896545410156 277.3336856842041 0.2746000744047619 2817.002685546875 727.796597290039 2817.002685546875 992.5269500732422 0.23758951822916666 
76 2826.337890625 167.68693771362305 2826.337890625 263.55795059204104 0.24855840773809523 2826.337890625 729.2171997070312 2826.337890625 980.3079467773438 0.24920944940476192 
77 2820.964111328125 155.1138542175293 2820.964111328125 269.21501846313475 0.26762462797619047 2820.964111328125 740.1896026611328 2820.964111328125 986.648226928711 0.22775995163690477 
78 2813.771484375 171.3464729309082 2813.771484375 267.24482040405275 0.23098609561011904 2813.771484375 722.3229675292969 2813.771484375 1005.4514465332031 0.21323939732142858 
79 2814.31884765625 94.56775970458985 2814.31884765625 277.2783401489258 0.25634765625 2814.31884765625 791.1518402099609 2814.31884765625 996.7012481689453 0.208740234375 
80 2813.6787109375 94.47514839172364 2813.6787109375 277.1554286956787 0.26668875558035715 2813.6787109375 722.7899353027344 2813.6787109375 1001.3773010253906 0.21408226376488096 
81 2813.106689453125 95.91926460266113 2813.106689453125 264.9428798675537 0.25392950148809523 2813.106689453125 788.0024627685547 2813.106689453125 989.0034576416016 0.21075148809523808 
82 2814.79150390625 170.63310928344725 2814.79150390625 271.11962203979493 0.2471981956845238 2814.79150390625 722.2549102783203 2814.79150390625 1005.4442474365235 0.20626395089285715 
83 1079.7728576660156 89.94552917480469 3042.897430419922 281.6925933837891 0.28576078869047616 2816.383056640625 735.4237548828125 2816.383056640625 963.69404296875 0.24752952938988096 
84 2816.71875 92.3501953125 2816.71875 265.71865234375 0.2843598865327381 2816.71875 745.1140502929687 2816.71875 918.4825073242188 0.28714425223214285 
85 2819.522216796875 95.83883628845214 2819.522216796875 237.23691596984864 0.23775227864583334 2819.522216796875 730.9021514892578 2819.522216796875 963.524789428711 0.23940894717261904 
86 2818.4375 91.10749130249023 2818.4375 273.63599319458007 0.26710728236607145 2818.4375 741.0143127441406 2818.4375 918.9795837402344 0.27124604724702384 
87 2815.01611328125 175.29334411621093 2815.01611328125 266.6154083251953 0.21382649739583334 2815.01611328125 723.2257263183594 2815.01611328125 997.1919982910156 0.22145298549107142 
88 2814.890380859375 171.39802627563478 2814.890380859375 267.27407760620116 0.20323544456845238 2814.890380859375 723.2999877929688 2814.890380859375 997.2315063476562 0.22203427269345238 
89 2814.9521484375 167.42498626708985 2814.9521484375 267.8975540161133 0.21800595238095238 2814.9521484375 724.5909729003906 2814.9521484375 989.4731140136719 0.22823660714285715 
90 2815.61181640625 170.82968673706054 2815.61181640625 271.27878799438474 0.23189871651785715 2815.61181640625 727.3387908935547 2815.61181640625 996.7249908447266 0.22249348958333334 
91 2814.799072265625 167.27327651977538 2814.799072265625 267.72329025268556 0.23316592261904762 2814.799072265625 718.6946502685547 2814.799072265625 1001.7809967041015 0.22917247953869047 
92 2814.814453125 167.3316436767578 2814.814453125 267.81178894042966 0.21076892671130953 2814.814453125 715.4050689697266 2814.814453125 998.5763153076172 0.23252069382440477 
93 2814.882080078125 170.92897109985353 2814.882080078125 271.39041061401366 0.22484188988095238 2814.882080078125 720.4810913085937 2814.882080078125 989.9003784179688 0.23957752046130953 
94 2814.515869140625 171.4159393310547 2814.515869140625 267.29689025878906 0.22540573846726192 2814.515869140625 719.833837890625 2814.515869140625 993.7793212890625 0.23154413132440477 
95 2816.14013671875 90.71240310668945 2816.14013671875 277.8594200134277 0.2536504836309524 2816.14013671875 720.7974609375 2816.14013671875 985.5420166015625 0.27795991443452384 
96 2813.170166015625 166.32730255126953 2813.170166015625 243.9414047241211 0.21894182477678573 2813.170166015625 724.72734375 2813.170166015625 984.962841796875 0.2270565941220238 
97 2813.322998046875 96.52273178100586 2813.322998046875 233.51417922973633 0.21467517671130953 2813.322998046875 721.0632293701171 2813.322998046875 985.9133941650391 0.24522763206845238 
98 2814.1962890625 170.87257766723633 2814.1962890625 271.28347396850586 0.22198195684523808 2814.1962890625 725.2389190673828 2814.1962890625 980.8302337646485 0.24080984933035715 
99 2813.3408203125 168.2832458496094 2813.3408203125 259.5797607421875 0.22198195684523808 2813.3408203125 716.0623901367187 2813.3408203125 989.9520141601563 0.24423944382440477 
100 2815.13427734375 178.24857864379882 2815.13427734375 274.09265365600584 0.2132626488095238 2815.13427734375 726.9821655273438 2815.13427734375 996.2583129882812 0.23270670572916666 
101 2818.560791015625 95.0707290649414 2818.560791015625 273.0200912475586 0.28254627046130953 2818.560791015625 724.9132080078125 2818.560791015625 980.43017578125 0.26413109188988093 
102 2818.690673828125 94.63271141052246 2818.690673828125 277.1359119415283 0.2667759486607143 2818.690673828125 727.6029357910156 2818.690673828125 960.2945251464844 0.26979282924107145 
103 2819.698974609375 94.88605766296386 2819.698974609375 272.85223121643065 0.28573172433035715 2819.698974609375 725.3144989013672 2819.698974609375 976.2924957275391 0.26083519345238093 
104 2818.446044921875 95.11017265319825 2818.446044921875 273.10483131408694 0.28064546130952384 2818.446044921875 723.5331329345703 2818.446044921875 992.8071380615235 0.22809709821428573 
105 2820.852294921875 173.6553176879883 2820.852294921875 278.5867172241211 0.22869582403273808 2820.852294921875 724.2820098876953 2820.852294921875 984.329379272461 0.24025762648809523 
106 2811.5634765625 93.74163436889648 2811.5634765625 253.53425979614258 0.24400111607142858 2811.5634765625 723.2543579101563 2811.5634765625 997.1846069335937 0.23048037574404762 
107 2813.033447265625 170.44991455078124 2813.033447265625 243.49747314453126 0.22121465773809523 2813.033447265625 720.7649353027343 2813.033447265625 985.5623352050782 0.24407668340773808 
108 2812.69873046875 96.05313453674316 2812.69873046875 233.0722240447998 0.24428594680059523 2812.69873046875 727.9219421386719 2812.69873046875 960.8544250488281 0.2342587425595238 
109 2812.777099609375 95.44878730773925 2812.777099609375 237.05147972106934 0.24920363653273808 2812.777099609375 724.7550415039062 2812.777099609375 985.1213012695313 0.22601027715773808 
110 2815.21142578125 175.02032775878905 2815.21142578125 266.35540466308595 0.20999000186011904 2815.21142578125 784.1550262451171 2815.21142578125 985.0922271728516 0.19541713169642858 
111 2818.57958984375 92.93705902099609 2818.57958984375 257.28236236572263 0.29074242001488093 2818.57958984375 732.2332458496094 2818.57958984375 955.9254455566406 0.23184640066964285 
112 2819.32177734375 94.90938415527344 2819.32177734375 272.91282043457034 0.2775472005208333 2819.32177734375 733.3694488525391 2819.32177734375 915.9370086669921 0.24250720796130953 
113 2822.853515625 175.37620391845704 2822.853515625 262.06404266357424 0.19395228794642858 2822.853515625 747.2703155517578 2822.853515625 957.146127319336 0.1987246558779762 
114 2819.2587890625 90.62458114624023 2819.2587890625 273.13404006958007 0.2743559337797619 2819.2587890625 738.5331756591797 2819.2587890625 902.791714477539 0.22735305059523808 
115 2818.205810546875 94.84816513061523 2818.205810546875 272.87713088989256 0.274658203125 2818.205810546875 60.78739395141602 2818.205810546875 1051.3587699890136 0.21380905877976192 
116 2814.655029296875 174.34110412597656 2814.655029296875 270.24062194824216 0.21039109002976192 2814.655029296875 784.5149749755859 2814.655029296875 980.8805938720703 0.18954613095238096 
117 2814.147216796875 170.75751876831055 2814.147216796875 266.65027236938477 0.21297200520833334 2814.147216796875 750.1535095214844 2814.147216796875 969.3369689941406 0.20708356584821427 
118 2813.682373046875 163.77079544067382 2813.682373046875 259.69104232788084 0.24180966331845238 2813.682373046875 730.5083953857422 2813.682373046875 908.6460845947265 0.22330147879464285 
119 2812.638671875 93.31650352478027 2812.638671875 253.11969184875488 0.28480747767857145 2812.638671875 0.0 2812.638671875 1005.4239471435546 0.23492722284226192 
120 2813.013427734375 167.20620193481446 2813.013427734375 263.124227142334 0.24163527715773808 2813.013427734375 674.5527618408203 2813.013427734375 971.441928100586 0.24635532924107142 
121 2813.598388671875 168.80988464355468 2813.598388671875 251.02464904785157 0.21695382254464285 2813.598388671875 723.0568359375 2813.598388671875 965.13359375 0.2487734840029762 
122 2813.074462890625 164.21605987548827 2813.074462890625 255.57156829833986 0.23981584821428573 2813.074462890625 663.3334411621094 2813.074462890625 996.7810607910156 0.2569173177083333 
123 2814.91552734375 188.5139358520508 2814.91552734375 220.48267669677733 0.17713564918154762 2814.91552734375 719.6868682861328 2814.91552734375 989.1376556396484 0.2293759300595238 
124 2813.748046875 167.6605239868164 2813.748046875 258.98873748779295 0.2301025390625 2813.748046875 719.6693298339844 2813.748046875 989.0875061035156 0.2292422340029762 
125 2814.0810546875 172.29663009643554 2814.0810546875 254.48542861938478 0.20767647879464285 2814.0810546875 719.6950653076171 2814.0810546875 989.0917388916016 0.23475864955357142 
126 2814.515869140625 179.95578079223634 2814.515869140625 225.61750717163085 0.1837158203125 2814.515869140625 731.7601501464844 2814.515869140625 987.4658020019531 0.21979050409226192 
127 2813.623291015625 164.19409255981446 2813.623291015625 255.52561874389647 0.22833542596726192 2813.623291015625 739.9339874267578 2813.623291015625 986.529086303711 0.22361537388392858 
128 2813.791259765625 173.18388748168945 2813.791259765625 246.22805404663086 0.19373721168154762 2813.791259765625 731.0235809326172 2813.791259765625 991.2434478759766 0.23484584263392858 
129 2813.909423828125 171.65863800048828 2813.909423828125 258.41463470458984 0.19674246651785715 2813.909423828125 728.1965637207031 2813.909423828125 983.8984069824219 0.23224748883928573 
130 2815.183349609375 187.888924407959 2815.183349609375 224.41855545043944 0.1621035621279762 2815.183349609375 783.0761413574219 2815.183349609375 988.5553283691406 0.1986025855654762 
131 2813.75390625 175.11560516357423 2813.75390625 261.89001007080077 0.20053536551339285 2813.75390625 730.8933288574219 2813.75390625 963.8140686035156 0.23478771391369047 
132 2814.233154296875 177.73864974975587 2814.233154296875 273.6679817199707 0.21455310639880953 2814.233154296875 735.2181640625 2814.233154296875 963.621435546875 0.24372209821428573 
133 2815.853271484375 182.85805740356446 2815.853271484375 265.065145111084 0.18637811569940477 2815.853271484375 744.0795776367188 2815.853271484375 986.1338012695312 0.2115478515625 
134 2818.2861328125 95.09449005126953 2818.2861328125 268.60945892333984 0.25191824776785715 2818.2861328125 731.0233215332031 2818.2861328125 963.8986755371094 0.23924618675595238 
135 2816.19091796875 177.86472702026367 2816.19091796875 273.7701759338379 0.20371210007440477 2816.19091796875 750.8382507324219 2816.19091796875 965.4837707519531 0.20497349330357142 
136 2820.697265625 170.6077392578125 2820.697265625 266.4821044921875 0.23868815104166666 2820.697265625 734.0892120361328 2820.697265625 907.5761322021484 0.2314511253720238 
137 1078.863751220703 150.05779876708985 3046.392962646484 273.3136917114258 0.2696010044642857 
138 1082.3607971191407 174.4312713623047 3041.496502685547 270.3330108642578 0.23039318266369047 
139 1086.1546997070313 174.49006423950195 3041.0198608398437 270.4063438415527 0.22612072172619047 
140 2813.9296875 175.11282119750976 2813.9296875 266.4234794616699 0.20456077938988096 2813.9296875 888.0383911132812 2813.9296875 888.0383911132812 0.17074730282738096 
141 2814.64697265625 179.02885894775392 2814.64697265625 265.76160736083983 0.19470505487351192 
142 2814.12841796875 174.79314270019532 2814.12841796875 266.1256805419922 0.20798456101190477 
143 1079.5199340820313 157.97785186767578 3038.4031616210937 267.31087493896484 0.24314662388392858 
144 2814.0419921875 174.81296615600587 2814.0419921875 266.21253128051757 0.22354852585565477 2814.0419921875 788.9476043701172 2814.0419921875 980.886685180664 0.19405110677083334 
145 2813.534423828125 167.14722290039063 2813.534423828125 263.09966430664065 0.2505696614583333 2813.534423828125 743.9163818359375 2813.534423828125 958.6671142578125 0.22428966703869047 
146 2813.768798828125 170.767342376709 2813.768798828125 266.70508499145507 0.21541922433035715 2813.768798828125 781.1844665527344 2813.768798828125 977.6283996582031 0.2214297340029762 
147 1078.252587890625 157.64227142333985 3041.695654296875 276.0866409301758 0.2736176990327381 2815.14453125 718.5008697509766 2815.14453125 987.2784881591797 0.22140648251488096 
148 2811.109619140625 93.76312789916992 2811.109619140625 257.89390029907224 0.29209681919642855 2811.109619140625 744.6749053955078 2811.109619140625 981.7526458740234 0.22577194940476192 
149 2814.973876953125 178.37959213256835 2814.973876953125 269.7300422668457 0.20681036086309523 2814.973876953125 972.4259033203125 2814.973876953125 972.4259033203125 0.17265973772321427 
150 2817.22509765625 182.72634506225586 2817.22509765625 292.1971321105957 0.26125372023809523 2817.22509765625 781.1316040039062 2817.22509765625 995.5119506835938 0.1832333519345238 
151 2506.195458984375 370.300309753418 2647.010595703125 596.4578994750976 0.7964797247023809 2533.275427246094 0.0 2695.425988769531 410.0173749923706 0.22430129278273808 
152 2469.6840209960938 193.91069107055665 2857.9114379882812 573.0032951354981 0.29155040922619047 2332.311242675781 460.9267517089844 2875.829626464844 931.3669494628906 0.25703357514880953 
153 2487.68095703125 383.98350830078124 2626.08271484375 618.8474243164062 0.8151739211309523 2400.0908325195314 62.98131256103515 2878.2067749023436 172.02527923583983 0.23799060639880953 
154 2478.1362548828124 391.18212432861327 2612.9242919921876 635.485203552246 0.8007347470238095 2554.1163696289063 0.0 2844.7530151367187 181.061998462677 0.33759998139880953 
155 2432.855029296875 198.21486892700196 2861.560498046875 645.163045501709 0.2852143787202381 2483.7243774414064 474.31239013671876 2593.1811401367186 656.7402221679688 0.3100702194940476 
156 2433.811804199219 428.89904022216797 2607.388146972656 725.8057022094727 0.31980678013392855 2443.1233520507812 480.02318572998047 2566.4535522460938 699.2773818969727 0.3378092447916667 
157 2415.2244506835937 463.7086883544922 2593.3050903320313 733.112661743164 0.32971772693452384 2406.4432861328123 493.5643737792969 2538.8623779296877 717.3067199707032 0.3388788132440476 
158 2370.7503295898437 491.90696716308594 2571.6127075195313 756.6800079345703 0.46766880580357145 2376.8954833984376 544.756234741211 2554.9326416015624 777.5739044189453 0.3398553757440476 
159 2295.46875 520.2625885009766 2564.81884765625 812.4392547607422 0.47066824776785715 2325.318359375 599.9790252685547 2549.01611328125 809.9809967041016 0.38711402529761907 
160 2261.1579345703126 611.0160583496094 2507.8259521484374 853.1161437988281 0.6793154761904762 2300.5124267578126 677.6023834228515 2510.6369873046874 860.3194305419922 0.30489676339285715 
161 2201.1132690429686 687.5258728027344 2488.8801391601564 906.7766174316406 0.697265625 2253.1150512695312 737.0680755615234 2486.0692749023438 892.3707061767578 0.345947265625 
162 2144.141638183594 744.7264953613281 2449.596887207031 968.1190856933594 0.7001255580357143 2187.9784912109376 808.5529632568359 2447.8432861328124 904.2926788330078 0.35559663318452384 
163 2101.92724609375 823.9505279541015 2407.814453125 1043.0936004638672 0.6475539434523809 2125.105676269531 872.5904479980469 2412.730993652344 1004.9893859863281 0.35843331473214285 
164 2040.4724487304688 887.3845581054687 2387.308068847656 1106.4386840820312 0.6409040178571429 2054.514440917969 969.880892944336 2401.350061035156 1052.0261505126953 0.34213402157738093 
165 2015.0744262695312 924.4858551025391 2366.271520996094 1138.8529510498047 0.6119791666666666 1990.33974609375 991.3220855712891 2920.78427734375 1082.5421112060546 0.3036586216517857 
166 1963.2342102050782 949.2347106933594 2353.6958435058596 1165.5715637207031 0.8863932291666666 2672.7217651367187 11.233715057373047 2788.8048461914063 90.38135147094727 0.33383324032738093 
167 1944.2547668457032 967.5082489013672 2342.8832946777343 1180.1102203369142 0.8874860491071429 2049.1246948242188 13.86598014831543 2389.2876586914062 93.59169960021973 0.2540806361607143 
168 1956.2470947265624 990.0507446289063 2340.1933349609376 1176.6911987304688 0.8549107142857143 2061.2581298828127 802.7949035644531 2423.8737060546873 941.4421569824219 0.3319731212797619 
169 1957.6650817871093 991.9133422851562 2324.920001220703 1183.5246459960938 0.8809291294642857 2170.5663818359376 0.0 2431.3706298828124 926.4051940917968 0.296875 
170 1979.28173828125 1023.9316711425781 2316.39306640625 1183.3760681152344 0.47278413318452384 2265.0552612304687 1081.9273803710937 2889.1666625976563 1163.9273559570313 0.31905691964285715 
171 1984.4830139160156 1023.9092041015625 2312.4475280761717 1178.7812255859376 0.4468354724702381 2467.144323730469 1034.7712768554688 2863.434533691406 1125.8725219726562 0.3037690662202381 
172 1958.1562377929688 1001.0163787841797 2306.5876586914064 1188.6333404541015 0.8836495535714286 
173 1951.8748168945312 1004.2130737304688 2321.0624389648438 1180.7810668945312 0.8642113095238095 2208.4951171875 61.48812484741211 2208.4951171875 61.48812484741211 0.17586844308035715 
174 1986.187921142578 1012.7060546875 2296.0355895996095 1181.2998046875 0.5284714471726191 1922.220361328125 1080.0033813476562 2938.339208984375 1121.0127319335938 0.30654761904761907 
175 1983.0780151367187 1004.3118713378906 2315.924670410156 1177.574481201172 0.5440964471726191 1967.1196533203124 1080.2457580566406 2377.4784912109376 1112.1625671386719 0.32224237351190477 
176 1975.405810546875 1005.5564086914062 2326.568310546875 1169.7363159179688 0.5210658482142857 1952.9540161132813 1032.0427673339843 2924.3514038085937 1118.6931945800782 0.28866722470238093 
177 1968.9470642089843 982.4469268798828 2329.295733642578 1164.902133178711 0.5556873139880952 1934.9121948242187 1028.0607788085938 2924.7311157226563 1119.2883422851562 0.27950613839285715 
178 1979.8077514648437 952.7506652832031 2340.196887207031 1148.9118103027345 0.5801943824404762 2011.9163818359375 1011.35341796875 2367.7437744140625 1125.40048828125 0.3304036458333333 
179 1982.6564880371093 925.0173583984375 2354.141485595703 1134.3046630859376 0.8952055431547619 2713.5520263671874 70.3606170654297 2854.8210205078126 222.09388122558593 0.5010114397321429 
180 2063.8689819335937 901.5005920410156 2360.6190551757813 1116.073748779297 0.5177408854166666 2128.486682128906 976.1270690917969 2900.036999511719 1122.2194885253907 0.3020717075892857 
181 2081.9054565429688 872.7136413574219 2369.7002563476562 1096.5540588378906 0.5468052455357143 2123.897509765625 81.5417266845703 2900.486279296875 1223.5841888427735 0.2821626209077381 
182 2095.4221923828127 840.8794250488281 2392.0157958984373 1087.2803649902344 0.5576869419642857 2137.717248535156 857.3763488769531 2402.370397949219 1112.9033142089843 0.3112095424107143 
183 2101.0319213867188 796.2728881835938 2383.4629516601562 1078.7039184570312 0.8866489955357143 2470.3648071289062 263.6243469238281 2733.3180541992188 390.2313659667969 0.7753441220238095 
184 2152.8636474609375 771.9934875488282 2417.6275634765625 1059.5818298339843 0.43028041294642855 2209.573583984375 205.94662170410157 2652.368310546875 1077.8414031982422 0.2885625930059524 
185 2130.2798095703124 755.8857788085937 2380.8808349609376 1049.8597045898437 0.8574451264880952 2379.0271850585937 334.75787658691405 2658.5433715820313 455.2390106201172 0.8356584821428571 
186 2133.439807128906 735.0431121826172 2391.909069824219 1041.377114868164 0.8342401413690477 2349.014855957031 362.9872344970703 2621.843786621094 511.3677459716797 0.8201032366071429 
187 2131.433312988281 727.383334350586 2391.268591308594 1020.9007843017578 0.8192429315476191 2325.014196777344 397.77770843505857 2575.225793457031 532.5069900512696 0.8101748511904762 
188 2128.4917114257814 730.0011474609375 2388.3625366210936 1013.934033203125 0.8201729910714286 2301.5540283203127 417.1936431884766 2537.3624755859373 556.7539276123047 0.8078962053571429 
189 2120.256701660156 722.2984649658204 2385.225964355469 1011.3558929443359 0.8404482886904762 2272.382458496094 442.50568237304685 2503.628527832031 587.0343566894531 0.8184988839285714 
190 2127.3928955078127 712.9206909179687 2387.0812255859373 1006.2725463867188 0.8470284598214286 2243.7347900390623 451.0126037597656 2488.9961669921877 609.7111511230469 0.8391229538690477 
191 2133.7909545898438 715.0603210449219 2391.9993286132812 1001.9583557128906 0.8495628720238095 2223.722521972656 462.00150604248046 2467.585827636719 615.0137832641601 0.8439592633928571 
192 2133.3958984375 714.6639404296875 2391.05234375 991.4058837890625 0.8627232142857143 2204.23310546875 476.82725524902344 2452.346484375 619.9696807861328 0.8516090029761905 
193 2134.8300537109376 714.6417785644531 2391.2671142578124 990.0740417480469 0.8583054315476191 2193.2773559570314 476.8348754882812 2449.7140991210936 628.7974487304688 0.8540504092261905 
194 2140.4991943359373 717.9704193115234 2397.3450439453127 993.8420196533203 0.8596540178571429 2188.0634033203123 487.1017669677734 2444.9092529296877 639.3067413330078 0.8644438244047619 
195 2139.623571777344 723.6392028808593 2396.601770019531 999.6529113769532 0.8526553199404762 2184.1006469726562 489.5400024414063 2436.3200073242188 637.0646118164062 0.8629789806547619 
196 2140.467041015625 727.5066162109375 2393.065673828125 999.1691650390625 0.8579799107142857 2180.794921875 488.28954010009767 2433.3935546875 640.8018600463868 0.8653273809523809 
197 2138.5794921875 731.3951904296875 2391.51328125 1003.4182861328125 0.8585844494047619 2178.960595703125 488.1896469116211 2431.894384765625 640.904377746582 0.8672572544642857 
198 2134.8014282226563 734.5718139648437 2387.7393432617187 1001.8268676757813 0.8523065476190477 2175.1832641601563 486.5898727416992 2428.1211791992187 644.0794692993164 0.8604445684523809 
199 2129.7606689453123 731.9558319091797 2386.7017333984377 1003.1714263916016 0.8520972842261905 2173.6822998046873 481.0540176391602 2430.6233642578127 642.8316940307617 0.8603283110119048 
200 2132.1117553710938 735.98046875 2385.4832153320312 1008.4742431640625 0.8541434151785714 2173.6661376953125 484.44776458740233 2417.4764404296875 642.2072952270507 0.8570963541666666 
201 2130.5582763671873 736.8249145507813 2384.1731689453127 1009.5808471679687 0.8551432291666666 2167.367321777344 480.817236328125 2420.982531738281 643.5136962890625 0.8553059895833334 
202 2129.73203125 742.9613830566407 2378.758203125 1011.1433532714843 0.8495628720238095 2166.0175903320314 478.27903137207034 2419.8327514648436 645.8927825927734 0.8604213169642857 
203 2128.168701171875 737.1486602783203 2387.311767578125 1020.2865814208984 0.8497256324404762 2161.94580078125 477.8210052490234 2416.2900390625 640.9852081298828 0.8543526785714286 
204 2128.566552734375 737.3619384765625 2382.884130859375 1015.6717529296875 0.8470517113095238 2162.3401611328127 484.33620300292966 2411.8595458984373 652.2817779541016 0.8595377604166666 
205 2126.75908203125 743.2669982910156 2381.11982421875 1016.8247985839844 0.8501674107142857 2160.5384155273437 485.95278015136716 2410.1000122070313 653.9269195556641 0.85400390625 
206 2127.815148925781 745.105712890625 2377.284704589844 1018.562744140625 0.8503069196428571 2160.474963378906 487.8863128662109 2414.742077636719 655.7985626220703 0.8632114955357143 
207 2129.3142211914064 736.0535888671875 2372.9160034179686 1021.817138671875 0.8323800223214286 2157.0617431640626 494.2536560058594 2410.0329833984374 658.2163146972656 0.8588169642857143 
208 2126.273645019531 738.6211730957032 2370.354040527344 1024.9463317871093 0.8348911830357143 2157.686279296875 492.19378967285155 2411.154541015625 661.1726043701171 0.8682338169642857 
209 2127.681689453125 745.4229675292969 2372.127392578125 1027.4758361816407 0.8308686755952381 2154.9828979492186 498.084228515625 2413.5315063476564 667.31591796875 0.8646763392857143 
210 2126.661413574219 738.8298248291015 2375.882775878906 1025.669381713867 0.8309151785714286 2154.5132690429687 495.5768615722656 2413.1393188476563 664.8591735839843 0.8629557291666666 
211 2125.2909423828123 736.3515686035156 2370.1079833984377 1023.5406433105469 0.8317987351190477 2156.7984985351563 500.5885955810547 2411.0313354492187 665.3692291259765 0.8608630952380952 
212 2123.291296386719 740.8429016113281 2372.373010253906 1022.8221374511719 0.8368210565476191 2154.7428955078126 501.34124145507815 2413.2239013671874 665.8291687011719 0.8619094122023809 
213 2123.4522705078125 737.4900299072266 2368.4368896484375 1020.1645721435547 0.8297293526785714 2154.9812744140627 504.6460205078125 2409.3883544921873 669.539404296875 0.86181640625 
214 2124.8119140625 742.6576110839844 2365.61533203125 1021.2338684082031 0.8287527901785714 2160.0426391601563 505.66795959472654 2410.2891479492187 666.2034393310547 0.8633742559523809 
215 2122.154052734375 737.4850219726562 2362.774658203125 1015.8500610351563 0.82666015625 2160.9871459960937 503.7600494384766 2411.0438598632813 668.8918670654297 0.8545386904761905 
216 2121.6414184570312 734.5931030273438 2362.3016967773438 1017.7226928710937 0.8314034598214286 2160.481201171875 501.9186492919922 2410.578857421875 662.358755493164 0.8620256696428571 
217 2120.9878784179687 742.1649291992187 2365.2936157226563 1014.6596557617188 0.8372860863095238 2160.1996826171876 498.03998413085935 2409.2036376953124 662.4764953613281 0.8638625372023809 
218 2123.666784667969 740.3565979003906 2364.629846191406 1019.1178894042969 0.8347284226190477 2158.375524902344 499.03005065917966 2413.512902832031 664.3968902587891 0.8626069568452381 
219 2121.2089965820314 740.5670867919922 2367.2165405273436 1019.6909088134765 0.8423549107142857 2156.5088500976562 495.28745727539064 2411.9782104492188 660.8694030761719 0.8622349330357143 
220 2120.7815063476564 744.7831817626953 2362.8471557617186 1015.3273529052734 0.8336588541666666 2159.3001220703127 498.1534729003906 2415.6051513671873 659.5307312011719 0.8621651785714286 
221 2120.7878540039064 740.8590850830078 2362.8408081054686 1016.1351165771484 0.8329845610119048 2159.3046264648438 494.24244995117186 2415.5960083007812 660.3572814941406 0.8612816220238095 
222 2124.4328002929688 740.6236022949219 2365.3311157226562 1019.3099914550781 0.8380301339285714 2159.132458496094 495.7284759521484 2414.201281738281 661.0508819580078 0.8663039434523809 
223 2120.2880737304686 739.0445220947265 2361.2282836914064 1017.7793914794922 0.8309384300595238 2158.627819824219 498.28595275878905 2413.741076660156 658.9128387451171 0.8600260416666666 
224 2118.995153808594 735.437045288086 2360.681848144531 1015.0356719970703 0.8303338913690477 2156.9067993164062 493.3855712890625 2417.5494995117188 659.2491943359375 0.8616536458333334 
225 2119.839978027344 736.4214233398437 2366.104602050781 1015.8369995117188 0.83203125 2155.1767822265624 493.98203430175784 2410.9130615234376 664.4728607177734 0.8589099702380952 
226 2119.508435058594 735.8731079101562 2365.785754394531 1015.3032836914062 0.8317987351190477 2154.8468383789063 497.610546875 2410.5967651367187 663.3741943359375 0.8576776413690477 
227 2120.453576660156 733.8945922851562 2366.647741699219 1017.9649047851562 0.8386346726190477 2155.78017578125 499.9007537841797 2411.44345703125 665.6084625244141 0.8612351190476191 
228 2120.015490722656 735.3287963867188 2366.157604980469 1019.3388061523438 0.8370303199404762 2158.9758911132812 498.2896789550781 2414.5848999023438 659.2286315917969 0.8587239583333334 
229 2121.7009521484374 736.2693939208984 2367.5539306640626 1019.9457550048828 0.8387276785714286 2161.1610595703123 503.145654296875 2411.7417724609377 663.89560546875 0.8634905133928571 
230 2127.2458251953126 733.1466735839844 2363.5417724609374 1016.7017150878906 0.8159877232142857 2161.963232421875 500.1225158691406 2412.436669921875 660.8037536621093 0.8533993675595238 
231 2122.5112426757814 737.2446868896484 2363.6437866210936 1020.9299346923829 0.8211960565476191 2157.2447265625 496.29404296875 2412.56142578125 661.7771240234375 0.8563058035714286 
232 2121.824462890625 735.8077575683594 2363.632080078125 1020.2873352050781 0.8269856770833334 2156.1078125 494.1824096679687 2416.88095703125 660.1288696289063 0.8589797247023809 
233 2117.680456542969 736.0254058837891 2365.346643066406 1021.7941131591797 0.8387044270833334 2157.4314208984374 493.85480346679685 2409.8605712890626 655.7903381347656 0.8508417038690477 
234 2118.8787231445312 733.0965972900391 2362.1224975585938 1019.2655242919922 0.8404017857142857 2158.135290527344 494.25563049316406 2410.917687988281 656.4180145263672 0.8555850074404762 
235 2119.853234863281 731.3933685302734 2363.470251464844 1018.0017120361329 0.8368675595238095 2159.72099609375 496.4113067626953 2408.11494140625 654.0459075927735 0.8527948288690477 
236 2116.280895996094 733.8740051269531 2364.551379394531 1015.5656921386719 0.8458658854166666 2160.352392578125 498.4575653076172 2408.623193359375 656.0139312744141 0.84765625 
237 2116.7266235351562 737.3300506591797 2364.4518432617188 1018.4029205322265 0.8394949776785714 2156.4872436523438 498.21661682128905 2408.9763793945312 660.1907928466796 0.8553524925595238 
238 2117.793347167969 729.987661743164 2365.448107910156 1015.7433563232422 0.8357049851190477 2153.3295288085938 498.81866760253905 2410.5095825195312 660.7468231201171 0.8582589285714286 
239 2118.5260498046873 733.8185272216797 2361.3181884765627 1014.6955718994141 0.8399600074404762 2153.498254394531 502.19570007324216 2410.572302246094 664.0570465087891 0.8610026041666666 
240 2112.998681640625 731.1166198730468 2365.329443359375 1016.7740051269532 0.8410295758928571 2153.28359375 500.02705078125 2405.61435546875 661.8995849609375 0.8580496651785714 
241 2115.6593383789063 732.2893737792969 2364.0713745117187 1014.1416564941406 0.8421688988095238 2156.0814575195313 503.53704223632815 2404.4934936523437 665.9603942871094 0.8523995535714286 
242 2113.1950561523436 732.1097839355468 2366.0752075195314 1018.3892395019532 0.8357282366071429 2157.7885498046876 512.6288330078125 2405.8974853515624 665.31123046875 0.8517717633928571 
243 2115.546179199219 733.7606506347656 2368.100061035156 1014.9054870605469 0.8392392113095238 2155.866735839844 516.0292572021484 2408.420617675781 682.8100372314453 0.8629557291666666 
244 2120.1268676757813 736.0864807128906 2362.8260131835937 1002.5796569824219 0.8373790922619048 2159.844616699219 532.1899719238281 2407.302600097656 693.9893493652344 0.8590029761904762 
245 2116.926062011719 734.21884765625 2369.391076660156 1005.737939453125 0.8457263764880952 2160.896765136719 537.9995819091797 2413.361779785156 699.958364868164 0.8716285342261905 
246 2118.6638427734374 737.0926879882812 2362.4665283203126 1000.0170532226563 0.8328683035714286 2166.4682861328124 531.7175720214843 2410.2709716796876 694.2526428222657 0.8802548363095238 
247 2121.112060546875 736.065463256836 2364.074951171875 1007.6120880126953 0.8367745535714286 2164.5374755859375 532.4971466064453 2412.2642822265625 694.4722747802734 0.8682803199404762 
248 2120.722863769531 735.7451232910156 2368.859411621094 1007.7410827636719 0.8347749255952381 2164.2201171875 531.8398681640625 2417.128515625 694.08310546875 0.8799758184523809 
249 2121.1437255859373 742.5202850341797 2364.1072509765627 1004.5397125244141 0.8348446800595238 2168.233935546875 534.1873291015625 2415.961376953125 696.1630126953125 0.8731863839285714 
250 2115.985107421875 746.1655914306641 2368.583740234375 1008.2962615966796 0.8365420386904762 2168.4114013671874 537.7442199707032 2411.4777587890626 699.7886169433593 0.8769996279761905 
251 2119.234899902344 744.7853179931641 2367.237512207031 1011.8652557373047 0.8377046130952381 2166.927770996094 540.4398803710938 2414.930383300781 702.5955200195312 0.8861607142857143 
252 2119.8651611328123 746.4667755126953 2372.8198974609377 1018.5121673583984 0.8359840029761905 2164.472058105469 542.5245819091797 2412.653674316406 704.7972564697266 0.8769763764880952 
253 2109.537451171875 751.5101745605468 2362.899072265625 1009.6520568847657 0.8549572172619048 2161.018933105469 545.0333801269531 2414.380236816406 712.3476013183594 0.8825102306547619 
254 2107.5470947265626 751.748583984375 2367.5261474609374 1021.356396484375 0.8319614955357143 2155.6913818359376 552.8758270263672 2415.6704345703124 716.5662506103515 0.87548828125 
255 2098.6277465820312 764.466552734375 2365.8783569335938 1036.5762939453125 0.8529110863095238 2142.9203491210938 556.2726318359375 2415.0300903320312 721.48212890625 0.8807198660714286 
256 2074.81943359375 757.6115753173829 2357.113671875 1035.038510131836 0.8221493675595238 2139.5898559570314 560.8669036865234 2412.1496459960936 726.3495880126953 0.8728376116071429 
257 2069.68046875 771.6262573242187 2349.7111328125 1041.8313842773437 0.8610723586309523 2138.8378662109376 553.0056732177734 2409.0429931640624 720.0416290283204 0.8724888392857143 
258 2060.9998168945312 788.2788726806641 2345.5033569335938 1048.2561004638671 0.8355189732142857 2150.6146606445313 549.4318695068359 2410.5921264648437 721.1149444580078 0.8613978794642857 
259 2059.51962890625 783.5218658447266 2334.00625 1053.1072235107422 0.8464704241071429 2151.140979003906 542.214794921875 2415.824597167969 713.769091796875 0.8554454985119048 
260 2061.166711425781 800.026644897461 2328.917517089844 1047.9441192626953 0.8291248139880952 2149.4634521484377 535.1364990234375 2412.2557861328123 698.7619384765625 0.8388439360119048 
261 2058.8051635742186 788.9720642089844 2326.8752563476564 1047.1136291503906 0.7945731026785714 2155.417333984375 532.5489135742188 2413.558740234375 696.3695434570312 0.8439592633928571 
262 2054.6356201171875 782.7884460449219 2327.0675048828125 1050.2670959472657 0.8399832589285714 2154.844836425781 532.4557922363281 2417.370251464844 690.9616882324219 0.8508649553571429 
263 2064.6649658203123 758.4489135742188 2356.2007568359377 1054.5401000976562 0.5330403645833334 2141.4033081054686 541.3737854003906 2405.6076782226564 714.4732604980469 0.4907342819940476 
264 2069.3751708984373 751.4816253662109 2342.8963134765627 1052.3547393798829 0.5291457403273809 2147.5741577148438 539.3274780273438 2411.9778442382812 703.4401000976562 0.4987676711309524 
265 2059.4755615234376 750.379736328125 2351.2119384765624 1060.349755859375 0.5476655505952381 2147.8378295898438 538.2396911621094 2403.1072387695312 711.4581848144531 0.4569498697916667 
266 2053.7206176757813 751.0486541748047 2345.5125366210937 1056.5184234619142 0.5591866629464286 2159.63544921875 539.3942779541015 2414.95341796875 703.5272918701172 0.4690755208333333 
267 2073.651013183594 734.8803527832031 2342.633898925781 1058.571307373047 0.4619256882440476 2173.4237426757813 531.8282043457032 2428.7293334960937 700.5122497558593 0.5030226934523809 
268 2045.6608642578126 771.719970703125 2346.5632568359374 1049.82666015625 0.5830659412202381 2182.7853881835936 536.3988098144531 2419.8598754882814 695.9682556152344 0.46792457217261907 
269 2044.61845703125 793.246337890625 2354.62275390625 1066.779541015625 0.6233491443452381 2191.90556640625 539.87744140625 2410.73212890625 699.4384765625 0.44216192336309523 
270 2049.3164306640624 805.158901977539 2354.6913818359376 1064.9555389404297 0.5900413876488095 2196.0434692382814 536.2467498779297 2414.8195678710936 695.7708892822266 0.46211170014880953 
271 2044.3632568359376 804.0464416503906 2350.0200439453124 1068.644842529297 0.6250697544642857 2197.8936157226562 530.323861694336 2389.4992065429688 703.6814483642578 0.427490234375 
272 2039.67998046875 797.4047332763672 2354.29267578125 1066.4214996337892 0.6378115699404762 2192.6019775390623 538.9102142333984 2397.7842529296877 707.6156036376954 0.39675176711309523 
273 2041.3033081054687 758.8002868652344 2355.9791625976563 1059.7945617675782 0.5939011346726191 2200.746057128906 533.0545654296875 2410.530065917969 692.6727294921875 0.4486723400297619 
274 2041.9114868164063 758.5386383056641 2356.843151855469 1055.2132537841796 0.6222098214285714 2200.6061767578126 534.0139404296875 2387.7395263671874 707.454443359375 0.39091564360119047 
275 2035.0130004882812 765.0562194824219 2358.8593139648438 1043.2903381347655 0.6349748883928571 2189.0418701171875 540.1531951904296 2394.2965087890625 699.7957183837891 0.4059361049107143 
276 2038.5766357421876 752.8492919921875 2358.2680908203124 1040.571728515625 0.6097470238095238 2201.232800292969 529.7678344726562 2420.450061035156 680.4796020507813 0.45820545014880953 
277 2036.2129272460938 756.7300994873046 2342.093469238281 1039.783755493164 0.6228376116071429 2198.810754394531 536.1870086669921 2404.252966308594 691.4099761962891 0.42431640625 
278 2021.8466186523438 762.161019897461 2327.4212036132812 1035.8099884033204 0.6322312127976191 2202.8759887695314 534.2956848144531 2398.9909545898436 684.8025817871094 0.45079985119047616 
279 2022.90751953125 765.0359924316406 2310.25068359375 1043.257098388672 0.5954706101190477 2206.400256347656 537.687548828125 2393.401257324219 688.200634765625 0.45676385788690477 
280 2014.1478759765625 791.1652465820313 2295.4322021484377 1035.9867309570313 0.8684895833333334 2206.679345703125 520.8999237060547 2451.500830078125 677.1689849853516 0.8490048363095238 
281 2019.2657958984375 788.1051391601562 2292.9011962890627 1048.0588012695312 0.5751604352678571 2204.671484375 545.5168090820313 2391.6556640625 718.8192504882812 0.44778878348214285 
282 2010.0238708496095 800.9426452636719 2290.968438720703 1045.468487548828 0.8489815848214286 2201.722521972656 541.80927734375 2451.451062011719 708.294970703125 0.8466331845238095 
283 2010.2504150390625 792.0513885498046 2292.3535888671877 1053.2579986572266 0.8476329985119048 2198.7211181640623 553.1477813720703 2449.4795654296877 725.5441741943359 0.8525390625 
284 2010.2298583984375 811.8448638916016 2293.0147705078125 1057.9724578857422 0.8310546875 2181.8343505859375 572.3639709472657 2443.6719970703125 729.4667175292968 0.8480050223214286 
285 2010.6074645996093 824.1806488037109 2288.265216064453 1054.6890411376953 0.8492606026785714 2161.525988769531 582.1870788574219 2423.467419433594 744.5907531738281 0.8685825892857143 
286 2004.475390625 816.8126281738281 2287.66083984375 1058.0446716308593 0.8540504092261905 2134.167919921875 582.0350372314454 2412.108935546875 760.3369720458984 0.8644670758928571 
287 2002.721923828125 827.9586120605469 2300.928466796875 1063.3847717285157 0.8401692708333334 2105.14228515625 594.9471710205078 2387.65361328125 757.1295501708985 0.8567940848214286 
288 2005.2735229492187 824.4840545654297 2303.8390258789063 1070.6695709228516 0.8331008184523809 2093.513623046875 599.2504760742188 2360.650927734375 772.1041381835937 0.8686988467261905 
289 2021.0334228515626 811.1231964111328 2308.3645263671874 1084.772006225586 0.53271484375 2079.2714599609376 611.6753143310547 2348.3593994140624 789.5470367431641 0.5287969680059523 
290 2020.0006591796875 805.8641510009766 2307.2708251953127 1093.1340789794922 0.5249837239583334 2067.177453613281 623.6458526611328 2340.768103027344 787.8001312255859 0.5353887648809523 
291 2012.03720703125 809.779916381836 2312.9427734375 1092.4489044189454 0.5455496651785714 2052.7190551757812 616.8916687011719 2335.3881225585938 808.3771301269531 0.5306687127976191 
292 2015.4265502929688 810.6590209960938 2307.151818847656 1084.1512817382813 0.5196010044642857 2048.5612915039064 633.4150329589844 2326.6118041992186 802.0686096191406 0.5242629278273809 
293 2007.5971923828124 815.1272399902343 2308.6113037109376 1093.3372375488282 0.5108468191964286 2048.8200073242188 630.2386413574219 2327.0298461914062 808.1106018066406 0.5296688988095238 
294 2010.8345947265625 821.7855621337891 2311.5135498046875 1086.0185760498048 0.5515020461309523 2048.507116699219 632.0214416503907 2326.407189941406 809.6953552246093 0.5390508742559523 
295 2011.580743408203 823.3871368408203 2307.1334899902345 1091.6582122802733 0.5286458333333334 2045.1584594726562 629.9661529541015 2322.5234252929686 816.3918182373047 0.5416317894345238 
296 2015.4972778320312 825.9976226806641 2311.685583496094 1085.7320526123046 0.5286574590773809 2045.64189453125 627.0781341552735 2323.60322265625 818.4614776611328 0.5333193824404762 
297 2029.7420043945312 814.3391723632812 2312.4110717773438 1087.8898315429688 0.5050455729166666 2047.803466796875 628.4650238037109 2325.913330078125 810.8321563720704 0.5181129092261905 
298 2027.499658203125 822.8828094482421 2314.710791015625 1082.740542602539 0.5250534784226191 2046.612158203125 627.9018524169921 2320.146630859375 814.8170806884766 0.5500255766369048 
299 2025.9038452148438 823.1743713378906 2308.475793457031 1078.400457763672 0.5329008556547619 2048.516638183594 623.1654418945312 2317.415734863281 819.1426635742188 0.5366792224702381 
