0 1798.4639465332032 1196.285174560547 1889.2527282714843 1262.3133361816406 0.31132579985119047 1849.6780517578125 1196.6026245117187 1918.4574462890625 1259.8795532226563 0.36830357142857145 
1 1800.0232971191406 1191.4672546386719 1904.344012451172 1218.9200744628906 0.28462146577380953 1865.698828125 1181.6476623535157 1931.585595703125 1239.2985046386718 0.4000767299107143 
2 1819.4951782226562 1117.2437622070313 1945.4501342773438 1210.3407104492187 0.34559849330357145 1874.5741455078125 1162.6337646484376 1943.0279052734375 1209.1823974609374 0.4111909412202381 
3 1805.600518798828 1156.4754028320312 1928.9826110839845 1216.7955932617188 0.3148600260416667 1869.1897277832031 1175.4573547363282 1934.9934997558594 1235.7773864746093 0.39155505952380953 
4 1802.0247924804687 1158.9120727539062 1927.9505493164063 1216.3999389648438 0.3038736979166667 1871.8314697265625 1182.3916442871093 1940.2693603515625 1237.1419250488282 0.40026274181547616 
5 1809.8972961425782 1160.0760559082032 1927.3938415527343 1220.1904235839843 0.31196521577380953 1877.1583312988282 1173.8434448242188 1940.0053649902343 1242.1553344726562 0.419677734375 
6 1808.5354248046874 1113.3954223632813 1939.7687744140626 1214.5545288085937 0.31161644345238093 1869.84072265625 1164.3955871582032 1943.659521484375 1224.5442321777343 0.3755464099702381 
7 1802.5620178222657 1129.8330810546875 1933.6368347167968 1219.9469482421875 0.29373604910714285 1874.6111694335937 1177.4106872558593 1945.6100219726563 1237.4866516113282 0.38490513392857145 
8 1804.6796813964843 1155.0816528320313 1938.4227355957032 1223.3180053710937 0.31140718005952384 1873.1258422851563 1183.6359741210938 1941.3621948242187 1240.9543579101562 0.39535667782738093 
9 1799.444561767578 1090.1396728515624 1919.1361267089844 1226.1528076171876 0.25370861235119047 1872.3685424804687 1185.3489318847655 1940.3751098632813 1239.754217529297 0.3496675037202381 
10 1800.7606323242187 1162.3142333984374 1912.4073364257813 1219.4989990234376 0.23627580915178573 1872.8177734375 1194.6769897460938 1940.8951171875 1243.6926391601562 0.35802641369047616 
11 1800.6683654785156 1092.4167358398438 1934.0175476074219 1228.4873168945312 0.2553129650297619 1884.7181274414063 1185.8867431640624 1960.9176147460937 1237.5934814453126 0.3805454799107143 
12 1801.9620178222656 1189.3025146484374 1905.276629638672 1221.9281982421876 0.2301083519345238 1890.009588623047 1195.4720275878906 1955.2607971191405 1247.129412841797 0.38366117931547616 
13 1803.9446411132812 1194.3484191894531 1915.2587280273438 1221.4981384277344 0.25231352306547616 1900.5351196289062 1198.94296875 1971.1245483398438 1258.672509765625 0.46684337797619047 
14 1809.182110595703 1196.3601623535155 1893.2918884277344 1220.779119873047 0.2027587890625 1898.718212890625 1195.3166931152343 1966.5486328125 1246.8677551269532 0.3988444010416667 
15 1572.2694580078125 858.7839263916015 1989.9458740234375 918.4519744873047 0.23966471354166666 1900.7567321777344 1191.861102294922 1984.834454345703 1275.9388244628906 0.3272065662202381 
16 1579.0571838378905 811.9451446533203 2024.198797607422 1240.8011322021484 0.22337123325892858 1943.9188598632813 1170.9606201171875 1995.4900756835937 1238.8177001953125 0.4353841145833333 
17 1928.002215576172 1099.5913024902343 2017.5262268066406 1151.1353820800782 0.5083472842261905 1960.9736694335938 1104.2865661621095 2017.9435668945312 1169.394952392578 0.6926618303571429 
18 1943.221612548828 1114.8143005371094 2021.9479431152345 1152.8200988769531 0.5320638020833334 2004.511181640625 1112.5172729492188 2058.805224609375 1188.5288696289062 0.7082170758928571 
19 1949.0689880371094 1112.0125 2017.010968017578 1152.777783203125 0.6569707961309523 2033.5262268066406 1127.69140625 2112.3388854980467 1195.633544921875 0.8018275669642857 
20 1961.994451904297 1112.2267700195312 2027.2361389160155 1155.7212280273438 0.6128394717261905 2074.7036254882814 1143.4883911132813 2178.0031616210936 1206.0118530273437 0.8149181547619048 
21 1964.9963012695312 1111.3938537597655 2032.8308471679688 1152.094549560547 0.6254999069940477 2115.171594238281 1160.130352783203 2256.267614746094 1230.6783630371094 0.8038271949404762 
22 1984.4768432617188 1118.1141235351563 2057.538049316406 1153.2918823242187 0.4919317336309524 2146.3147216796874 1169.6317749023438 2314.0851806640626 1245.3989868164062 0.8462379092261905 
23 1671.3225341796874 865.4194763183593 1758.0524658203126 925.0463439941407 0.2021484375 2190.3468994140626 1177.105126953125 2350.2551513671874 1263.83505859375 0.8717215401785714 
24 1703.3284851074218 865.7276092529297 1789.9306701660157 906.322378540039 0.36242094494047616 2218.257568359375 1187.4672058105468 2388.755615234375 1290.3073303222657 0.8947172619047619 
25 1708.4950439453125 862.6563873291016 1797.7659423828125 911.3496551513672 0.4005533854166667 2240.4788818359375 1200.3876220703125 2408.1998291015625 1297.7739990234375 0.8845796130952381 
26 1728.0970336914063 799.7869293212891 1776.7476928710937 1310.6187713623046 0.20461309523809523 2262.110559082031 1210.7185302734374 2421.576696777344 1313.4255126953126 0.8844633556547619 
27 1711.562451171875 856.0625762939453 1803.7869140625 915.7372894287109 0.35207403273809523 2275.7595336914064 1220.370458984375 2433.0839721679686 1323.444970703125 0.8904854910714286 
28 1747.398016357422 911.878369140625 1750.1089416503905 917.3002197265625 0.16024344308035715 2284.5802734375 1229.7877380371094 2439.10380859375 1335.514141845703 0.8878813244047619 
29 1731.649346923828 872.9494598388671 1809.9694274902345 921.5619537353516 0.349853515625 2287.9925903320313 1233.8040588378906 2441.9324584960937 1341.831805419922 0.8804175967261905 
30 1734.428662109375 846.8426300048828 1821.371875 906.6160491943359 0.24954659598214285 2296.6332153320313 1238.2958068847656 2437.9158569335937 1346.9748229980469 0.8797665550595238 
31 1735.7152099609375 859.4597961425782 1844.5965576171875 922.0665710449218 0.40538969494047616 2295.8259887695312 1239.0788635253907 2431.9276733398438 1350.6822448730468 0.8816266741071429 
32 1736.257879638672 805.9037353515625 1847.9199768066405 1350.5967529296875 0.21439615885416666 2296.9774169921875 1239.248846435547 2433.1505126953125 1350.9109436035155 0.8761625744047619 
33 1738.286395263672 857.0338836669922 1857.9395568847656 916.860464477539 0.5410039992559523 2301.513916015625 1238.0623168945312 2434.763916015625 1349.5573120117188 0.8725353422619048 
34 1741.220556640625 854.3990539550781 1863.6458984375 922.4130798339844 0.34226190476190477 2300.8190185546873 1238.9398986816407 2434.1267822265627 1347.7623718261718 0.8743954613095238 
35 1744.6282470703125 859.0209014892578 1861.5958740234375 918.864779663086 0.5653831845238095 2306.240197753906 1237.7532653808594 2434.088659667969 1352.0007629394531 0.8731631324404762 
36 1733.8814697265625 863.2412200927735 1894.6231689453125 923.1788848876953 0.3054780505952381 2308.318493652344 1237.7464782714844 2430.918078613281 1357.621807861328 0.8717912946428571 
37 1741.8696899414062 863.1007659912109 1875.2767944335938 922.9978057861329 0.3994256882440476 2310.996435546875 1237.3526550292968 2430.790673828125 1357.1467346191407 0.8679547991071429 
38 1726.6089782714844 864.6131134033203 1952.6260070800781 1305.7549896240234 0.20310174851190477 2310.0849365234376 1234.7449890136718 2435.3476806640624 1354.5612854003907 0.8686058407738095 
39 2313.1497436523437 1234.343115234375 2433.2064575195313 1351.6712890625 0.8677687872023809 
40 2315.859130859375 1236.3213256835938 2435.195068359375 1350.2328735351562 0.8722795758928571 
41 1959.66845703125 1242.9356689453125 1959.66845703125 1242.9356689453125 0.1651611328125 2321.7406616210938 1241.7901733398437 2432.7468872070312 1341.9666625976563 0.8664202008928571 
42 1960.2081298828125 1242.8829345703125 1960.2081298828125 1242.8829345703125 0.16202218191964285 2326.6254150390623 1246.5262390136718 2434.8853271484377 1341.2534240722657 0.8495163690476191 
43 2327.3833251953124 1247.5364868164063 2430.3188232421876 1339.6368530273437 0.8579566592261905 
44 1748.3673095703125 916.8065185546875 1748.3673095703125 916.8065185546875 0.1412295386904762 2328.042687988281 1246.0112243652343 2430.938513183594 1335.3682922363282 0.8535388764880952 
45 1739.7965026855468 865.6129547119141 1866.8872131347657 1298.2619842529298 0.17778669084821427 2324.7047729492188 1246.3649108886718 2430.1631469726562 1335.5988342285157 0.8488653273809523 
46 2317.734033203125 1240.5998413085938 2428.512060546875 1335.1662719726562 0.8497488839285714 
47 1659.202947998047 1142.8310791015624 1675.4597717285155 1207.8583740234376 0.14831252325148808 2314.58369140625 1236.4121032714843 2431.09111328125 1339.3721984863282 0.8630719866071429 
48 1921.369140625 1266.2891845703125 1921.369140625 1266.2891845703125 0.16566394624255953 2316.0054443359377 1237.9515258789063 2430.1927978515623 1338.5450561523437 0.8660714285714286 
49 2307.005078125 1231.4356567382813 2433.85283203125 1350.1866577148437 0.8806733630952381 
50 2297.5476928710937 1235.1057250976562 2441.1732543945313 1343.5024291992188 0.8797898065476191 
51 2287.6773071289062 1232.0114135742188 2439.4323120117188 1334.9878540039062 0.8689313616071429 
52 1660.081787109375 975.677001953125 1660.081787109375 975.677001953125 0.15393938337053573 2289.0851318359373 1229.7054931640625 2429.3245361328127 1329.4912841796875 0.8591657366071429 
53 1643.9298583984375 974.6858520507812 1781.6492431640625 1044.8956909179688 0.18812197730654762 2280.492053222656 1221.4589477539062 2410.110241699219 1313.2717651367188 0.8597702752976191 
54 1643.8927917480469 968.105355834961 1778.9383850097656 984.3108428955078 0.1710263206845238 2272.89375 1217.004815673828 2394.43486328125 1308.8358825683595 0.8551897321428571 
55 1639.461602783203 964.0839599609375 1750.3959411621095 1083.1355224609374 0.17017473493303573 2272.391357421875 1217.2766662597655 2399.560302734375 1306.565496826172 0.8719075520833334 
56 1715.1506103515626 867.8807250976563 1850.1887451171874 935.3997924804687 0.19924781436011904 2271.715441894531 1219.18759765625 2390.548962402344 1302.911279296875 0.8587007068452381 
57 1682.36279296875 916.007290649414 1774.108642578125 967.2770721435547 0.20332845052083334 2277.6733642578124 1219.474462890625 2391.0063232421876 1303.125146484375 0.8633277529761905 
58 1686.872332763672 868.840200805664 1775.8218811035156 933.5308319091797 0.24990699404761904 2278.2111938476564 1222.6690673828125 2399.5063354492186 1311.6187744140625 0.8620489211309523 
59 1731.4121337890624 858.0628692626954 1785.3373779296876 936.2543304443359 0.2023867652529762 2276.1598266601563 1220.0873168945313 2408.2764526367187 1306.3675170898437 0.8759533110119048 
60 2278.5546264648438 1221.4135620117188 2408.0896606445312 1305.0715454101562 0.8555385044642857 
61 1667.847900390625 946.7615966796875 1667.847900390625 946.7615966796875 0.15591285342261904 2280.301965332031 1219.6782104492188 2404.411657714844 1300.6193969726562 0.8655831473214286 
62 1732.8734130859375 920.0619171142578 1789.5802001953125 928.162875366211 0.17865280877976192 2286.543603515625 1220.8363891601562 2405.357763671875 1304.5464233398438 0.8642810639880952 
63 1691.9653076171876 872.1889923095703 1783.8012939453124 931.612338256836 0.19009254092261904 2291.3926513671877 1220.8335266113281 2410.2391845703123 1301.8653259277344 0.8719773065476191 
64 1652.677313232422 916.9912567138672 1784.9597717285155 970.9840240478516 0.19337100074404762 2301.9406982421874 1223.9194396972657 2404.5270751953126 1299.5093933105468 0.8574683779761905 
65 1657.0655395507813 919.7084320068359 1789.2862670898437 949.3906280517579 0.16739908854166666 2299.7999877929688 1225.4561462402344 2402.3384399414062 1303.7092590332031 0.8476097470238095 
66 1659.6898315429687 921.7172973632812 1759.5045043945313 951.3919555664063 0.16589064825148808 2300.9111450195314 1228.0094604492188 2400.7258178710936 1300.8472290039062 0.8293805803571429 
67 1652.1616333007812 889.8239837646485 1754.6899291992188 1186.616506958008 0.1734066917782738 2299.708874511719 1224.5976013183595 2402.237170410156 1300.144708251953 0.8455636160714286 
68 1648.1364868164062 900.1617828369141 1796.5234252929688 932.5371307373047 0.19820149739583334 2300.935192871094 1218.9341918945313 2403.457141113281 1294.4766967773437 0.8600492931547619 
69 1651.9129150390625 1152.8462219238281 1762.0980712890625 1160.9085388183594 0.18441917782738096 2304.0313110351562 1216.8280456542968 2406.1539916992188 1297.4513732910157 0.8518880208333334 
70 1656.8304443359375 1080.2940673828125 1756.3077392578125 1179.7713623046875 0.19194103422619047 2304.1566162109375 1211.0002075195312 2403.6339111328125 1288.9687866210938 0.8625139508928571 
71 1647.0338989257812 891.3410583496094 1786.9079956054688 1192.6082824707032 0.19412667410714285 2305.8491088867186 1208.540673828125 2402.6848266601564 1289.237158203125 0.8667224702380952 
72 1642.3185974121093 898.2182495117188 1779.6417297363282 1151.3237426757812 0.19926525297619047 2303.8723266601564 1206.6257385253907 2398.1137573242186 1282.0189147949218 0.8615606398809523 
73 1572.6593994140626 1078.1187805175782 1758.5771728515624 1172.4247985839843 0.23643275669642858 2302.443713378906 1204.6546813964844 2396.749890136719 1280.099591064453 0.8686058407738095 
74 1645.8927429199218 1086.4429748535156 1748.3170959472657 1172.695086669922 0.20449683779761904 2294.8568725585938 1201.4111450195312 2397.2810668945312 1279.5771362304688 0.8784644717261905 
75 1642.1783630371094 1021.7503173828125 1782.270977783203 1164.5370361328125 0.18279738653273808 2295.805517578125 1198.8348327636718 2392.792626953125 1279.6574768066407 0.8765113467261905 
76 1656.4060607910155 928.4115966796875 1747.976873779297 1133.0993896484374 0.18617466517857142 2288.804638671875 1198.1520935058593 2393.841845703125 1273.5633605957032 0.8782319568452381 
77 1681.8709838867187 943.6963104248047 1773.6336547851563 986.8787017822266 0.1903076171875 2288.916125488281 1195.0055725097657 2391.474255371094 1273.2736022949218 0.8886486235119048 
78 1721.2760620117188 894.3619842529297 1761.6931762695312 1112.6146392822266 0.19510323660714285 2285.8726318359377 1194.485333251953 2390.9574462890623 1272.6251403808594 0.8867420014880952 
79 1728.3693237304688 859.6704895019532 1782.2625122070312 962.0675476074218 0.19843982514880953 2281.500244140625 1192.3574096679688 2391.981201171875 1267.8078735351562 0.8905319940476191 
80 1725.1106262207031 869.3844055175781 1773.6360778808594 961.0434509277344 0.19047037760416666 2280.249267578125 1190.2946838378907 2388.083251953125 1268.4744812011718 0.8884858630952381 
81 1715.1109924316406 923.9247436523438 1766.4167175292969 1161.5508422851562 0.17629278273809523 2273.2416137695313 1187.7229797363282 2383.9539428710937 1263.3313415527343 0.8918108258928571 
82 1674.2064331054687 1074.7861389160157 1766.1880981445313 1169.4730163574218 0.17962937127976192 2267.508203125 1182.7916381835937 2375.72177734375 1261.2464477539063 0.8900669642857143 
83 1708.4940551757813 921.6628295898438 1754.4222045898437 1186.4257934570312 0.17518252418154762 2262.75048828125 1179.7755310058594 2368.115234375 1260.825421142578 0.8858351934523809 
84 1702.7953369140625 920.1076446533203 1748.8006103515625 1188.0207122802735 0.18272763206845238 2249.0301513671875 1172.095928955078 2359.9840087890625 1258.6939880371094 0.8935779389880952 
85 1692.430615234375 853.7360717773438 1746.470751953125 934.7962768554687 0.22819010416666666 2239.06728515625 1174.1316467285155 2347.14755859375 1252.489813232422 0.8840680803571429 
86 1663.19951171875 856.3124542236328 1733.42109375 931.9356536865234 0.28891136532738093 2226.63447265625 1167.3234497070312 2329.26591796875 1248.3484252929688 0.8839983258928571 
87 1654.9367248535157 862.5084564208985 1698.2513854980468 1195.4908721923828 0.23880440848214285 2214.4887573242186 1157.7987060546875 2317.3610961914064 1241.7210693359375 0.8758603050595238 
88 1633.7529846191405 1075.8630493164062 1674.453680419922 1170.8312866210938 0.20526994977678573 2199.0749633789064 1150.7940185546875 2296.7568237304686 1229.4821044921875 0.8578404017857143 
89 1630.538067626953 1129.9231872558594 1663.0890075683594 1157.0491027832031 0.18380882626488096 2178.3754272460938 1146.9290161132812 2273.3157348632812 1225.5939331054688 0.8602120535714286 
90 1978.4919128417969 1116.4487609863281 2054.6598205566406 1151.8123474121094 0.3669549851190476 2155.310412597656 1142.8145080566405 2258.681042480469 1221.702703857422 0.8407505580357143 
91 1972.7569458007813 1112.5331298828125 2032.5223510742187 1150.5657470703125 0.33125232514880953 2134.917590332031 1133.430194091797 2238.148571777344 1225.7947814941406 0.8464006696428571 
92 1961.0904846191406 1113.8434753417969 2031.5661315917969 1157.2130432128906 0.45504324776785715 2116.428576660156 1124.581689453125 2214.010144042969 1219.452490234375 0.85302734375 
93 1963.2089294433595 1111.3577514648437 2028.145928955078 1154.6490844726563 0.4879557291666667 2092.3542358398436 1125.718817138672 2192.4653442382814 1206.8899475097655 0.8236607142857143 
94 1968.4196838378907 1116.9250061035157 2030.7049499511718 1154.8378112792968 0.41517857142857145 2072.6798461914063 1121.40361328125 2170.1700073242187 1210.7697265625 0.8274972098214286 
95 1952.7139465332032 1116.6023559570312 2028.4524353027343 1162.5863647460938 0.32431175595238093 2059.0391845703125 1122.3244018554688 2151.0072021484375 1208.8826293945312 0.8054082961309523 
96 1950.5607604980469 1116.5892211914063 2029.0265197753906 1162.5865600585937 0.3683965773809524 2050.776257324219 1119.919384765625 2126.536486816406 1209.208056640625 0.8141508556547619 
97 1948.9563354492188 1117.574237060547 2035.6078735351562 1160.9000061035156 0.41708519345238093 2037.6908630371095 1127.7806823730468 2113.510919189453 1209.0165588378907 0.7725771949404762 
98 1937.865252685547 1112.6681518554688 2024.4439514160156 1155.9575805664062 0.3847539992559524 2024.1318786621093 1129.4220397949218 2102.593829345703 1207.8839904785157 0.7944103422619048 
99 1940.8994079589843 1110.6483093261718 2024.5086730957032 1156.4985412597657 0.4691685267857143 2019.2182189941407 1129.7353210449219 2089.342205810547 1207.9503479003906 0.7840401785714286 
100 1939.3114685058595 1108.7932861328125 2022.824884033203 1154.5909912109375 0.49937220982142855 2013.7068176269531 1134.3860778808594 2081.0562438964844 1209.8176574707031 0.7909923735119048 
101 1935.2393981933594 1109.0115600585937 2021.256329345703 1146.6439575195313 0.6612955729166666 2014.536279296875 1138.0628784179687 2076.361181640625 1210.6397583007813 0.7816452752976191 
102 1928.0359924316406 1113.2049560546875 2025.212420654297 1150.9957275390625 0.6522274925595238 2013.0653686523438 1147.1543395996093 2075.1502075195312 1214.6380187988282 0.7721586681547619 
103 1921.6371032714844 1112.0658142089844 2026.725567626953 1149.789776611328 0.6448335193452381 2007.1380798339844 1151.862567138672 2071.8078430175783 1221.9214904785156 0.7389322916666666 
104 1928.1110961914062 1112.3796508789062 2022.8539916992188 1155.6906616210938 0.6592726934523809 2004.1136596679687 1146.1123046875 2071.786975097656 1221.906494140625 0.7299572172619048 
105 1928.573956298828 1109.8772888183594 2017.7555114746094 1158.5217590332031 0.6220703125 2006.2180236816407 1148.9591125488282 2071.077264404297 1219.2233825683593 0.7285621279761905 
106 1925.6076721191407 1110.6655212402343 2017.6190124511718 1156.6712707519532 0.5141252790178571 2009.0839599609376 1147.0953369140625 2063.2085205078124 1220.1632080078125 0.7380952380952381 
107 1923.9002319335937 1110.0382141113282 2018.3695434570313 1164.0207458496093 0.5284946986607143 2006.8463745117188 1160.0758361816406 2066.2271118164062 1230.2531433105469 0.7679036458333334 
108 1926.3439025878906 1111.6823303222657 2015.4340515136719 1157.5773132324218 0.6095610119047619 2003.5968994140626 1153.6316650390625 2071.0896240234374 1231.9230224609375 0.7482096354166666 
109 1922.9846069335938 1111.7364868164063 2011.9111450195312 1157.5472045898437 0.5321219308035714 2004.5524353027345 1149.4629699707032 2069.226007080078 1227.6103942871093 0.7482793898809523 
110 1926.7591125488282 1110.4972229003906 2015.8848083496093 1151.0087585449219 0.6092354910714286 2008.821221923828 1152.7747497558594 2070.9389099121095 1222.9949035644531 0.7585797991071429 
111 1924.0890869140626 1105.8988037109375 2012.9924560546874 1154.3917236328125 0.6035388764880952 2008.0188842773437 1154.9097473144532 2069.9818481445313 1227.6489685058593 0.7513020833333334 
112 1928.0986389160157 1112.4087951660156 2020.0528503417968 1152.976824951172 0.6208379836309523 2003.7216552734376 1158.9060485839843 2071.3349853515624 1229.2239562988282 0.7578590029761905 
113 1924.3136596679688 1107.1024780273438 2010.7830200195312 1144.9329223632812 0.6206984747023809 2003.7157958984376 1155.6375244140625 2068.5678955078124 1223.1918212890625 0.7770647321428571 
114 1928.3966064453125 1112.09580078125 2022.8560791015625 1147.18056640625 0.5696614583333334 2000.331121826172 1158.4950439453125 2065.1030822753905 1223.2671630859375 0.7696475074404762 
115 1928.5507568359376 1114.1093688964843 2017.5715576171874 1151.8758605957032 0.5320289248511905 1997.7545532226563 1153.6396179199219 2062.4971557617187 1226.4750061035156 0.7765066964285714 
116 1924.1426147460938 1110.95185546875 2013.3839965820312 1148.81181640625 0.5962146577380952 1997.3662902832032 1159.8370300292968 2064.9734313964846 1224.7397521972657 0.7785760788690477 
117 1931.8943176269531 1120.1595642089844 2018.2581481933594 1157.943829345703 0.5173456101190477 1996.3558044433594 1160.64267578125 2063.827423095703 1225.4154296875 0.7803199404761905 
118 1931.9868591308593 1114.7814514160157 2015.7840148925782 1155.3285339355468 0.5365048363095238 1996.2382751464843 1157.4078308105468 2063.816534423828 1224.9860900878907 0.7834821428571429 
119 1922.8321594238282 1107.4087463378905 2017.5412536621093 1147.998358154297 0.6290690104166666 1999.1197998046875 1156.0122009277343 2064.0633056640627 1226.3675598144532 0.7767159598214286 
120 1942.774188232422 1133.5491333007812 2023.7891662597656 1163.2545776367188 0.4872233072916667 1993.8758972167968 1157.9574584960938 2064.0890686035154 1228.1704711914062 0.7894577752976191 
121 1925.8177001953125 1116.847393798828 2015.0682861328125 1154.7113220214844 0.5398879278273809 1994.2639526367188 1160.952587890625 2067.287072753906 1231.2712890625 0.7837146577380952 
122 1925.1922546386718 1111.3784912109375 2022.4680236816407 1146.5057861328125 0.5949358258928571 1994.5115966796875 1156.8984375 2067.4683837890625 1229.855224609375 0.7920154389880952 
123 1925.46279296875 1115.709295654297 2020.089208984375 1148.1526428222655 0.5589890252976191 1992.7411071777344 1161.2547790527344 2063.0348937988283 1231.548565673828 0.7820638020833334 
124 1925.6002258300782 1117.4499572753907 2020.2775817871093 1149.9107604980468 0.5284481956845238 1992.6027099609375 1163.3320373535157 2065.6394775390627 1230.9588562011718 0.7788318452380952 
125 1930.8203552246093 1121.2954345703124 2022.7742492675782 1153.7497314453126 0.5158342633928571 1995.41689453125 1163.0075622558593 2068.4390625 1230.6207336425782 0.7652994791666666 
126 1933.9928466796875 1118.8116943359375 2020.6199462890625 1156.7110107421875 0.5150669642857143 1995.3189636230468 1164.2074890136719 2073.8247131347657 1223.7635803222656 0.7907598586309523 
127 1922.7564636230468 1110.3741516113282 2025.5737365722657 1145.5485778808593 0.5365978422619048 1990.6075744628906 1151.2721435546875 2082.601776123047 1210.7979248046875 0.7910621279761905 
128 1918.000469970703 1105.0221313476563 2026.1297790527344 1145.5706420898437 0.6396019345238095 1992.1314514160156 1150.3532592773438 2070.5251647949217 1212.5276000976562 0.7456519717261905 
129 1920.0665893554688 1114.1063232421875 2009.1353149414062 1173.4854736328125 0.3197544642857143 1989.2038452148438 1119.9195495605468 2072.8745239257814 1200.8913635253907 0.7681129092261905 
130 1915.5539611816407 1117.8062377929687 2050.421502685547 1179.8453735351563 0.2595098586309524 1977.0743408203125 1111.47783203125 2082.2708740234375 1192.398388671875 0.7546502976190477 
131 1905.5506164550782 1117.4410888671875 2037.8308532714843 1174.1326416015625 0.28505161830357145 1975.532470703125 1103.9429748535156 2059.219970703125 1187.630633544922 0.7433733258928571 
132 1588.5629333496095 1110.1871337890625 2047.930596923828 1172.3370361328125 0.19741094680059523 1967.6971740722656 1101.4571350097656 2059.570770263672 1185.224139404297 0.6942196800595238 
133 1907.5727416992188 1112.9163391113282 2042.9514282226562 1183.3132751464843 0.29725864955357145 1969.430419921875 1103.960595703125 2056.07275390625 1179.77255859375 0.7208426339285714 
134 1893.3331726074218 1111.3497924804688 1980.0216857910157 1168.2390747070312 0.31229073660714285 1963.6634033203125 1104.6814331054688 2036.8068115234375 1183.2428833007812 0.6448567708333334 
135 1863.9904418945312 1105.214617919922 1961.5605834960938 1159.4202697753906 0.30253673735119047 1954.1593383789063 1100.6279724121093 2011.0752807617187 1176.5159484863282 0.6594122023809523 
136 1924.3007019042968 1103.4216430664062 2011.0876037597657 1146.8151733398438 0.49117606026785715 1935.1490234375 1090.6957397460938 2000.23916015625 1172.0584106445312 0.7222144717261905 
137 1896.4183349609375 1103.8649536132812 1999.4884033203125 1144.5505737304688 0.3966587611607143 1910.6061889648438 1090.3031860351562 1981.1276977539062 1158.1123413085938 0.6896623883928571 
138 1558.0126220703125 1093.5542358398438 2016.6123779296875 1158.6808715820312 0.23618861607142858 1915.0608276367188 1093.5542358398438 1974.7602172851562 1158.6808715820312 0.5069754464285714 
139 1558.4369079589844 923.1173309326172 1915.711407470703 974.9357086181641 0.20365397135416666 1913.4036865234375 1143.6077941894532 1976.1312255859375 1211.7900329589843 0.31605747767857145 
140 1599.9878723144532 913.3518951416015 1665.5225036621093 951.5804168701172 0.25334240141369047 1869.0578857421874 1180.9516174316407 1950.9762939453126 1339.3270690917968 0.19426618303571427 
141 1598.1840515136719 910.2009765625 1633.5523986816406 951.010693359375 0.21031552269345238 1898.3972961425782 1191.8929504394532 1980.0168884277343 1276.2331481933593 0.35897972470238093 
142 1603.2774597167968 909.2801086425782 1636.0197814941407 963.8507507324218 0.24465797061011904 1862.9074584960938 1234.2899230957032 1955.6775024414062 1291.5891052246093 0.2653111049107143 
143 1577.9131286621093 875.0733947753906 1917.5049621582032 1258.1330261230469 0.19581821986607142 1909.8771362304688 1187.6023376464843 1980.5122680664062 1252.8040344238282 0.4374186197916667 
144 1584.2041809082032 1203.0993347167969 1909.0659606933593 1222.0494689941406 0.19331287202380953 1897.4041870117187 1183.8366638183593 1962.3765747070313 1243.3946594238282 0.3910551525297619 
145 1590.8467834472656 843.5412414550781 1915.599383544922 1271.1322204589844 0.21407063802083334 1886.3509094238282 1190.5685913085938 1959.4202087402343 1244.6941040039062 0.3524576822916667 
146 1565.188037109375 845.4936981201172 1993.31904296875 1260.076187133789 0.20245651971726192 1895.2491271972656 1130.0110961914063 1973.830096435547 1246.5277221679687 0.36054920014880953 
147 1566.8214111328125 880.7911346435546 1927.2635498046875 948.5433990478516 0.2025146484375 1917.7783325195312 1157.1162658691405 1982.8205444335938 1232.998846435547 0.4314778645833333 
148 1612.5690612792969 881.1101776123047 1634.2994689941406 932.7197174072265 0.22409202938988096 1917.4205932617188 1165.798388671875 1977.1790161132812 1230.989453125 0.44893973214285715 
149 1586.9478454589844 870.3422332763672 1948.7126770019531 1253.8675445556642 0.20424688430059523 1916.8046447753907 1161.072412109375 1976.6454284667968 1237.23349609375 0.48142206101190477 
150 1625.1139221191406 871.8506713867188 1905.1193542480469 1257.8773559570313 0.19903273809523808 1902.9236389160155 1169.6307556152344 1968.167547607422 1240.311749267578 0.42678106398809523 
151 1698.3825622558593 1089.2191589355468 1923.7762512207032 1227.7140686035157 0.21719796316964285 1907.5873046875 1163.0622802734374 1967.33017578125 1222.8051513671876 0.4482305617559524 
152 1706.7537658691406 1091.6218017578126 1894.025653076172 1230.0400634765624 0.2059326171875 1903.4205139160156 1168.033709716797 1960.416278076172 1241.3140686035156 0.44480096726190477 
153 1700.623876953125 1094.3802490234375 1925.662255859375 1224.5230712890625 0.22811453683035715 1915.4426574707031 1171.8610961914062 1977.8028259277344 1245.0663940429688 0.5088820684523809 
154 1694.6136535644532 1095.1904296875 1927.9269958496093 1222.698974609375 0.22782389322916666 1910.1885314941405 1166.4574768066407 1975.299139404297 1236.9940612792968 0.4592401413690476 
155 1624.3295654296876 820.9817718505859 1901.3996826171874 1263.7507110595702 0.2100771949404762 1909.6533264160157 1179.7520812988282 1977.5626159667968 1247.6613708496093 0.47402808779761907 
156 1587.9686645507813 840.2889465332031 1911.2322631835937 1258.6301208496093 0.1956787109375 1901.9334228515625 1172.6423950195312 1967.1295654296875 1245.9879760742188 0.4450799851190476 
157 1590.9017150878906 844.8642059326172 1908.611590576172 1260.3309234619142 0.19564964657738096 1902.031756591797 1170.8249145507812 1967.2029846191406 1241.4270385742188 0.4392206101190476 
158 1575.8151733398438 842.9910034179687 1909.3613403320312 1263.3134399414062 0.20074753534226192 1908.1097473144532 1182.5865051269532 1965.0566345214843 1244.9568298339843 0.47172619047619047 
159 1578.2372741699219 868.4350036621094 1907.2101135253906 1259.939874267578 0.20014299665178573 1901.4588439941406 1184.2322998046875 1966.709735107422 1249.4830322265625 0.4679361979166667 
160 1573.7274963378907 834.8411560058594 1921.7931335449218 1264.4846496582031 0.19541713169642858 1911.4389221191407 1177.468310546875 1979.4205749511718 1248.169140625 0.47483026413690477 
161 1587.0671997070312 841.7857879638672 1908.3395385742188 1263.796304321289 0.19859677269345238 1902.894305419922 1191.7508422851563 1973.6832092285156 1248.9264038085937 0.4619721912202381 
162 1741.9385498046875 1091.62939453125 1916.1144287109375 1227.7041015625 0.21998814174107142 1903.448956298828 1169.7152709960938 1966.0433532714844 1245.9172973632812 0.4702845982142857 
163 1573.512921142578 870.0646453857422 1905.3844177246094 1259.0616363525392 0.19376627604166666 1901.408758544922 1179.7555786132812 1966.6948791503905 1242.3215698242188 0.46359979538690477 
164 1702.8818969726562 839.8743530273438 1888.1937866210938 1262.2762817382813 0.19832356770833334 1898.4656005859374 1183.5606323242187 1969.3200439453126 1243.5145629882813 0.4742954799107143 
165 1573.1737060546875 869.8304412841796 1897.8658447265625 1254.5497467041016 0.19981747581845238 1902.9029846191406 1170.4907592773438 1971.1156921386719 1241.4318481445312 0.46901739211309523 
166 1702.058770751953 869.7998626708984 1890.5011657714845 1252.1467315673829 0.20359002976190477 1904.9967346191406 1165.5934753417969 1973.2729187011719 1242.0628967285156 0.46237909226190477 
167 1566.6408325195312 1192.3548767089844 1927.0356811523438 1214.197003173828 0.19917224702380953 1903.0933166503905 1181.3289001464843 1968.619696044922 1244.1248352050782 0.47670200892857145 
168 1567.7339233398438 868.0650115966797 1921.8820434570312 1254.9037994384767 0.19647507440476192 1895.5828491210937 1182.3976623535157 1969.1366333007813 1242.3304870605468 0.44070870535714285 
169 1558.1047302246093 847.8202606201172 1902.9613098144532 1263.2774566650392 0.22703334263392858 1907.556622314453 1194.974591064453 1975.4417907714844 1262.8597595214844 0.4919317336309524 
170 1565.2999267578125 1202.399346923828 1902.1668701171875 1213.2660583496095 0.19627743675595238 1906.2417846679687 1185.681378173828 1968.7252563476563 1250.8814880371094 0.49555896577380953 
171 1558.6923461914062 836.3227569580079 1915.2754272460938 1263.678158569336 0.20306105840773808 1908.4704345703126 1186.205517578125 1973.7986083984374 1248.81181640625 0.4868745349702381 
172 1740.5721435546875 1191.3020751953125 1895.5247802734375 1221.2052490234375 0.2208193824404762 1904.2030456542968 1192.347637939453 1964.0092346191407 1249.4354431152344 0.4870024181547619 
173 1697.7063720703125 1191.490252685547 1915.0494873046875 1221.3748596191406 0.21976143973214285 1910.869891357422 1190.131854248047 1965.2056701660156 1249.9012268066406 0.5006975446428571 
174 1813.8086730957032 1166.1643371582031 1911.4941833496093 1212.2935485839844 0.2409726097470238 1916.921209716797 1189.3333740234375 1971.1909729003905 1251.7435302734375 0.5095098586309523 
175 1572.9985473632812 1200.0617309570312 1907.8701049804688 1227.2871459960938 0.20802525111607142 1893.1057067871093 1196.9203369140625 1958.4464172363282 1251.3711669921875 0.46407645089285715 
176 1563.5930480957031 1161.5759033203126 1923.2266540527344 1221.5149169921874 0.20060802641369047 1903.2120422363282 1184.3150146484375 1971.3244567871093 1246.9784423828125 0.46651785714285715 
177 1555.07158203125 1091.5801696777344 1984.814892578125 1233.0146789550781 0.21956961495535715 1893.2800231933593 1182.2781555175782 1966.7171691894532 1244.8357360839843 0.43461681547619047 
178 1558.629083251953 837.4402008056641 1907.5624450683595 1270.8807830810547 0.22604515438988096 1876.737158203125 1198.0115661621094 1958.51845703125 1268.8887023925781 0.37949916294642855 
179 1574.7549560546875 1065.2543395996095 1903.8104736328125 1233.861260986328 0.20023018973214285 1854.8600646972657 1187.9440551757812 1950.0414245605468 1272.2475952148438 0.32296316964285715 
180 1806.2589904785157 993.4975219726563 1907.0104187011718 1118.7561401367188 0.32363746279761907 1869.9354919433595 1000.828744506836 1927.118829345703 1098.8571075439454 0.5297154017857143 
181 1829.5146423339843 1002.3803771972656 1919.2240051269532 1073.0604187011718 0.43786039806547616 1867.8868469238282 996.6297729492187 1933.1301208496093 1080.9022094726563 0.7405133928571429 
182 1847.254833984375 992.22470703125 1928.742236328125 1079.14443359375 0.4118071056547619 1872.954656982422 985.0162200927734 1949.0095764160155 1080.0846710205078 0.7841796875 
183 1850.2245361328125 985.6925628662109 1948.1504638671875 1059.1370880126954 0.32962472098214285 1895.5256774902343 985.2740447998046 1963.5298645019532 1080.4799224853516 0.7603469122023809 
184 1901.369580078125 989.747021484375 1972.1072265625 1084.970751953125 0.45535714285714285 1918.4261901855468 985.5614227294922 1986.4430725097657 1080.785073852539 0.7955496651785714 
185 1926.4518737792969 985.2667541503906 1989.0770568847656 1115.9626159667969 0.3505743117559524 1944.3596984863282 993.2258056640625 2015.1533630371093 1091.2475830078124 0.8123604910714286 
186 1932.4689514160157 1047.6506225585938 1978.7384460449218 1129.3027465820312 0.42442103794642855 1973.923114013672 1005.672998046875 2041.9666564941406 1106.377294921875 0.7940383184523809 
187 1949.0208251953125 1067.9074768066407 2011.5033447265625 1138.5399108886718 0.40913318452380953 2002.4130737304688 1025.6952209472656 2073.0456665039064 1118.0607604980469 0.8243815104166666 
188 1982.4701904296876 1084.758038330078 2053.0542236328124 1152.6273376464844 0.30773344494047616 2027.785955810547 1044.662860107422 2103.7996154785155 1134.2503479003906 0.8372628348214286 
189 1947.1216735839844 1097.4929992675782 2053.002960205078 1140.9314392089843 0.32748558407738093 2051.33212890625 1071.9101989746093 2140.92421875 1156.0723449707032 0.8576311383928571 
190 1916.77412109375 1107.6522888183595 2025.312060546875 1151.067559814453 0.4093656994047619 2082.085827636719 1090.4323852539062 2168.916369628906 1174.5493041992188 0.8428199404761905 
191 1905.8697265625 1115.1490539550782 2033.366845703125 1155.8395935058593 0.28159877232142855 2110.2616455078123 1113.4796630859375 2202.4937255859377 1186.7227294921875 0.8486095610119048 
192 1934.9784301757813 1112.1821655273438 2024.6800170898437 1147.5192504882812 0.5245070684523809 2133.6183227539063 1133.8235595703125 2223.3199096679687 1199.0609619140625 0.8379836309523809 
193 1926.3856079101563 1109.4250732421874 2040.3346069335937 1147.4081787109376 0.36020042782738093 2151.8834228515625 1152.521240234375 2246.8411865234375 1214.921875 0.8333333333333334 
194 1945.9963623046874 1107.2207336425781 2029.8254150390626 1142.3748474121094 0.6232096354166666 2164.3058959960936 1162.0320434570312 2267.0639770507814 1226.9320678710938 0.8385184151785714 
195 1955.7703063964843 1107.1302795410156 2037.5139953613282 1139.8278503417969 0.6116303943452381 2179.3077880859373 1166.5516540527344 2285.5745361328127 1229.221905517578 0.8316824776785714 
196 1961.7570739746093 1106.3729187011718 2046.2105773925782 1139.0644592285157 0.5474097842261905 2195.7326904296874 1171.7560729980469 2304.7048095703126 1237.1393127441406 0.8392159598214286 
197 1984.1197509765625 1113.2490661621093 2087.2596435546875 1164.8191711425782 0.3124418712797619 2208.6687255859374 1176.0936340332032 2319.9513916015626 1243.9489685058593 0.8617466517857143 
198 2071.4702026367186 1129.4001159667969 2104.0485961914064 1183.6971740722656 0.24588448660714285 2225.9034912109373 1184.2192260742188 2331.7830322265627 1252.0905883789062 0.8666759672619048 
199 2238.7568603515624 1188.6589111328126 2341.7558349609376 1261.8423095703124 0.8704427083333334 
200 1700.9873046875 1219.3145751953125 1700.9873046875 1219.3145751953125 0.10909598214285714 2247.119384765625 1200.1374267578126 2355.511962890625 1276.0122314453124 0.8656063988095238 
201 2252.742150878906 1208.777362060547 2369.107702636719 1279.1377990722656 0.8511672247023809 
202 1703.7565856933593 912.3226348876954 1755.2149719238282 915.0309417724609 0.175537109375 2260.52900390625 1209.8234558105469 2379.69609375 1288.3653869628906 0.8631649925595238 
203 1762.52490234375 1203.1043701171875 1762.52490234375 1203.1043701171875 0.15633719308035715 2275.5348876953126 1217.580255126953 2378.4284912109374 1290.6889099121095 0.8540969122023809 
204 1738.807061767578 1204.1361206054687 1961.2919372558595 1285.5330688476563 0.20377604166666666 2282.3925048828123 1226.25947265625 2388.2085693359377 1296.803515625 0.8602585565476191 
205 1684.585205078125 1201.712890625 1684.585205078125 1201.712890625 0.12701706659226192 2285.5859497070314 1230.8389465332032 2396.8708374023436 1304.1240661621093 0.8540736607142857 
206 2291.028527832031 1234.8673156738282 2399.548376464844 1308.1181579589843 0.8492838541666666 
207 1909.099676513672 1216.4874206542968 1949.7188049316405 1297.7258361816407 0.19110398065476192 2291.961145019531 1235.8596557617188 2408.402868652344 1311.6820922851562 0.8509114583333334 
208 2293.291455078125 1238.8335327148438 2409.894091796875 1314.7607055664062 0.8497488839285714 
209 2295.871960449219 1235.815447998047 2417.836779785156 1311.7046936035156 0.8324497767857143 
210 1701.0911865234375 1181.2581787109375 1701.0911865234375 1181.2581787109375 0.13400995163690477 2290.6743896484377 1232.030743408203 2425.3773681640623 1312.8524353027344 0.8615373883928571 
211 1668.1138916015625 1189.535400390625 1668.1138916015625 1189.535400390625 0.115478515625 2289.155078125 1227.8968627929687 2423.938671875 1308.7669555664063 0.8522367931547619 
212 1858.0240478515625 1193.419500732422 1966.0548095703125 1296.0488830566405 0.24517531622023808 2281.941015625 1218.7653198242188 2425.08193359375 1299.7883911132812 0.8595610119047619 
213 2261.25869140625 1200.607684326172 2410.6177734375 1273.9293029785156 0.8757905505952381 
214 2231.7194580078126 1176.422430419922 2386.4226318359374 1252.4170471191405 0.8741164434523809 
215 2198.5385131835938 1156.8250671386718 2336.9666137695312 1227.3962463378907 0.8514462425595238 
216 2070.503063964844 1127.8132568359374 2135.922961425781 1171.4267333984376 0.33353097098214285 2162.237841796875 1137.5633850097656 2268.545849609375 1205.7094421386719 0.8474469866071429 
217 2055.4343017578126 1132.1396606445312 2156.2014404296874 1170.2678100585938 0.2865397135416667 2124.67255859375 1121.7695739746093 2206.37578125 1195.3025695800782 0.8539574032738095 
218 2026.7723999023438 1136.0927490234376 2113.9812622070312 1166.0708251953124 0.36635044642857145 2083.478955078125 1117.8543090820312 2151.610888671875 1196.8873901367188 0.8368675595238095 
219 1624.171435546875 1128.3173828125 2143.686474609375 1177.27685546875 0.25563848586309523 2040.641357421875 1112.9390869140625 2105.920654296875 1186.3782958984375 0.7867373511904762 
220 1970.4471862792968 1119.2485900878905 2059.9826232910154 1162.659735107422 0.29066685267857145 2020.4326293945312 1126.3447387695312 2074.6965209960936 1180.6086303710938 0.7475120907738095 
221 1966.715069580078 1107.886895751953 2048.085833740234 1143.1476501464845 0.3624906994047619 2007.4004943847656 1116.1282775878906 2061.6477233886717 1170.375506591797 0.6527855282738095 
222 1953.3814392089844 1098.5279418945313 2034.8083801269531 1150.0985229492187 0.40566871279761907 1993.781719970703 1107.0881896972655 2050.780657958984 1174.944158935547 0.6633184523809523 
223 1955.9393615722656 1104.6873901367187 2026.4372253417969 1158.9163696289063 0.44721912202380953 1997.758282470703 1116.471746826172 2049.276019287109 1195.1038146972655 0.6361142113095238 
224 1951.6319152832032 1102.8157531738282 2024.8249938964843 1154.3220642089843 0.40564546130952384 1994.0671508789062 1116.3701049804688 2042.8625366210938 1194.9848754882812 0.6407645089285714 
225 1947.400860595703 1102.4245971679688 2020.6021911621094 1137.6696411132812 0.642578125 2005.3779235839843 1149.6612915039063 2046.0452941894532 1209.3067260742187 0.7103329613095238 
226 1944.9858642578124 1102.3955078125 2018.2048095703126 1140.36083984375 0.6734793526785714 1998.1790893554687 1150.582177734375 2044.2798950195313 1204.81845703125 0.7283296130952381 
227 1943.7753662109376 1099.3548400878906 2017.1396728515624 1142.830096435547 0.6481584821428571 1993.7299865722657 1144.920147705078 2050.791131591797 1210.1329528808594 0.7540225074404762 
228 1939.7210510253906 1106.5148376464845 2015.585223388672 1139.028009033203 0.5869256882440477 1998.8076538085938 1143.3006713867187 2050.286828613281 1200.1988403320313 0.7566266741071429 
229 1937.6777954101562 1104.2659606933594 2016.5014038085938 1136.8825988769531 0.6550176711309523 1996.9522888183594 1142.6324096679687 2051.3134582519533 1205.1476196289063 0.7849934895833334 
230 1940.245947265625 1109.0524108886718 2021.6146484375 1144.3122131347657 0.6154668898809523 2000.3335754394532 1136.905535888672 2049.1548278808596 1202.0005920410156 0.7606259300595238 
231 1927.1732788085938 1103.7552490234375 2019.6253051757812 1136.3853759765625 0.6157459077380952 1994.3160400390625 1135.2349548339844 2048.6995849609375 1203.2143859863281 0.7262834821428571 
232 1923.3477172851562 1107.7270385742188 2018.5355834960938 1143.0825317382812 0.6772228422619048 1983.5984985351563 1126.3462036132812 2046.1505249023437 1199.7768432617188 0.7598586309523809 
233 1923.999609375 1105.6428161621093 2008.14541015625 1143.6441711425782 0.6008649553571429 1989.7711181640625 1123.3907165527344 2046.7730712890625 1188.5359191894531 0.7224004836309523 
234 1921.9050048828126 1109.025830078125 2003.3720947265624 1152.47490234375 0.5788225446428571 1991.2564270019532 1109.7568786621093 2050.9988220214846 1183.0772277832032 0.7420479910714286 
235 1935.58818359375 1112.1173400878906 2006.187451171875 1158.2782897949219 0.5496884300595238 1991.7751831054688 1110.1330505371093 2046.0822387695312 1191.5936340332032 0.6668759300595238 
236 1933.5849609375 1102.2839294433593 1996.2236328125 1145.8585266113282 0.5874255952380952 1979.6737060546875 1090.7617492675781 2042.3123779296875 1161.5706481933594 0.7768089657738095 
237 1921.552313232422 1093.3001037597655 1978.7927795410155 1139.637518310547 0.5190662202380952 1967.6801208496095 1070.6555236816407 2024.920587158203 1149.7017761230468 0.7785993303571429 
238 1918.1841186523438 1074.3277954101563 1989.0331665039062 1126.1021362304687 0.462890625 1946.0625915527344 1055.0433959960938 2011.4617004394531 1128.6174926757812 0.7500697544642857 
239 1907.4049560546875 1053.3603149414062 1981.0415771484375 1107.9060424804688 0.5070335751488095 1931.74072265625 1033.1154357910157 1994.46826171875 1117.6612976074218 0.8005952380952381 
240 1869.3426513671875 1029.6502258300782 1965.0272216796875 1084.3271911621093 0.5059175037202381 1909.719482421875 1019.5560668945312 1983.533203125 1107.0391479492187 0.7998046875 
241 1860.266064453125 1017.4698608398437 1953.103076171875 1080.2713500976563 0.5215657552083334 1893.3470947265625 1005.6026824951172 1972.5315673828125 1098.439614868164 0.8143601190476191 
242 1859.5486145019531 1006.8671020507812 1950.3335876464844 1075.6436401367187 0.5300525483630952 1882.6151733398438 1001.8940246582031 1956.8938598632812 1095.4300720214844 0.7787620907738095 
243 1847.6592346191405 1000.5447662353515 1951.972967529297 1069.1722137451172 0.48129417782738093 1867.4028564453124 1000.1223968505859 1947.0107177734376 1090.7106719970702 0.7204706101190477 
244 1831.4939392089843 1016.5079559326172 1933.1121398925782 1071.436685180664 0.4667852492559524 1867.1976928710938 1008.7968139648438 1952.3372192382812 1093.9363403320312 0.744140625 
245 1773.8539123535156 1008.3285278320312 1847.9032897949219 1074.1502319335937 0.6710844494047619 1857.3968200683594 1019.0877746582031 1920.4758605957031 1101.3649841308593 0.6837797619047619 
246 1782.5737243652343 1009.8906188964844 1845.6229309082032 1072.9398254394532 0.6846400669642857 1861.438037109375 1026.6545349121093 1935.45234375 1108.8927062988282 0.7789248511904762 
247 1777.2401184082032 1010.39677734375 1845.7809997558593 1070.712841796875 0.7111932663690477 1856.7474304199218 1033.8062377929687 1930.7717346191407 1110.5719360351563 0.7972935267857143 
248 1780.9170654296875 1011.1203552246094 1852.1403076171875 1071.3861145019532 0.6852911086309523 1842.8685607910156 1032.0869995117187 1925.0492858886719 1111.5282348632813 0.7812267485119048 
249 1776.0667724609375 1010.4949584960938 1858.3038330078125 1073.5433715820313 0.6501116071428571 1829.9425720214845 1015.7665649414063 1920.403497314453 1106.2273315429688 0.7594866071428571 
250 1780.4050354003907 1009.578744506836 1871.1531921386718 1086.5773223876954 0.6437639508928571 1820.9138671875 1007.6749420166016 1908.912060546875 1101.1731414794922 0.7371186755952381 
251 1784.9655334472657 1008.5916015625 1880.9593933105468 1082.643994140625 0.6423921130952381 1813.3416748046875 1002.1568206787109 1901.1075439453125 1095.4079376220702 0.7284458705357143 
252 1781.7704345703125 1002.9917602539062 1866.7058837890625 1090.6671752929688 0.6229538690476191 1809.168994140625 992.9807861328125 1894.104443359375 1094.3553955078125 0.7345145089285714 
253 1780.4380004882812 1001.2436309814453 1870.6550170898438 1083.2592376708985 0.595703125 1806.304345703125 993.0420715332032 1891.05380859375 1091.4607360839843 0.7490466889880952 
254 1781.12197265625 1006.705776977539 1868.61044921875 1083.2582733154297 0.5944475446428571 1808.7774963378906 993.9820220947265 1893.5321960449219 1089.6727020263672 0.7780412946428571 
255 1779.5859375 1002.2540435791016 1853.41552734375 1081.5525360107422 0.6038178943452381 1808.4025329589845 991.6318359375 1887.701104736328 1090.0712890625 0.7871326264880952 
256 1782.2816345214844 1005.0662078857422 1856.126934814453 1084.381362915039 0.6207682291666666 1806.8966857910157 996.8611389160156 1886.2120788574218 1092.586492919922 0.7903645833333334 
257 1780.8091918945313 1005.0169189453125 1849.2264526367187 1084.3810302734375 0.611328125 1804.8078125 996.4910949707031 1884.171923828125 1095.0119567871093 0.7943405877976191 
258 1780.8517761230469 1005.53134765625 1852.0113830566406 1082.164697265625 0.6079566592261905 1805.1682006835938 994.583773803711 1884.5383422851562 1093.1123321533203 0.8033389136904762 
259 1777.7725646972656 1005.4146362304688 1851.630877685547 1079.2731079101563 0.5920061383928571 1804.496270751953 994.4726348876953 1883.8256286621095 1090.2150482177735 0.8023390997023809 
260 1781.0410095214843 1007.7882019042969 1849.4952453613282 1076.2424377441407 0.5819382440476191 1809.5812377929688 991.9910949707031 1886.2498168945312 1087.8268981933593 0.8072451636904762 
261 1776.7598571777344 1003.1970794677734 1845.2280578613281 1074.4040557861329 0.5855654761904762 1810.1512512207032 992.2422058105469 1881.3581481933593 1085.3589904785156 0.7875744047619048 
262 1787.1433044433593 1001.7331756591797 1855.5499328613282 1078.3486724853515 0.6181640625 1812.0855285644532 988.9990112304688 1883.2283142089843 1084.7683227539062 0.8098493303571429 
263 1784.6244018554687 1001.9479919433594 1858.4105102539063 1081.1995910644532 0.6109328497023809 1811.6372009277343 984.7102447509766 1888.1561340332032 1085.8243621826173 0.8190569196428571 
264 1779.7884704589844 1004.4188629150391 1864.466046142578 1075.4387420654298 0.609375 1811.9365112304688 987.1891937255859 1891.1511352539062 1080.0613555908203 0.8208472842261905 
265 1784.4910766601563 1004.6640533447265 1869.2059448242187 1072.982369995117 0.6261625744047619 1814.8664794921874 987.4267272949219 1891.3830322265626 1077.6070861816406 0.8243117559523809 
266 1782.64619140625 1001.7274963378907 1864.587451171875 1072.7433288574218 0.6306268601190477 1812.69130859375 989.331298828125 1889.169775390625 1076.7353515625 0.8074544270833334 
267 1787.3037841796875 1004.3072845458985 1863.7511474609375 1072.5638702392578 0.6296968005952381 1812.191143798828 989.5008056640625 1891.3687927246094 1076.8693115234375 0.8040364583333334 
268 1785.9199096679688 1005.5236511230469 1870.5332153320312 1065.5716857910156 0.6262323288690477 1818.3585083007813 990.4066040039063 1894.7833374023437 1072.2904174804687 0.8175455729166666 
269 1787.2366577148437 1005.2291046142578 1874.5997680664063 1065.291342163086 0.6182105654761905 1820.31279296875 990.4235565185547 1894.0255859375 1069.5965240478515 0.8061058407738095 
270 1786.4672607421876 1009.4625396728516 1876.5957275390624 1072.2793426513672 0.6137230282738095 1819.5563659667969 990.7645385742187 1896.0289611816406 1069.9683715820313 0.8004557291666666 
271 1791.9844543457032 1022.9066223144531 1887.5434997558593 1063.8605895996093 0.6376953125 1819.0770263671875 993.6087860107422 1898.2545166015625 1070.056069946289 0.8037574404761905 
272 1790.6161071777344 1020.2974853515625 1883.488507080078 1066.7337646484375 0.6393926711309523 1821.9237915039062 991.6162963867188 1898.4070190429688 1068.0995239257813 0.81005859375 
273 1790.2588806152344 1026.4927307128905 1883.0227355957031 1072.874578857422 0.6232328869047619 1821.8447570800781 993.9623626708984 1895.5101013183594 1067.6277862548827 0.8045247395833334 
274 1790.395819091797 1027.2631774902343 1883.2371154785155 1068.2225402832032 0.625 1822.0080627441407 996.8061706542969 1895.7349792480468 1065.0718811035156 0.7993629092261905 
275 1790.773699951172 1022.8795471191406 1880.8880432128906 1066.5712585449219 0.6208844866071429 1824.8029296875 992.1061737060547 1893.071337890625 1065.8360260009765 0.802734375 
276 1792.6739196777344 1016.6467803955078 1880.1850891113281 1063.1370941162108 0.6203031994047619 1824.333544921875 990.6669250488281 1892.701611328125 1061.7697204589845 0.8065243675595238 
277 1793.5968872070312 1017.3088439941406 1878.2939819335938 1058.2913757324218 0.6291852678571429 1822.8099182128906 991.0380676269531 1891.114031982422 1059.3421813964844 0.8139183407738095 
278 1797.5158325195312 1012.4921630859375 1879.4326538085938 1056.1811767578124 0.6328822544642857 1820.0954162597657 983.8211822509766 1888.3595397949218 1057.5464324951172 0.8177780877976191 
279 1794.8004638671875 1011.5025482177734 1876.8064697265625 1049.7721710205078 0.6138857886904762 1821.9255798339843 987.0059143066406 1887.5303527832032 1055.344305419922 0.8150111607142857 
280 1799.7928039550782 1010.1594024658203 1881.8218200683593 1048.4396575927735 0.6587146577380952 1818.5121826171876 985.3403076171875 1884.1355224609374 1056.4321533203124 0.8041062127976191 
281 1800.286865234375 1010.1584350585938 1874.033935546875 1045.6662719726562 0.6513904389880952 1820.772216796875 985.681201171875 1880.8623046875 1051.23408203125 0.8209635416666666 
282 1798.6710266113282 1006.8196411132812 1875.1052185058593 1050.4962768554688 0.65234375 1816.7296447753906 985.0863677978516 1882.2445983886719 1053.3310516357421 0.8288922991071429 
283 1795.3616149902343 1011.9385681152344 1874.4075500488282 1044.6472473144531 0.6613420758928571 1816.4336486816405 987.1974487304688 1876.399481201172 1052.6148071289062 0.8156622023809523 
284 1794.103515625 1011.5473022460938 1870.424560546875 1049.7078247070312 0.6320917038690477 1812.1353637695313 982.9269226074218 1877.5533569335937 1051.0707580566407 0.8229631696428571 
285 1793.1504455566405 1005.75732421875 1872.133856201172 1046.61083984375 0.6301153273809523 1811.1679809570312 981.3500030517578 1879.2570678710938 1052.162631225586 0.8210332961309523 
286 1791.7293518066406 1007.6473754882812 1870.767352294922 1048.5291381835937 0.6409970238095238 1807.6628051757812 983.5376647949219 1875.7988647460938 1051.6738830566405 0.8204520089285714 
287 1790.8594116210938 1009.9524810791015 1867.1198364257812 1048.0826141357422 0.6323707217261905 1806.153466796875 983.1355743408203 1876.966650390625 1053.9488372802734 0.8284272693452381 
288 1791.5263977050781 1008.3426666259766 1867.9212341308594 1046.5400848388672 0.6448102678571429 1807.4769348144532 981.7933471679687 1872.9582458496093 1050.0030395507813 0.8184523809523809 
289 1790.5851928710938 1010.0819274902344 1869.4570434570312 1045.438214111328 0.6449032738095238 1806.485107421875 980.8971649169922 1874.47802734375 1051.6099761962892 0.8273344494047619 
290 1792.3712646484375 1007.1936157226562 1865.9285400390625 1045.3344604492188 0.6305571056547619 1805.5738098144532 980.0549102783203 1873.6824157714843 1053.6122650146485 0.8305431547619048 
291 1787.9231506347655 1014.9614471435547 1866.954168701172 1047.6638580322265 0.6234886532738095 1804.169580078125 981.2108703613281 1869.574560546875 1052.0661071777345 0.8272414434523809 
292 1789.9435485839845 1011.707080078125 1863.487969970703 1049.841259765625 0.6079334077380952 1805.5534240722657 980.3826354980469 1870.9261901855468 1053.9270568847655 0.8383091517857143 
293 1786.3194396972656 1006.3709411621094 1862.577166748047 1049.9468078613281 0.6097237723214286 1804.0222045898438 979.869351196289 1872.1093872070312 1053.4035369873047 0.8371930803571429 
294 1788.3391967773437 1011.172216796875 1864.6922973632813 1046.62197265625 0.626953125 1801.5541687011719 981.9104919433594 1872.4535217285156 1052.8098449707031 0.8380068824404762 
295 1785.8421142578125 1010.9229095458984 1864.9491455078125 1049.1125518798829 0.6353236607142857 1799.0615783691405 981.9659881591797 1872.712957763672 1052.8895416259766 0.8430292038690477 
296 1786.1936950683594 1010.0992980957031 1862.4790344238281 1048.2418884277345 0.6120024181547619 1799.3968872070313 983.273648071289 1870.2332397460937 1054.1100799560547 0.8265904017857143 
297 1781.994775390625 1010.062255859375 1863.776708984375 1045.501220703125 0.6182105654761905 1800.0287048339844 982.906460571289 1870.906475830078 1053.7841522216797 0.8315197172619048 
298 1784.2712951660155 1014.4517150878906 1863.356268310547 1047.176580810547 0.5971912202380952 1799.584814453125 982.7757720947266 1873.21572265625 1053.6794891357422 0.8429827008928571 
299 1782.0152893066406 1009.4896789550781 1863.8786315917969 1047.6925720214845 0.6046549479166666 1800.067205810547 980.2078704833984 1871.0154357910155 1053.8847198486328 0.8401692708333334 
