0 0.0 0.0 0.0 0.0 0.20503162202380953 0.0 0.0 0.0 0.0 0.20503162202380953 
1 0.0 0.0 0.0 0.0 0.20315987723214285 0.0 0.0 0.0 0.0 0.20315987723214285 
2 0.0 0.0 0.0 0.0 0.2028750465029762 0.0 0.0 0.0 0.0 0.2028750465029762 
3 0.0 0.0 0.0 0.0 0.2028750465029762 0.0 0.0 0.0 0.0 0.2028750465029762 
4 0.0 0.0 0.0 0.0 0.2028750465029762 0.0 0.0 0.0 0.0 0.2028750465029762 
5 0.0 0.0 0.0 0.0 0.2028750465029762 0.0 0.0 0.0 0.0 0.2028750465029762 
6 0.0 0.0 0.0 0.0 0.2028750465029762 0.0 0.0 0.0 0.0 0.2028750465029762 
7 0.0 0.0 0.0 0.0 0.2028750465029762 0.0 0.0 0.0 0.0 0.2028750465029762 
8 0.0 0.0 0.0 0.0 0.2028750465029762 0.0 0.0 0.0 0.0 0.2028750465029762 
9 0.0 0.0 0.0 0.0 0.2028750465029762 0.0 0.0 0.0 0.0 0.2028750465029762 
10 0.0 0.0 0.0 0.0 0.20225597563244047 0.0 0.0 0.0 0.0 0.20225597563244047 
11 0.0 0.0 0.0 0.0 0.2028750465029762 0.0 0.0 0.0 0.0 0.2028750465029762 
12 0.0 0.0 0.0 0.0 0.20315987723214285 0.0 0.0 0.0 0.0 0.20315987723214285 
13 0.0 0.0 0.0 0.0 0.20315987723214285 0.0 0.0 0.0 0.0 0.20315987723214285 
14 0.0 0.0 0.0 0.0 0.20315987723214285 0.0 0.0 0.0 0.0 0.20315987723214285 
15 0.0 0.0 0.0 0.0 0.20315987723214285 0.0 0.0 0.0 0.0 0.20315987723214285 
16 0.0 0.0 0.0 0.0 0.20262509300595238 0.0 0.0 0.0 0.0 0.20262509300595238 
17 0.0 0.0 0.0 0.0 0.20262509300595238 0.0 0.0 0.0 0.0 0.20262509300595238 
18 0.0 0.0 0.0 0.0 0.20315987723214285 0.0 0.0 0.0 0.0 0.20315987723214285 
19 0.0 0.0 0.0 0.0 0.20315987723214285 0.0 0.0 0.0 0.0 0.20315987723214285 
20 2160.650146484375 395.2855911254883 2222.031982421875 427.07247161865234 0.21364048549107142 2162.5473510742186 694.3944519042968 2229.4094360351564 720.7008850097657 0.25503394717261907 
21 0.0 0.0 0.0 0.0 0.20315987723214285 0.0 0.0 0.0 0.0 0.20315987723214285 
22 0.0 0.0 0.0 0.0 0.20315987723214285 0.0 0.0 0.0 0.0 0.20315987723214285 
23 0.0 0.0 0.0 0.0 0.2028750465029762 0.0 0.0 0.0 0.0 0.2028750465029762 
24 0.0 0.0 0.0 0.0 0.2028750465029762 0.0 0.0 0.0 0.0 0.2028750465029762 
25 0.0 0.0 0.0 0.0 0.2028750465029762 0.0 0.0 0.0 0.0 0.2028750465029762 
26 0.0 0.0 0.0 0.0 0.2028750465029762 0.0 0.0 0.0 0.0 0.2028750465029762 
27 0.0 0.0 0.0 0.0 0.2028750465029762 0.0 0.0 0.0 0.0 0.2028750465029762 
28 0.0 0.0 0.0 0.0 0.20365978422619047 0.0 0.0 0.0 0.0 0.20365978422619047 
29 1732.2272216796875 1045.5928527832032 1792.0640380859375 1199.9089782714843 0.23886835007440477 2329.9902465820314 609.2924835205079 2437.0666381835936 681.7266204833984 0.6642950148809523 
30 1733.5632934570312 1048.0821899414063 1793.3978881835938 1192.9449096679687 0.24879092261904762 2318.827526855469 606.5904022216797 2429.049182128906 672.7233795166015 0.5746489025297619 
31 1734.544677734375 1028.4664794921875 1791.343505859375 1186.2412841796875 0.2744024367559524 2310.179821777344 608.0573638916015 2426.933215332031 664.8562713623047 0.5199614025297619 
32 1735.3838745117187 997.4152862548829 1798.6290649414063 1155.528500366211 0.22555106026785715 2305.6858764648437 604.9299011230469 2422.6893676757813 665.0128479003906 0.5370163690476191 
33 1720.881201171875 999.4746734619141 1790.475 1154.4791229248046 0.38561430431547616 2304.6423828125 606.4882232666016 2418.52314453125 666.5920379638671 0.5668480282738095 
34 1726.92734375 1013.5963928222657 1793.302880859375 1155.8297546386718 0.3906831287202381 2296.9546020507814 598.9316009521484 2417.0627319335936 668.4678741455078 0.5034412202380952 
35 1724.4111938476562 1004.0027526855469 1794.1481323242188 1140.3064514160155 0.47072637648809523 2292.3028564453125 596.7982574462891 2406.4178466796875 669.7049774169922 0.5029761904761905 
36 1726.5774475097655 1005.6572845458984 1796.331365966797 1141.9943878173829 0.4855375744047619 2303.0222045898436 612.3774353027344 2407.6528442382814 669.4487365722656 0.5406436011904762 
37 1726.3028991699218 1002.7724426269531 1789.6859924316407 1129.5384704589844 0.46887788318452384 2298.9439208984377 607.8477081298828 2406.6947509765623 671.2307220458985 0.48042224702380953 
38 1722.1081604003907 993.4455047607422 1795.4224792480468 1127.3238433837892 0.46859886532738093 2303.718615722656 609.5874053955079 2415.284069824219 670.1514251708984 0.5256812686011905 
39 1723.7422668457032 980.2558288574219 1793.7329528808593 1110.6930236816406 0.47061011904761907 2298.9630737304688 603.0157043457032 2410.3120727539062 673.0063903808593 0.4899786086309524 
40 1724.8610412597657 989.3251770019531 1794.7882507324218 1110.1085388183594 0.48035249255952384 2304.8165771484373 607.537353515625 2412.8860595703127 667.928955078125 0.5222051711309523 
41 1723.277978515625 1001.39580078125 1789.977880859375 1122.090771484375 0.5056617373511905 2302.076171875 606.938265991211 2413.24267578125 673.6380889892578 0.5284714471726191 
42 1723.3624572753906 1006.0276672363282 1793.3239440917969 1142.7703063964843 0.5243559337797619 2298.3422729492186 605.5844421386719 2409.6442993164064 672.3657531738281 0.4121675037202381 
43 1724.2138977050781 980.1773345947265 1797.4253845214844 1110.6849090576172 0.49790736607142855 2291.6646362304687 602.7338806152344 2412.6227172851563 672.7623352050781 0.33925664992559523 
44 1723.5918762207032 1001.8412780761719 1793.5222595214843 1122.6300354003906 0.5144159226190477 2303.206591796875 612.7010345458984 2414.459423828125 673.0954132080078 0.46206519717261907 
45 1728.1588195800782 993.1574005126953 1794.9191833496093 1120.3200775146483 0.5172177269345238 2300.1460693359377 606.4118103027344 2411.4135009765623 673.1721740722656 0.4103190104166667 
46 1726.67568359375 988.5377563476562 1796.5748046875 1112.4500366210937 0.5298200334821429 2301.144921875 604.0918395996093 2412.3482421875 670.8138000488282 0.5301455543154762 
47 1729.4002258300782 1001.7450439453125 1799.3179138183593 1135.2241943359375 0.5774042038690477 2307.1986572265623 603.6300903320313 2412.0752685546877 670.3696655273437 0.5976795014880952 
48 1734.0406494140625 997.663296508789 1800.6339111328125 1127.6789276123047 0.5561290922619048 2309.8414672851563 601.3961975097657 2417.6592651367187 677.5028503417968 0.7145414806547619 
49 1734.679132080078 1005.1150482177734 1804.3632263183595 1144.4831573486329 0.5672549293154762 2307.7449462890627 603.4573486328125 2415.4386474609373 676.3087646484375 0.7090773809523809 
50 1731.835223388672 985.666128540039 1798.3299377441406 1121.8218475341796 0.5080682663690477 2303.6160400390627 605.331509399414 2417.6066162109373 681.3254119873047 0.6880812872023809 
51 1732.5007202148438 977.6620513916016 1802.2573364257812 1107.6630828857421 0.5349353608630952 2296.041711425781 601.3176666259766 2407.018103027344 674.2450164794922 0.5681966145833334 
52 0.0 0.0 0.0 0.0 0.2028750465029762 0.0 0.0 0.0 0.0 0.2028750465029762 
53 2209.8758911132813 413.6872192382813 2214.5442749023437 424.1913208007812 0.17494710286458334 2105.553186035156 415.61745300292966 2236.270788574219 448.29685363769534 0.2738676525297619 
54 2217.156005859375 423.59930419921875 2217.156005859375 423.59930419921875 0.16622198195684523 2155.7080810546877 411.3629577636719 2227.1757080078123 448.2493469238281 0.23257882254464285 
55 2144.816796875 392.532080078125 2336.11484375 444.0794921875 0.2798665364583333 2149.8834228515625 404.64793090820314 2335.4539794921875 450.4678527832031 0.2813081287202381 
56 2188.192736816406 406.2212173461914 2326.767468261719 444.21753387451173 0.23967052641369047 2156.9875610351564 403.5992858886719 2230.7451049804686 449.4184143066406 0.2906610398065476 
57 2148.768444824219 392.3272216796875 2227.270861816406 453.3846923828125 0.3150053478422619 2147.929821777344 397.73683471679686 2226.432238769531 455.5233581542969 0.3569917224702381 
58 2154.3703491210936 392.14341735839844 2228.5957153320314 447.0058135986328 0.3071695963541667 2155.073596191406 399.46668243408203 2230.374890136719 455.4048080444336 0.37290736607142855 
59 2156.0321655273438 398.05061798095704 2223.3411254882812 448.5322982788086 0.3447963169642857 2160.8861694335938 402.45968170166014 2228.1951293945312 449.78625946044923 0.44713774181547616 
60 2153.377648925781 393.6119140625 2225.004919433594 448.6299072265625 0.43618629092261907 2155.773156738281 400.2396240234375 2227.400427246094 453.18145751953125 0.4533807663690476 
61 2155.2463500976564 394.8911437988281 2222.1357299804686 447.3735656738281 0.46519252232142855 2158.4126098632814 399.5219467163086 2225.3019897460936 453.03344268798827 0.5153227306547619 
62 2163.4808715820313 394.25523376464844 2226.2176147460937 435.3939971923828 0.43359375 2167.1201049804686 400.1095916748047 2225.7429321289064 445.3622711181641 0.5124279203869048 
63 2158.9793090820312 389.9339797973633 2223.7968139648438 437.26087493896483 0.41562034970238093 2160.6810791015623 392.0312438964844 2224.4693115234377 448.61774291992185 0.48446800595238093 
64 2160.0977783203125 390.0726974487305 2223.4759521484375 437.09530181884764 0.4257696242559524 2165.4055419921874 397.70011444091796 2223.6725830078126 446.7671401977539 0.44787016369047616 
65 2162.6318359375 389.04515533447267 2225.41015625 437.41544647216796 0.47732979910714285 2167.302587890625 393.9138427734375 2223.905908203125 441.25498046875 0.41220238095238093 
66 2160.7013427734373 391.0771774291992 2226.5081298828127 435.29126129150393 0.4017740885416667 2163.548681640625 394.79463348388674 2225.242822265625 441.06519927978513 0.40676153273809523 
67 2163.31376953125 391.28019561767576 2225.73408203125 433.93394622802737 0.42173549107142855 2167.235205078125 400.20306091308595 2223.413232421875 441.81647033691405 0.4159458705357143 
68 2163.793359375 390.0020751953125 2226.55771484375 433.2169189453125 0.3994024367559524 2165.613818359375 395.1862518310547 2226.320263671875 441.4878814697266 0.44802129836309523 
69 0.0 0.0 0.0 0.0 0.20262509300595238 0.0 0.0 0.0 0.0 0.20262509300595238 
70 1735.4816955566407 980.0607238769531 1802.7689147949218 1089.0018981933595 0.49930245535714285 2265.8918579101564 597.5344116210938 2371.6288940429686 668.0257690429687 0.3921479724702381 
71 0.0 0.0 0.0 0.0 0.20262509300595238 0.0 0.0 0.0 0.0 0.20262509300595238 
72 0.0 0.0 0.0 0.0 0.2028750465029762 0.0 0.0 0.0 0.0 0.2028750465029762 
73 2161.9696533203123 385.2096145629883 2225.5484130859377 437.50831146240233 0.39074125744047616 2162.7584716796873 389.23258819580076 2226.3372314453127 447.68406829833987 0.5064987909226191 
74 2160.072607421875 385.57671813964845 2225.118310546875 438.4262725830078 0.37496512276785715 2160.620068359375 389.68116455078126 2227.698291015625 447.61241455078124 0.48246837797619047 
75 2156.5979125976564 384.7382064819336 2225.1503784179686 443.05900421142576 0.44518461681547616 2158.2899169921875 392.60875091552737 2225.8194580078125 450.9295486450195 0.44016229538690477 
76 2159.70029296875 386.94971160888673 2222.3783203125 441.40780181884764 0.4561244419642857 2156.8549560546876 393.03574523925784 2223.6430908203124 449.54884948730466 0.44873046875 
77 0.0 0.0 0.0 0.0 0.20262509300595238 0.0 0.0 0.0 0.0 0.20262509300595238 
78 0.0 0.0 0.0 0.0 0.20315987723214285 0.0 0.0 0.0 0.0 0.20315987723214285 
79 0.0 0.0 0.0 0.0 0.2028750465029762 0.0 0.0 0.0 0.0 0.2028750465029762 
80 0.0 0.0 0.0 0.0 0.2028750465029762 0.0 0.0 0.0 0.0 0.2028750465029762 
81 0.0 0.0 0.0 0.0 0.2041015625 0.0 0.0 0.0 0.0 0.2041015625 
82 0.0 0.0 0.0 0.0 0.2041015625 0.0 0.0 0.0 0.0 0.2041015625 
83 0.0 0.0 0.0 0.0 0.2041015625 0.0 0.0 0.0 0.0 0.2041015625 
84 2151.8030517578127 392.55420074462893 2223.9816162109373 458.17123260498045 0.27646019345238093 2153.863977050781 400.335710144043 2222.761755371094 471.4208511352539 0.34365699404761907 
85 2152.4677978515624 387.96307678222655 2222.3954833984376 456.7980926513672 0.3194056919642857 2155.6196411132814 396.95617523193357 2220.0842163085936 467.9764114379883 0.3704427083333333 
86 2153.3939453125 394.75260772705076 2225.34970703125 456.7452865600586 0.21684337797619047 2153.5216796875 404.33251190185547 2224.37041015625 471.86026763916016 0.32346307663690477 
87 2150.259313964844 395.1490447998047 2224.145715332031 461.31598205566405 0.27864002046130953 2153.3978637695313 395.23387451171874 2229.4900756835937 468.017529296875 0.3966471354166667 
88 2153.5514282226563 403.04911041259766 2227.1236206054687 457.67089080810547 0.25463285900297616 2153.0369384765627 394.13128356933595 2231.0680419921873 466.5887481689453 0.34981863839285715 
89 2152.2630004882812 404.32618103027346 2231.9530639648438 458.20104064941404 0.29745628720238093 2151.3564453125 395.2175537109375 2238.9033203125 468.1730712890625 0.36972191220238093 
90 2215.0552001953124 634.101513671875 2317.0068115234376 712.7816650390625 0.1950625465029762 2148.1385131835937 385.7858596801758 2239.0087036132813 710.4801010131836 0.26284644717261907 
91 2156.336389160156 406.0310287475586 2224.466101074219 446.90894317626953 0.28528413318452384 2145.5492309570313 400.1351577758789 2337.4480834960937 741.9199874877929 0.287353515625 
92 0.0 0.0 0.0 0.0 0.2028750465029762 0.0 0.0 0.0 0.0 0.2028750465029762 
93 2157.0696655273437 367.20136108398435 2244.7850708007813 777.2985168457031 0.27453031994047616 2153.564733886719 671.9701049804687 2286.846154785156 726.6497680664063 0.3636067708333333 
94 2152.6389892578127 408.0964614868164 2220.2916748046873 449.81567840576173 0.28698149181547616 2119.463134765625 666.5646667480469 2226.579833984375 708.2838439941406 0.21803501674107142 
95 0.0 0.0 0.0 0.0 0.2028750465029762 0.0 0.0 0.0 0.0 0.2028750465029762 
96 0.0 0.0 0.0 0.0 0.2028750465029762 0.0 0.0 0.0 0.0 0.2028750465029762 
97 0.0 0.0 0.0 0.0 0.2028750465029762 0.0 0.0 0.0 0.0 0.2028750465029762 
98 0.0 0.0 0.0 0.0 0.2028750465029762 0.0 0.0 0.0 0.0 0.2028750465029762 
99 0.0 0.0 0.0 0.0 0.2028750465029762 0.0 0.0 0.0 0.0 0.2028750465029762 
101 1771.2696533203125 872.5438659667968 1824.0440673828125 993.6144592285157 0.21694219680059523 
102 0.0 0.0 0.0 0.0 0.2028750465029762 0.0 0.0 0.0 0.0 0.2028750465029762 
103 0.0 0.0 0.0 0.0 0.2028750465029762 0.0 0.0 0.0 0.0 0.2028750465029762 
104 0.0 0.0 0.0 0.0 0.2028750465029762 0.0 0.0 0.0 0.0 0.2028750465029762 
105 1576.889892578125 595.1405029296875 1576.889892578125 595.1405029296875 0.17522902715773808 
106 0.0 0.0 0.0 0.0 0.2028750465029762 0.0 0.0 0.0 0.0 0.2028750465029762 
107 0.0 0.0 0.0 0.0 0.2028750465029762 0.0 0.0 0.0 0.0 0.2028750465029762 
108 0.0 0.0 0.0 0.0 0.2028750465029762 0.0 0.0 0.0 0.0 0.2028750465029762 
113 1765.0279907226563 857.8826873779296 1832.4175659179687 1086.4210845947266 0.23588634672619047 
114 0.0 0.0 0.0 0.0 0.2028750465029762 0.0 0.0 0.0 0.0 0.2028750465029762 
115 0.0 0.0 0.0 0.0 0.20315987723214285 0.0 0.0 0.0 0.0 0.20315987723214285 
116 0.0 0.0 0.0 0.0 0.20315987723214285 0.0 0.0 0.0 0.0 0.20315987723214285 
117 0.0 0.0 0.0 0.0 0.20315987723214285 0.0 0.0 0.0 0.0 0.20315987723214285 
118 0.0 0.0 0.0 0.0 0.20315987723214285 0.0 0.0 0.0 0.0 0.20315987723214285 
119 0.0 0.0 0.0 0.0 0.20315987723214285 0.0 0.0 0.0 0.0 0.20315987723214285 
120 0.0 0.0 0.0 0.0 0.20315987723214285 0.0 0.0 0.0 0.0 0.20315987723214285 
121 0.0 0.0 0.0 0.0 0.20315987723214285 0.0 0.0 0.0 0.0 0.20315987723214285 
122 0.0 0.0 0.0 0.0 0.20315987723214285 0.0 0.0 0.0 0.0 0.20315987723214285 
123 0.0 0.0 0.0 0.0 0.20315987723214285 0.0 0.0 0.0 0.0 0.20315987723214285 
124 0.0 0.0 0.0 0.0 0.20315987723214285 0.0 0.0 0.0 0.0 0.20315987723214285 
125 0.0 0.0 0.0 0.0 0.20315987723214285 0.0 0.0 0.0 0.0 0.20315987723214285 
126 0.0 0.0 0.0 0.0 0.20315987723214285 0.0 0.0 0.0 0.0 0.20315987723214285 
127 0.0 0.0 0.0 0.0 0.20315987723214285 0.0 0.0 0.0 0.0 0.20315987723214285 
128 1766.0764953613282 870.6019592285156 1835.6736267089843 983.6973571777344 0.21062941778273808 
129 1812.700421142578 1241.820379638672 1844.7467224121094 1305.9131408691405 0.14645531063988096 
130 1759.1479370117188 869.8514404296875 1820.2971313476562 983.4141845703125 0.2503662109375 
131 1827.5026489257812 1242.6277648925782 1853.7283081054688 1277.5952575683593 0.16859072730654762 
132 1829.4606323242188 1245.7883239746093 1849.8318481445312 1312.7222961425782 0.15804036458333334 
133 1781.3891540527343 1185.1225341796876 1854.2550109863282 1319.1958251953124 0.20182872953869047 
134 1776.5828918457032 872.6855499267579 1846.6948181152343 1012.9094818115234 0.23184640066964285 
135 1829.9104309082031 1242.6747924804688 1841.5877380371094 1309.8193481445312 0.16865466889880953 
136 1810.5914794921875 1208.3911682128905 1854.3465087890625 1313.403143310547 0.18123372395833334 
137 1763.4539978027344 866.5365753173828 1830.618389892578 1009.6258392333984 0.23361351376488096 
138 1762.4917358398438 853.2557037353515 1844.4460083007812 1046.4336883544922 0.29220726376488093 
139 0.0 0.0 0.0 0.0 0.20262509300595238 0.0 0.0 0.0 0.0 0.20262509300595238 
140 0.0 0.0 0.0 0.0 0.20315987723214285 0.0 0.0 0.0 0.0 0.20315987723214285 
141 1810.6069763183593 902.1760894775391 1866.5442687988282 1034.6590545654296 0.19851539248511904 
142 1793.4624938964844 879.1689636230469 1819.8774719238281 1046.4644592285156 0.19142950148809523 
143 0.0 0.0 0.0 0.0 0.2028750465029762 0.0 0.0 0.0 0.0 0.2028750465029762 
144 0.0 0.0 0.0 0.0 0.2028750465029762 0.0 0.0 0.0 0.0 0.2028750465029762 
145 0.0 0.0 0.0 0.0 0.2028750465029762 0.0 0.0 0.0 0.0 0.2028750465029762 
146 1769.1642333984375 855.5519592285157 1874.8755615234375 1052.2926452636718 0.29696800595238093 1892.3811584472655 868.0882568359375 1948.173406982422 897.4525146484375 0.19780040922619047 
147 0.0 0.0 0.0 0.0 0.2028750465029762 0.0 0.0 0.0 0.0 0.2028750465029762 
148 0.0 0.0 0.0 0.0 0.2028750465029762 0.0 0.0 0.0 0.0 0.2028750465029762 
149 1814.4195129394532 873.3625732421875 1893.7063415527343 1019.7382568359375 0.19370814732142858 
150 1759.6136291503906 875.8089141845703 1840.162371826172 1033.923080444336 0.261962890625 1784.1683349609375 879.9396057128906 1870.6837158203125 942.5885925292969 0.21931384858630953 
151 1762.245166015625 868.8712432861328 1856.860791015625 1043.318881225586 0.25064522879464285 
152 1759.1843994140625 858.7404663085938 1870.7850830078125 1008.5203979492187 0.30479213169642855 1875.8681274414062 862.2421051025391 1955.1633666992188 903.3581756591797 0.20553152901785715 
153 1763.9003173828125 859.9167602539062 1863.7591064453125 1009.7049438476563 0.27718680245535715 
154 1755.5729553222657 872.4127624511718 1844.1114929199218 1031.7819396972657 0.2803257533482143 
155 1790.242120361328 862.4662902832031 1855.0321716308595 1012.6615173339844 0.21075730096726192 
156 1779.9812866210937 868.5426818847657 1859.1051391601563 1047.3036315917968 0.2508021763392857 
157 1761.1845642089843 870.0060119628906 1843.2799133300782 1019.5369567871094 0.29770042782738093 
158 1761.2315063476562 867.563754272461 1846.2599487304688 1034.6882598876953 0.30508277529761907 1935.6861572265625 877.8257446289062 1935.6861572265625 877.8257446289062 0.18167550223214285 
159 1759.1764282226563 861.7912902832031 1867.7369018554687 1014.3627624511719 0.3084309895833333 1796.1907653808594 863.8225555419922 1916.4875793457031 940.1082916259766 0.19672502790178573 
160 1760.327899169922 866.0728759765625 1859.9732482910156 1030.1947021484375 0.2847377232142857 1800.5692810058595 870.6944458007813 1844.530450439453 897.0711791992187 0.19160970052083334 
161 1758.8679260253907 865.0511810302735 1855.7701354980468 1041.2369659423828 0.23557245163690477 
162 1760.8859741210938 866.6617980957031 1854.8969848632812 1051.7462829589845 0.2320498511904762 
163 1776.6210815429688 862.72119140625 1870.6892211914062 1039.0987548828125 0.2550688244047619 1886.5179504394532 837.16904296875 1910.0349060058593 843.0482421875 0.18417503720238096 
164 1755.2762817382813 868.4518035888672 1854.7818237304687 991.3702789306641 0.29716564360119047 1788.7074096679687 834.0076080322266 1949.6722290039063 904.2467254638672 0.20335170200892858 
165 1759.256982421875 870.8824859619141 1861.611669921875 1020.0277313232422 0.29554966517857145 1790.6382446289062 868.4079956054687 1913.4638061523438 941.5183959960938 0.21169317336309523 
166 1764.4398071289063 866.247021484375 1869.4544799804687 988.7640869140625 0.29016694568452384 1877.9812316894531 837.1884582519531 1912.9861755371094 880.9445983886719 0.19406273251488096 
167 1759.8156494140626 866.7408264160156 1864.8388916015624 1006.7718688964844 0.2905854724702381 1800.8824523925782 836.7822174072265 1958.4174743652343 886.3765350341797 0.20124162946428573 
168 1756.8958251953125 868.8056213378907 1865.1354248046875 1012.1498229980468 0.2701939174107143 1860.522265625 837.1889373779297 1889.77607421875 883.9952056884765 0.18608747209821427 
169 1758.3361877441407 861.8455474853515 1892.6197448730468 999.0483123779297 0.30067661830357145 1788.987860107422 861.8455474853515 1891.1602111816405 940.6641571044922 0.26293364025297616 
170 1760.5170043945313 857.7420867919922 1891.9576049804687 983.3408599853516 0.33458891369047616 1807.9255798339843 854.9335754394531 1898.4734680175782 907.5097839355469 0.29647972470238093 
171 1770.311590576172 858.4243194580079 1898.8267150878905 978.1770599365234 0.31677827380952384 1808.6190673828125 852.3580017089844 1916.6885498046875 907.8531799316406 0.294921875 
172 1764.0387634277345 870.248876953125 1874.904229736328 1001.5371337890625 0.31359281994047616 1799.94658203125 856.8956848144531 1910.81220703125 909.4109558105469 0.2845865885416667 
173 1766.264990234375 865.9566192626953 1874.297021484375 994.4272308349609 0.31089564732142855 1797.708837890625 861.9138916015625 1905.740869140625 908.630419921875 0.2739897228422619 
174 1764.157080078125 866.6822845458985 1883.85927734375 995.1432159423828 0.36268833705357145 1800.8761962890626 856.3515563964844 1894.3022705078124 938.0993713378906 0.33994838169642855 
175 1778.243701171875 852.273062133789 1912.475048828125 992.3405242919922 0.36070033482142855 1798.4457275390625 844.1922546386719 1932.6770751953125 937.5705627441406 0.34084356398809523 
176 1770.2021179199219 859.6637969970703 1901.3819885253906 993.7587493896484 0.33864629836309523 1802.82890625 847.8912414550781 1942.7541015625 909.1085144042969 0.29580543154761907 
177 1769.888623046875 858.1986724853516 1872.0662109375 1010.0054901123046 0.24207705543154762 1902.6072509765625 841.6930572509766 1905.5265380859375 844.6124237060546 0.17494419642857142 
178 1750.207080078125 867.9740112304687 1855.6486328125 1008.5628540039063 0.33005487351190477 
179 1750.9651672363282 865.6741180419922 1859.7114685058593 1006.7503814697266 0.32328869047619047 
180 0.0 0.0 0.0 0.0 0.2028750465029762 0.0 0.0 0.0 0.0 0.2028750465029762 
181 0.0 0.0 0.0 0.0 0.2028750465029762 0.0 0.0 0.0 0.0 0.2028750465029762 
182 0.0 0.0 0.0 0.0 0.2028750465029762 0.0 0.0 0.0 0.0 0.2028750465029762 
183 0.0 0.0 0.0 0.0 0.2028750465029762 0.0 0.0 0.0 0.0 0.2028750465029762 
184 0.0 0.0 0.0 0.0 0.2028750465029762 0.0 0.0 0.0 0.0 0.2028750465029762 
185 0.0 0.0 0.0 0.0 0.2028750465029762 0.0 0.0 0.0 0.0 0.2028750465029762 
186 0.0 0.0 0.0 0.0 0.2028750465029762 0.0 0.0 0.0 0.0 0.2028750465029762 
187 0.0 0.0 0.0 0.0 0.2028750465029762 0.0 0.0 0.0 0.0 0.2028750465029762 
188 0.0 0.0 0.0 0.0 0.2028750465029762 0.0 0.0 0.0 0.0 0.2028750465029762 
189 0.0 0.0 0.0 0.0 0.2028750465029762 0.0 0.0 0.0 0.0 0.2028750465029762 
190 0.0 0.0 0.0 0.0 0.2028750465029762 0.0 0.0 0.0 0.0 0.2028750465029762 
191 1792.439031982422 684.1002349853516 1822.6321350097655 709.2611541748047 0.17499069940476192 2216.691552734375 632.6170349121094 2327.399755859375 768.4862365722656 0.8153831845238095 
192 2227.1065673828125 635.1282104492187 2340.8406982421875 774.1368041992188 0.8052222842261905 
193 2237.7459106445312 631.0015594482422 2352.3099975585938 763.386929321289 0.7909226190476191 
194 0.0 0.0 0.0 0.0 0.2028750465029762 0.0 0.0 0.0 0.0 0.2028750465029762 
195 2270.422570800781 619.2558563232421 2355.824255371094 731.0545074462891 0.6377883184523809 
196 2270.788439941406 615.8637878417969 2355.541394042969 719.1082580566406 0.5868210565476191 
197 0.0 0.0 0.0 0.0 0.2028750465029762 0.0 0.0 0.0 0.0 0.2028750465029762 
198 0.0 0.0 0.0 0.0 0.2028750465029762 0.0 0.0 0.0 0.0 0.2028750465029762 
199 0.0 0.0 0.0 0.0 0.2028750465029762 0.0 0.0 0.0 0.0 0.2028750465029762 
200 0.0 0.0 0.0 0.0 0.20262509300595238 0.0 0.0 0.0 0.0 0.20262509300595238 
201 2136.5854614257814 673.5083709716797 2168.9499389648436 719.743032836914 0.32685779389880953 
202 2137.0932739257814 678.5575592041016 2164.5446655273436 715.1591766357421 0.26985095796130953 
203 2207.4747680664063 405.0937072753906 2216.6626831054687 420.02402954101564 0.19453357514880953 2134.3694580078127 414.1049057006836 2218.2086669921873 442.81706085205076 0.21385556175595238 
204 2154.9804809570314 412.79095764160155 2223.2917358398436 442.8941619873047 0.21536690848214285 2134.8968872070313 369.0165756225586 2222.8909545898437 747.6224929809571 0.22841680617559523 
205 2149.515417480469 397.1211959838867 2229.501916503906 426.1018569946289 0.19561476934523808 2137.477160644531 671.9915618896484 2159.502575683594 706.7683868408203 0.3203938802083333 
206 0.0 0.0 0.0 0.0 0.2028750465029762 0.0 0.0 0.0 0.0 0.2028750465029762 
207 0.0 0.0 0.0 0.0 0.2028750465029762 0.0 0.0 0.0 0.0 0.2028750465029762 
208 0.0 0.0 0.0 0.0 0.2028750465029762 0.0 0.0 0.0 0.0 0.2028750465029762 
209 2215.9847900390623 395.9286743164063 2218.2959716796877 413.2628540039062 0.19573102678571427 2158.737512207031 561.8478271484375 2202.650915527344 612.694775390625 0.2017764136904762 
210 2216.5615234375 398.31662902832034 2216.5615234375 400.62392272949216 0.1632080078125 2163.449462890625 413.3140335083008 2208.441650390625 431.77242279052734 0.22037760416666666 
211 0.0 0.0 0.0 0.0 0.2028750465029762 0.0 0.0 0.0 0.0 0.2028750465029762 
212 0.0 0.0 0.0 0.0 0.2028750465029762 0.0 0.0 0.0 0.0 0.2028750465029762 
213 0.0 0.0 0.0 0.0 0.2028750465029762 0.0 0.0 0.0 0.0 0.2028750465029762 
214 0.0 0.0 0.0 0.0 0.2028750465029762 0.0 0.0 0.0 0.0 0.2028750465029762 
215 0.0 0.0 0.0 0.0 0.2028750465029762 0.0 0.0 0.0 0.0 0.2028750465029762 
216 2134.4896240234375 641.3384887695313 2167.2720947265625 678.9775512695312 0.1883603050595238 
217 1722.8265075683594 992.2822570800781 1786.3340148925781 1163.7522888183594 0.20551990327380953 
219 2211.736083984375 423.5152893066406 2211.736083984375 423.5152893066406 0.16422526041666666 2124.7901123046877 546.5738250732422 2168.1439697265623 619.656216430664 0.32082403273809523 
220 0.0 0.0 0.0 0.0 0.20262509300595238 0.0 0.0 0.0 0.0 0.20262509300595238 
221 0.0 0.0 0.0 0.0 0.2028750465029762 0.0 0.0 0.0 0.0 0.2028750465029762 
222 0.0 0.0 0.0 0.0 0.20262509300595238 0.0 0.0 0.0 0.0 0.20262509300595238 
223 0.0 0.0 0.0 0.0 0.20315987723214285 0.0 0.0 0.0 0.0 0.20315987723214285 
224 0.0 0.0 0.0 0.0 0.20315987723214285 0.0 0.0 0.0 0.0 0.20315987723214285 
225 0.0 0.0 0.0 0.0 0.20315987723214285 0.0 0.0 0.0 0.0 0.20315987723214285 
226 0.0 0.0 0.0 0.0 0.20315987723214285 0.0 0.0 0.0 0.0 0.20315987723214285 
227 0.0 0.0 0.0 0.0 0.2028750465029762 0.0 0.0 0.0 0.0 0.2028750465029762 
228 0.0 0.0 0.0 0.0 0.2028750465029762 0.0 0.0 0.0 0.0 0.2028750465029762 
229 0.0 0.0 0.0 0.0 0.2028750465029762 0.0 0.0 0.0 0.0 0.2028750465029762 
230 0.0 0.0 0.0 0.0 0.2028750465029762 0.0 0.0 0.0 0.0 0.2028750465029762 
231 0.0 0.0 0.0 0.0 0.2028750465029762 0.0 0.0 0.0 0.0 0.2028750465029762 
232 0.0 0.0 0.0 0.0 0.2028750465029762 0.0 0.0 0.0 0.0 0.2028750465029762 
233 0.0 0.0 0.0 0.0 0.2028750465029762 0.0 0.0 0.0 0.0 0.2028750465029762 
234 0.0 0.0 0.0 0.0 0.2028750465029762 0.0 0.0 0.0 0.0 0.2028750465029762 
235 0.0 0.0 0.0 0.0 0.2028750465029762 0.0 0.0 0.0 0.0 0.2028750465029762 
236 0.0 0.0 0.0 0.0 0.2028750465029762 0.0 0.0 0.0 0.0 0.2028750465029762 
237 0.0 0.0 0.0 0.0 0.2028750465029762 0.0 0.0 0.0 0.0 0.2028750465029762 
238 0.0 0.0 0.0 0.0 0.2041015625 0.0 0.0 0.0 0.0 0.2041015625 
239 0.0 0.0 0.0 0.0 0.2041015625 0.0 0.0 0.0 0.0 0.2041015625 
240 0.0 0.0 0.0 0.0 0.2028750465029762 0.0 0.0 0.0 0.0 0.2028750465029762 
241 0.0 0.0 0.0 0.0 0.2028750465029762 0.0 0.0 0.0 0.0 0.2028750465029762 
242 0.0 0.0 0.0 0.0 0.2028750465029762 0.0 0.0 0.0 0.0 0.2028750465029762 
243 0.0 0.0 0.0 0.0 0.2028750465029762 0.0 0.0 0.0 0.0 0.2028750465029762 
244 0.0 0.0 0.0 0.0 0.2028750465029762 0.0 0.0 0.0 0.0 0.2028750465029762 
245 0.0 0.0 0.0 0.0 0.2028750465029762 0.0 0.0 0.0 0.0 0.2028750465029762 
246 1840.278338623047 806.1730102539062 2172.371685791016 870.8283325195313 0.2898472377232143 2080.7014282226564 782.8879852294922 2151.2343627929686 853.4211578369141 0.38742792038690477 
247 1834.5865905761718 817.3400146484375 2109.0292541503904 913.686962890625 0.26679920014880953 2056.813269042969 785.2244354248047 2176.517053222656 887.410513305664 0.34574962797619047 
248 1965.0142944335937 795.6048248291015 2127.870715332031 890.3576385498047 0.2907133556547619 2040.292626953125 783.8746185302734 2182.421728515625 881.5884552001953 0.3830682663690476 
249 1968.2927612304688 777.1566223144531 2106.557092285156 889.4963317871094 0.28390648251488093 2067.5594848632813 778.1537139892578 2171.2576538085937 881.8519622802735 0.3756626674107143 
250 1984.297314453125 792.8978607177735 2148.659716796875 866.2738311767578 0.2744024367559524 2114.1164794921874 794.5911468505859 2131.7267822265626 853.2919708251953 0.2963169642857143 
251 1983.873876953125 794.3036651611328 2143.068017578125 865.0566253662109 0.30508858816964285 2101.682092285156 799.1792205810547 2163.591101074219 866.9841705322266 0.28891136532738093 
252 2018.9768005371093 806.4941497802735 2154.367071533203 868.3027862548828 0.25759161086309523 2016.1467346191407 791.2117523193359 2136.820916748047 867.7367950439453 0.24079241071428573 
253 2101.921276855469 839.7117462158203 2110.745471191406 857.3602142333984 0.18915666852678573 2020.5801879882813 802.3785522460937 2126.470837402344 849.4410278320313 0.19954427083333334 
254 0.0 0.0 0.0 0.0 0.2028750465029762 0.0 0.0 0.0 0.0 0.2028750465029762 
255 0.0 0.0 0.0 0.0 0.2028750465029762 0.0 0.0 0.0 0.0 0.2028750465029762 
256 1912.3367309570312 790.8713745117187 2068.0526733398438 917.2068725585938 0.25613839285714285 2024.3210510253907 783.5263000488281 2188.851190185547 895.1715759277344 0.3912992931547619 
257 0.0 0.0 0.0 0.0 0.2028750465029762 0.0 0.0 0.0 0.0 0.2028750465029762 
258 0.0 0.0 0.0 0.0 0.2028750465029762 0.0 0.0 0.0 0.0 0.2028750465029762 
259 0.0 0.0 0.0 0.0 0.2028750465029762 0.0 0.0 0.0 0.0 0.2028750465029762 
260 0.0 0.0 0.0 0.0 0.2028750465029762 0.0 0.0 0.0 0.0 0.2028750465029762 
261 0.0 0.0 0.0 0.0 0.2028750465029762 0.0 0.0 0.0 0.0 0.2028750465029762 
262 0.0 0.0 0.0 0.0 0.2028750465029762 0.0 0.0 0.0 0.0 0.2028750465029762 
263 0.0 0.0 0.0 0.0 0.20315987723214285 0.0 0.0 0.0 0.0 0.20315987723214285 
264 0.0 0.0 0.0 0.0 0.20315987723214285 0.0 0.0 0.0 0.0 0.20315987723214285 
265 1932.2167602539062 798.0141510009765 2108.935827636719 893.6162811279297 0.35664295014880953 1994.2801147460937 790.7715789794922 2115.9554809570313 871.8885162353515 0.37926664806547616 
266 1962.6544860839845 806.5803863525391 2113.364190673828 868.4790008544921 0.3039434523809524 2013.0636047363282 802.4400054931641 2085.7272888183593 864.3386199951171 0.2979852585565476 
267 0.0 0.0 0.0 0.0 0.2028750465029762 0.0 0.0 0.0 0.0 0.2028750465029762 
268 0.0 0.0 0.0 0.0 0.2028750465029762 0.0 0.0 0.0 0.0 0.2028750465029762 
269 1940.4447998046876 813.7451049804688 2108.8779541015624 895.0576293945312 0.28349376860119047 2004.1098327636719 795.6507781982422 2085.4225158691406 859.5392242431641 0.31556919642857145 
270 1813.402587890625 824.258837890625 2115.322509765625 902.6419189453125 0.23985072544642858 1951.5219177246095 808.7385894775391 2082.160333251953 866.8000457763671 0.26499720982142855 
271 1816.0876403808593 829.9211822509766 1888.6773742675782 914.1251434326172 0.2767857142857143 1835.184307861328 816.0733032226562 2090.699847412109 865.4342651367188 0.219970703125 
272 0.0 0.0 0.0 0.0 0.2028750465029762 0.0 0.0 0.0 0.0 0.2028750465029762 
273 0.0 0.0 0.0 0.0 0.2028750465029762 0.0 0.0 0.0 0.0 0.2028750465029762 
274 0.0 0.0 0.0 0.0 0.2028750465029762 0.0 0.0 0.0 0.0 0.2028750465029762 
275 0.0 0.0 0.0 0.0 0.2028750465029762 0.0 0.0 0.0 0.0 0.2028750465029762 
276 1817.5516052246094 845.6308349609375 1869.7253723144531 920.99306640625 0.19880603608630953 1863.705322265625 852.0968017578125 1863.705322265625 852.0968017578125 0.1787109375 
277 0.0 0.0 0.0 0.0 0.2028750465029762 0.0 0.0 0.0 0.0 0.2028750465029762 
278 1805.5299560546875 841.3439910888671 1889.4878662109375 916.6166412353516 0.27988978794642855 1845.0591979980468 833.5494842529297 1914.5417541503907 879.8711090087891 0.20821126302083334 
279 0.0 0.0 0.0 0.0 0.2028750465029762 0.0 0.0 0.0 0.0 0.2028750465029762 
280 0.0 0.0 0.0 0.0 0.2028750465029762 0.0 0.0 0.0 0.0 0.2028750465029762 
281 0.0 0.0 0.0 0.0 0.2028750465029762 0.0 0.0 0.0 0.0 0.2028750465029762 
282 0.0 0.0 0.0 0.0 0.2028750465029762 0.0 0.0 0.0 0.0 0.2028750465029762 
283 0.0 0.0 0.0 0.0 0.2028750465029762 0.0 0.0 0.0 0.0 0.2028750465029762 
284 0.0 0.0 0.0 0.0 0.2028750465029762 0.0 0.0 0.0 0.0 0.2028750465029762 
285 0.0 0.0 0.0 0.0 0.2028750465029762 0.0 0.0 0.0 0.0 0.2028750465029762 
286 0.0 0.0 0.0 0.0 0.2028750465029762 0.0 0.0 0.0 0.0 0.2028750465029762 
287 0.0 0.0 0.0 0.0 0.2028750465029762 0.0 0.0 0.0 0.0 0.2028750465029762 
288 0.0 0.0 0.0 0.0 0.2028750465029762 0.0 0.0 0.0 0.0 0.2028750465029762 
289 0.0 0.0 0.0 0.0 0.2028750465029762 0.0 0.0 0.0 0.0 0.2028750465029762 
290 0.0 0.0 0.0 0.0 0.2028750465029762 0.0 0.0 0.0 0.0 0.2028750465029762 
291 1801.3001098632812 831.7594787597657 1883.2277221679688 931.2429626464843 0.2308407738095238 
292 1780.2198486328125 1180.2261962890625 1780.2198486328125 1180.2261962890625 0.12959798177083334 
293 0.0 0.0 0.0 0.0 0.2028750465029762 0.0 0.0 0.0 0.0 0.2028750465029762 
294 1800.7882080078125 838.9840026855469 1865.4930419921875 950.7467102050781 0.2641078404017857 1822.8467224121093 846.7892944335938 1872.8457824707032 890.9061401367187 0.25564429873511907 
295 0.0 0.0 0.0 0.0 0.20315987723214285 0.0 0.0 0.0 0.0 0.20315987723214285 
296 0.0 0.0 0.0 0.0 0.20315987723214285 0.0 0.0 0.0 0.0 0.20315987723214285 
297 0.0 0.0 0.0 0.0 0.20315987723214285 0.0 0.0 0.0 0.0 0.20315987723214285 
298 0.0 0.0 0.0 0.0 0.20262509300595238 0.0 0.0 0.0 0.0 0.20262509300595238 
299 0.0 0.0 0.0 0.0 0.20262509300595238 0.0 0.0 0.0 0.0 0.20262509300595238 
