0 2417.5169677734375 401.24830322265626 2636.7047119140625 659.1164428710938 0.6793619791666666 2127.0846313476563 274.1325424194336 2341.9746948242187 630.8501541137696 0.8245442708333334 
1 2413.4372802734374 400.13708953857423 2640.7487548828126 661.759669494629 0.6867327008928571 2124.101843261719 265.69673309326174 2342.835412597656 634.5417007446289 0.8221726190476191 
2 2426.5299438476563 400.52187194824216 2632.1587768554687 653.2737213134766 0.6658528645833334 2121.876916503906 274.31073608398435 2340.357214355469 621.3090148925781 0.8208240327380952 
3 2412.15302734375 399.68765411376955 2635.11064453125 661.2338241577148 0.6941266741071429 2122.902294921875 272.3776565551758 2337.284228515625 636.8272689819336 0.8318452380952381 
4 2430.77841796875 401.2326095581055 2623.45009765625 649.5647842407227 0.6454264322916666 2118.7164916992188 267.3505828857422 2332.7959594726562 648.4120513916016 0.8188244047619048 
5 2419.0051025390626 398.4193511962891 2632.8303466796874 655.0097869873047 0.6582961309523809 2115.8663696289063 267.9858657836914 2333.9683471679687 657.1480148315429 0.8218470982142857 
6 2421.9881103515627 397.6923263549805 2627.1056396484373 654.0891983032227 0.6742931547619048 2115.2978759765624 261.60473480224607 2328.9618896484376 671.8397537231446 0.8329845610119048 
7 2419.50009765625 394.7966766357422 2632.7318359375 654.9391021728516 0.6870349702380952 2115.3993286132813 262.2650741577148 2320.1014038085937 675.9341751098633 0.8323800223214286 
8 2430.262451171875 399.80579681396483 2622.285400390625 651.5693557739257 0.6369745163690477 2113.6705932617188 254.39348602294922 2318.4951782226562 685.3785171508789 0.8235444568452381 
9 2432.791748046875 398.59694213867186 2620.098388671875 654.0153625488281 0.6505766369047619 2109.425390625 243.21741180419923 2318.0169921875 681.685694885254 0.8227074032738095 
10 2413.3464111328126 401.30906372070314 2638.9592529296874 656.7198669433594 0.6947777157738095 2100.4680908203127 231.36261291503905 2313.3107177734373 682.5883758544921 0.8009207589285714 
11 2415.4175048828124 396.75291595458987 2645.8393310546876 657.0442337036133 0.6833147321428571 2096.207897949219 209.00184631347656 2305.294299316406 674.1124725341797 0.8013392857142857 
12 2425.422412109375 395.7057815551758 2635.355908203125 648.4826644897461 0.7009858630952381 2085.4754272460937 203.404248046875 2299.6932739257813 666.1144287109375 0.8206612723214286 
13 2421.5112426757814 399.7726104736328 2634.0031616210936 651.293490600586 0.7057291666666666 2071.7506469726563 187.9480239868164 2279.9058471679687 656.2971847534179 0.8012462797619048 
14 2417.9461669921875 402.98499755859376 2628.0821533203125 655.1481811523438 0.6944754464285714 2047.4603149414063 162.13680038452148 2274.407116699219 624.4360298156738 0.8273577008928571 
15 2419.0614990234376 406.43675689697267 2627.0215087890624 647.6702682495118 0.6858956473214286 2005.2211975097657 126.81063766479492 2250.614129638672 600.9592750549316 0.8347516741071429 
16 2414.689172363281 409.35943298339845 2637.257360839844 648.7253448486329 0.7068684895833334 1942.5793579101562 109.58674545288086 2169.3471557617186 567.3215339660644 0.8369373139880952 
17 2404.769482421875 397.07509765625 2628.069873046875 646.6462158203125 0.7068917410714286 1840.7925598144532 90.41588516235352 2077.2283142089846 545.7736747741699 0.8486793154761905 
18 2414.3256591796876 407.75168762207034 2632.1562744140624 663.4661468505859 0.6930106026785714 1699.6363220214844 58.42090339660645 1955.3508605957031 531.9662654876709 0.8678152901785714 
19 2422.7478881835937 404.25075378417966 2640.0316528320313 657.7484527587891 0.6854538690476191 1541.8735473632812 44.30003814697266 1805.7180053710938 520.254801940918 0.88720703125 
20 2409.800427246094 394.1664642333984 2642.468371582031 643.8587432861328 0.7117978050595238 1355.5926635742187 36.43423919677735 1645.0086547851563 473.39574737548827 0.9212472098214286 
21 2401.6042236328126 396.7269485473633 2630.7527099609374 644.4549057006836 0.7180757068452381 1141.7649963378906 37.997886657714844 1513.356951904297 421.9761428833008 0.92822265625 
22 2407.8276611328124 377.55409240722656 2652.6332763671876 662.0580291748047 0.7534412202380952 967.2402069091797 30.4491325378418 1390.6878326416015 367.88401260375974 0.9292922247023809 
23 2393.9499389648436 351.04709777832034 2663.5180786132814 655.1751312255859 0.75927734375 816.6846954345704 10.49816188812256 1300.5247161865234 363.0101884841919 0.9198753720238095 
24 2415.9987182617188 354.3847885131836 2660.3692016601562 656.254524230957 0.7376534598214286 711.7613220214844 13.813777351379393 1207.6902160644531 344.43304500579836 0.9169456845238095 
25 2466.5313354492187 383.913883972168 2613.4449829101563 663.0496475219727 0.6978934151785714 646.7806671142578 22.845507431030278 1138.941195678711 346.05537910461425 0.8963448660714286 
26 2445.4581298828125 376.72999267578126 2630.6414794921875 658.2082397460938 0.7238188244047619 597.6161987304688 24.027482223510745 1093.9067504882812 349.9496677398682 0.9055757068452381 
27 2435.5072265625 334.8556304931641 2674.730078125 663.7871307373047 0.7138904389880952 594.1809509277343 36.68959617614746 1042.7239562988282 358.14537239074707 0.8957635788690477 
28 2439.4778686523437 363.14435424804685 2633.8338989257813 654.6783996582031 0.7264229910714286 576.7074127197266 37.68424339294434 1017.7461395263672 359.1192310333252 0.9019252232142857 
29 2448.220263671875 358.9717742919922 2633.747021484375 663.235806274414 0.7209123883928571 557.2734191894531 54.70775947570801 1002.5378601074219 373.8139308929443 0.8909970238095238 
30 2436.7829833984374 383.0161590576172 2598.5549072265626 655.0874176025391 0.7441871279761905 575.2723388671875 66.82519149780273 987.055908203125 383.0161323547363 0.9205031622023809 
31 2436.5044189453124 382.37513427734376 2605.1445068359376 653.6653930664063 0.7417922247023809 602.3343933105468 84.8582977294922 976.2749816894532 392.8093658447266 0.9093656994047619 
32 2452.370458984375 375.142724609375 2612.961083984375 652.5260986328125 0.7280970982142857 603.8968475341796 96.63635177612305 968.8749420166016 403.2179725646973 0.9002278645833334 
33 2448.3078491210936 381.54807434082034 2601.3330200195314 651.1639007568359 0.7388160342261905 603.0370574951172 107.4480224609375 960.095816040039 420.7853149414062 0.8974376860119048 
34 2417.0099487304688 355.7910186767578 2614.4776000976562 655.6489837646484 0.7456984747023809 586.0759368896485 118.66126022338867 951.7563995361328 425.83289566040037 0.8995303199404762 
35 2458.3599365234377 373.2175857543945 2596.8397705078123 642.8890731811523 0.7254929315476191 576.5463409423828 123.16876373291015 940.9672698974609 421.9939254760742 0.8787202380952381 
36 2435.1252319335936 360.2840942382812 2602.0835083007814 650.6462036132813 0.7300734747023809 568.1527130126954 123.24808807373047 945.6234710693359 435.3873794555664 0.8663504464285714 
37 2456.7467407226563 359.32024841308595 2608.5474487304687 648.4644805908204 0.7261904761904762 581.7575286865234 129.67299880981446 935.9592071533203 433.27443466186526 0.8690476190476191 
38 2446.2302124023436 345.0138534545898 2611.8554809570314 654.6607376098633 0.7170526413690477 600.8125 123.4418800354004 917.6605224609375 433.08874435424804 0.8774646577380952 
39 2443.976037597656 351.9619766235352 2617.051550292969 647.6323532104492 0.7181919642857143 589.5183410644531 121.19487075805665 921.2460632324219 445.7111198425293 0.8818126860119048 
40 2410.3220703125 341.1357757568359 2619.97626953125 644.7729766845703 0.7551153273809523 590.4452819824219 124.25204772949219 908.5414123535156 427.8892486572266 0.8857421875 
41 2415.4103515625 334.38688201904296 2625.2791015625 645.5716445922851 0.7464657738095238 581.7027160644532 116.44620971679689 907.3611267089843 434.86781616210936 0.8852771577380952 
42 2426.749401855469 354.2160110473633 2614.990100097656 643.8169174194336 0.7248651413690477 584.999072265625 123.37066116333008 903.560009765625 434.69164047241213 0.8804873511904762 
43 2455.2784790039063 353.5195587158203 2614.4424682617187 650.1437103271485 0.7187732514880952 590.1081909179687 126.18192977905274 901.2017456054688 415.5713203430176 0.8653738839285714 
44 2461.280810546875 349.02342529296874 2620.452099609375 645.6611450195312 0.7157505580357143 582.3898101806641 120.00576705932617 915.2029022216797 423.8785255432129 0.8551897321428571 
45 2420.118798828125 330.88828430175784 2629.679052734375 648.8415130615234 0.7372349330357143 569.9310302734375 114.93573989868165 916.7891845703125 425.66281661987307 0.8407273065476191 
46 2434.433349609375 342.9894332885742 2621.943115234375 645.8898696899414 0.7234468005952381 587.0735443115234 113.87243118286133 918.8216583251954 431.1967063903809 0.8735584077380952 
47 2442.2825439453127 341.5649154663086 2621.9777099609373 643.4530593872071 0.7248651413690477 562.945523071289 118.7426727294922 929.5240203857422 435.0064727783203 0.8683268229166666 
48 2437.346630859375 352.6496917724609 2616.346728515625 646.2099884033203 0.7314685639880952 602.4568420410156 121.32632293701172 931.8172058105469 414.8866592407227 0.87451171875 
49 2447.2353393554686 328.47237701416014 2624.7370727539064 633.7756393432617 0.7159830729166666 609.6808319091797 116.28928985595704 950.4845123291016 414.49253997802737 0.8817894345238095 
50 2427.5348388671873 327.21168060302733 2612.4046142578127 640.0682571411132 0.7097749255952381 602.0827362060547 107.61046600341797 964.711880493164 427.5773696899414 0.8815104166666666 
51 2441.5011474609373 314.6997573852539 2626.3201416015627 641.686930847168 0.7259114583333334 603.155322265625 108.55566024780273 987.0098388671875 421.3260078430176 0.8851609002976191 
52 2444.3149169921876 320.1411071777344 2634.5967041015624 637.2774719238281 0.7218889508928571 622.542919921875 96.24825897216797 1003.106494140625 427.4795547485352 0.8888811383928571 
53 2397.888073730469 325.15995025634766 2628.765979003906 639.9935836791992 0.7557663690476191 642.6232269287109 89.70743789672852 1020.4235870361329 439.5225883483887 0.9032040550595238 
54 2435.8378784179686 355.0844955444336 2602.1169555664064 639.1442947387695 0.7282831101190477 664.5944122314453 96.60604629516601 1031.7937103271483 449.9487480163574 0.8905552455357143 
55 2455.0702880859376 348.9369522094727 2599.5791259765624 637.9549850463867 0.7150995163690477 671.4689086914062 108.08860473632814 1043.0635620117187 465.92042846679686 0.8849516369047619 
56 2402.2763793945314 338.02587432861327 2622.8742553710936 641.3478744506835 0.7362816220238095 677.2650207519531 106.55725173950196 1049.5237976074218 485.7097618103027 0.90185546875 
57 2404.3505859375 327.51209869384763 2631.85693359375 637.7481246948242 0.7500232514880952 681.6126190185547 131.8247802734375 1040.1075347900392 483.4255859375 0.888671875 
58 2403.8410034179688 351.78931579589846 2632.5708618164062 635.9690460205078 0.7364443824404762 677.9687042236328 136.65511169433594 1031.4605560302734 483.21579895019534 0.8904389880952381 
59 2416.855358886719 322.1945281982422 2627.103381347656 637.5666412353515 0.7300734747023809 669.3703552246094 147.25734329223633 1026.7921203613282 483.6542625427246 0.8951822916666666 
60 2432.89755859375 353.98934173583984 2608.87490234375 635.5529251098633 0.7292829241071429 662.024789428711 153.3752670288086 1028.0575469970704 484.21253204345703 0.8796968005952381 
61 2426.3634033203125 328.7646087646484 2623.6644287109375 638.8088165283203 0.7218191964285714 651.4684875488281 163.71480331420898 1010.8380310058594 494.8984321594238 0.8837658110119048 
62 2410.7406372070313 327.52242889404295 2621.8792358398437 637.1923233032227 0.7444196428571429 625.5371917724609 172.68750762939453 1012.6244903564453 510.5091781616211 0.8865094866071429 
63 2404.4807983398437 337.8952362060547 2615.5565551757813 633.401089477539 0.7422805059523809 614.3972961425782 182.29461669921875 1001.3693054199218 512.979736328125 0.8785574776785714 
64 2421.3569213867186 343.2700714111328 2603.7273071289064 637.868051147461 0.7303059895833334 618.9676635742187 181.13324050903321 990.7222778320313 524.830916595459 0.8888346354166666 
65 2406.7014770507812 318.3091873168945 2628.0267944335938 636.4647079467774 0.7271437872023809 637.4265991210938 201.26198959350586 976.3314575195312 519.4175300598145 0.8936476934523809 
66 2418.8726196289062 337.2826431274414 2604.6701049804688 633.1821701049805 0.7107514880952381 640.2995208740234 200.97832946777345 963.7245880126953 531.2847320556641 0.8889043898809523 
67 2434.085888671875 343.07017669677737 2597.572314453125 629.1710647583008 0.7034505208333334 635.2137817382812 214.16760864257813 948.5623413085938 527.5161682128906 0.8767206101190477 
68 2432.4954467773437 342.99304351806643 2602.0448364257813 627.835905456543 0.6916387648809523 635.5336395263672 219.87416229248046 961.0683502197265 531.8449234008789 0.8876488095238095 
69 2461.376806640625 349.7880294799805 2597.300439453125 621.6350967407227 0.6846633184523809 628.2388702392578 209.15946502685546 974.8438323974609 521.7835586547851 0.8711635044642857 
70 2459.5420654296877 342.8511337280273 2595.4130126953123 628.1801467895508 0.6765718005952381 627.1129150390625 205.41240005493165 973.5838623046875 504.3285514831543 0.8562360491071429 
71 2454.542919921875 342.2359161376953 2597.164599609375 627.4793548583984 0.6977771577380952 627.8880249023438 195.17361068725586 981.0465454101562 487.20854568481445 0.8498883928571429 
72 2459.1072998046875 323.6627426147461 2602.1104736328125 630.098030090332 0.6905924479166666 625.9956695556641 188.25500717163087 993.7180145263671 487.8806282043457 0.8614443824404762 
73 2449.229211425781 335.88743591308594 2599.662634277344 629.9168243408203 0.7250046502976191 631.9279083251953 183.3498733520508 987.4983001708985 477.3792221069336 0.8639090401785714 
74 2443.25283203125 312.2131088256836 2621.03671875 626.7537185668946 0.7187267485119048 639.6414947509766 171.7744255065918 995.2090301513672 472.639347076416 0.8647693452380952 
75 2413.2441650390624 301.2768310546875 2627.3969482421876 639.7763916015625 0.7305617559523809 605.4334564208984 168.693408203125 1013.0144805908203 458.835888671875 0.8296130952380952 
76 2414.340441894531 344.00321807861326 2601.354138183594 641.8398910522461 0.7284691220238095 634.5133331298828 152.99349365234374 1008.540805053711 443.9037231445312 0.8564685639880952 
77 2443.7551879882812 345.00258178710936 2603.2289428710938 636.2154357910156 0.7154482886904762 618.3416748046875 143.12705688476564 1020.49267578125 427.4062072753906 0.8253813244047619 
78 2451.79599609375 363.63564453125 2590.79189453125 634.6777099609375 0.7036830357142857 656.6101165771485 125.20415420532227 1017.9995635986328 424.04540328979493 0.8503301711309523 
79 2435.645861816406 363.1596252441406 2589.162976074219 642.2817810058593 0.7235398065476191 663.22001953125 108.46061782836915 1012.12275390625 408.51696701049804 0.8550967261904762 
80 2440.0403442382812 369.7302307128906 2586.6093139648438 641.9293151855469 0.7182152157738095 671.014779663086 96.4573745727539 1026.9674591064454 410.5332565307617 0.8674665178571429 
81 2432.9223388671876 357.7169982910156 2593.0654541015624 636.2266052246093 0.7333054315476191 680.4542541503906 75.19042205810547 1035.5540466308594 388.51371002197266 0.8650483630952381 
82 2432.344934082031 373.88477783203126 2578.284216308594 644.9147827148438 0.6929175967261905 691.4982666015625 65.16713752746583 1052.8716064453124 370.9445796966553 0.8613513764880952 
83 2451.0447265625 373.9529693603516 2583.09248046875 638.0485565185547 0.6912434895833334 709.2967590332031 58.26782379150391 1063.7408386230468 371.0126022338867 0.8848353794642857 
84 2452.1108276367186 347.1060104370117 2610.6521118164064 636.6160659790039 0.7054966517857143 727.7760070800781 42.484143829345705 1079.3239685058593 352.67349472045896 0.8797433035714286 
85 2421.516467285156 345.1983184814453 2614.236706542969 641.1613616943359 0.7404436383928571 755.8640167236329 30.43976669311524 1113.772885131836 347.05139846801757 0.8645368303571429 
86 2446.2380249023436 333.4286880493164 2615.8242309570314 638.683708190918 0.7200055803571429 809.0797058105469 25.5646614074707 1148.2519592285157 330.8196617126465 0.8386346726190477 
87 2427.40654296875 355.6168411254883 2613.9044921875 642.0242416381836 0.7160760788690477 858.0581115722656 4.140188026428227 1191.0899597167968 317.19011516571044 0.83984375 
88 2389.892785644531 349.8581878662109 2639.064001464844 638.3720977783203 0.7617420014880952 896.1271606445313 0.0 1282.9980834960938 287.5654136657715 0.84765625 
89 2396.1002197265625 346.3070953369141 2632.6297607421875 646.7636444091797 0.7601376488095238 977.1681213378906 0.0 1322.3735046386719 275.9874683380127 0.8224051339285714 
90 2404.242565917969 338.2350738525391 2633.241564941406 641.5036346435547 0.7743675595238095 1042.1526916503906 0.0 1357.799578857422 260.6326035022736 0.8071754092261905 
91 2417.6218505859374 333.3561981201172 2628.5309814453126 628.6290924072266 0.7372116815476191 1111.3756042480468 0.0 1394.5964416503907 243.8936297416687 0.8050130208333334 
92 2436.2965576171873 352.0378616333008 2611.3465087890627 632.1182357788086 0.7230515252976191 1177.056982421875 0.0 1451.302392578125 244.98793783187867 0.8198707217261905 
93 2404.378796386719 353.0975875854492 2626.604846191406 643.7010269165039 0.7354213169642857 1245.690771484375 0.0 1519.199853515625 249.43587894439696 0.8257765997023809 
94 2398.0120849609375 352.90826721191405 2630.9171142578125 635.7211883544921 0.7286086309523809 1320.0812561035157 0.0 1541.8951843261718 250.1059609413147 0.8148018973214286 
95 2427.22685546875 350.9664474487305 2614.68330078125 629.4731582641601 0.6889415922619048 1385.2985778808593 0.0 1604.8905090332032 267.74402847290037 0.8188941592261905 
96 2423.3307250976563 353.1355926513672 2609.8721557617187 622.5843170166015 0.6797107514880952 1435.2191040039063 0.0 1652.8507202148437 290.3572184562683 0.8327287946428571 
97 2418.3300903320314 366.84864044189453 2604.8918334960936 629.0435409545898 0.6901506696428571 1481.254864501953 0.0 1687.9854919433594 305.17854738235474 0.8118489583333334 
98 2406.9402465820312 367.0531890869141 2605.4266967773438 635.0097381591797 0.7064499627976191 1515.851251220703 7.869299697875981 1729.2240661621095 345.29603691101073 0.8082217261904762 
99 2387.5369140625 377.91170196533204 2621.74384765625 641.3945419311524 0.7208658854166666 1545.2926940917969 32.231286239624026 1759.9823303222656 364.024458694458 0.8188709077380952 
100 2392.485461425781 371.3621551513672 2618.111950683594 635.3931549072265 0.7273995535714286 1571.2197875976562 66.15707664489747 1777.6439819335938 382.99429817199706 0.8138253348214286 
101 2392.4612548828127 363.29152221679686 2616.0758544921873 634.4838684082031 0.7267485119047619 1582.178125 85.877543258667 1786.76181640625 414.1629611968994 0.8492838541666666 
102 2391.564562988281 370.54053649902346 2613.649060058594 635.1520294189453 0.71337890625 1586.644110107422 100.11342391967773 1822.9043518066405 440.32818069458006 0.8527018229166666 
103 2390.52470703125 381.5912857055664 2616.5939453125 640.629020690918 0.7263764880952381 1598.1953247070312 130.70508346557617 1814.8449584960938 460.3894752502441 0.8560500372023809 
104 2385.5683837890624 373.37220458984376 2620.0527099609376 640.6840698242188 0.7146344866071429 1599.1448364257812 132.75539627075196 1833.6288452148438 484.48158798217776 0.8535853794642857 
105 2387.454345703125 374.727848815918 2621.200439453125 645.8735000610352 0.7218191964285714 1603.505352783203 143.6786735534668 1837.2516052246094 484.94817276000975 0.8598865327380952 
106 2387.8051635742186 371.6202911376953 2625.9968383789064 647.1753021240235 0.72119140625 1606.227764892578 159.29565658569337 1830.4080993652344 500.2365852355957 0.8633510044642857 
107 2391.3519287109375 370.69409637451173 2620.5816650390625 642.027003479004 0.7124255952380952 1602.7232849121094 161.07684478759765 1836.631085205078 502.5820602416992 0.8620489211309523 
108 2389.252795410156 374.9604965209961 2618.967175292969 637.490950012207 0.7273763020833334 1598.4158264160155 159.6710464477539 1837.506170654297 506.5863693237305 0.8732096354166666 
109 2384.797570800781 375.0987579345703 2619.838903808594 638.3450286865234 0.7258417038690477 1595.9628173828125 163.3807388305664 1835.7049072265625 506.54110565185545 0.8658621651785714 
110 2386.9466918945313 370.0423126220703 2618.0740600585937 634.1877288818359 0.7273297991071429 1590.7006591796876 161.229541015625 1835.9785400390624 505.561962890625 0.8593052455357143 
111 2383.1228271484374 366.1416412353516 2624.6530517578126 640.8228973388672 0.7289574032738095 1588.4052612304688 161.2236114501953 1834.6711547851562 506.9430755615234 0.8604213169642857 
112 2378.9673583984377 364.21690979003904 2616.4769775390623 634.9778533935547 0.7331426711309523 1587.5121459960938 150.09284744262695 1844.0225219726562 534.8584312438965 0.8719308035714286 
113 2385.376818847656 376.5204162597656 2617.953991699219 632.8300476074219 0.7227027529761905 1586.1435241699219 136.27579345703126 1847.1996154785156 544.4726196289063 0.8690941220238095 
114 2383.017199707031 354.9100173950195 2619.955212402344 639.2357040405274 0.7329566592261905 1594.0135864257813 122.89297027587891 1845.1678100585937 554.1202438354492 0.8617466517857143 
115 2389.4585815429687 370.3587585449219 2621.2403930664063 635.2523254394531 0.7036365327380952 1597.6887268066407 120.38364639282227 1848.3914733886718 565.0264335632324 0.8653273809523809 
116 2392.840673828125 350.21040496826174 2624.467919921875 643.2897476196289 0.7131928943452381 1601.0538269042968 110.94711380004884 1856.3164123535157 555.2932273864747 0.8532366071428571 
117 2392.1538330078124 353.743669128418 2628.4091552734376 641.9749893188476 0.7199823288690477 1601.2442687988282 114.03556213378906 1856.3998962402343 558.1952728271484 0.8624906994047619 
118 2387.300402832031 373.45934143066404 2623.387829589844 637.8773895263672 0.7249116443452381 1601.1289611816405 108.85972137451172 1851.381658935547 557.4260147094726 0.8590029761904762 
119 2393.4175537109377 345.8222381591797 2625.4301025390623 644.124234008789 0.7117047991071429 1600.3131591796875 97.78363418579102 1856.0005615234375 557.0739555358887 0.8516322544642857 
120 2393.230847167969 346.0840789794922 2625.200549316406 644.330532836914 0.7094494047619048 1600.8203369140624 98.63784332275391 1851.7260498046876 553.1086471557617 0.8516555059523809 
121 2392.077197265625 350.93328857421875 2628.867626953125 644.5536499023438 0.7229817708333334 1604.1107604980468 91.37432708740235 1850.3730041503907 550.7481399536133 0.8460751488095238 
122 2391.35751953125 363.7094299316406 2627.9232421875 642.8569763183593 0.7245396205357143 1598.862286376953 92.93264923095703 1859.0846130371094 542.4075302124023 0.8517485119047619 
123 2389.7776733398437 359.9934906005859 2626.9803833007813 639.8926788330078 0.7240978422619048 1599.345196533203 80.64163208007812 1855.5240661621094 536.0708923339844 0.8444707961309523 
124 2386.22646484375 359.6529907226562 2624.1734375 645.1892944335938 0.7228655133928571 1592.0328857421875 79.42467575073243 1891.8460205078125 541.0417701721192 0.8582356770833334 
125 2392.074853515625 364.95306091308595 2621.700048828125 637.6330596923829 0.7194707961309523 1585.8105712890624 73.68960914611816 1882.4098876953126 542.507831954956 0.8727446056547619 
126 2392.3706787109377 371.5498840332031 2619.5843994140623 627.7696960449218 0.7111467633928571 1574.252099609375 72.37881851196289 1898.152685546875 536.4751091003418 0.8816499255952381 
127 2387.3019409179688 351.22032928466797 2616.1016235351562 633.5686416625977 0.7183082217261905 1548.3080261230468 61.9443302154541 1908.5456115722657 514.6752910614014 0.8850678943452381 
128 2386.4590454101562 355.4969116210938 2615.7633666992188 633.5896362304687 0.7149367559523809 1538.4825561523437 52.82243728637695 1928.7881958007813 482.15856552124023 0.8949032738095238 
129 2389.2489379882813 359.48993225097655 2621.1634155273437 630.0566375732421 0.6952659970238095 1561.7534973144532 35.218695068359374 1943.4458435058593 474.88958129882815 0.8868350074404762 
130 2397.551623535156 374.67127685546876 2607.639050292969 632.5060913085938 0.6771995907738095 1579.6054321289062 23.72942695617676 1971.1323608398438 458.2288478851318 0.8957868303571429 
131 2392.9955932617186 376.29603424072263 2615.4006469726564 646.0213180541992 0.6967308407738095 1599.1077880859375 18.664297866821293 1982.4014892578125 454.01037712097167 0.8980887276785714 
132 2413.0779541015627 364.6870361328125 2605.0748779296873 636.2924560546875 0.6635974702380952 1613.3910766601562 16.89526710510254 1992.7019409179688 461.76616325378416 0.90673828125 
133 2415.593371582031 377.24477233886716 2588.274060058594 629.2650543212891 0.6440662202380952 1623.6322082519532 37.80721740722657 2001.6625915527343 462.5080291748047 0.8976004464285714 
134 2417.3967041015626 372.63531494140625 2589.2322021484374 628.0665893554688 0.6320219494047619 1648.2449035644531 33.25112457275391 2015.1370544433594 474.45056610107423 0.8960193452380952 
135 2397.580773925781 382.91992340087893 2601.867712402344 641.6834396362304 0.6814546130952381 1703.5289123535156 49.251226806640624 2021.308612060547 475.9840026855469 0.8872767857142857 
136 2397.341027832031 382.4082656860352 2606.756872558594 635.4525436401367 0.6823149181547619 1758.1860595703124 52.00767936706543 2067.9472412109376 492.653674697876 0.8697219122023809 
137 2387.574108886719 375.78038177490237 2606.810412597656 632.2456497192383 0.6911039806547619 1841.2331848144531 52.49417686462402 2134.9273376464844 490.9670124053955 0.8416573660714286 
138 2385.935900878906 380.04478759765624 2608.382214355469 630.2970092773437 0.7367466517857143 1912.7788879394532 81.81991348266601 2210.6980407714846 506.8514579772949 0.8443312872023809 
139 2385.1214599609375 383.25340270996094 2619.2960205078125 633.0396270751953 0.6958472842261905 1972.6139709472657 93.98773193359375 2269.235028076172 535.0165405273438 0.8332868303571429 
140 2386.8971435546873 385.1410842895508 2603.9368408203127 629.8040756225586 0.7179827008928571 2035.38388671875 134.10350799560547 2299.777734375 528.7212295532227 0.8165922619047619 
141 2394.051025390625 384.41192321777345 2605.294677734375 635.5130645751954 0.7162853422619048 2075.34560546875 146.95423049926757 2338.40390625 569.4418724060058 0.8119419642857143 
142 2403.5297973632814 374.001481628418 2607.5031616210936 631.8545059204101 0.7019391741071429 2102.158544921875 177.42922897338866 2352.314599609375 573.8301856994628 0.8347516741071429 
143 2397.450964355469 377.2943374633789 2614.483361816406 638.5369308471679 0.7130301339285714 2119.9772338867188 197.6707015991211 2357.1050415039062 595.5633377075195 0.8382626488095238 
144 2396.6525146484373 382.3631195068359 2609.0901611328127 634.8832794189453 0.7195172991071429 2129.6409423828127 213.39966888427733 2358.1114990234373 594.1841018676757 0.8428431919642857 
145 2398.3689819335937 386.1653793334961 2611.3236450195313 635.2822830200196 0.7137276785714286 2130.7073608398437 207.51824111938475 2359.7342895507813 585.2116630554199 0.8412853422619048 
146 2400.6644897460938 380.46126251220704 2614.2678833007812 634.3670761108399 0.6989397321428571 2131.2578735351562 200.49501190185546 2369.0426635742188 563.2176651000976 0.8389601934523809 
147 2396.269323730469 384.26759185791013 2613.936486816406 634.1818405151367 0.7038457961309523 2133.952355957031 187.52989807128907 2367.743200683594 530.1542449951172 0.8410063244047619 
148 2389.457080078125 382.97143402099607 2616.268994140625 638.134797668457 0.705078125 2136.1630615234376 168.77750396728516 2371.0752197265624 525.1962203979492 0.8423781622023809 
149 2388.891162109375 384.33264007568357 2616.147412109375 635.9381423950196 0.7188895089285714 2129.7934692382814 178.14729385375978 2357.0500366210936 539.322844696045 0.8501209077380952 
150 2391.0332763671877 380.95716552734376 2617.4408447265623 635.6657592773438 0.7135184151785714 2111.1336181640627 192.80245666503907 2337.5411865234373 568.8008758544922 0.8367513020833334 
151 2384.1398803710936 382.6945541381836 2619.2973754882814 642.1787673950196 0.7087751116071429 2101.2647216796877 209.13333129882812 2328.3134033203123 594.3051452636719 0.84814453125 
152 2382.6099853515625 379.7471862792969 2618.6761474609375 640.2338928222656 0.7082635788690477 2101.7726318359373 216.31679077148436 2329.6985595703127 590.7664611816406 0.8527483258928571 
153 2387.341796875 383.33470153808594 2619.208984375 643.6770782470703 0.7229585193452381 2109.7892944335936 210.13824081420898 2333.5210083007814 588.4481391906738 0.8391927083333334 
154 2389.0487426757813 378.8007217407227 2620.7664428710937 638.9750045776367 0.6990559895833334 2114.333459472656 195.86572036743163 2341.986120605469 577.9966300964355 0.8220796130952381 
155 2383.933801269531 386.9404861450195 2619.730505371094 643.0644882202148 0.72412109375 2116.3952758789064 197.27108840942384 2339.9955932617186 579.4244529724122 0.8210565476190477 
156 2387.8103149414064 382.11693878173827 2615.5239135742186 638.2948959350585 0.7189127604166666 2106.2958740234376 205.38852615356444 2334.0097900390624 583.5560386657714 0.8289853050595238 
157 2385.2279663085938 376.66100006103517 2619.9880981445312 639.7542526245118 0.7198660714285714 2103.29775390625 207.44062347412108 2325.91513671875 587.9140213012695 0.8406110491071429 
158 2394.7453491210936 378.56840057373046 2613.8242309570314 634.1603897094726 0.7013578869047619 2110.2860107421875 204.42879180908204 2333.4219970703125 589.8453475952149 0.8312406994047619 
159 2392.2830200195312 378.9862319946289 2615.6713256835938 638.9291427612304 0.708984375 2117.8119262695313 206.05549240112305 2337.1390014648437 583.7849769592285 0.8314964657738095 
160 2390.7004150390626 381.02464294433594 2618.3254638671874 637.1029815673828 0.7092168898809523 2119.613732910156 197.64258346557617 2339.109655761719 579.7276710510254 0.8167317708333334 
161 2392.1330322265626 381.3907806396484 2615.6257568359374 633.3279083251953 0.7117513020833334 2113.470568847656 204.31585922241212 2341.026745605469 582.2215705871582 0.8161039806547619 
162 2389.676379394531 379.34584045410156 2617.429333496094 639.6350555419922 0.7083333333333334 2104.985217285156 208.84393615722655 2332.738171386719 591.1436737060546 0.8323102678571429 
163 2386.1488647460938 373.9854309082031 2625.8538208007812 634.0043151855468 0.7079148065476191 2109.8789916992187 213.03622436523438 2333.3326782226563 594.9389953613281 0.8401227678571429 
164 2383.0306884765623 369.29097747802734 2630.9771240234377 637.5609817504883 0.7101469494047619 2116.4804565429686 215.45779724121093 2344.1032836914064 597.5393341064453 0.8427501860119048 
165 2392.4640625 366.5470672607422 2624.4734375 635.189321899414 0.6900809151785714 2121.4736450195314 219.7018051147461 2341.2717163085936 594.1728591918945 0.8383556547619048 
166 2386.08955078125 369.8421401977539 2626.09697265625 638.3251876831055 0.7083100818452381 2122.456677246094 223.08391876220702 2342.124621582031 597.3330429077148 0.8331938244047619 
167 2388.1887817382812 372.2330322265625 2627.7191772460938 636.12255859375 0.7130533854166666 2125.5482421875 218.58373107910157 2340.71982421875 596.1487518310547 0.8250558035714286 
168 2388.3538208007812 373.69410705566406 2627.4525756835938 637.1079559326172 0.7084030877976191 2122.6019775390623 220.3217758178711 2341.4380615234377 597.2062088012696 0.8221028645833334 
169 2388.784948730469 370.28932495117186 2624.168420410156 638.1396301269531 0.7116117931547619 2122.183154296875 216.22854309082032 2341.333447265625 601.7706634521485 0.8221028645833334 
170 2387.75302734375 369.9026382446289 2627.3275390625 637.901042175293 0.7185174851190477 2125.064697265625 219.81727294921876 2340.275634765625 597.4514038085938 0.8303338913690477 
171 2390.375390625 370.11617279052734 2621.4478515625 637.6736526489258 0.7032877604166666 2120.0113525390625 213.10545806884767 2342.9759521484375 598.2260543823243 0.8271251860119048 
172 2389.4354736328123 370.486637878418 2628.4951904296877 637.9093887329102 0.703125 2120.142724609375 217.1393280029297 2342.994970703125 598.0141754150391 0.82373046875 
173 2389.2893310546874 370.15354614257814 2624.0719970703126 637.3202087402344 0.7081938244047619 2123.3680419921875 212.9051025390625 2341.9591064453125 601.5111572265625 0.8240327380952381 
174 2387.6884643554686 369.3286499023437 2626.1150024414064 640.0844360351563 0.7054501488095238 2121.7508911132813 216.85365295410156 2348.0540405273437 596.7200164794922 0.8267996651785714 
175 2393.0836547851563 366.8671401977539 2627.7847534179687 633.940690612793 0.6999627976190477 2127.2552856445313 203.91492309570313 2345.7698608398437 588.3389831542969 0.8291713169642857 
176 2386.4395751953125 372.9093048095703 2620.9632568359375 639.2326019287109 0.7189825148809523 2130.971057128906 185.77973022460938 2353.569714355469 563.4022766113281 0.8128487723214286 
177 2389.442138671875 370.2166519165039 2628.266357421875 633.327995300293 0.7099376860119048 2142.21103515625 146.8055763244629 2364.84365234375 511.1135368347168 0.8048735119047619 
178 2381.7793823242187 359.4139923095703 2633.5626586914063 641.7165618896485 0.6911737351190477 2139.9734375 88.55609588623048 2376.497265625 454.78646392822264 0.8042224702380952 
179 2386.3106689453125 373.59122772216796 2611.8778076171875 631.9682510375976 0.7016834077380952 2132.507958984375 29.56177101135254 2370.378759765625 398.67180290222166 0.8386811755952381 
180 2391.9101806640624 373.3170913696289 2613.5531982421876 631.900651550293 0.71142578125 2116.2772216796875 0.0 2346.1290283203125 324.8524292230606 0.8080822172619048 
181 2386.720166015625 377.46817169189455 2616.806201171875 632.2064804077148 0.7030784970238095 2086.4701293945313 0.0 2316.5564819335937 241.88162155151366 0.7528599330357143 
182 2393.5068969726562 374.0600357055664 2620.0309448242188 629.4145431518555 0.7092401413690477 2061.799365234375 0.0 2280.086376953125 162.58469505310057 0.7455124627976191 
183 2404.547473144531 371.354914855957 2622.721813964844 626.5775497436523 0.6913829985119048 2014.2723815917968 0.0 2211.8639709472654 81.61711044311524 0.7025902157738095 
184 2400.8017700195314 371.6587188720703 2629.5754272460936 633.708773803711 0.6942661830357143 1984.2093139648437 0.0 2079.8783325195313 32.817403411865236 0.6520647321428571 
185 2394.1283935546876 369.5055923461914 2629.0913330078124 637.445915222168 0.6946614583333334 1901.5303833007813 0.0 2008.7064331054687 23.87838249206543 0.4966517857142857 
186 2400.6544555664063 366.0331329345703 2631.9595581054687 638.6428314208985 0.6894763764880952 1744.2305908203125 0.0 1744.2305908203125 21.93485221862793 0.36647832961309523 
187 2402.752734375 369.58945617675784 2630.24384765625 634.3064788818359 0.6920340401785714 1741.755615234375 412.701399230957 1741.755615234375 607.1030136108399 0.2778204055059524 
188 2392.2654418945312 367.8424041748047 2639.0512084960938 635.1935455322266 0.7009858630952381 1638.6201782226562 458.0140914916992 2576.4054565429688 601.9723892211914 0.24319893973214285 
189 2412.4885131835936 352.1266754150391 2614.4414184570314 614.1196014404297 0.6805710565476191 1453.5273315429688 0.0 1633.6474731445312 79.84716491699218 0.6866396949404762 
190 2416.6776489257813 359.0187957763672 2636.0364624023437 630.3308746337891 0.6899181547619048 1347.193096923828 0.0 1560.7791931152344 105.69055032730103 0.6652250744047619 
191 2391.9740356445313 375.07421722412107 2619.6038452148437 634.652375793457 0.7111235119047619 1644.2662109375 416.698876953125 2654.62392578125 608.3873046875 0.24886067708333334 
192 2378.2740966796873 345.1140853881836 2638.2429931640627 636.031575012207 0.7188662574404762 1146.0409790039062 0.0 1480.2866577148438 211.08253860473633 0.8454938616071429 
193 2384.8973754882813 339.23609466552733 2632.1604858398437 618.1993606567382 0.7042875744047619 1071.770770263672 0.0 1414.1346252441406 247.30503425598144 0.8211030505952381 
194 2406.1081787109374 347.1021499633789 2613.6022705078126 619.4382247924805 0.7257486979166666 1030.960711669922 0.0 1355.1702697753906 256.8222414255142 0.8680943080357143 
195 2411.901745605469 345.9627059936523 2609.790881347656 616.4112258911133 0.7193545386904762 976.6979309082031 0.0 1299.9169372558595 301.56447372436526 0.8714425223214286 
196 2392.2900390625 336.18995666503906 2628.15625 619.2291717529297 0.7177966889880952 913.5918212890625 0.0 1250.5431884765626 330.74689226150514 0.8470052083333334 
197 2375.9973266601564 334.40355377197267 2634.5034057617186 640.5291549682618 0.7865978422619048 877.5519165039062 28.53961944580078 1197.2830444335937 355.07357025146484 0.8626069568452381 
198 2386.5398071289064 334.36085357666013 2627.5834838867186 623.6131149291992 0.7427920386904762 842.2719818115235 58.61766014099121 1152.185110473633 396.07857551574705 0.8743722098214286 
199 2379.354772949219 341.2609832763672 2629.604455566406 633.2188140869141 0.7632998511904762 796.8470336914063 72.0287929534912 1137.4644897460937 426.54903450012205 0.8937174479166666 
200 2393.3673583984373 347.4055709838867 2638.9143798828127 628.0304946899414 0.7366071428571429 749.8226318359375 90.25595932006837 1114.6351318359375 448.0527717590332 0.8481677827380952 
201 2404.3178955078124 326.66424560546875 2657.4960693359376 636.1045532226562 0.7220052083333334 718.0846466064453 99.18236083984375 1097.8523040771483 457.8517578125 0.8342633928571429 
202 2384.1756958007813 346.9289245605469 2630.2517944335937 649.2511291503906 0.7716471354166666 722.4851013183594 107.88344345092773 1074.0225891113282 466.4516548156738 0.8306594122023809 
203 2397.380163574219 328.44795684814454 2650.200646972656 644.4735214233399 0.7571149553571429 700.565560913086 124.51688537597656 1051.705130004883 475.6564544677734 0.8504696800595238 
204 2440.4113037109373 349.6225051879883 2615.9309814453127 637.4746322631836 0.7210984002976191 684.1353393554688 117.66661376953125 1056.2368530273438 496.78895263671876 0.8611188616071429 
205 2393.5130004882812 356.1790176391602 2619.5673217773438 631.6828903198242 0.7443266369047619 677.1834869384766 134.47173843383788 1037.4578094482422 494.7460807800293 0.8630487351190477 
206 2402.2557373046875 355.50860900878905 2614.1309814453125 638.0089080810546 0.7482328869047619 655.1002532958985 135.4843505859375 1036.4756134033203 488.6097045898438 0.8377278645833334 
207 2393.086389160156 348.0003158569336 2620.256628417969 639.0622146606445 0.7603469122023809 650.2648071289062 151.95678024291993 1026.5154663085937 485.61305923461913 0.8589797247023809 
208 2390.881591796875 325.0555130004883 2632.841552734375 645.2968734741211 0.7362816220238095 613.1314178466797 149.05960693359376 1033.0034088134767 476.4174438476563 0.8152669270833334 
209 2416.919287109375 345.44129180908203 2616.338525390625 630.3258895874023 0.7279343377976191 605.4368927001954 154.23992691040038 1025.6416595458984 481.8571647644043 0.85302734375 
210 2394.978466796875 335.54345855712893 2624.023486328125 636.165007019043 0.74951171875 593.4515777587891 156.05146560668945 1022.9109100341797 485.30362167358396 0.8388671875 
211 2390.443225097656 350.75236053466796 2620.214733886719 637.9667861938476 0.7462332589285714 568.0123413085937 147.76910018920898 1034.7358276367188 470.8853340148926 0.8155459449404762 
212 2391.8477294921877 323.7534210205078 2638.4408447265623 635.6211517333984 0.7621372767857143 530.1256927490234 144.38761672973632 1052.3228546142577 463.5081199645996 0.8316824776785714 
213 2396.626354980469 341.1722244262695 2620.909045410156 637.8044296264649 0.7394670758928571 591.232534790039 133.5853256225586 1075.9729705810546 444.68740997314455 0.8372628348214286 
214 2394.716516113281 338.4603042602539 2622.426306152344 644.4453048706055 0.7488839285714286 687.4405029296875 126.3508056640625 1100.1644775390625 467.9154907226563 0.8613048735119048 
215 2387.256628417969 351.1373779296875 2626.290002441406 637.977490234375 0.7382114955357143 776.5388397216797 109.73983840942384 1179.4809967041015 485.36384506225585 0.9041806175595238 
216 2374.3339111328123 325.79287872314455 2627.7520263671877 636.2302841186523 0.7629045758928571 963.4763916015625 86.26387786865234 1280.2491943359375 529.7458572387695 0.9036225818452381 
217 2378.2184326171873 346.5161499023437 2623.0037353515627 637.9272094726563 0.7314220610119048 1148.6877563476562 51.96678810119629 1480.8964721679688 564.850281906128 0.8868582589285714 
218 2390.955187988281 337.0077728271484 2617.419567871094 638.9603057861328 0.6918712797619048 1304.672833251953 42.52115020751953 1671.3294860839844 560.1539901733398 0.8649321056547619 
219 2390.1594116210936 351.2365493774414 2604.0713012695314 636.452018737793 0.6763625372023809 1427.75322265625 36.441750335693364 1799.551953125 571.2207405090332 0.8279622395833334 
220 2386.1735717773436 352.8919082641602 2613.8535278320314 629.0146774291992 0.6974051339285714 1515.8837646484376 29.44451065063477 1922.8015380859374 557.4686820983886 0.8332403273809523 
221 2373.0522216796876 346.2591064453125 2606.8598876953124 645.5330078125 0.7058919270833334 1581.8829711914063 14.07231597900391 1970.0037475585937 542.4777633666993 0.8420061383928571 
222 2398.176708984375 351.8009750366211 2596.321337890625 642.1059158325195 0.6525995163690477 1615.345770263672 32.96175270080567 1993.2031799316405 567.4915477752686 0.8486328125 
223 2388.4081909179686 358.2927780151367 2591.3068969726564 644.1957778930664 0.6521112351190477 1629.665460205078 53.94437713623047 1952.4591735839845 579.6370742797851 0.8470982142857143 
224 2408.0586181640624 350.42310638427733 2595.4115966796876 631.4525344848632 0.6289527529761905 1629.2828430175782 63.44877548217774 1914.9960876464843 583.3533027648925 0.8358677455357143 
225 2395.3291870117187 353.27140350341796 2602.8121704101563 636.2027481079101 0.6554594494047619 1629.6008544921874 81.58476486206055 1903.1010498046876 581.4301429748535 0.8246372767857143 
226 2410.127307128906 363.53065490722656 2599.699108886719 628.9313201904297 0.6478097098214286 1633.2470153808595 126.56578979492187 1889.169122314453 581.5383361816406 0.8036644345238095 
227 2429.522509765625 377.1070220947266 2587.367138671875 625.8317596435547 0.6417178199404762 1631.65341796875 146.9630500793457 1880.378076171875 572.6649864196777 0.8248465401785714 
228 2408.5173461914064 373.03916320800784 2601.2807495117186 628.4505218505859 0.6603422619047619 1635.610821533203 139.12831420898436 1876.5648376464844 558.3884704589843 0.8296828497023809 
229 2409.5528198242187 383.15795440673827 2590.1915649414063 627.264256286621 0.6497395833333334 1632.3557250976562 138.6760581970215 1876.4621459960938 548.7747016906739 0.8332868303571429 
230 2406.4424560546877 389.42625885009767 2591.8251220703123 633.3511764526368 0.6677594866071429 1633.575732421875 128.426668548584 1882.3791015625 552.8559394836426 0.8211728050595238 
231 2412.227673339844 377.875422668457 2608.618762207031 633.1837509155273 0.6632254464285714 1636.105401611328 128.42099227905274 1881.5941833496095 516.2933174133301 0.8121977306547619 
232 2412.5453979492186 371.13366851806643 2620.3317993164064 628.392790222168 0.6751767113095238 1631.634698486328 100.17436141967774 1878.9992126464845 495.95761184692384 0.8156389508928571 
233 2412.2738525390623 375.00982666015625 2620.6489990234377 628.0369262695312 0.6675734747023809 1629.1492431640625 81.52895088195801 1877.2150146484375 463.55023460388185 0.8431919642857143 
234 2391.8031616210938 376.22593841552737 2626.6140747070312 626.0245803833008 0.6661086309523809 1638.5641662597657 49.37395477294922 1873.3749206542968 434.0639419555664 0.8566545758928571 
235 2401.511828613281 367.7361083984375 2632.172009277344 628.482275390625 0.6721540178571429 1648.7809265136718 4.967231941223147 1884.4552795410157 401.10081844329835 0.8329380580357143 
236 2399.8596801757812 371.91871948242186 2635.0863647460938 637.1744201660156 0.6729213169642857 1676.662744140625 0.0 1906.884619140625 342.4672859430313 0.8191034226190477 
237 2400.1014404296875 370.92687530517577 2632.6192626953125 638.0751693725585 0.6871512276785714 1701.9767150878906 0.0 1949.3361511230469 273.3149908065796 0.8169177827380952 
238 2409.0229370117186 381.17937927246095 2618.6818969726564 639.5961944580079 0.6900809151785714 1739.5397399902345 0.0 1997.956475830078 212.0270538330078 0.7999441964285714 
239 2375.7707763671874 382.8869995117187 2646.7541259765626 644.5259643554688 0.6878952752976191 1813.3189208984375 0.0 2037.5809814453125 122.8653118133545 0.6919410342261905 
240 2400.3874267578126 383.8443832397461 2634.7854248046874 639.945930480957 0.6821521577380952 1955.632421875 0.0 2051.12783203125 43.26610050201416 0.6102701822916666 
241 2399.3715942382814 380.98070526123047 2633.2741577148436 640.8725967407227 0.6776878720238095 1736.1473205566406 0.0 2087.0014831542967 10.468110275268554 0.36428106398809523 
242 2392.8326049804687 385.79898529052736 2636.1417602539063 637.7977249145508 0.6833379836309523 1775.870361328125 425.90489807128904 1775.870361328125 591.0075164794922 0.24422200520833334 
243 2397.686071777344 387.0842086791992 2644.660363769531 638.3915298461914 0.68310546875 1738.0875610351563 0.0 2097.7168823242187 677.5541283607483 0.22431873139880953 
244 2393.321826171875 388.16462860107424 2641.017529296875 644.5513442993164 0.6700846354166666 1989.1867553710938 0.0 2176.0449340820314 67.43051929473877 0.613525390625 
245 2406.354541015625 411.08798065185545 2640.828076171875 625.4636856079102 0.6440313430059523 2404.42197265625 427.3207473754883 2588.65126953125 634.9972152709961 0.6302780877976191 
246 2402.6402587890625 393.22403411865236 2634.9993896484375 647.9252883911133 0.6588309151785714 2053.58623046875 0.0 2183.17109375 98.13501052856445 0.6039109002976191 
247 2387.8816650390627 386.22186889648435 2652.7052490234373 646.6317687988281 0.6818498883928571 2061.9451293945312 0.0 2238.4940795898438 100.68771896362304 0.6232096354166666 
248 2394.2539794921877 385.28447875976565 2651.7079345703123 647.1771911621094 0.6841052827380952 2080.8021850585938 0.0 2213.9680786132812 101.1974365234375 0.6358816964285714 
249 2387.629248046875 392.27185211181643 2659.741845703125 651.0020431518554 0.6999627976190477 2085.6629150390627 0.0 2179.3409912109373 52.2166748046875 0.49897693452380953 
250 2397.428332519531 395.1544494628906 2651.962048339844 645.2227478027344 0.6772693452380952 2124.517236328125 0.0 2213.827490234375 49.593101024627686 0.5614536830357143 
251 2389.1426513671877 391.6534057617188 2670.3114501953123 654.9703735351562 0.6933361235119048 1772.7337646484375 430.44718780517576 1772.7337646484375 595.5781723022461 0.259033203125 
252 2392.9962524414063 397.5766372680664 2652.0660034179687 643.246208190918 0.6764787946428571 1654.4412963867187 470.2467346191406 2686.253771972656 622.1152038574219 0.24928501674107142 
253 2392.3418701171877 392.5122802734375 2656.5306884765623 643.26787109375 0.6832682291666666 1652.4750427246095 471.73449859619143 2686.841973876953 632.934538269043 0.2370547340029762 
254 2397.579479980469 389.4948257446289 2667.133654785156 641.0785079956055 0.6831752232142857 1772.076171875 386.73018646240234 1772.076171875 602.3733596801758 0.25704520089285715 
255 2387.3251342773438 393.53257904052737 2665.5921020507812 644.8705276489258 0.6781063988095238 1689.585955810547 450.32528228759764 2389.741802978516 598.4351852416992 0.22403971354166666 
256 2387.1422607421873 392.9940643310547 2665.6526611328127 649.0438385009766 0.7000093005952381 2177.2228881835936 0.0 2298.5097778320314 539.5056732177734 0.29613676525297616 
257 2385.3911010742186 393.1506820678711 2668.8669555664064 649.628645324707 0.6956612723214286 2213.88681640625 0.0 2303.87880859375 48.93021249771118 0.45675223214285715 
258 2404.262658691406 402.3201843261719 2656.569616699219 641.1106018066406 0.6731538318452381 2217.9786376953125 0.0 2312.5936279296875 50.546248245239255 0.48270089285714285 
259 2398.01640625 395.07771453857424 2660.12763671875 643.6314224243164 0.6994977678571429 2229.0692749023438 0.0 2328.4910278320312 57.878930282592776 0.37856910342261907 
260 2394.0952880859377 390.4301696777344 2665.2347900390623 648.0128234863281 0.6985444568452381 2241.665966796875 0.0 2327.526904296875 567.8875830650329 0.31742931547619047 
261 2391.517468261719 389.33130340576173 2667.749377441406 656.506495666504 0.6975911458333334 2227.2760986328126 0.0 2326.9006591796874 59.281115150451654 0.5679175967261905 
262 2399.343994140625 394.2850112915039 2672.401123046875 653.689323425293 0.6837565104166666 2240.760534667969 0.0 2340.881799316406 91.29653244018554 0.6336495535714286 
263 2405.1326416015627 395.3910934448242 2664.7511474609373 645.9001968383789 0.6780366443452381 2230.827429199219 0.0 2331.031213378906 73.93362197875976 0.5654761904761905 
264 2394.2916259765625 393.84131774902346 2671.1732177734375 657.1055206298828 0.6861049107142857 2235.949072265625 0.0 2372.120263671875 96.88352470397949 0.6266043526785714 
265 2403.1445190429686 395.24865264892577 2666.8347290039064 649.846043395996 0.6638997395833334 2240.873681640625 0.0 2395.450537109375 122.81545791625976 0.6612723214285714 
266 2402.5146728515624 399.1536102294922 2666.5092529296876 654.0449371337891 0.6759672619047619 2233.053747558594 0.0 2387.809289550781 81.41473178863525 0.6083519345238095 
267 2411.4340942382814 395.34219818115236 2670.7463256835936 645.5556594848633 0.6589704241071429 2218.9623779296876 0.0 2387.2876220703124 116.43298301696777 0.6404622395833334 
268 2416.246936035156 390.3790756225586 2671.294812011719 645.427229309082 0.6659691220238095 2230.7413696289063 0.0 2362.8199096679687 93.29003143310547 0.5648484002976191 
269 2411.4468017578124 391.03344268798827 2680.2909912109376 641.6508529663085 0.6727818080357143 2227.4269409179688 0.0 2359.5708618164062 126.92121295928955 0.5036388578869048 
270 2406.938513183594 395.79748382568357 2670.905480957031 637.0086990356446 0.6579706101190477 2225.9426147460936 0.0 2389.7841918945314 108.02443256378174 0.5909830729166666 
271 2395.94990234375 387.3797332763672 2690.92802734375 641.5147369384765 0.6663178943452381 2217.915673828125 0.0 2422.131201171875 161.6953254699707 0.6256045386904762 
272 2409.2833618164063 388.0379379272461 2686.4248901367187 642.4630691528321 0.6541573660714286 2213.0473876953124 0.0 2403.8661865234376 194.9474334716797 0.6176292782738095 
273 2409.810546875 387.2366775512695 2686.8857421875 646.1431747436524 0.6472749255952381 2209.6034912109376 0.0 2404.9189697265624 187.2043071746826 0.5963541666666666 
274 2399.7283935546875 387.09327239990233 2686.6837158203125 651.2744338989257 0.6519717261904762 2195.2859130859374 0.0 2432.1379150390626 230.47661590576172 0.6331845238095238 
275 2402.8290161132813 390.1747589111328 2681.1194702148437 654.7787933349609 0.6522507440476191 2202.621435546875 0.0 2421.604150390625 229.97355880737305 0.6284412202380952 
276 2403.0732666015624 383.1100875854492 2685.1967529296876 647.0317886352539 0.6535993303571429 2203.907080078125 0.0 2422.324853515625 257.6247325897217 0.6585984002976191 
277 2418.9138671875 391.63206176757814 2669.1232421875 632.7431823730469 0.6476004464285714 2217.1712646484375 0.0 2426.4376220703125 223.13423538208008 0.6548084077380952 
278 2397.6925659179688 380.3459869384766 2692.8823852539062 648.2876190185547 0.6616908482142857 2244.6828491210936 0.0 2412.7138793945314 250.91653785705566 0.6335332961309523 
279 2397.557165527344 376.19444732666017 2688.749230957031 649.1868698120118 0.6683175223214286 2258.7861572265624 0.0 2418.0317138671876 275.74723224639894 0.6438220796130952 
280 2392.48623046875 377.6344589233398 2682.2427734375 635.6987014770508 0.6549246651785714 2242.558154296875 0.0 2473.457958984375 276.28937950134275 0.6470656622023809 
281 2394.7942626953127 380.559504699707 2685.5861083984373 644.0896347045898 0.6568545386904762 2243.281872558594 0.0 2484.093859863281 274.48339195251464 0.6594819568452381 
282 2403.312451171875 386.54378814697264 2667.529833984375 632.5393112182617 0.6513206845238095 2249.1271484375 0.0 2513.34453125 281.06705436706545 0.6866629464285714 
283 2400.1987060546876 385.5880874633789 2678.1733642578124 645.3348556518555 0.6487165178571429 2256.6542114257813 0.0 2502.7303100585937 257.46735458374025 0.6627139136904762 
284 2400.217175292969 382.4599670410156 2674.189318847656 642.7333923339844 0.6512974330357143 2259.367395019531 0.0 2505.942419433594 277.78855895996094 0.6690150669642857 
285 2403.441015625 380.12471771240234 2672.44326171875 630.8894729614258 0.6476236979166666 2263.6792724609377 0.0 2528.1219970703123 294.3737056732178 0.7008231026785714 
286 2388.715295410156 382.50847778320315 2675.394812011719 646.4356140136719 0.6693638392857143 2262.35244140625 0.0 2521.7291015625 285.89855270385743 0.6828031994047619 
287 2387.185192871094 379.60101318359375 2677.794543457031 638.4251098632812 0.6606677827380952 2268.6010131835938 0.0 2527.4251098632812 288.2616386413574 0.6785249255952381 
288 2394.7683349609374 390.9611282348633 2644.1696533203126 640.3623275756836 0.6513439360119048 2273.2071044921877 0.0 2518.0736572265623 270.6206527709961 0.6750837053571429 
289 2393.4889282226563 388.21800384521487 2652.0572143554687 637.7135452270508 0.6522042410714286 2275.37099609375 0.0 2529.4029296875 295.39864311218264 0.6817568824404762 
290 2382.6478759765623 383.7270004272461 2677.1924560546877 637.4884841918945 0.6579706101190477 2278.7728759765623 0.0 2537.0659912109377 300.5922454833984 0.6844773065476191 
291 2394.8496704101562 388.6738479614258 2658.0695190429688 633.7405502319336 0.6434616815476191 2285.23310546875 0.0 2530.299609375 302.7957878112793 0.6810593377976191 
292 2399.589501953125 387.98187561035155 2658.172705078125 637.4918182373046 0.6444847470238095 2287.048291015625 0.0 2522.948779296875 293.06341590881345 0.6796642485119048 
293 2394.728381347656 384.80543823242186 2677.490124511719 635.6424377441406 0.6446242559523809 2288.2542358398437 0.0 2520.8485473632813 287.1017831802368 0.6756882440476191 
294 2387.2120971679688 384.25699310302736 2688.1655883789062 644.1712600708008 0.6675269717261905 2287.245007324219 0.0 2542.599475097656 304.6341293334961 0.6804547991071429 
295 2402.3856567382813 389.1378707885742 2680.9934936523437 635.7742691040039 0.6398344494047619 2296.8096557617187 0.0 2516.0421508789063 278.1163791656494 0.6305106026785714 
296 2382.657507324219 384.89213104248046 2682.894982910156 644.1879776000976 0.6809430803571429 2296.050634765625 0.0 2528.052392578125 286.737646484375 0.6750372023809523 
297 2381.3159057617186 389.41620178222655 2677.0808227539064 648.7792938232421 0.6900576636904762 2297.6616333007814 0.0 2529.7233764648436 282.6608039855957 0.6794549851190477 
298 2385.2293334960937 390.43224182128904 2677.1361450195313 650.4116912841797 0.6815476190476191 2291.2017578125 0.0 2546.62001953125 294.6503364562988 0.6789667038690477 
299 2390.2744750976562 390.0641204833984 2672.5499877929688 640.4698760986328 0.6446242559523809 2297.9920288085937 0.0 2530.1864379882813 292.35334434509275 0.6767345610119048 
