0 1787.7973510742188 519.6445159912109 1958.8022583007812 664.8372344970703 0.8043387276785714 1833.5889038085938 717.9505310058594 1994.9142700195312 908.3143615722656 0.8491443452380952 
1 1788.6420837402343 517.6351867675781 1959.3538879394532 665.8001159667969 0.8053152901785714 1833.9835266113282 712.008755493164 1998.2534118652343 914.9303924560547 0.8508184523809523 
2 1782.4429443359375 518.9901245117187 1959.1420166015625 663.5621215820313 0.8111746651785714 1832.9813049316406 721.3909423828125 2000.042254638672 910.9408447265625 0.8610956101190477 
3 1782.1992797851562 518.4651153564453 1955.3300170898438 662.740756225586 0.8002697172619048 1835.100341796875 716.1350830078125 1998.61279296875 921.327197265625 0.8592122395833334 
4 1780.8990661621094 519.4894775390625 1953.298077392578 659.96279296875 0.8059430803571429 1832.471453857422 715.9556182861328 2004.8704650878906 920.280404663086 0.8667224702380952 
5 1783.1916381835938 521.0386444091797 1952.8127563476562 658.6557525634765 0.7995721726190477 1834.8903686523438 720.448095703125 2004.5114868164062 922.07314453125 0.8564453125 
6 1780.5327026367188 519.8392181396484 1953.5212524414062 657.5893096923828 0.8031761532738095 1834.0063232421876 719.0716613769531 2013.4018798828124 924.0950866699219 0.8487490699404762 
7 1781.245782470703 522.4170776367188 1955.5709899902345 658.0033325195312 0.8083147321428571 1831.1593933105469 721.0783081054688 2024.8541564941406 921.2294311523438 0.8645600818452381 
8 1779.928485107422 522.8383178710938 1953.8985412597656 654.9266967773438 0.8067336309523809 1829.3686096191407 725.3077026367188 2025.8903015136718 928.2727416992187 0.8554222470238095 
9 1780.1377868652344 519.574951171875 1957.4397277832031 661.41650390625 0.8069893973214286 1821.7975830078126 730.3534790039063 2024.8889404296874 936.6684936523437 0.8377976190476191 
10 1779.8578308105468 519.6167633056641 1957.4606506347657 661.6989715576171 0.8074311755952381 1818.3592041015625 735.3482177734375 2028.2533447265625 945.2423583984375 0.8337286086309523 
11 1779.8704650878906 523.730599975586 1953.821795654297 659.0260528564453 0.8051990327380952 1809.729638671875 739.9308197021485 2025.558203125 955.7593048095703 0.8619094122023809 
12 1782.8114929199219 521.4708770751953 1960.2911682128906 666.681527709961 0.8106863839285714 1798.8218811035156 751.2015960693359 2031.158953857422 970.6311065673829 0.8312406994047619 
13 1782.730224609375 524.3346984863281 1949.9052734375 659.3606140136719 0.8013625372023809 1795.0952880859375 767.3071533203125 2026.5682861328125 982.7056640625 0.8518880208333334 
14 1777.6788818359375 526.2684356689454 1947.4951904296875 655.2030609130859 0.7857375372023809 1791.22548828125 792.604281616211 2011.357763671875 1003.3022735595703 0.8653971354166666 
15 1780.0788024902345 525.7786010742187 1950.012384033203 657.9491821289063 0.7902018229166666 1791.577166748047 824.4936889648437 2008.7144592285156 1032.1902709960937 0.8702101934523809 
16 1776.5717651367188 522.7865631103516 1956.9331176757812 664.4990203857421 0.7858537946428571 1801.9659912109375 877.0677673339844 2062.8457763671877 1083.195050048828 0.8653506324404762 
17 1776.68623046875 522.4666564941406 1955.454638671875 670.8781921386719 0.7702752976190477 1823.9079956054688 944.0903747558593 2110.612268066406 1126.2317687988282 0.8653506324404762 
18 1775.534356689453 524.5121215820312 1955.3439392089845 665.5392700195313 0.7873651413690477 1877.1010803222657 1044.0072204589844 2187.360711669922 1195.611309814453 0.9034365699404762 
19 1771.8692565917968 531.7461212158203 1957.9201721191407 654.5397064208985 0.7688337053571429 1912.8386108398438 1145.2848083496094 2266.3354614257814 1309.009747314453 0.9025762648809523 
20 1773.9102294921875 530.4796661376953 1962.7777587890625 669.2395111083985 0.7884347098214286 1945.1362609863281 1232.7288757324218 2345.9978942871094 1452.4318908691407 0.9187360491071429 
21 1784.3294982910156 527.891162109375 1959.2780456542969 659.1026123046875 0.7886672247023809 2001.638818359375 1323.7236572265624 2387.321142578125 1582.1703857421876 0.9733072916666666 
22 1786.0415344238281 516.6373413085937 1961.2059020996094 659.2130004882813 0.7882021949404762 2051.2951049804688 1409.380682373047 2426.0654907226562 1690.4585510253905 0.9779808407738095 
23 1789.5880187988282 514.1285095214844 1964.3251892089843 672.2240295410156 0.7857142857142857 2097.1381713867186 1484.9438720703124 2463.2541625976564 1772.0121826171876 0.9835844494047619 
24 1791.477716064453 523.2905792236328 1955.8624938964845 662.3852630615235 0.7715541294642857 2125.272705078125 1531.1599914550782 2487.761962890625 1843.0693786621093 0.9884905133928571 
25 1787.901385498047 530.9628936767579 1949.7474182128906 662.9951751708984 0.7820870535714286 2150.9082153320314 1565.5977661132813 2517.1911499023436 1902.0670288085937 0.9912341889880952 
26 1790.180810546875 527.6633728027343 1958.29404296875 656.9811584472657 0.7967587425595238 2174.6526489257812 1594.700994873047 2545.3637084960938 1930.9273010253905 0.9996744791666666 
27 1789.4785461425781 528.4127685546875 1963.0242614746094 667.2493408203125 0.7945963541666666 2191.8041015625 1613.4073059082032 2551.91171875 1951.8213317871093 0.9918387276785714 
28 1794.7647338867187 527.9198425292968 1959.8644165039063 666.9511291503907 0.7999209449404762 2202.8348999023438 1622.122625732422 2567.7918090820312 1952.3218322753905 0.9975120907738095 
29 1787.2537719726563 532.1057769775391 1953.3487670898437 663.2335174560546 0.7904110863095238 2214.595654296875 1626.685809326172 2581.752978515625 1945.7632873535156 0.9925595238095238 
30 1784.720947265625 527.3943939208984 1951.029541015625 663.0672149658203 0.7721819196428571 2221.7020874023438 1628.7684265136718 2598.0847778320312 1935.1264709472657 0.9806082589285714 
31 1784.7163330078124 523.2983673095703 1956.2985595703126 668.4833099365235 0.7690662202380952 2232.285290527344 1630.122003173828 2601.846789550781 1920.4918884277345 0.9640764508928571 
32 1793.826885986328 524.4244171142578 1955.5621520996094 673.0459808349609 0.7668340773809523 2235.9929443359374 1630.84794921875 2616.2892822265626 1923.719921875 0.9564267113095238 
33 1790.5204345703125 524.6186798095703 1955.6013916015625 676.667025756836 0.7729957217261905 2257.3588256835938 1636.2420959472656 2604.8977661132812 1914.2734069824219 0.9593331473214286 
34 1785.5719299316406 522.1662048339844 1962.7072448730469 681.5880676269531 0.7664620535714286 2263.49658203125 1639.3110229492188 2608.91064453125 1918.2990844726562 0.9236188616071429 
35 1784.5778259277345 524.4881927490235 1965.369073486328 678.8221710205078 0.7671130952380952 2264.3697875976563 1643.1548950195313 2608.3140502929687 1920.9559448242187 0.9236188616071429 
36 1780.8182434082032 529.9466064453125 1959.0339294433593 677.7352783203125 0.7510463169642857 2269.1559204101563 1649.8968383789063 2590.8135620117187 1915.0470092773437 0.9194800967261905 
37 1782.1078247070313 532.3412139892578 1957.7788940429687 672.8780853271485 0.7502557663690477 2273.986767578125 1656.636163330078 2607.761767578125 1920.1427673339845 0.9105050223214286 
38 1784.266668701172 525.0606323242188 1961.1890197753905 680.4071411132812 0.7572777157738095 2278.5208740234375 1663.106463623047 2602.1593017578125 1909.0716369628906 0.8915783110119048 
39 1778.8197692871095 531.802685546875 1955.757989501953 674.2164794921875 0.7499534970238095 2284.5711669921875 1671.2787963867188 2595.2921142578125 1921.5817993164062 0.9213402157738095 
40 1777.105615234375 536.0271942138672 1954.835546875 666.073452758789 0.7560453869047619 2281.28486328125 1680.100518798828 2597.73076171875 1922.8534606933595 0.9227818080357143 
41 1779.572283935547 536.7269775390625 1952.8599670410156 666.6927001953125 0.7618582589285714 2275.2747802734375 1675.7597229003907 2600.1890869140625 1927.0267761230468 0.9408714657738095 
42 1784.1056091308594 531.4880889892578 1952.730938720703 665.5236907958985 0.7553478422619048 2277.0108154296877 1679.77080078125 2583.9955322265623 1921.899609375 0.9320591517857143 
43 1784.0964294433593 536.4085083007812 1952.2279113769532 665.7404174804688 0.7553245907738095 2271.74384765625 1678.0109619140626 2582.1404296875 1915.1194091796874 0.9158063616071429 
44 1785.5860412597656 539.4944854736328 1949.044696044922 664.2393402099609 0.7517438616071429 2271.6608032226563 1679.0734008789063 2581.3721557617187 1907.0555053710937 0.8865327380952381 
45 1783.7840148925782 540.2629180908203 1951.2207458496093 660.4739593505859 0.7455589657738095 2267.93037109375 1677.6437194824218 2589.92412109375 1900.8925354003907 0.8779296875 
46 1783.7364990234375 540.3966339111328 1950.7630126953125 660.3131439208985 0.7396763392857143 2260.9316528320314 1667.414288330078 2603.5505249023436 1898.6817810058594 0.9100167410714286 
47 1784.5009704589843 535.790316772461 1951.5723937988282 664.3067901611328 0.7443266369047619 2261.8243896484373 1651.741796875 2604.5349853515627 1904.490869140625 0.9501023065476191 
48 1777.5279113769532 544.328726196289 1947.9385192871093 667.8764129638672 0.7385370163690477 2254.5137451171877 1638.5613037109374 2608.1156494140623 1906.9579833984376 0.9548921130952381 
49 1780.4441955566406 531.4580535888672 1960.371844482422 677.9107818603516 0.7628580729166666 2247.4836547851564 1629.209979248047 2619.8920776367186 1913.7466857910156 0.9851422991071429 
50 1773.4265625 531.3132110595703 1954.322705078125 674.3472503662109 0.7542782738095238 2233.7568481445314 1610.8643371582032 2603.9626342773436 1905.3462341308593 0.9845145089285714 
51 1781.9549865722656 529.6509094238281 1952.7204284667969 679.5912780761719 0.7533482142857143 2219.2810546875 1604.0633544921875 2598.2970703125 1883.1190185546875 0.9788643973214286 
52 1785.613018798828 527.1066284179688 1959.4659606933594 680.2628784179688 0.75244140625 2210.693151855469 1585.8268432617188 2591.514123535156 1863.1638793945312 0.9995814732142857 
53 1778.8849975585938 521.020150756836 1961.0205200195312 682.4584259033203 0.7659272693452381 2206.6807495117187 1572.5981872558593 2599.9278930664063 1837.5225402832032 0.9863978794642857 
54 1774.9582214355469 525.435791015625 1953.5423889160156 683.25439453125 0.7440476190476191 2216.6266967773436 1560.841162109375 2582.1015747070314 1826.641015625 0.9837937127976191 
55 1779.5571411132812 519.7332611083984 1958.7682983398438 686.4413604736328 0.7502325148809523 2215.40263671875 1554.2851196289062 2590.49580078125 1812.6826538085938 0.9859793526785714 
56 1784.0618225097655 516.7620544433594 1963.271551513672 691.8042297363281 0.7697870163690477 2216.2172241210938 1548.1004150390625 2595.4754028320312 1814.8314697265625 0.9865373883928571 
57 1783.5665100097656 520.2717803955078 1965.042987060547 684.866586303711 0.7566499255952381 2218.4281005859375 1553.9402221679688 2598.2623291015625 1819.8241821289062 0.9911179315476191 
58 1777.4989501953125 525.4852844238281 1961.0769775390625 683.4478210449219 0.7499767485119048 2235.7871704101562 1564.5569580078125 2602.9435424804688 1824.9816162109375 0.9652855282738095 
59 1778.4567993164062 525.27001953125 1958.1186401367188 683.02197265625 0.7551385788690477 2241.4316528320314 1568.6912963867187 2644.5754272460936 1827.2291137695313 0.9494512648809523 
60 1780.7459655761718 524.5427093505859 1962.3376525878907 688.4181671142578 0.7661830357142857 2247.1608154296873 1569.4619079589843 2667.9221923828127 1830.7769836425782 0.9334077380952381 
61 1773.4989990234376 526.9780029296875 1955.4812255859374 682.3286376953125 0.7358165922619048 2256.110217285156 1569.7049499511718 2664.460339355469 1831.5817932128907 0.9295944940476191 
62 1779.6663879394532 526.2788787841797 1958.0407653808593 686.815786743164 0.7469773065476191 2258.0182250976563 1570.454443359375 2690.5757690429687 1838.015771484375 0.9226888020833334 
63 1771.6815856933595 528.7141082763671 1964.155694580078 694.3313629150391 0.7430478050595238 2277.657861328125 1582.845556640625 2680.510595703125 1833.509423828125 0.9092261904761905 
64 1781.9947509765625 527.6766357421875 1968.8157958984375 687.8089599609375 0.7447684151785714 2293.3572387695312 1583.933856201172 2644.7587280273438 1841.9246643066406 0.8860444568452381 
65 1769.7990478515626 541.7668487548829 1951.3559814453124 683.4697845458984 0.7293294270833334 2300.8444091796873 1587.3368530273438 2632.9607666015627 1848.6016235351562 0.9182477678571429 
66 1775.6314331054687 536.808984375 1961.4974731445313 682.8466552734375 0.7441173735119048 2314.1664184570313 1585.62470703125 2641.6448608398437 1846.722216796875 0.9136904761904762 
67 1765.7576782226563 542.258837890625 1955.2279174804687 683.2599609375 0.7414899553571429 2336.0326171875 1587.056689453125 2635.659765625 1838.2150390625 0.9178059895833334 
68 1767.6082458496094 535.2676971435546 1957.1389465332031 689.5369293212891 0.7542085193452381 2322.4689453125 1577.517352294922 2639.82255859375 1837.5711486816406 0.91015625 
69 1766.745263671875 536.5248474121094 1964.371923828125 685.8428283691406 0.7652297247023809 2328.8834228515625 1581.7506103515625 2631.9110107421875 1836.4693603515625 0.9289667038690477 
70 1770.963330078125 524.8843322753906 1964.036181640625 687.2410339355469 0.7662992931547619 2325.37275390625 1574.6335083007812 2628.14580078125 1824.7505249023438 0.9291527157738095 
71 1775.1851440429687 521.7448944091797 1963.2252563476563 692.2930084228516 0.7693917410714286 2312.7312255859374 1576.653857421875 2623.2160400390626 1817.170361328125 0.9342680431547619 
72 1774.6966247558594 529.4414306640625 1962.0119934082031 690.6198486328125 0.7580915178571429 2303.468896484375 1579.7815185546874 2612.757177734375 1815.0148681640626 0.9431733630952381 
73 1771.4731506347657 531.1767669677735 1958.3882995605468 687.6638702392578 0.7735537574404762 2288.0813232421874 1578.7712707519531 2605.4025634765626 1813.5020446777344 0.9417085193452381 
74 1777.643817138672 526.3181640625 1959.5738342285156 690.9214599609375 0.7747628348214286 2281.4500244140627 1577.9135803222657 2601.9933349609373 1811.8236022949218 0.9412434895833334 
75 1780.4077514648438 529.1776306152344 1955.9264770507812 679.0107238769531 0.7541852678571429 2267.9414184570314 1577.3506408691405 2584.7316772460936 1804.240789794922 0.9482886904761905 
76 1777.4525756835938 524.1499206542969 1960.9172973632812 686.2815979003906 0.7651832217261905 2254.001611328125 1579.6468505859375 2573.998388671875 1810.0445556640625 0.9496837797619048 
77 1775.407958984375 526.9896759033203 1962.0703125 688.1980072021485 0.7560686383928571 2242.2270385742186 1579.7391784667968 2568.8859985351564 1808.8246643066407 0.9598679315476191 
78 1777.3852172851562 523.4690246582031 1964.2414916992188 680.5981140136719 0.7658342633928571 2236.8490600585938 1583.3556335449218 2546.8606567382812 1812.6791564941407 0.9698660714285714 
79 1771.8179931640625 529.3157318115234 1962.4381103515625 686.0478546142579 0.76708984375 2223.6039794921876 1579.5187866210938 2537.0683837890624 1812.4990356445312 0.9639369419642857 
80 1778.6502380371094 528.8741241455078 1960.2051086425781 676.6514495849609 0.7723679315476191 2204.28134765625 1570.94775390625 2525.1693359375 1807.3916015625 0.9599144345238095 
81 1775.6974304199218 529.82041015625 1959.6764709472657 684.529931640625 0.7816452752976191 2194.957165527344 1573.3863708496094 2508.557727050781 1799.178692626953 0.9547991071428571 
82 1780.831591796875 524.741323852539 1959.141064453125 686.4638153076172 0.7705078125 2176.5253051757813 1559.1907836914063 2491.6765991210937 1795.5543334960937 0.9563104538690477 
83 1781.6054382324219 535.2222412109375 1954.0292053222656 674.8033935546875 0.771484375 2160.716516113281 1547.9749816894532 2468.616247558594 1777.8732849121093 0.9566127232142857 
84 1782.7507751464843 533.6131164550782 1949.1214172363282 679.6947448730468 0.7792038690476191 2140.4634399414062 1522.6295166015625 2452.9157104492188 1753.9254150390625 0.9699590773809523 
85 1783.5386169433593 535.9459289550781 1947.3479797363282 671.7878356933594 0.7671130952380952 2112.8475952148438 1496.0594848632813 2432.4758911132812 1727.7898803710937 0.96337890625 
86 1787.8815612792969 531.4258544921875 1959.8102111816406 679.9095947265625 0.7877139136904762 2084.6988159179687 1469.218194580078 2393.3888305664063 1695.8512634277345 0.97412109375 
87 1776.7262390136718 533.1581420898438 1948.1369201660157 670.2865600585938 0.7798084077380952 2051.4225830078126 1440.1690185546875 2356.1526123046874 1664.9071533203125 0.9909784226190477 
88 1780.018731689453 533.4458740234375 1947.6154235839845 670.5704833984375 0.7789713541666666 2051.7774047851562 1437.061767578125 2352.6896362304688 1665.602783203125 0.9914434523809523 
89 1763.0296691894532 546.5534759521485 1941.2358337402343 672.7828887939453 0.7784133184523809 2024.34169921875 1404.0281616210937 2313.92685546875 1623.0734008789063 1.0003022693452381 
90 1770.1166137695313 537.0997161865234 1948.3330932617187 675.3084259033203 0.7849004836309523 1989.7397705078124 1367.1913818359376 2277.0683349609376 1585.4155517578124 0.9778878348214286 
91 1772.6321411132812 532.1072967529296 1957.1981811523438 674.0811187744141 0.7996186755952381 1960.4744812011718 1331.6658874511718 2244.4221252441407 1548.1760314941407 0.9702613467261905 
92 1768.331982421875 533.7973449707031 1955.44755859375 671.4861022949219 0.7760881696428571 1931.1416381835938 1296.517431640625 2213.580285644531 1508.346337890625 0.9542875744047619 
93 1773.8576721191407 535.5882720947266 1952.8192077636718 666.3678436279297 0.7843191964285714 1905.6961730957032 1254.4787963867188 2181.0214782714843 1464.4145141601562 0.9457775297619048 
94 1773.9797729492188 532.6803039550781 1955.1891723632812 673.6209655761719 0.7839471726190477 1887.816387939453 1231.9629516601562 2156.274798583984 1419.8837280273438 0.9331752232142857 
95 1779.7558044433595 534.6500579833985 1951.622247314453 676.1871612548828 0.7802501860119048 1869.9662536621095 1183.102520751953 2136.190606689453 1388.6683532714844 0.9304547991071429 
96 1772.0803833007812 538.655419921875 1943.7448120117188 677.3075927734375 0.7783435639880952 1854.6113647460938 1141.8937744140626 2125.313195800781 1356.4743896484374 0.9194103422619048 
97 1772.738543701172 536.0564453125 1959.5657775878906 682.1214111328125 0.7782505580357143 1851.519598388672 1122.14541015625 2102.8872619628905 1329.353857421875 0.8973214285714286 
98 1770.6388549804688 543.1771392822266 1945.0359497070312 675.5896453857422 0.7745070684523809 1853.9867736816407 1101.7691650390625 2102.663983154297 1302.0028076171875 0.9350818452380952 
99 1786.8691284179688 527.4151000976562 1959.5625122070312 682.8390502929688 0.82666015625 1869.0645568847656 1072.2292602539062 2106.5178405761717 1283.7785522460938 0.8560965401785714 
100 1787.3496887207032 527.2485260009765 1959.5439880371093 682.2234588623047 0.8263113839285714 1876.4271850585938 1057.7396179199218 2108.8894653320312 1264.3728088378907 0.8531436011904762 
101 1771.9861145019531 540.2202056884765 1951.8667907714844 677.5835662841797 0.7839006696428571 1876.643975830078 1052.4398254394532 2108.8534606933595 1242.1320739746093 0.9288271949404762 
102 1778.5760620117187 541.8164245605469 1947.6785766601563 674.4457824707031 0.7882719494047619 1883.1492309570312 1031.142431640625 2118.5663452148438 1233.40224609375 0.9234561011904762 
103 1776.7183715820313 538.2819976806641 1951.6524780273437 679.5748748779297 0.7980608258928571 1889.1575256347655 1031.9012023925782 2121.281317138672 1223.6558044433593 0.9501255580357143 
104 1779.2119201660157 543.6688446044922 1944.8751159667968 675.5232330322266 0.7993861607142857 1897.022723388672 1025.5746276855468 2123.541851806641 1218.2848693847657 0.9556361607142857 
105 1782.146240234375 535.1788940429688 1955.40234375 677.2489624023438 0.8065011160714286 1910.222479248047 1028.425848388672 2128.5252014160155 1215.5425354003905 0.9547526041666666 
106 1776.03291015625 539.812548828125 1949.958056640625 679.6345947265625 0.79248046875 1902.7385803222655 1021.4510009765625 2138.048895263672 1215.8378173828125 0.9497767857142857 
107 1777.4638610839843 534.8179809570313 1953.4950012207032 676.3332641601562 0.7996884300595238 1903.0487121582032 1032.2453979492188 2141.2084899902343 1211.7282348632812 0.9534272693452381 
108 1783.3493591308593 541.1518676757812 1948.7957824707032 679.0239135742188 0.8013160342261905 1911.0136291503907 1025.69248046875 2141.949139404297 1215.26650390625 0.9560779389880952 
109 1782.4791320800782 540.8493408203125 1949.3579040527343 679.9150634765625 0.7901320684523809 1920.4750244140625 1021.1609069824219 2142.9800537109377 1215.8528869628906 0.9514276413690477 
110 1779.6239807128907 539.218472290039 1950.9613464355468 679.0856658935547 0.7972702752976191 1909.135546875 1025.794903564453 2146.90986328125 1214.6156188964844 0.9528692336309523 
111 1781.2987670898438 538.6983489990234 1953.3504028320312 675.6375274658203 0.7995954241071429 1910.945245361328 1030.4098693847657 2153.2221130371095 1212.9952819824218 0.9460100446428571 
112 1776.7818725585937 537.6531616210938 1950.5372192382813 683.0401977539062 0.8004324776785714 1916.3044006347657 1026.4592224121093 2157.434246826172 1214.3985656738282 0.9416852678571429 
113 1778.1944152832032 540.736441040039 1950.6077087402343 677.2301727294922 0.7855515252976191 1909.9910766601563 1026.7537780761718 2161.427136230469 1213.5346740722657 0.9453357514880952 
114 1777.2697021484375 539.8316925048828 1943.9502685546875 681.147738647461 0.7992001488095238 1896.1480224609375 1044.6113891601562 2167.9095947265623 1207.6683959960938 0.9408482142857143 
115 1775.3176147460938 538.53388671875 1950.5722778320312 677.2771484375 0.7797386532738095 1891.03056640625 1037.8972534179688 2183.12177734375 1205.8495727539062 0.9365699404761905 
116 1776.2147216796875 539.0774230957031 1947.9219970703125 677.9046325683594 0.7872721354166666 1884.6910217285156 1038.7428344726563 2187.9187194824217 1206.7967163085937 0.9326636904761905 
117 1775.036199951172 535.273681640625 1953.3740783691405 680.8555908203125 0.7868303571428571 1883.2428588867188 1035.431463623047 2167.1275024414062 1213.7693420410155 0.9361281622023809 
118 1777.1393432617188 540.4275299072266 1949.7559204101562 676.3172821044922 0.7808082217261905 1878.5622619628907 1039.0664489746093 2176.050408935547 1211.6831848144532 0.9322684151785714 
119 1773.6348205566405 541.6154754638671 1949.788153076172 677.4003326416016 0.7794828869047619 1875.8262573242187 1045.5156677246093 2169.4151977539063 1217.9991027832032 0.92333984375 
120 1776.4193359375 538.82548828125 1954.187353515625 679.5584228515625 0.7798084077380952 1870.1463317871094 1045.3501708984375 2173.833282470703 1215.7111083984375 0.9208054315476191 
121 1774.0037536621094 541.6680603027344 1951.7278137207031 682.3662414550781 0.8029203869047619 1881.6635131835938 1053.7638549804688 2163.0598754882812 1224.0825805664062 0.9320126488095238 
122 1776.6515319824218 541.0006896972657 1950.5251037597657 677.8798034667968 0.791015625 1872.2677978515626 1058.7794067382813 2179.3210693359374 1221.5545776367187 0.9190615699404762 
123 1773.798358154297 536.5489990234375 1954.9571350097656 680.7366455078125 0.7890857514880952 1853.8551696777345 1059.6911560058593 2179.201593017578 1229.7586730957032 0.9168061755952381 
124 1777.0068359375 540.9312561035156 1951.49755859375 678.2962829589844 0.7876209077380952 1852.828839111328 1052.6945190429688 2186.960101318359 1234.6104125976562 0.9017159598214286 
125 1776.8943359375 537.8291900634765 1950.2716796875 681.6954071044922 0.8050130208333334 1851.8069274902343 1055.6908874511719 2187.494952392578 1236.4459533691406 0.9254789806547619 
126 1776.2135986328126 538.6911590576171 1953.7651611328124 682.9517242431641 0.7992931547619048 1847.7748046875 1057.972344970703 2169.58701171875 1239.2228454589845 0.9240838913690477 
127 1778.615008544922 541.9916687011719 1951.8709533691406 682.0709533691406 0.8059430803571429 1842.9834228515624 1052.9692321777343 2171.0639404296876 1237.2840637207032 0.9308268229166666 
128 1780.405987548828 540.8595397949218 1952.2911560058594 679.8305236816407 0.7925502232142857 1825.2762268066406 1032.8843566894532 2169.0464050292967 1223.0552185058593 0.9335472470238095 
129 1778.1585632324218 545.087680053711 1943.3352111816407 674.3563507080078 0.7944568452380952 1811.0281860351563 1019.4872314453125 2170.107800292969 1202.6177490234375 0.9369187127976191 
130 1775.1147888183593 543.0815063476563 1945.2178527832032 691.9216674804687 0.7892485119047619 1794.7420227050782 998.4617126464843 2149.1235778808596 1193.3714172363282 0.9428943452380952 
131 1771.1847717285157 546.4783905029296 1944.1090515136718 684.1120025634766 0.7881324404761905 1781.3648071289062 984.7614227294922 2148.3878784179688 1182.3892730712892 0.9393601190476191 
132 1773.9779113769532 541.856314086914 1946.8869567871093 686.5353485107422 0.7916666666666666 1773.2993469238281 963.8141723632813 2140.2898864746094 1168.4819702148438 0.9128766741071429 
133 1768.6250366210938 549.1293304443359 1940.9413696289062 672.2125274658204 0.7799479166666666 1776.4698669433594 959.496615600586 2138.6860168457033 1159.9463165283203 0.9059942336309523 
134 1771.071844482422 545.6600769042968 1943.4651428222655 682.8711730957032 0.7894112723214286 1785.1446716308594 955.9402160644531 2140.4863098144533 1149.4429626464844 0.9128069196428571 
135 1771.0220092773438 541.5840484619141 1946.0202270507812 681.5826385498046 0.7955961681547619 1783.6757507324219 941.6568176269532 2105.6725158691406 1137.6548278808593 0.8723725818452381 
136 1774.9510375976563 535.32060546875 1948.0030639648437 677.8340576171875 0.8048037574404762 1792.3084899902344 912.7463470458985 2063.7626770019533 1109.550588989258 0.8627232142857143 
137 1774.837353515625 540.1357269287109 1952.20927734375 680.6946563720703 0.8106166294642857 1785.134716796875 874.0275054931641 2029.439501953125 1088.2124237060548 0.8754650297619048 
138 1779.339776611328 540.9247436523438 1950.5101989746095 679.7987670898438 0.8043852306547619 1787.66240234375 836.0631408691406 1994.35859375 1065.3666687011719 0.873046875 
139 1777.3484313964843 538.3262542724609 1954.7132141113282 687.1860137939453 0.8211960565476191 1787.7028076171875 793.6536682128906 1980.9038818359375 1031.195819091797 0.8619094122023809 
140 1778.9327880859375 542.9969329833984 1951.0723388671875 680.0709991455078 0.7920851934523809 1789.354315185547 760.9912506103516 1977.4326721191405 1006.4494842529297 0.8644438244047619 
141 1773.6426513671875 538.7757781982422 1956.8353759765625 684.0665679931641 0.8120814732142857 1794.1728637695312 748.9371887207031 1967.8901245117188 988.9828552246094 0.8498186383928571 
142 1772.376446533203 537.9386688232422 1952.9166442871094 680.4704498291015 0.7988513764880952 1797.471746826172 728.1028472900391 1971.6773010253905 975.1578338623046 0.8373093377976191 
143 1775.4547302246094 539.4499145507813 1956.051739501953 682.0265258789062 0.7971307663690477 1806.5290954589843 720.290640258789 1971.2842590332032 964.2549530029297 0.8369838169642857 
144 1774.1042907714843 535.0877014160156 1958.4102355957032 685.0315612792969 0.8233816964285714 1807.5052124023437 722.3973907470703 1973.0682739257813 956.684701538086 0.8408203125 
145 1771.819110107422 538.4207885742187 1949.3755920410156 678.5970336914063 0.8198474702380952 1809.918280029297 718.972543334961 1968.7847229003905 955.7146514892578 0.8394019717261905 
146 1775.4757751464845 542.4769470214844 1945.755303955078 675.6045959472656 0.8057105654761905 1806.1975219726562 718.4721740722656 1957.9011108398438 956.8636413574219 0.8526553199404762 
147 1770.4088012695313 536.438998413086 1944.7430541992187 680.1882598876953 0.8117094494047619 1794.0533264160156 715.0079772949218 1946.978045654297 962.7460510253907 0.8228469122023809 
148 1771.9215454101563 537.9537475585937 1941.9527221679687 677.6221801757813 0.8095238095238095 1790.7230346679687 710.5541168212891 1939.5003540039063 953.4558319091797 0.8313569568452381 
149 1778.5680297851563 535.2305389404297 1946.1807495117187 681.510610961914 0.8185453869047619 1789.7031616210938 714.5642974853515 1942.0783325195312 952.2695037841797 0.8594447544642857 
150 1771.93427734375 532.4990264892579 1948.836474609375 681.9508636474609 0.8195917038690477 1797.507763671875 719.3724761962891 1956.10966796875 957.2754119873047 0.8528645833333334 
151 1776.3611389160155 531.69130859375 1947.601385498047 681.52646484375 0.8203125 1807.9982482910157 726.8063781738281 1970.0648620605468 959.2037536621094 0.8532831101190477 
152 1774.8070251464844 535.3042388916016 1952.934796142578 688.8626922607422 0.8241722470238095 1806.9361511230468 728.5516174316406 1972.7793029785157 968.1028015136719 0.8571661086309523 
153 1769.597705078125 533.8048736572266 1950.566845703125 687.1684539794921 0.8204520089285714 1807.1128173828124 725.1554321289062 1969.6781982421876 958.2680297851563 0.8447033110119048 
154 1775.4501525878907 534.3434783935547 1950.7071960449218 681.9283111572265 0.8235212053571429 1800.8753723144532 721.4262451171875 1960.7590270996093 948.9529052734375 0.8535621279761905 
155 1772.9413513183595 535.7143432617188 1947.318292236328 679.4989135742187 0.8189639136904762 1795.1796264648438 723.1520080566406 1960.3789672851562 955.6547546386719 0.8527948288690477 
156 1776.618408203125 533.1662017822266 1950.836181640625 679.8758514404296 0.8126627604166666 1801.5401794433594 731.6004333496094 1963.532208251953 951.6649475097656 0.8462844122023809 
157 1779.1003845214843 535.6487762451172 1947.7466613769532 679.764614868164 0.8048270089285714 1810.824774169922 739.7932342529297 1970.2720275878905 954.4337554931641 0.8496558779761905 
158 1780.1004333496094 532.7490478515625 1952.1211242675781 686.3388427734375 0.8079427083333334 1807.1559509277345 735.6057739257812 1969.961114501953 953.7033081054688 0.8607468377976191 
159 1777.239764404297 533.6623260498047 1949.3213928222656 684.2337310791015 0.8078264508928571 1801.9410339355468 731.5088348388672 1964.8039611816407 949.6837310791016 0.8551897321428571 
160 1772.0620544433593 536.3024688720703 1950.4551574707032 687.0139984130859 0.8119652157738095 1797.141162109375 720.7288848876954 1963.231396484375 954.4855316162109 0.8421223958333334 
161 1776.588116455078 536.5432312011719 1949.2096130371094 687.5871398925781 0.8190569196428571 1798.284356689453 721.0207611083985 1967.8234313964845 958.3754180908203 0.8479352678571429 
162 1773.8289855957032 537.5943756103516 1949.8801208496093 682.7593231201172 0.8131277901785714 1808.5164611816406 727.1879028320312 1972.213153076172 958.8341918945313 0.8504464285714286 
163 1771.5073669433593 538.27275390625 1948.6880676269532 681.260693359375 0.8181733630952381 1808.808612060547 729.4414520263672 1973.5555236816406 956.3570709228516 0.8590029761904762 
164 1774.8122680664062 534.9816955566406 1948.9548217773438 681.1369567871094 0.8210100446428571 1804.2347290039063 726.5862213134766 1972.1578491210937 953.5934051513672 0.8639090401785714 
165 1775.6267944335937 537.5814025878906 1949.2482055664063 689.5000183105469 0.8197079613095238 1804.9611755371093 723.8426361083984 1972.3817199707032 956.3711700439453 0.8482607886904762 
166 1773.7064697265625 536.8767913818359 1950.1243408203125 688.5342803955078 0.81298828125 1805.7282592773438 717.3420715332031 1972.8610961914062 955.6608581542969 0.8367513020833334 
167 1774.7316955566407 535.5525634765625 1948.9578796386718 681.778125 0.8179873511904762 1804.527276611328 722.8218231201172 1969.4198669433595 946.8270416259766 0.8606538318452381 
168 1776.3699584960937 536.3148040771484 1950.6705688476563 688.8279571533203 0.8296595982142857 1806.1781860351562 718.8756469726562 1971.1413940429688 949.2016235351563 0.8557012648809523 
169 1770.2712036132812 542.4360137939453 1946.3745483398438 680.8029388427734 0.8082914806547619 1803.16962890625 718.1764770507813 1966.694140625 947.7397827148437 0.8486095610119048 
170 1773.1656799316406 539.0472229003906 1948.5934753417969 686.2812683105469 0.8215215773809523 1803.1666748046875 720.0174102783203 1969.1966064453125 948.7000579833984 0.8572126116071429 
171 1772.2496276855468 539.0598510742187 1947.7348693847657 683.2084594726563 0.8157784598214286 1801.8989135742188 719.7277008056641 1971.1169555664062 948.4852508544922 0.8496558779761905 
172 1772.9834594726562 539.3650299072266 1948.7230834960938 683.7225555419922 0.8305896577380952 1805.8139587402343 721.0189270019531 1969.0006164550782 943.8316589355469 0.8571893601190477 
173 1770.9573913574218 539.1853057861329 1947.2075256347657 683.9620941162109 0.8261253720238095 1803.8832702636719 721.0037109375 1967.5440979003906 947.6109130859375 0.8499813988095238 
174 1774.3446899414062 538.14228515625 1946.8774780273438 679.3055908203125 0.8200799851190477 1801.6120544433593 721.4132751464844 1967.8709777832032 947.2744689941406 0.8594680059523809 
175 1771.4675170898438 537.1455383300781 1950.0324829101562 684.3833923339844 0.8244280133928571 1799.7824096679688 718.4818298339844 1962.6838989257812 944.0377014160156 0.8544224330357143 
176 1774.67392578125 538.4423980712891 1949.283349609375 684.9895477294922 0.8231724330357143 1790.5038940429688 716.1697387695312 1952.6411254882812 943.7855834960938 0.8489815848214286 
177 1767.115576171875 536.7216979980469 1950.138818359375 688.7241027832031 0.8231724330357143 1774.7514953613281 708.0525329589843 1932.9580993652344 946.9134094238282 0.8401692708333334 
178 1772.5961853027343 543.1016510009765 1944.5457824707032 683.7876922607422 0.8173595610119048 1754.800115966797 700.6219360351563 1914.2441955566405 935.0986450195312 0.8592354910714286 
179 1769.7925964355468 538.4479797363281 1945.8618225097657 683.0763122558594 0.8185453869047619 1723.2357666015625 695.4108367919922 1883.5845458984375 946.9382232666015 0.8677222842261905 
180 1776.2273193359374 537.9664733886718 1951.5927490234376 685.1481506347657 0.8163364955357143 1696.493798828125 698.3969512939453 1853.070166015625 958.3135589599609 0.8428664434523809 
181 1774.186993408203 538.4860229492188 1945.5738708496094 684.9439086914062 0.8071986607142857 1667.759228515625 709.7530548095704 1826.681689453125 971.5076263427734 0.8556780133928571 
182 1777.836492919922 539.9504791259766 1950.3186584472655 681.0722869873047 0.8251255580357143 1644.192822265625 716.6543060302735 1804.130908203125 998.8980010986328 0.8723028273809523 
183 1771.6035766601562 534.8839080810546 1952.6911010742188 684.7494537353516 0.8085007440476191 1629.30341796875 741.66953125 1794.779833984375 1035.1562744140624 0.8580031622023809 
184 1779.3227111816407 538.0258148193359 1951.2504089355468 681.8198272705079 0.8103143601190477 1626.3913208007812 784.255014038086 1810.8227905273438 1065.5909942626954 0.8636300223214286 
185 1775.2703430175782 534.9159759521484 1952.8823669433593 693.8320098876953 0.8085239955357143 1633.6120361328126 840.1642547607422 1854.8481689453124 1095.6763824462892 0.8895554315476191 
186 1772.524365234375 540.7548309326172 1947.792041015625 681.5949615478515 0.7870163690476191 1649.0183715820312 907.6613525390625 1893.1412963867188 1123.6162353515624 0.8885323660714286 
187 1768.143896484375 542.7842895507813 1946.65078125 683.7108276367187 0.7964564732142857 1671.6634521484375 968.4546478271484 1934.7261962890625 1178.2785675048829 0.8768368675595238 
188 1775.6402526855468 538.9717590332032 1951.4428771972657 692.7991149902343 0.7978515625 1704.6430297851562 1044.88740234375 1993.4617065429688 1230.108203125 0.9030645461309523 
189 1781.324639892578 543.4185638427734 1951.6603454589845 693.7147979736328 0.8054082961309523 1749.7238464355469 1118.3978881835938 2060.3360900878906 1295.4133911132812 0.9069242931547619 
190 1773.7332153320312 540.9002044677734 1951.7453002929688 687.4982940673829 0.8171502976190477 1797.8978149414063 1190.5233154296875 2115.527233886719 1361.5545654296875 0.9212937127976191 
191 1772.2033813476562 546.635693359375 1947.8788940429688 685.71220703125 0.7915969122023809 1840.8970764160156 1253.1387268066405 2177.6086608886717 1417.834539794922 0.9315476190476191 
192 1784.268359375 544.0808410644531 1951.26630859375 684.5108337402344 0.7859002976190477 1882.5110290527343 1305.9354736328125 2235.483721923828 1472.9334228515625 0.9391276041666666 
193 1774.291766357422 552.5074615478516 1940.9620178222656 679.4943084716797 0.7979910714285714 1918.373095703125 1357.3172668457032 2291.396923828125 1520.0192810058593 0.9587053571428571 
194 1774.2936889648438 550.9503875732422 1949.4245727539062 673.1347564697265 0.8006417410714286 1949.4246459960937 1387.1300231933594 2344.4872192382813 1566.333721923828 0.9747023809523809 
195 1767.7177673339843 547.4038818359375 1947.7511047363282 677.195361328125 0.7792038690476191 1990.1024963378907 1418.5850830078125 2392.037518310547 1590.2447509765625 0.9702380952380952 
196 1769.748846435547 548.6746185302734 1945.5254455566405 668.7172882080079 0.7941778273809523 2030.9404418945312 1442.563525390625 2429.6535522460936 1618.340283203125 0.9640997023809523 
197 1773.2190002441407 542.6601257324219 1957.5062194824218 691.8451232910156 0.7934802827380952 2069.057568359375 1467.8095581054688 2468.346728515625 1643.3213012695312 0.9462890625 
198 1780.1206115722657 537.0824127197266 1953.8135925292968 684.0532684326172 0.7788783482142857 2107.807482910156 1489.8237548828124 2499.729870605469 1663.5165771484376 0.9411039806547619 
199 1787.4702270507812 537.9668579101562 1954.9826538085938 678.3151245117188 0.7862723214285714 2133.465380859375 1509.434765625 2531.873486328125 1681.474658203125 0.9373837425595238 
200 1785.3248657226563 541.2465911865235 1954.6101928710937 678.5050567626953 0.7811337425595238 2152.579211425781 1523.8761901855469 2555.203747558594 1716.0379943847656 0.9281994047619048 
201 1784.7976135253907 540.7041137695312 1955.5325866699218 679.1379272460938 0.7859700520833334 2168.862585449219 1542.9290893554687 2579.549279785156 1732.1219360351563 0.9259672619047619 
202 1786.0843994140625 534.0576965332032 1958.1858642578125 682.9021423339843 0.7799246651785714 2171.0762451171877 1549.8495727539062 2603.6556884765623 1763.8135131835938 0.9084588913690477 
203 1783.8103332519531 537.4416198730469 1960.7583923339844 686.4504699707031 0.7855050223214286 2201.1067504882812 1565.638525390625 2610.8812866210938 1775.182275390625 0.9185732886904762 
204 1779.1437072753906 543.926791381836 1946.3258972167969 683.2453887939453 0.7744605654761905 2203.886608886719 1577.0277709960938 2621.842639160156 1772.0737915039062 0.8890904017857143 
205 1780.2952026367188 545.4561126708984 1947.4572387695312 675.4709503173829 0.7634626116071429 2211.0587646484373 1578.252752685547 2638.2503173828127 1796.4919982910155 0.9025995163690477 
206 1782.2965026855468 544.5119934082031 1949.5393127441407 669.9440612792969 0.7620442708333334 2220.4152954101564 1583.346612548828 2647.8134643554686 1810.9826110839845 0.9236188616071429 
207 1778.5619812011719 545.939486694336 1946.2123107910156 671.6772735595703 0.7694382440476191 2229.5702270507813 1589.8137512207031 2648.6961303710937 1827.3184509277344 0.8918340773809523 
208 1773.6173156738282 548.9500854492187 1946.1931091308593 674.8837768554688 0.7622535342261905 2231.9656494140627 1589.786376953125 2661.0729248046873 1836.989501953125 0.9123418898809523 
209 1770.9623229980468 547.2420989990235 1944.6200744628907 673.9653594970703 0.7569754464285714 2239.9467651367186 1595.6875915527344 2667.0510375976564 1835.0537414550781 0.9387788318452381 
210 1774.3114135742187 544.742318725586 1948.3365356445313 676.4370635986328 0.7363978794642857 2248.4484252929688 1593.2347595214844 2671.7529907226562 1856.624249267578 0.9470796130952381 
211 1776.469500732422 550.1081848144531 1940.7466857910156 672.1426696777344 0.7372349330357143 2248.5408935546875 1597.5109252929688 2670.9678955078125 1841.5798950195312 0.9250837053571429 
212 1780.9906616210938 548.9784606933594 1949.1448364257812 675.0941711425781 0.7207961309523809 2248.265380859375 1585.0310913085937 2663.979736328125 1855.9462036132813 0.8974841889880952 
213 1777.6427368164063 542.8794952392578 1952.2569213867187 685.3279632568359 0.7675548735119048 2216.1224365234375 1555.5712951660157 2634.2774658203125 1835.8731628417968 0.9504975818452381 
214 1781.5330871582032 543.8295013427735 1948.5292907714843 674.7184112548828 0.7800874255952381 2193.8156982421874 1505.359375 2609.0495361328126 1758.1103515625 0.97265625 
215 1784.52421875 536.1162902832032 1960.665966796875 690.2403991699218 0.79052734375 2156.285046386719 1431.8992797851563 2574.621936035156 1660.8836791992187 0.9593563988095238 
216 1786.9244689941406 537.4144927978516 1947.7907409667969 672.8808563232421 0.7832496279761905 2094.8173828125 1329.2087768554688 2522.3828125 1545.1081176757812 0.9321986607142857 
217 1779.4364624023438 536.2690643310547 1952.5322875976562 677.1609283447266 0.7821103050595238 2023.1330322265626 1183.2881225585938 2445.8088623046874 1432.8681274414062 0.9308733258928571 
218 1773.2530029296875 540.6991271972656 1952.0563232421875 681.4591979980469 0.77880859375 1960.103955078125 1106.665771484375 2370.971240234375 1338.729736328125 0.9300362723214286 
219 1772.3204284667968 533.2513061523438 1964.4238342285157 692.7333129882812 0.7963169642857143 1913.5400634765624 1030.2384948730469 2283.2485107421876 1280.3353576660156 0.8826962425595238 
220 1769.9321655273438 536.3750549316406 1950.3639770507812 679.3587097167969 0.7664155505952381 1883.7168395996093 979.0744812011719 2190.110430908203 1234.4024475097656 0.8459356398809523 
221 1770.3032470703124 540.3988739013672 1944.2880615234376 676.857534790039 0.7487211681547619 1846.2740356445313 963.8145385742188 2180.597790527344 1206.0287231445313 0.8462611607142857 
222 1773.7945983886718 540.6252075195313 1951.7560607910157 678.2934936523437 0.7508370535714286 1836.4297668457032 951.4346649169922 2165.4905212402346 1199.909146118164 0.8518647693452381 
223 1768.6213500976562 545.6384460449219 1952.2822143554688 682.5492980957031 0.7660900297619048 1826.0314575195312 959.3248840332031 2179.996130371094 1206.4323181152345 0.8753720238095238 
224 1771.5411315917968 542.1975341796875 1952.0695861816407 685.9516357421875 0.7865048363095238 1839.81787109375 982.5892486572266 2164.1005859375 1209.9214324951172 0.8779296875 
225 1776.0747863769532 545.72939453125 1950.8716247558593 682.8248046875 0.7646949404761905 1843.6998291015625 989.7077117919922 2186.4383544921875 1209.0604156494142 0.9036458333333334 
226 1779.287091064453 538.1464019775391 1959.0211364746094 690.2290252685547 0.76611328125 1859.05068359375 1007.0235046386719 2177.0416015625 1197.1267639160155 0.8600260416666666 
227 1781.0832214355469 546.0833923339844 1951.8597717285156 678.5223205566406 0.7628580729166666 1879.3400329589845 1011.8983459472656 2151.188409423828 1196.6159362792969 0.8701171875 
228 1774.2599365234375 547.4893157958984 1949.3828857421875 680.5827667236329 0.7483491443452381 1889.16748046875 1018.0312927246093 2165.86181640625 1182.6468078613282 0.84423828125 
229 1776.1017456054688 542.2869323730469 1956.0371704101562 686.9409729003906 0.7543247767857143 1893.616229248047 1005.0168884277343 2137.058209228516 1184.9524719238282 0.8860444568452381 
230 1776.2867004394532 541.237451171875 1954.3271911621093 684.3678955078125 0.7607421875 1893.3691528320312 1002.182015991211 2127.2653686523436 1176.7313751220704 0.8859049479166666 
231 1773.7906433105468 539.3037048339844 1955.9028381347657 686.3942932128906 0.7799479166666666 1884.2432983398437 1005.6293334960938 2136.398547363281 1173.7327270507812 0.8665132068452381 
232 1774.6337768554688 543.424594116211 1960.4192016601562 691.3648956298828 0.7853190104166666 1880.229754638672 1001.9337219238281 2114.181988525391 1167.0764099121093 0.8880905877976191 
233 1765.7396484375 545.5568603515625 1952.81650390625 680.6679931640625 0.7763206845238095 1861.2768188476562 1003.3890411376954 2121.105749511719 1166.2153900146484 0.8452380952380952 
234 1780.2177795410157 541.9025695800781 1957.6368347167968 683.8379089355469 0.8000837053571429 1852.3795776367188 974.3617584228516 2114.0728149414062 1182.8293426513671 0.8108723958333334 
235 1767.3299560546875 541.7717315673829 1953.9161376953125 688.3750579833984 0.8190569196428571 1819.3588623046876 986.0670837402344 2065.9189697265624 1169.321221923828 0.8926246279761905 
236 1780.8895141601563 543.22294921875 1958.9625366210937 681.2295654296875 0.8148484002976191 1786.3686279296876 972.481723022461 2035.6709228515624 1159.4585235595703 0.8346121651785714 
237 1780.4589599609376 543.0746887207031 1957.7185302734374 680.4508239746094 0.8199404761904762 1737.1667114257812 960.6573547363281 1994.1931518554688 1142.3483825683593 0.8505161830357143 
238 1780.8548217773437 540.2189270019531 1961.1634887695313 680.9475769042969 0.8171270461309523 1683.25810546875 928.4067749023437 1947.124462890625 1135.1020141601562 0.8389369419642857 
239 1777.3562622070312 535.5968353271485 1954.9843139648438 688.2947052001953 0.8104538690476191 1635.0859069824219 904.396923828125 1903.0863342285156 1122.536669921875 0.8631649925595238 
240 1773.8024475097657 537.9370849609375 1956.4545104980468 689.63115234375 0.8084077380952381 1601.6285827636718 869.5445617675781 1852.3881408691407 1098.6335388183593 0.8426804315476191 
241 1774.6749755859375 538.21484375 1957.1770751953125 689.2509765625 0.8159877232142857 1569.4208435058595 843.0706573486328 1789.681817626953 1079.064535522461 0.8269391741071429 
242 1771.7409240722657 535.8833984375 1955.5831726074218 689.0853515625 0.8030366443452381 1540.4058654785156 818.599951171875 1788.593035888672 1054.530908203125 0.8567243303571429 
243 1766.9805236816405 536.0878845214844 1963.849432373047 695.4580139160156 0.798828125 1511.5797058105468 826.343408203125 1817.8203186035157 1032.58701171875 0.8558640252976191 
244 1772.9119201660155 540.1480194091797 1963.982244873047 690.4985260009765 0.8103376116071429 1494.9804382324219 832.1748840332032 1839.5335998535156 1020.1129577636718 0.7939453125 
245 1773.6375 531.2485656738281 1956.088818359375 682.7758483886719 0.8154529389880952 1500.1984985351562 821.2199523925781 1846.5466186523438 1016.0407897949219 0.779296875 
246 0.0 0.0 0.0 0.0 0.20413934616815477 0.0 0.0 0.0 0.0 0.20413934616815477 
247 1777.8151123046875 531.0813629150391 1966.5283935546875 691.4876678466796 0.8271484375 1505.0276123046874 825.038623046875 1835.2758544921876 1016.89716796875 0.8082449776785714 
248 1774.0944580078126 535.6669067382812 1965.1982666015624 692.3092895507813 0.8224051339285714 1497.5604187011718 823.2864837646484 1829.6423400878907 1014.3902130126953 0.794921875 
249 1780.3261352539062 535.4262634277344 1959.2954467773438 689.2771057128906 0.8125697544642857 1481.198553466797 816.4395324707032 1782.6206604003905 1004.8282897949218 0.7829706101190477 
250 1777.4737243652344 535.9270660400391 1959.5014953613281 686.5706756591796 0.8056873139880952 1459.890802001953 809.5721771240235 1758.0397399902345 994.7383087158203 0.7811802455357143 
251 1778.9437194824218 535.8085754394531 1959.4785217285157 685.2166931152344 0.8179408482142857 1446.965576171875 799.6671173095704 1723.9931640625 986.4273040771484 0.7794131324404762 
252 1773.8608154296876 532.5429962158203 1959.0771728515624 680.716098022461 0.8300548735119048 1434.0599609375 791.1335510253906 1724.232275390625 982.5237976074219 0.7902250744047619 
253 1773.981024169922 528.8427307128907 1960.2629943847655 684.0776794433593 0.8107561383928571 1425.7770446777345 777.696322631836 1711.409356689453 970.1876495361328 0.7632068452380952 
254 1774.0511169433594 531.8696075439453 1960.3603820800781 684.0220550537109 0.8090122767857143 1422.6912841796875 770.8468811035157 1714.5755615234375 963.3663757324218 0.7697637648809523 
255 1775.1581420898438 533.3328582763672 1960.3589477539062 687.6668365478515 0.8367978050595238 1431.8242797851562 757.9482116699219 1691.1054077148438 961.6690979003906 0.7942940848214286 
256 1775.1474914550781 535.138671875 1960.2015075683594 683.181884765625 0.8304501488095238 1430.8994750976562 759.5759826660156 1720.8175659179688 956.9669860839844 0.7869233630952381 
257 1772.34462890625 531.836083984375 1960.5513671875 683.0185302734375 0.8298223586309523 1436.8715087890625 750.8963562011719 1714.5535400390625 957.6152404785156 0.7764834449404762 
258 1778.0812194824218 534.5013763427735 1958.5531799316407 681.3260772705078 0.8301943824404762 1437.0194946289062 752.0325714111328 1718.4336303710938 950.8577484130859 0.7785993303571429 
259 1774.5085021972657 526.3550750732422 1959.8043640136718 680.7683990478515 0.8062453497023809 1441.4506713867188 749.7792510986328 1713.2182739257812 944.3400726318359 0.7702055431547619 
260 1775.4416870117188 527.8282501220704 1956.4257446289062 678.1370208740234 0.8114536830357143 1444.6209533691406 735.4761627197265 1711.495623779297 947.1353485107422 0.7523484002976191 
261 1771.3727416992188 527.7537689208984 1958.6777954101562 681.2825469970703 0.8181036086309523 1449.434765625 726.1601348876953 1704.292529296875 941.1004241943359 0.7620442708333334 
262 1778.994561767578 534.5829986572265 1958.2042907714845 683.4181610107422 0.8251953125 1450.3655517578125 726.5266265869141 1723.7362548828125 933.0734100341797 0.7603934151785714 
263 1775.0357666015625 531.7543731689453 1960.7650146484375 677.9019378662109 0.8002697172619048 1454.7523681640625 719.1230682373047 1716.6001708984375 926.1654449462891 0.7500465029761905 
264 1777.67177734375 527.1949401855469 1959.6958984375 681.9154113769531 0.8016880580357143 1451.078631591797 722.2874389648438 1733.2159240722656 925.5476440429687 0.7586728050595238 
265 1783.076397705078 531.355712890625 1962.6676208496094 686.5955810546875 0.7971772693452381 1458.7820678710937 712.3517761230469 1729.6908325195313 922.3822326660156 0.7481863839285714 
266 1776.6078552246095 528.5655548095704 1961.496514892578 686.1757171630859 0.8032459077380952 1459.5224670410157 714.153842163086 1765.6497741699218 920.2593048095703 0.7399786086309523 
267 1781.8557861328125 532.4525817871094 1963.6012451171875 689.9653869628906 0.7948986235119048 1472.7719360351562 703.2467864990234 1748.4192260742188 915.2831817626953 0.7568359375 
268 1779.5868041992187 529.3216217041015 1961.4163696289063 680.8462860107422 0.7918526785714286 1475.2552429199218 704.1577545166016 1769.2131408691407 916.2923797607422 0.7266322544642857 
269 1782.6807861328125 532.6102752685547 1961.3927001953125 686.6722564697266 0.7897367931547619 1485.5782470703125 693.4272766113281 1753.6461181640625 912.1952819824219 0.7551850818452381 
270 1781.6243835449218 533.3545806884765 1964.5712951660157 688.3942596435547 0.7860630580357143 1493.2506103515625 682.5504821777344 1756.8179931640625 908.9083801269531 0.7325381324404762 
271 1783.519061279297 531.6479187011719 1963.9256408691406 690.2814025878906 0.7786690848214286 1500.3475524902344 682.0266906738282 1770.957501220703 905.9797790527343 0.7347702752976191 
272 1780.8463256835937 534.0728393554688 1962.6155883789063 688.5766967773437 0.7856910342261905 1507.0272399902344 683.2168395996093 1779.681134033203 898.3105041503907 0.7045200892857143 
273 1782.6549987792969 538.85927734375 1958.4176330566406 678.2572998046875 0.7829008556547619 1514.9314270019531 695.7403717041016 1808.8794860839844 889.6854705810547 0.7389322916666666 
274 1780.0229553222657 533.6614807128906 1958.8543640136718 682.1825134277344 0.7672293526785714 1518.6539123535156 675.5375579833984 1800.540789794922 887.7104278564453 0.7038690476190477 
275 1777.6617065429687 539.078500366211 1958.8336547851563 684.0160430908203 0.8148018973214286 1524.7178588867187 689.1260528564453 1784.3976196289063 882.3760833740234 0.7206333705357143 
276 1783.4170837402344 539.3663879394531 1955.7392883300781 678.4335388183594 0.7866908482142857 1527.1428588867188 676.2242401123046 1784.1147094726562 878.7785064697266 0.7121233258928571 
277 1775.2927795410155 537.1776702880859 1956.679754638672 679.2641632080079 0.7840169270833334 1523.9089294433593 664.3810943603515 1808.0819152832032 872.9762664794922 0.7065197172619048 
278 1770.4069458007812 537.1612213134765 1955.5176147460938 682.8222381591797 0.8066638764880952 1528.5723999023437 669.2832550048828 1786.5135375976563 863.4978118896485 0.7070777529761905 
279 1772.1857360839845 534.054086303711 1952.097833251953 683.9808868408203 0.8219168526785714 1526.8823852539062 665.2976989746094 1793.7521362304688 857.2040100097656 0.6896391369047619 
280 1771.8632202148438 533.453012084961 1951.3543090820312 686.0204376220703 0.8075474330357143 1526.4436584472655 660.4774749755859 1798.671942138672 848.9431182861329 0.7037992931547619 
281 1770.9078125 538.5572540283204 1950.309716796875 682.0787933349609 0.7974330357142857 1526.64501953125 652.6385101318359 1789.76806640625 844.0005889892578 0.6767345610119048 
282 1771.7109130859376 540.1072998046875 1948.4087158203124 680.8665771484375 0.7953869047619048 1525.094219970703 649.4203491210938 1782.6537048339844 841.0925903320312 0.7082868303571429 
283 1771.5265258789063 533.5027130126953 1951.1490112304687 683.1881439208985 0.8031761532738095 1523.048681640625 649.1059326171875 1780.50771484375 834.7158447265625 0.7030552455357143 
284 1774.0157287597656 535.2650573730468 1954.257586669922 685.4666320800782 0.8107793898809523 1518.6731994628906 654.2709259033203 1789.035906982422 834.5127044677735 0.7180292038690477 
285 1772.4997863769531 534.3945617675781 1955.3099060058594 687.2358093261719 0.8130812872023809 1514.4218322753907 653.4632049560547 1796.1290710449218 833.2763580322265 0.7149832589285714 
286 1775.3995788574218 533.1832763671875 1954.7353088378907 685.1626708984375 0.8160574776785714 1508.9681091308594 648.5707061767578 1788.6101379394531 833.9855072021485 0.6984979538690477 
287 1773.8341491699218 536.0920715332031 1955.8644592285157 684.7502136230469 0.8036179315476191 1505.806005859375 646.2437927246094 1806.15615234375 831.3079650878906 0.7064034598214286 
288 1777.4543823242188 536.8347198486329 1953.7697387695312 682.7509124755859 0.8052920386904762 1512.045965576172 644.5180694580079 1779.5588928222655 829.9531829833984 0.7147739955357143 
289 1774.115673828125 535.7728546142578 1950.6814453125 678.8519622802735 0.8053850446428571 1507.5109985351562 648.2925048828125 1802.8017456054688 830.946630859375 0.7250744047619048 
290 1777.4315795898438 533.5501251220703 1959.8394165039062 688.5967864990234 0.8117094494047619 1510.2509399414062 637.2653503417969 1799.0632690429688 825.7534484863281 0.7401646205357143 
291 1779.2255615234376 537.2590942382812 1958.8210693359374 686.4147338867188 0.8213355654761905 1512.0565612792968 635.3693359375 1795.1479064941407 827.14091796875 0.7493722098214286 
292 1774.0758483886718 535.0995086669922 1957.3852111816407 681.7471099853516 0.8177780877976191 1508.982159423828 635.5671661376953 1790.0565368652344 828.0421478271485 0.7247256324404762 
293 1775.4899536132812 535.2938537597656 1958.4709838867188 687.7780456542969 0.8135463169642857 1508.5252258300782 633.5874694824219 1789.0962341308593 828.7672668457031 0.7376999627976191 
294 1780.0547424316405 537.6538604736328 1959.204168701172 689.004281616211 0.7711821056547619 1515.132080078125 632.8121307373046 1786.945068359375 824.3167144775391 0.6867327008928571 
295 1779.9758056640626 534.7375915527343 1959.1301513671874 689.1809875488282 0.7696242559523809 1511.2442932128906 632.2745178222656 1795.4201354980469 826.8731872558594 0.6842447916666666 
296 1779.9103759765626 536.0630981445313 1962.4575439453124 690.7640502929687 0.79248046875 1514.1815551757813 634.4766998291016 1792.6433959960937 823.2119598388672 0.6941964285714286 
297 1781.4133911132812 536.6989166259766 1965.1986694335938 689.3341033935546 0.77978515625 1511.8457824707032 633.0244506835937 1789.0810974121093 823.0396362304688 0.6795479910714286 
298 1783.9613220214844 534.2783386230469 1960.540264892578 689.1721008300781 0.7788318452380952 1510.9909240722657 634.8401092529297 1802.1910827636718 826.9083648681641 0.6898251488095238 
299 1781.0074645996094 531.2771697998047 1964.226055908203 689.652700805664 0.7844354538690477 1515.9733276367188 632.0832824707031 1801.6702270507812 827.7236022949219 0.6757347470238095 
