0 1763.1277099609374 468.55084228515625 1923.9538330078126 651.3078002929688 0.34902808779761907 1819.3606201171874 656.08759765625 1980.1867431640626 919.2576171875 0.6260463169642857 
1 1770.1123107910157 419.29095153808595 1923.6832214355468 1033.5748321533204 0.33997163318452384 1819.0523864746094 656.6790496826172 1987.249249267578 919.943569946289 0.6093052455357143 
2 1750.5299865722657 473.95716247558596 1926.1075866699218 649.5348419189453 0.3458775111607143 1820.5922607421876 629.2758392333984 1974.2226806640624 921.9052520751953 0.5998651413690477 
3 1757.599188232422 474.1769134521484 1925.9299865722655 649.8263214111328 0.35971214657738093 1833.3198547363281 642.5076110839843 1979.6944274902344 920.6192199707032 0.5577334449404762 
4 1745.3364196777343 466.9436920166016 1935.4307922363282 635.1039764404297 0.3287876674107143 1809.7322570800782 632.5731536865235 1977.8926208496093 925.0257843017578 0.5490025111607143 
5 1764.006298828125 472.3139175415039 1918.015673828125 640.9908615112305 0.2975492931547619 1820.4199951171875 651.4273895263672 1974.4293701171875 930.1110015869141 0.5094517299107143 
6 1805.1497131347655 408.83222045898435 1944.029608154297 1037.4458557128905 0.2773321242559524 1817.80078125 637.9557281494141 1993.227783203125 937.6435760498047 0.5155087425595238 
7 1795.99833984375 444.6304244995117 1927.4875 649.1691665649414 0.28775460379464285 1812.5749938964843 656.1931579589843 1995.1988098144532 926.4765197753907 0.5662202380952381 
8 1800.7276245117187 399.95381317138674 1939.2877563476563 1063.583937072754 0.2802327473958333 1806.0568969726562 620.6964080810546 1995.6655151367188 926.9872467041016 0.5580589657738095 
9 1793.9182067871093 439.5788375854492 1932.5933898925782 665.8383071899414 0.30854724702380953 1811.3227844238281 632.4327606201172 1993.7901306152344 938.9778228759766 0.5789620535714286 
10 1814.1943115234376 386.4714691162109 1945.3095947265624 1049.3320587158203 0.2759893508184524 1812.2331176757812 655.1457702636719 2008.9060424804688 931.9446838378906 0.5226469494047619 
11 1676.5350646972656 852.220590209961 3622.641571044922 1092.7506622314454 0.25388881138392855 1811.0973022460937 641.1260498046875 2007.8946411132813 961.8328125 0.5735677083333334 
12 1805.748553466797 414.9426528930664 1915.2010314941406 1057.0636642456054 0.28490629650297616 1807.7131408691407 633.8475341796875 1997.4307800292968 984.0953369140625 0.5786597842261905 
13 1712.192803955078 476.2513488769531 1909.4298767089845 616.7080017089844 0.7149832589285714 1825.0638671875 716.8207183837891 1980.462744140625 943.9421600341797 0.7218191964285714 
14 1707.648992919922 481.2535873413086 1909.4065490722655 622.7850173950195 0.7011951264880952 1823.700177001953 739.8785430908204 1983.2994567871094 968.7379730224609 0.7292596726190477 
15 0.0 0.0 0.0 0.0 0.20289248511904762 0.0 0.0 0.0 0.0 0.20289248511904762 
16 1723.067919921875 472.87210540771486 1908.493115234375 627.3930618286133 0.6927083333333334 1854.886212158203 789.2835479736328 2031.0401794433594 1024.1554779052735 0.7900158110119048 
17 1732.5001892089845 479.7178695678711 1908.378350830078 617.9078933715821 0.6734561011904762 1900.1642822265626 856.2373016357421 2088.6052490234374 1060.381655883789 0.8422154017857143 
18 1727.3858581542968 472.5887222290039 1914.7856506347657 633.217155456543 0.6758045014880952 1952.196954345703 902.3041046142578 2184.2160095214845 1116.475375366211 0.7795991443452381 
19 1714.5618713378906 470.1712356567383 1910.314227294922 636.9230941772461 0.7063569568452381 2019.34423828125 993.1531433105469 2280.34716796875 1170.7800842285155 0.8908342633928571 
20 1732.3045471191406 478.4861129760742 1908.061785888672 626.9033218383789 0.6828031994047619 2076.6086669921874 1096.49072265625 2392.9714111328126 1252.71923828125 0.9044828869047619 
21 1726.6412292480468 485.9643249511719 1909.8960021972657 619.2405090332031 0.6452287946428571 2154.0219604492186 1182.3002563476562 2520.5315063476564 1361.3901733398438 0.9401739211309523 
22 1752.7365844726562 476.5843978881836 1917.9511596679688 641.7989334106445 0.6651553199404762 2215.9392944335937 1260.3500122070313 2598.5414184570313 1473.3897338867187 0.9283621651785714 
23 1761.9523071289063 484.14114837646486 1917.7329956054687 653.2744094848633 0.5949125744047619 2276.713037109375 1318.1664184570313 2659.488134765625 1558.5137573242187 0.9161318824404762 
24 1749.8755859375 494.5130813598633 1902.9505859375 638.3108627319336 0.6237211681547619 2318.465466308594 1369.074688720703 2708.110949707031 1633.4769470214844 0.9212472098214286 
25 1753.5484130859375 474.26879425048827 1912.8485595703125 652.3102767944335 0.6657366071428571 2362.4572631835936 1409.3468078613282 2741.9668090820314 1667.0383239746093 0.9290597098214286 
26 1764.5682250976563 490.57044677734376 1913.0897338867187 653.4649536132813 0.6811755952380952 2390.3483276367188 1441.4024475097656 2768.8384399414062 1700.117205810547 0.93408203125 
27 1741.4755310058595 494.89175567626955 1907.603692626953 636.5894149780273 0.6568777901785714 2400.7265014648438 1461.2170959472655 2781.8445434570312 1729.954168701172 0.9465680803571429 
28 1748.54931640625 485.1442443847656 1908.65625 650.2545593261718 0.6758510044642857 2420.921484375 1478.1151794433595 2791.16884765625 1743.292169189453 0.9223865327380952 
29 1750.04736328125 487.4693069458008 1916.8193359375 644.4311752319336 0.6911737351190477 2434.114294433594 1478.1024536132813 2787.278527832031 1747.8807006835937 0.9324544270833334 
30 1745.6325073242188 498.9625244140625 1913.8914184570312 647.42626953125 0.6678292410714286 2453.3096923828125 1489.86279296875 2789.8275146484375 1727.40478515625 0.9287109375 
31 1786.7080200195312 515.7828796386718 1915.1601440429688 634.3540832519532 0.6198149181547619 2464.3121826171873 1487.5349487304688 2780.5022705078127 1714.7965942382812 0.9185965401785714 
32 1762.0143737792969 513.322866821289 1913.7447814941406 625.8970428466797 0.6809663318452381 2475.4863403320314 1493.3584106445312 2774.0524780273436 1694.0341674804688 0.9201543898809523 
33 1762.8487487792968 522.6648956298828 1911.2739318847657 626.5624603271484 0.60107421875 2488.419470214844 1488.7605773925782 2780.322473144531 1696.5557067871093 0.9164109002976191 
34 1795.6140869140625 526.9934020996094 1913.9083740234375 620.6430725097656 0.5427711123511905 2496.0906372070312 1488.8928283691407 2786.8973999023438 1690.9788757324218 0.9265950520833334 
35 1783.2449768066406 526.5242095947266 1918.459735107422 631.6913055419922 0.5258324032738095 2494.567419433594 1490.1705383300782 2775.012902832031 1690.4887634277343 0.9070405505952381 
36 1803.5774291992188 534.0950286865234 1916.1083618164062 627.0554229736329 0.47286551339285715 2514.140979003906 1492.6785705566406 2763.666394042969 1693.277362060547 0.9316871279761905 
37 1823.6201171875 546.1242797851562 1925.922119140625 633.8117553710938 0.33955310639880953 2518.7494384765623 1491.949951171875 2767.1973388671877 1696.553955078125 0.9166434151785714 
38 1834.8837585449219 541.9411926269531 1928.3648986816406 635.4223327636719 0.3137788318452381 2521.232214355469 1497.7578247070312 2767.235314941406 1704.4003784179688 0.9226190476190477 
39 1826.3220275878907 536.1725769042969 1934.4754577636718 634.4938049316406 0.34801664806547616 2525.726806640625 1499.9103576660157 2766.614013671875 1701.4689147949218 0.9145275297619048 
40 1869.4616760253907 562.2907104492188 1948.0667663574218 650.7214965820312 0.28591192336309523 2530.9921875 1505.9308959960938 2771.720703125 1702.4438598632812 0.8983444940476191 
41 1825.9613525390625 544.5276611328125 1924.0142333984375 632.7753173828125 0.3302525111607143 2523.834094238281 1509.9718017578125 2783.674450683594 1696.2723388671875 0.8943917410714286 
42 1863.9067504882812 537.6084991455078 1937.5881225585938 635.8503021240234 0.29013788132440477 2528.5503173828124 1514.1696533203126 2769.2426513671876 1695.9170166015624 0.9148995535714286 
43 1810.8087951660157 542.0951477050781 1929.0797546386718 630.7984069824219 0.4633207775297619 2524.414697265625 1512.523419189453 2765.884619140625 1699.7857849121094 0.9188058035714286 
44 1806.6576538085938 531.2948425292968 1924.8621215820312 634.7237121582032 0.49281529017857145 2521.9459716796873 1515.3845703125 2778.0554931640627 1692.69111328125 0.9105980282738095 
45 1797.444110107422 533.5536682128907 1925.1841857910156 636.7283142089843 0.5269135974702381 2524.012731933594 1515.791278076172 2774.579797363281 1687.7491271972656 0.9144345238095238 
46 1800.777655029297 529.2078002929687 1927.7820373535155 641.5578247070313 0.49302455357142855 2519.40458984375 1506.3524169921875 2768.528515625 1682.2047119140625 0.9142252604166666 
47 1795.5592712402345 530.5547424316406 1932.529473876953 628.3906921386719 0.45546177455357145 2518.9807739257812 1499.8830993652343 2778.2460327148438 1675.9878723144532 0.9095517113095238 
48 1798.224102783203 533.8451171875 1935.0067321777344 631.54697265625 0.4913736979166667 2513.7021240234376 1489.444287109375 2767.7270751953124 1675.077685546875 0.9298967633928571 
49 1791.5659423828124 538.1443542480469 1933.4697021484376 631.1157775878906 0.5187058221726191 2497.885302734375 1477.4569213867187 2781.692822265625 1682.9727661132813 0.9318963913690477 
50 1817.0210205078124 544.5637481689453 1939.9579833984376 633.078402709961 0.42109607514880953 2480.6919677734377 1467.3480346679687 2785.5756103515623 1688.6346313476563 0.9237118675595238 
51 1848.8272521972656 553.0287048339844 1970.372332763672 630.8174865722656 0.24751209077380953 2468.5197875976564 1451.9005554199218 2794.2602416992186 1680.4052307128907 0.9351981026785714 
52 1874.7303344726563 642.8458068847656 1908.3560913085937 652.4531433105469 0.18126278831845238 2451.1708251953123 1440.8094177246094 2773.0166748046877 1676.1892395019531 0.9320359002976191 
53 2446.601599121094 1424.0318725585937 2760.949914550781 1662.1746704101563 0.9211774553571429 
54 2435.8152709960937 1412.794500732422 2758.6478637695313 1645.4238830566405 0.9069940476190477 
55 2033.8936157226562 256.38695526123047 2222.3063354492188 377.1644058227539 0.3219401041666667 2436.7329711914062 1411.5766479492188 2741.0919799804688 1633.8071411132812 0.904296875 
56 2020.7074829101562 978.7880035400391 2148.879675292969 1144.9370330810548 0.199462890625 2427.1337036132813 1399.4554931640625 2735.6961303710937 1622.5698974609375 0.9115513392857143 
57 2021.1307250976563 285.61304473876953 2221.899792480469 491.1622543334961 0.20362490699404762 2427.0811767578125 1401.79326171875 2742.5755615234375 1621.683056640625 0.9165504092261905 
58 2062.130749511719 305.234147644043 2234.349963378906 410.4792007446289 0.35379464285714285 2436.19228515625 1407.547052001953 2747.14365234375 1622.8209899902345 0.9264555431547619 
59 2063.9521484375 327.8233337402344 2244.796875 435.3526306152344 0.3554106212797619 2442.37255859375 1412.70361328125 2764.96044921875 1632.64990234375 0.9153645833333334 
60 2067.526965332031 364.55245513916014 2241.128063964844 483.59326629638673 0.22263881138392858 2455.935827636719 1418.178204345703 2768.417932128906 1631.4596130371094 0.9113188244047619 
61 2080.047888183594 356.2558334350586 2243.613977050781 465.29980010986327 0.28140113467261907 2453.885852050781 1411.8091552734375 2781.017712402344 1624.9406005859375 0.9175269717261905 
62 2090.624401855469 353.75426025390624 2264.760607910156 443.310009765625 0.44773065476190477 2458.7979248046877 1411.0095703125 2792.1444580078123 1624.9484375 0.9209681919642857 
63 2063.8974365234376 368.11036682128906 2249.1772705078124 478.27671813964844 0.2719145275297619 2480.2956665039064 1420.2760803222657 2795.7719604492186 1625.5861022949218 0.92431640625 
64 2088.750109863281 350.02469940185546 2257.514294433594 449.29771881103517 0.4161900111607143 2507.0331298828123 1431.1463562011718 2789.9614990234377 1624.7287658691407 0.9297572544642857 
65 2079.551232910156 348.68941192626954 2256.898718261719 447.21570892333983 0.3576078869047619 2525.1933471679686 1431.9103149414063 2781.3615844726564 1633.8892456054687 0.9425920758928571 
66 2090.8811889648437 353.2570831298828 2254.3749145507813 457.2985809326172 0.3122442336309524 2530.866418457031 1424.732244873047 2778.584020996094 1622.9065490722655 0.9319661458333334 
67 2082.956396484375 362.00439605712893 2255.709130859375 470.59188690185545 0.24347214471726192 2537.0494750976563 1417.5049438476562 2788.7749877929687 1624.8082885742188 0.9427083333333334 
68 2089.3447875976562 345.2600891113281 2258.4352416992188 464.6180847167969 0.2691766648065476 2546.883581542969 1412.5960510253906 2795.546350097656 1631.418963623047 0.9404064360119048 
69 2088.2667846679688 348.8197875976563 2257.4873657226562 443.3843139648437 0.45456659226190477 2541.1809692382812 1407.598077392578 2799.9891967773438 1616.6354431152345 0.9417550223214286 
70 1863.9363830566406 345.8396270751953 2272.3637878417967 450.4368621826172 0.25741141183035715 2535.1978515625 1401.582012939453 2804.16201171875 1620.7381774902344 0.9405226934523809 
71 2058.9299194335936 337.2418609619141 2257.7534301757814 441.6242279052734 0.2964390345982143 2536.4888671875 1399.609881591797 2804.90078125 1608.3746154785156 0.9403134300595238 
72 1761.2609924316407 567.000244140625 1975.1949401855468 940.140869140625 0.21223377046130953 2528.0172485351563 1396.7119201660157 2796.6783081054687 1610.6458679199218 0.9404761904761905 
73 1869.0289306640625 762.7405151367187 2176.5633544921875 817.3030639648438 0.18781970796130953 2517.293249511719 1396.8872985839844 2795.066369628906 1610.1772766113281 0.9353376116071429 
74 1884.0289428710937 782.9205871582031 1903.8567993164063 817.6195739746094 0.16689918154761904 2518.3331665039063 1399.684796142578 2790.9678588867187 1607.8785583496094 0.9295479910714286 
75 2502.555944824219 1400.6619018554688 2785.134240722656 1608.8774047851562 0.9302222842261905 
76 1894.4879211425782 768.0296478271484 1914.1677185058593 945.1479034423828 0.18700009300595238 2490.9375732421877 1399.864971923828 2786.1346923828123 1611.4229919433594 0.9231073288690477 
77 2482.588269042969 1401.0089538574218 2778.009143066406 1612.7272521972657 0.9137602306547619 
78 1766.5944702148438 722.9124877929687 1899.7514770507812 930.0453979492188 0.2015438988095238 2471.264050292969 1405.1993286132813 2777.031604003906 1617.2640502929687 0.9168294270833334 
79 2462.6048950195313 1406.0925354003907 2773.7000366210937 1623.3653503417968 0.9082728794642857 
80 1808.4845397949218 733.8503631591797 1871.5375549316407 777.5024810791016 0.19345819382440477 2463.8256103515623 1407.6597412109375 2764.5401123046877 1625.9200927734375 0.9164574032738095 
81 1750.4634887695313 718.1339324951172 1941.0699584960937 779.8006988525391 0.2248477027529762 2466.9623291015623 1402.2901306152344 2764.0840576171877 1626.5329895019531 0.8874860491071429 
82 3195.524035644531 867.9355224609375 3538.620251464844 1196.7358642578124 0.3180454799107143 2432.9049682617188 1390.0023559570313 2761.7056274414062 1625.8809448242187 0.8424014136904762 
83 3183.7403564453125 871.5696594238282 3534.8323974609375 1165.3406188964843 0.4646577380952381 2421.7546875 1385.2554077148438 2737.02119140625 1621.7052856445312 0.8209867931547619 
84 3185.511926269531 862.5821411132813 3550.058142089844 1162.7967651367187 0.3805571056547619 2404.184130859375 1382.1844116210937 2725.842724609375 1610.9193481445313 0.8336821056547619 
85 1714.0263305664062 718.9910308837891 1856.9568237304688 799.9849822998046 0.3504231770833333 2382.684045410156 1381.6017700195312 2701.895300292969 1595.9973510742188 0.9294549851190477 
86 1701.1066833496093 671.3212921142579 1878.4295715332032 736.6508148193359 0.34196544828869047 2360.86279296875 1369.4853515625 2668.8447265625 1574.806640625 0.9243861607142857 
87 1749.0121704101562 665.0593841552734 1870.8589233398438 741.7777130126954 0.2840576171875 2327.6972900390624 1344.2420471191406 2639.0834716796876 1551.832781982422 0.9097144717261905 
88 1753.3660705566406 569.9095062255859 1912.695574951172 689.4065948486328 0.4542875744047619 2289.4009033203124 1323.3203063964843 2612.4858154296876 1522.4823059082032 0.9269903273809523 
89 1759.9389892578124 549.713510131836 1905.8005126953126 682.7047637939453 0.489501953125 2262.533728027344 1297.5006530761718 2571.416711425781 1499.1325256347657 0.9058314732142857 
90 1750.2319580078124 515.2339630126953 1911.1342529296876 659.1992034912109 0.6392996651785714 2229.1931396484374 1271.5399597167968 2529.8263916015626 1466.3163635253907 0.9449869791666666 
91 1730.3923461914062 514.7470855712891 1907.7119018554688 675.5717010498047 0.6512044270833334 2181.938525390625 1239.568359375 2487.093212890625 1441.630126953125 0.9339192708333334 
92 1741.4287109375 503.17328186035155 1903.474853515625 649.0148895263671 0.6801060267857143 2171.3186645507812 1210.723077392578 2442.7460327148438 1409.2296813964845 0.9291527157738095 
93 1739.4338806152343 508.2509033203125 1903.1099426269532 636.853466796875 0.6775948660714286 2113.400390625 1184.0886840820312 2413.47314453125 1378.9411010742188 0.8919270833333334 
94 1742.9435119628906 500.191552734375 1912.1664733886719 646.338720703125 0.6933826264880952 2081.68544921875 1147.7951049804688 2366.2876953125 1347.7859497070312 0.90771484375 
95 1751.814764404297 498.8325134277344 1915.2388244628905 636.2572082519531 0.6763625372023809 2050.3779174804686 1114.3867248535157 2325.2273071289064 1314.9525085449218 0.9052036830357143 
96 1728.7592468261719 484.2281951904297 1912.6183166503906 664.4821929931641 0.6839425223214286 2027.0101684570313 1089.4654846191406 2293.7859741210937 1287.7448425292969 0.9010184151785714 
97 1724.2669067382812 485.47471008300784 1910.4389038085938 654.0834564208984 0.6791294642857143 2013.7928100585937 1062.3651062011718 2266.7059692382813 1266.1005920410157 0.9122721354166666 
98 1714.9390869140625 480.0749801635742 1912.8907470703125 650.2440200805664 0.6673874627976191 1999.7117492675782 1037.0647766113282 2253.2290466308596 1241.9622009277343 0.9127371651785714 
99 1737.6098022460938 481.9378036499023 1911.5562133789062 645.6520706176758 0.6960797991071429 1986.0671997070312 1020.6994873046875 2235.0492553710938 1221.9316162109376 0.9151088169642857 
100 1728.8043518066406 476.58077545166014 1914.0265808105469 651.6999557495117 0.6944521949404762 1980.0848083496094 998.9592163085938 2232.660430908203 1204.3874633789062 0.8973679315476191 
101 1735.418231201172 482.5025833129883 1909.5787170410156 643.2660629272461 0.7139369419642857 1973.858380126953 987.9800659179688 2225.051165771484 1188.9344848632813 0.8883928571428571 
102 1731.982440185547 479.99253845214844 1910.1863830566406 644.7471466064453 0.7268415178571429 1978.0797546386718 977.1015075683594 2220.1684143066404 1182.204278564453 0.9104120163690477 
103 1728.9537048339844 482.25479278564455 1907.9980773925781 647.7863143920898 0.7273530505952381 1978.8102294921875 971.3134613037109 2222.0403564453127 1177.3833770751953 0.9185965401785714 
104 1722.4772644042969 483.0968978881836 1906.2823791503906 646.4791824340821 0.7263764880952381 1992.2936889648438 971.4109832763672 2220.3481567382814 1168.831265258789 0.9088774181547619 
105 1730.0623596191406 481.6380783081055 1910.488299560547 645.0427383422851 0.7331891741071429 1988.2625244140625 967.0075042724609 2223.1569091796873 1167.8590118408204 0.916015625 
106 1723.8443115234375 483.57489624023435 1904.0885498046875 646.8148742675781 0.7238188244047619 1993.4257019042968 962.4383026123047 2217.8805725097654 1169.8891510009767 0.9124348958333334 
107 1722.3646423339844 483.2261505126953 1909.490216064453 646.5358734130859 0.7315383184523809 1992.4537048339844 955.8820831298829 2220.406768798828 1173.628353881836 0.9040178571428571 
108 1723.5452392578125 491.39525451660154 1903.8180419921875 645.4466033935547 0.7164481026785714 1998.4928283691406 962.2477874755859 2221.375701904297 1165.4644317626953 0.9096447172619048 
109 1723.3272216796875 488.2693130493164 1903.2953369140625 647.8637130737304 0.7243071056547619 1994.3241821289062 966.7912231445313 2225.226843261719 1167.1330932617188 0.9134114583333334 
110 1724.755926513672 483.54933166503906 1904.8140197753905 649.7567596435547 0.7346772693452381 2002.7006286621095 964.7251647949219 2220.847833251953 1162.0964904785155 0.9187127976190477 
111 1730.7090881347656 482.8046478271484 1909.913104248047 654.9809356689453 0.7513485863095238 1998.0284484863282 970.0067596435547 2226.4255310058593 1159.7520904541016 0.9225027901785714 
112 1731.672430419922 485.31705474853516 1907.8901916503905 650.9617233276367 0.7483956473214286 2002.912286376953 971.2713439941406 2224.9464782714845 1154.537860107422 0.9196661086309523 
113 1724.6089294433593 493.71727752685547 1906.5471984863282 647.1161270141602 0.7365838913690477 1996.4185852050782 970.6532409667968 2224.7331481933593 1152.5915100097657 0.9070172991071429 
114 1729.2369140625 491.1730590820313 1903.45595703125 647.6145385742187 0.7378162202380952 1990.7021057128907 969.2495788574219 2221.809002685547 1154.1350646972655 0.9167364211309523 
115 1725.7192016601562 489.7445007324219 1908.2971557617188 647.2627014160156 0.7489536830357143 1990.6361328125 965.6035675048828 2216.1734375 1151.7613616943358 0.9059012276785714 
116 1725.5824340820313 486.9727386474609 1908.4803100585937 648.3532501220703 0.7548130580357143 1988.2050048828125 966.4245819091797 2214.1377685546877 1156.4949127197265 0.9074125744047619 
117 1730.2729797363281 488.15304412841795 1908.6873474121094 648.7260147094727 0.7459774925595238 1978.9552734375 960.8140472412109 2214.46220703125 1164.2065216064452 0.8979724702380952 
118 1720.1315979003907 490.47920684814454 1906.4945007324218 647.6086532592774 0.7258184523809523 1978.8752075195312 976.2031494140625 2212.742224121094 1162.5658935546876 0.8946242559523809 
119 1720.3752685546874 490.07397613525393 1908.9723876953126 646.029264831543 0.7258184523809523 1973.977069091797 976.9111968994141 2213.350201416016 1169.1351287841796 0.9057152157738095 
120 1725.6392333984375 490.7643814086914 1909.9459716796875 649.7741622924805 0.7576729910714286 1971.9375854492187 985.0290100097657 2214.0660766601563 1172.9496276855468 0.8939964657738095 
121 1721.95654296875 494.8034942626953 1903.53125 647.3263275146485 0.7518833705357143 1965.8254455566407 988.2679748535156 2212.767205810547 1173.4743347167969 0.9105515252976191 
122 1725.5451354980469 488.4746917724609 1909.3312072753906 647.0352569580078 0.7434430803571429 1961.9999572753907 992.8469451904297 2210.651776123047 1176.6330963134765 0.9011579241071429 
123 1726.7817016601562 493.8868606567383 1906.4936889648438 648.4391586303711 0.7491629464285714 1965.798602294922 1000.1216583251953 2206.612652587891 1176.2393646240234 0.8999953497023809 
124 1724.8969970703124 490.2690658569336 1909.6061767578126 649.6259841918945 0.7487444196428571 1958.4997680664062 993.9706207275391 2219.2656127929686 1182.3015350341798 0.8955543154761905 
125 1728.3403686523438 489.18199768066404 1908.5182739257812 647.7385955810547 0.7473028273809523 1961.6015197753907 1001.8576080322266 2210.246990966797 1185.6391571044921 0.8998790922619048 
126 1727.660711669922 489.20550231933595 1908.5281311035155 648.3687774658204 0.7542782738095238 1954.162371826172 991.8776794433594 2221.846051025391 1183.5970520019532 0.9032970610119048 
127 1725.6635681152343 494.9070220947266 1906.3824523925782 650.3253387451172 0.7476515997023809 1944.3334655761719 982.0140655517578 2229.8692932128906 1180.804965209961 0.9185035342261905 
128 1728.146307373047 491.2078826904297 1910.1118713378905 651.3375885009766 0.7587425595238095 1928.1684265136719 959.9792053222657 2244.7887268066406 1181.9772155761718 0.9226422991071429 
129 1730.5706176757812 490.6380340576172 1906.3419799804688 652.060757446289 0.7504650297619048 1921.3804992675782 937.6547454833984 2237.0515075683593 1170.8209014892577 0.9225725446428571 
130 1727.323260498047 481.8004486083984 1912.6429260253906 663.5563018798828 0.7654622395833334 1901.951397705078 918.9191528320313 2236.952288818359 1161.2602905273438 0.9147135416666666 
131 1730.2967468261718 479.03819274902344 1914.9670471191407 660.1570587158203 0.7576962425595238 1902.4006469726562 903.6978149414062 2229.1249877929686 1145.1896362304688 0.8957635788690477 
132 1727.2437133789062 480.7869384765625 1913.0761108398438 663.1132080078125 0.7671828497023809 1894.061346435547 897.359262084961 2223.6511779785155 1139.2921661376954 0.8908342633928571 
133 1736.3424499511718 481.359619140625 1915.7575256347657 664.292724609375 0.75732421875 1894.7852661132813 891.6059783935547 2225.471813964844 1130.8262115478515 0.9089936755952381 
134 1738.8013610839844 484.68079528808596 1914.1196594238281 656.4927276611328 0.7524181547619048 1891.3282287597656 880.7652374267578 2217.4201843261717 1126.210775756836 0.9092261904761905 
135 1740.0379455566406 485.6625091552734 1909.780780029297 655.4054229736328 0.7527901785714286 1895.5245239257813 865.5188873291015 2172.655895996094 1114.9371063232422 0.9060639880952381 
136 1729.495623779297 494.1940856933594 1902.1294982910156 650.2285217285156 0.7238885788690477 1894.08525390625 850.5706390380859 2123.15693359375 1082.9623809814452 0.8802083333333334 
137 1729.3608154296876 489.31089782714844 1909.1943603515624 653.0879669189453 0.7420247395833334 1868.5589538574218 823.4111389160156 2083.7170471191407 1067.4710632324218 0.8607003348214286 
138 1729.4286560058595 498.19379272460935 1906.487481689453 643.6349426269531 0.7352585565476191 1863.5604431152344 783.9687042236328 2037.457501220703 1024.2628021240234 0.8423316592261905 
139 1721.755108642578 495.0170211791992 1903.5299255371094 639.1832046508789 0.7464890252976191 1847.5992553710937 742.3657623291016 2004.3016235351563 999.3576873779297 0.8051990327380952 
140 1730.20947265625 492.6621719360352 1911.869873046875 646.1339401245117 0.7460704985119048 1830.5563842773438 716.1237884521485 1977.7639282226562 979.2181915283203 0.7931315104166666 
141 1730.8988830566407 486.93910064697263 1906.3876159667968 643.9554000854492 0.7375837053571429 1825.5112670898438 694.0443145751954 1960.9762817382812 964.9744232177734 0.7566964285714286 
142 1728.3711364746093 486.82764892578126 1902.3208801269532 642.4667846679688 0.7257719494047619 1821.8015991210937 690.4731262207031 1959.1302856445313 952.9234802246094 0.7660900297619048 
143 1729.3513061523438 492.2197036743164 1903.5490844726562 645.0246505737305 0.7501627604166666 1815.8625 692.8643463134765 1953.38701171875 940.4084197998047 0.7484421502976191 
144 1728.3782470703125 490.225358581543 1898.3551513671875 645.0257705688476 0.7469308035714286 1815.9350891113281 691.8394256591797 1955.5589294433594 940.7341217041015 0.6809430803571429 
145 1730.6517761230468 489.0980743408203 1904.6554748535157 644.785531616211 0.7599516369047619 1809.317431640625 688.9322387695313 1952.794140625 923.9897583007812 0.7333286830357143 
146 1726.457293701172 490.19561157226565 1910.0123107910156 646.2173522949219 0.7642299107142857 1806.7038513183593 684.6932647705078 1947.4293273925782 929.4332611083985 0.7314220610119048 
147 1730.2178344726562 487.9902114868164 1905.5797729492188 647.969596862793 0.7583937872023809 1805.8293090820312 681.5747436523437 1941.1965698242188 927.6968627929688 0.7391183035714286 
148 1725.7538757324219 493.2263412475586 1897.3714904785156 643.3918533325195 0.7360723586309523 1805.4334411621094 678.2811676025391 1940.2759094238281 920.3846649169922 0.7510463169642857 
149 0.0 0.0 0.0 0.0 0.20289248511904762 0.0 0.0 0.0 0.0 0.20289248511904762 
150 1730.7705078125 489.2474884033203 1896.072998046875 642.3054290771485 0.7159830729166666 1820.3682067871093 684.9261901855468 1964.2427551269532 917.5742980957032 0.7219587053571429 
151 1726.3241333007813 492.54522094726565 1900.2464233398437 642.0574401855469 0.7280040922619048 1836.1698120117187 698.03642578125 1973.4769165039063 917.7278564453125 0.7186104910714286 
152 1730.8672119140624 493.95323486328124 1899.1042236328126 640.7783325195312 0.7232375372023809 1830.5152648925782 696.8965270996093 1971.2226501464843 920.1929504394532 0.7367931547619048 
153 1734.781317138672 487.1342346191406 1903.6484924316405 646.7903259277343 0.7413969494047619 1822.6395263671875 688.8299530029296 1966.9439697265625 922.1735260009766 0.7505580357142857 
154 1726.1013305664062 487.09745025634766 1905.0903198242188 647.5703659057617 0.7484886532738095 1816.5454162597657 691.6054229736328 1952.3301940917968 910.7126312255859 0.7101236979166666 
155 1730.8043518066406 489.5574325561523 1903.5153503417969 646.8478713989258 0.7437220982142857 1815.0246948242188 685.3994567871093 1956.8944946289062 913.6248352050782 0.7394670758928571 
156 1729.5483154296876 489.274365234375 1907.1665283203124 642.3934814453125 0.7337704613095238 1826.013360595703 698.5763916015625 1963.8205017089845 916.005517578125 0.7290969122023809 
157 1781.714825439453 489.4021591186523 1912.4544860839844 634.6685501098633 0.6709216889880952 1817.4726196289062 704.2288269042969 1977.2656616210938 972.9716125488281 0.7152157738095238 
158 1733.1359436035157 491.6463088989258 1900.7821472167968 641.0036849975586 0.7256091889880952 1822.7035034179687 695.5179779052735 1965.9647094726563 927.1743438720703 0.7722516741071429 
159 1730.3514099121094 494.7590057373047 1900.4360656738281 640.545864868164 0.7398623511904762 1820.2999938964845 690.893798828125 1960.012384033203 918.685791015625 0.7344215029761905 
160 1726.60693359375 492.3865509033203 1902.84326171875 641.2759857177734 0.7339099702380952 1812.6215393066407 683.9326629638672 1952.3951843261718 914.8631744384766 0.7153785342261905 
161 1732.8377868652344 494.83021545410156 1899.850811767578 640.5870819091797 0.7310035342261905 1822.4174438476562 690.9245391845703 1962.1011108398438 918.6696380615234 0.7446521577380952 
162 1732.8220947265625 493.4748245239258 1899.3712646484375 641.8549789428711 0.7320498511904762 1829.1411682128905 695.6632232666016 1968.436834716797 928.8320770263672 0.7399321056547619 
163 1727.1684814453124 494.89500427246094 1902.6037353515626 646.1322784423828 0.7458379836309523 1823.7276550292968 692.5504913330078 1968.9155334472657 925.4559173583984 0.7307477678571429 
164 1731.9968994140625 492.93706665039065 1900.8248779296875 646.6911071777344 0.7356770833333334 1822.5564208984374 685.9992309570313 1970.2809814453126 915.1229614257812 0.7328171502976191 
165 0.0 0.0 0.0 0.0 0.20114281063988096 0.0 0.0 0.0 0.0 0.20114281063988096 
166 0.0 0.0 0.0 0.0 0.20114281063988096 0.0 0.0 0.0 0.0 0.20114281063988096 
167 0.0 0.0 0.0 0.0 0.20114281063988096 0.0 0.0 0.0 0.0 0.20114281063988096 
168 1729.805157470703 496.9650817871094 1897.7452575683594 637.4239562988281 0.7197265625 1819.1775512695312 682.4037506103516 1965.7433471679688 905.3059051513671 0.7135881696428571 
169 1722.1584838867188 496.16709289550784 1903.0505004882812 643.3334564208984 0.7289574032738095 1818.3826782226563 683.0730834960938 1962.4830444335937 906.8885864257812 0.7072870163690477 
170 1726.3168823242188 497.0342529296875 1902.0920532226562 645.5338623046875 0.73779296875 1815.7197998046875 676.422705078125 1964.2194091796875 906.748681640625 0.7504650297619048 
171 1729.1273681640625 496.8307586669922 1901.3557861328125 638.843618774414 0.7391415550595238 1816.2874755859375 674.2887115478516 1958.3004150390625 909.9696502685547 0.7511625744047619 
172 1724.9947570800782 496.587841796875 1905.6320739746093 644.1083251953125 0.7497442336309523 1815.19755859375 679.0779418945312 1956.69697265625 910.8959350585938 0.7275158110119048 
173 1723.836474609375 498.23585205078126 1898.6896484375 636.9124633789063 0.7338634672619048 1815.4372985839843 674.944204711914 1960.1433898925782 910.0916229248047 0.7544410342261905 
174 1725.804425048828 498.5834136962891 1897.8990661621094 640.4859832763672 0.7337239583333334 1817.1934204101562 680.8969085693359 1962.1151733398438 913.3756134033204 0.7601143973214286 
175 1724.51474609375 496.0832153320313 1897.359521484375 638.6042846679687 0.7381184895833334 1814.3194213867187 676.8587219238282 1956.8404907226563 910.3507507324218 0.7539992559523809 
176 1724.0610107421876 496.76292114257814 1897.0644775390624 636.3797790527344 0.7386532738095238 1803.9088317871094 674.3191070556641 1952.631085205078 914.0958709716797 0.7085193452380952 
177 1718.9726501464843 500.9109802246094 1897.1524719238282 636.0819396972656 0.7367931547619048 1800.5006103515625 668.102328491211 1947.9598388671875 910.7956817626953 0.7400018601190477 
178 1719.7901184082032 498.8279083251953 1900.9790466308593 633.9518157958985 0.7430013020833334 1792.194757080078 662.5357269287109 1939.6027282714845 914.3576446533203 0.7429547991071429 
179 1713.5348022460937 498.61854858398436 1902.6324340820313 635.0168273925781 0.7496047247023809 1780.541571044922 664.5857177734375 1926.2398010253905 912.5826171875 0.7619977678571429 
180 1727.8693603515626 491.24278717041017 1907.9218994140624 649.5647994995118 0.7676943824404762 1776.8226440429687 666.0417541503906 1925.8316528320313 923.7031188964844 0.7432570684523809 
181 1732.9583862304687 488.7587158203125 1906.5359985351563 646.8382080078125 0.7753673735119048 1777.6642333984375 673.0656311035157 1935.7437255859375 948.9298522949218 0.7630905877976191 
182 1733.3606994628906 488.6120803833008 1909.305194091797 648.8471176147461 0.7813662574404762 1772.3922973632812 702.7421905517579 1945.1948608398438 976.0844085693359 0.7853655133928571 
183 1727.823583984375 495.2261962890625 1902.23623046875 650.612060546875 0.7522786458333334 1784.904034423828 729.4026641845703 1972.0013610839844 1011.6341400146484 0.8237537202380952 
184 1727.373846435547 494.87176208496095 1904.3342834472655 652.5274688720704 0.7682291666666666 1804.3454650878907 761.4262329101563 2000.6107116699218 1054.2153686523438 0.8594447544642857 
185 1734.9001098632812 492.5132400512695 1903.5068725585938 651.3927352905273 0.7569289434523809 1841.9006042480469 828.3549774169921 2055.9015197753906 1081.265200805664 0.8529110863095238 
186 1731.3832275390625 485.13737030029296 1910.5305908203125 657.7702529907226 0.7462797619047619 1878.4593811035156 877.7580963134766 2129.265594482422 1122.0499481201173 0.7991768973214286 
187 1732.430029296875 484.038151550293 1912.139794921875 653.3800918579102 0.7611839657738095 1912.2726989746093 945.1427185058594 2192.205450439453 1173.236065673828 0.8844633556547619 
188 1720.0697143554687 493.63536376953124 1905.4476196289063 642.6646850585937 0.7619512648809523 1962.7666076660157 1004.1936401367187 2249.920770263672 1211.3808227539062 0.9182245163690477 
189 1730.2797973632812 495.46811828613284 1909.0117065429688 651.3831390380859 0.7639508928571429 2003.2042236328125 1073.2020263671875 2326.4427490234375 1267.1451416015625 0.9109235491071429 
190 1730.8839904785157 492.67730407714845 1909.3624694824218 650.8741485595704 0.7607421875 2037.9169067382813 1135.2934997558593 2394.8738647460937 1321.8846008300782 0.8766741071428571 
191 1747.37373046875 492.9772018432617 1912.094775390625 641.2261978149414 0.7611839657738095 2092.9714599609374 1197.4768615722655 2447.1218017578126 1362.198065185547 0.8994605654761905 
192 1732.5759399414062 495.6618316650391 1910.8889038085938 640.0104705810547 0.7545805431547619 2140.8015258789064 1241.571923828125 2488.9365112304686 1402.902685546875 0.9043898809523809 
193 1733.0469299316405 499.5564727783203 1901.986151123047 633.8415374755859 0.7391880580357143 2182.8852783203124 1271.9456115722655 2525.0956787109376 1440.884832763672 0.9159923735119048 
194 1725.669171142578 495.0185836791992 1915.0611755371094 635.9614273071289 0.7521391369047619 2228.7944091796876 1307.1339050292968 2550.3203369140624 1456.8857482910157 0.9141787574404762 
195 1731.2302612304688 500.4570648193359 1916.5719848632812 645.1140411376953 0.74658203125 2257.0028076171875 1324.0631042480468 2587.0015869140625 1473.2404846191407 0.9107840401785714 
196 1734.301513671875 507.5853973388672 1903.5966796875 644.8517974853515 0.7276553199404762 2280.903186035156 1340.1587890625 2624.069226074219 1491.1517578125 0.9196893601190477 
197 1721.8083129882812 500.25555114746095 1911.9368041992188 671.8348419189454 0.6795479910714286 2315.20146484375 1352.9794921875 2649.08564453125 1492.097900390625 0.9043666294642857 
198 1718.2906372070313 508.12457580566405 1911.0140502929687 658.5428436279296 0.6659923735119048 2351.9638549804686 1357.3007751464843 2662.2014282226564 1512.4195617675782 0.8868582589285714 
199 1742.927685546875 512.9076141357422 1910.575 642.2356353759766 0.6343703497023809 2374.829211425781 1363.3035400390625 2686.174450683594 1530.9508544921875 0.9047386532738095 
200 1733.1921142578126 503.54693603515625 1909.7280517578124 665.7692260742188 0.6518322172619048 2397.8630981445312 1377.0518188476562 2698.4515991210938 1539.2741088867188 0.8951125372023809 
201 1731.3610473632812 502.88832702636716 1909.2925170898438 647.1571441650391 0.6378348214285714 2422.001806640625 1384.2229919433594 2705.730615234375 1552.5366516113281 0.9065057663690477 
202 1754.3929931640625 519.4411712646485 1911.8028076171875 605.3010772705078 0.5801711309523809 2433.566442871094 1393.8172973632813 2714.995812988281 1565.5369506835937 0.8710007440476191 
203 1740.3856018066406 498.35400390625 1910.099871826172 686.9254150390625 0.6387881324404762 2445.896337890625 1403.496563720703 2724.039208984375 1573.2108337402344 0.8841843377976191 
204 1740.1234741210938 498.95208129882815 1912.7971801757812 695.6083435058594 0.6697126116071429 2450.004431152344 1413.0528991699218 2737.794152832031 1585.7267639160157 0.8952985491071429 
205 1753.7175537109374 514.8473663330078 1912.2807373046876 673.4106292724609 0.6870582217261905 2464.2952392578127 1413.9267883300781 2742.9821044921873 1596.5147399902344 0.9061337425595238 
206 1750.4514404296874 507.75743408203124 1914.5497802734376 710.7212036132812 0.6360212053571429 2463.9803466796875 1431.392022705078 2748.9932861328125 1604.1271423339845 0.8663271949404762 
207 1755.1064331054688 523.5939849853515 1900.3176391601562 691.4943328857422 0.6474144345238095 2471.9118041992188 1422.087548828125 2757.7959594726562 1608.1392578125 0.9043898809523809 
208 1755.4327026367187 534.2096801757813 1912.0170043945313 690.7939819335937 0.6611328125 2468.456994628906 1424.0756774902343 2772.135534667969 1618.6197570800782 0.9287341889880952 
209 1739.700439453125 548.7957397460938 1912.6708984375 683.3282836914062 0.6047944568452381 2475.0095336914064 1429.1708557128907 2777.7079956054686 1621.3602722167968 0.9239211309523809 
210 1747.4871520996094 539.0580291748047 1911.6430969238281 683.9016265869141 0.5926804315476191 2471.890478515625 1427.4319091796874 2795.374658203125 1630.2128662109376 0.9236653645833334 
211 1778.9251770019532 536.7345977783203 1925.0725036621093 678.0103363037109 0.5518856956845238 2469.5649291992186 1424.4861083984374 2800.8322875976564 1633.9638427734376 0.9248976934523809 
212 1771.1460205078124 536.6770050048829 1914.8080810546876 661.1841400146484 0.6387183779761905 2453.541162109375 1411.72685546875 2812.696630859375 1646.374951171875 0.9221075148809523 
213 1753.2975036621094 534.9473266601562 1915.108624267578 663.4445190429688 0.6104678199404762 2439.8966674804688 1391.0457946777344 2806.3516235351562 1619.485089111328 0.9357096354166666 
214 1748.4049926757812 522.2138153076172 1909.9595092773438 679.016714477539 0.5953776041666666 2401.932897949219 1345.3373779296876 2791.564416503906 1559.1594482421874 0.93603515625 
215 1749.6332763671876 516.8541717529297 1917.5046630859374 703.3780670166016 0.6392531622023809 2359.78154296875 1282.4989074707032 2742.15546875 1455.0334411621093 0.9427780877976191 
216 1749.5674255371093 508.43328857421875 1909.4380676269532 679.7232055664062 0.5593610491071429 2305.747180175781 1153.1860290527343 2644.520642089844 1370.1532043457032 0.9212937127976191 
217 1754.9763732910155 496.9652862548828 1917.301336669922 667.6144866943359 0.6202334449404762 2228.023645019531 1052.6158630371094 2536.024938964844 1318.995098876953 0.9426850818452381 
218 1729.3390319824218 502.0272735595703 1902.0255920410157 636.338998413086 0.6162574404761905 2169.6157836914062 1004.8845275878906 2415.2145385742188 1258.1580749511718 0.8678850446428571 
219 1743.6487365722655 492.25821685791016 1910.966131591797 648.4210739135742 0.6432059151785714 2082.28759765625 940.5829193115235 2338.8408203125 1226.8814971923828 0.8623976934523809 
220 1730.2650512695313 489.4258377075195 1910.4302612304687 662.5256698608398 0.6546688988095238 2045.7579833984375 938.8876403808594 2247.1189697265627 1196.771173095703 0.8090587797619048 
221 1721.0009033203125 486.9670120239258 1908.6858642578125 664.4146713256836 0.6645042782738095 1999.903369140625 885.6992370605469 2204.650830078125 1179.1702697753906 0.8313104538690477 
222 1719.2909912109376 494.2837646484375 1908.5952392578124 650.3767578125 0.6821056547619048 1974.6346557617187 887.8374389648437 2187.186877441406 1153.5277954101562 0.8193359375 
223 1714.5392333984375 494.1291046142578 1910.0825927734375 649.9009857177734 0.6840587797619048 1952.5311096191406 913.642367553711 2184.5317565917967 1145.6430938720703 0.8640252976190477 
224 1735.0525207519531 487.4569580078125 1919.3575134277344 644.954052734375 0.6977074032738095 1951.7076599121094 943.8375518798828 2179.5756652832033 1144.897738647461 0.8627232142857143 
225 1724.688543701172 492.52414855957034 1911.8401428222655 642.2454437255859 0.7015206473214286 1955.15986328125 947.3156097412109 2186.54716796875 1148.0782501220704 0.8737444196428571 
226 1729.2067260742188 490.3804244995117 1911.9065551757812 642.6303482055664 0.7002883184523809 1962.3963684082032 948.9519470214843 2199.2294860839843 1141.8018371582032 0.8597237723214286 
227 1730.0378051757812 489.07503814697264 1917.4685424804688 652.6510055541992 0.7145182291666666 1972.125067138672 949.9189300537109 2197.0420471191405 1140.7576446533203 0.8628627232142857 
228 1730.0634033203125 488.25657348632814 1916.3106201171875 646.9116394042969 0.7318173363095238 1981.1788757324218 942.8643737792969 2198.4672424316404 1139.4587463378907 0.8660714285714286 
229 1725.3196228027343 496.17950744628905 1910.1238586425782 635.6544158935546 0.7216564360119048 1984.9574401855468 939.950961303711 2197.6564514160154 1138.7026641845703 0.8714890252976191 
230 1733.837091064453 490.3204620361328 1911.6281188964845 650.6810638427735 0.7381649925595238 1984.5680847167969 940.2955139160156 2197.2201232910156 1128.544940185547 0.8908342633928571 
231 1731.4766479492187 487.8584747314453 1910.2904418945313 642.1291351318359 0.7355375744047619 1983.6498474121095 930.3079254150391 2197.525079345703 1130.1585662841796 0.8802315848214286 
232 1733.6605651855468 489.2353820800781 1911.4093811035157 634.9894714355469 0.7362351190476191 1974.0318115234375 937.4360870361328 2201.5502197265623 1132.9598480224608 0.8909505208333334 
233 1731.0171875 489.85636138916016 1913.1517578125 646.9919967651367 0.7551618303571429 1977.2970947265626 935.440316772461 2191.5730224609374 1135.4310821533204 0.8797898065476191 
234 1730.3947326660157 494.80824279785156 1913.1515319824218 634.5634002685547 0.7421642485119048 1965.2496643066406 943.4305480957031 2191.008026123047 1136.9377380371093 0.8861374627976191 
235 1728.1349487304688 490.11387786865237 1913.0564575195312 639.4735549926758 0.7506510416666666 1947.1137939453124 932.1748687744141 2178.2656005859376 1138.4334686279296 0.9086449032738095 
236 1706.6880310058593 522.2496185302734 1928.5974914550782 640.6012725830078 0.7240978422619048 1912.0966064453125 911.7291015625 2178.3877685546877 1155.8294921875 0.8013625372023809 
237 1705.2373596191405 512.4570098876953 1934.009588623047 637.9128021240234 0.7256789434523809 1893.9885803222655 897.0556457519531 2159.659735107422 1133.2076599121094 0.7861095610119048 
238 1712.4724243164062 491.57441864013674 1934.3969604492188 639.5241226196289 0.7266090029761905 1864.40546875 872.2604034423828 2101.1248046875 1123.774935913086 0.7958519345238095 
239 1729.5400634765624 488.1431823730469 1917.9435791015626 646.2675842285156 0.7689267113095238 1806.4024963378906 866.6324798583985 2068.821746826172 1108.8656280517578 0.8602585565476191 
240 1721.982403564453 494.69874572753906 1910.0826599121094 643.8817596435547 0.7593005952380952 1760.1512451171875 841.5866271972657 2006.6275634765625 1097.7921569824218 0.8637462797619048 
241 1718.3440185546874 483.2918731689453 1921.5693115234376 654.2590911865234 0.7881091889880952 1734.4730163574218 813.1916687011719 1969.9563049316407 1071.2554748535156 0.8731166294642857 
242 1722.3159423828124 477.4764099121094 1919.9521240234376 659.1741027832031 0.7876441592261905 1699.3892456054687 797.2251068115235 1989.4679321289063 1055.427053833008 0.8647228422619048 
243 1744.114923095703 507.12328186035154 1923.3627380371095 619.1531463623047 0.6947079613095238 1665.119561767578 796.9645568847657 2031.0836853027345 1035.9615905761718 0.8037574404761905 
244 1749.7234680175782 494.88970642089845 1922.9714782714843 615.4100372314454 0.6597609747023809 1651.2213500976563 800.5361846923828 1975.1197143554687 1034.0443206787108 0.7883649553571429 
245 1759.4448974609375 493.01917877197263 1917.9008056640625 613.7475143432617 0.6859886532738095 1644.2305419921875 792.5183898925782 1946.0514404296875 1033.9751403808593 0.8117792038690477 
246 1725.570166015625 486.4558135986328 1913.26845703125 642.8710296630859 0.7826683407738095 1644.114031982422 788.8184143066406 1953.8160217285156 1035.954412841797 0.8122674851190477 
247 1728.6580810546875 483.1473083496094 1916.9962158203125 643.6977844238281 0.8028971354166666 1634.0140502929687 794.1544464111328 1942.7650024414063 1038.067660522461 0.8511672247023809 
248 1731.5514282226563 485.86058502197267 1914.2842651367187 634.5246383666993 0.7852957589285714 1616.1223266601562 792.0037841796875 1932.0334350585938 1033.5828857421875 0.8153366815476191 
249 1729.0973999023438 484.05199279785154 1913.9973266601562 641.2168670654297 0.7975492931547619 1593.622784423828 782.2622253417969 1904.8707458496094 1025.7137268066406 0.8134765625 
250 1726.1998229980468 482.9443725585937 1913.7329162597657 639.7343383789063 0.7969447544642857 1572.1294677734375 775.3588500976563 1885.7093994140625 1021.3038696289062 0.7954799107142857 
251 1784.344256591797 501.2199249267578 1921.1710021972656 592.4377288818359 0.7255626860119048 1539.3425415039062 763.4711090087891 1873.8078491210938 1014.3200897216797 0.8296828497023809 
252 1787.3052673339844 500.6553131103516 1916.5078430175781 599.4572967529297 0.7260044642857143 1523.930859375 757.8911773681641 1858.337451171875 1008.6960418701171 0.8313569568452381 
253 1789.537579345703 498.3784149169922 1919.0553161621094 597.4214508056641 0.7390020461309523 1522.2971984863282 750.3814147949219 1834.6636169433593 1001.7982727050781 0.8150809151785714 
254 1788.449969482422 496.1089752197266 1918.0372131347656 610.4506561279297 0.7346540178571429 1520.1869079589844 738.2787628173828 1840.343487548828 989.8304290771484 0.8142438616071429 
255 1787.5512268066407 494.74230499267577 1924.7286804199218 624.2988021850585 0.7434198288690477 1521.989892578125 725.1299926757813 1826.828466796875 991.8639038085937 0.8125930059523809 
256 1789.6447448730469 498.9107467651367 1918.9139709472656 605.3677261352539 0.7367234002976191 1528.7667846679688 720.3060943603516 1840.5335083007812 986.4484832763671 0.82177734375 
257 1796.385968017578 505.4750274658203 1917.9564392089844 611.8491302490235 0.7119838169642857 1529.8663146972656 719.9766052246093 1833.792254638672 993.5099670410157 0.8226841517857143 
258 1789.9088134765625 498.9227813720703 1918.9281005859375 612.763314819336 0.7213541666666666 1531.2865661621095 714.0521514892578 1827.271905517578 987.269320678711 0.8097330729166666 
259 1786.6103149414062 494.5271240234375 1916.1694702148438 608.8439697265625 0.7285388764880952 1540.3893188476563 724.9195831298828 1822.3709350585937 976.4166595458985 0.8119187127976191 
260 1781.8186462402343 497.3830764770508 1911.0459777832032 611.4071762084961 0.6966378348214286 1533.5969299316407 706.1349334716797 1837.6612487792968 987.3944244384766 0.8140578497023809 
261 1774.15927734375 503.08252868652346 1903.668603515625 609.7373565673828 0.7164248511904762 1538.8739685058595 700.5697540283203 1828.365655517578 974.825082397461 0.8178478422619048 
262 1758.4998046875 502.5256408691406 1903.2873046875 616.8315368652344 0.7075427827380952 1547.473486328125 701.8282836914062 1844.66884765625 968.5421997070313 0.8117792038690477 
263 1757.9699951171874 502.583056640625 1910.3315185546876 616.85419921875 0.71826171875 1552.8678283691406 684.2449371337891 1857.5910339355469 950.8776824951171 0.8080822172619048 
264 1773.3186889648437 497.8835510253906 1909.9396118164063 626.9144226074219 0.7409784226190477 1569.8469299316407 686.4671936035156 1850.6788269042968 952.1189880371094 0.82568359375 
265 1784.9883056640624 503.90094604492185 1906.5224365234376 625.4352355957031 0.7120303199404762 1573.7640075683594 667.5047882080078 1854.8120422363281 940.956820678711 0.82568359375 
266 1775.516650390625 497.48791961669923 1904.872998046875 611.625880432129 0.7040085565476191 1583.2381530761718 667.2315521240234 1857.1691955566407 933.5534210205078 0.8220098586309523 
267 1766.6231567382813 496.61484680175784 1911.3392456054687 618.4810394287109 0.7115187872023809 1587.6321716308594 674.1410858154297 1861.8310852050781 933.106655883789 0.8234979538690477 
268 1772.4075134277343 500.1502410888672 1909.5249816894532 637.267788696289 0.7189592633928571 1605.991387939453 682.0946411132812 1864.9911560058595 918.2414184570313 0.8234747023809523 
269 1773.7864074707031 495.64561157226564 1910.7093200683594 624.9618103027344 0.7120535714285714 1606.7285888671875 675.5764923095703 1872.9677001953125 918.9952239990234 0.8150576636904762 
270 1719.6168151855468 488.1099197387695 1916.5412658691407 641.2733505249023 0.7835751488095238 1623.9198059082032 657.8640258789062 1858.3535095214843 923.5556518554688 0.7914806547619048 
271 1719.3021606445313 486.21229248046876 1918.3897338867187 644.8602172851563 0.7743908110119048 1634.7138671875 661.7300048828125 1861.798095703125 916.810888671875 0.7928989955357143 
272 1719.621630859375 485.8305297851563 1919.5353515625 651.3840698242187 0.7769484747023809 1637.4455261230469 652.1049163818359 1862.3485412597656 917.6152374267579 0.7755068824404762 
273 1714.8084838867187 488.923583984375 1917.5980102539063 641.7957763671875 0.7884579613095238 1646.5318542480468 646.3555358886719 1858.6811584472657 911.5420471191406 0.7704148065476191 
274 1713.4335327148438 486.155322265625 1916.3474731445312 645.364697265625 0.7751116071428571 1644.755078125 644.7643127441406 1860.155810546875 906.9915466308594 0.7763671875 
275 1720.743341064453 490.0009536743164 1914.8224548339845 640.255729675293 0.7723214285714286 1646.6994750976562 652.1749572753906 1856.4301635742188 899.4693298339844 0.7698335193452381 
276 1717.5908813476562 494.0827697753906 1908.1141967773438 624.2736755371094 0.7454194568452381 1648.0987731933594 642.4710632324219 1848.148175048828 883.8005432128906 0.7427222842261905 
277 1720.508349609375 487.74129180908204 1909.7453125 639.1308700561524 0.7605794270833334 1649.0591613769532 640.101318359375 1847.7580993652343 879.801513671875 0.7271902901785714 
278 1794.1208374023438 497.5329345703125 1916.3947875976562 665.659814453125 0.5975167410714286 1630.4029541015625 581.5963684082031 1897.8773193359375 887.2815612792969 0.7642299107142857 
279 1781.2032104492187 512.930630493164 1926.0030883789063 634.8672821044922 0.6318126860119048 1619.6957885742188 593.2446960449219 1894.0532348632812 882.8442932128906 0.7697172619047619 
280 1773.1438720703125 499.55979309082034 1925.6901123046875 629.2240814208984 0.6289992559523809 1624.1179748535155 580.8199951171875 1898.701239013672 870.6577880859375 0.7612769717261905 
281 1769.082696533203 499.20380249023435 1921.4481872558595 636.3326965332031 0.6220703125 1614.3731811523437 574.5075103759766 1888.6309692382813 871.6201141357421 0.7612537202380952 
282 1770.3490600585938 511.79466857910154 1922.4849243164062 648.7168670654297 0.6118861607142857 1615.872784423828 555.9725311279296 1889.7171813964844 867.8508941650391 0.7639508928571429 
283 1728.9266967773438 492.57862548828126 1907.6782836914062 624.2902709960938 0.7396298363095238 1629.9017150878906 610.5401611328125 1830.605242919922 848.8756103515625 0.7369791666666666 
284 1727.1422790527345 494.21143493652346 1909.460137939453 626.2346710205078 0.7397693452380952 1624.739678955078 605.5607086181641 1835.3480895996095 841.3165496826172 0.7308407738095238 
285 1725.7520568847656 491.3609649658203 1914.109393310547 620.0718353271484 0.7436988467261905 1619.3784545898438 610.5332122802735 1829.7109008789062 836.5620635986328 0.7342587425595238 
286 1726.5516418457032 498.43265533447266 1916.3549743652343 615.4780807495117 0.7406529017857143 1612.0611633300782 609.0296173095703 1824.0082946777343 843.1204681396484 0.7347470238095238 
287 1784.6840270996095 499.25440673828126 1929.268243408203 681.8869506835938 0.7070545014880952 1594.1490478515625 576.5220428466797 1868.0980224609375 850.4709381103515 0.7705543154761905 
288 1798.1221740722656 492.9209808349609 1920.206805419922 660.7872100830078 0.61083984375 1586.8220642089843 585.3648040771484 1861.5122863769532 867.6853057861329 0.7232840401785714 
289 1791.625177001953 499.70691833496096 1928.8419860839845 659.7931427001953 0.6476004464285714 1580.5224182128907 573.5928771972656 1870.2023132324218 855.6495544433594 0.7533947172619048 
290 1795.912042236328 495.6926727294922 1918.1642517089845 671.4303131103516 0.6070963541666666 1582.5582397460937 557.1126678466796 1872.9073364257813 862.7433502197266 0.7310035342261905 
291 1793.9384765625 507.0440948486328 1938.864990234375 697.7369720458985 0.6732700892857143 1583.589599609375 573.6399383544922 1873.442626953125 848.2375640869141 0.76025390625 
292 1786.1849548339844 491.6496978759766 1923.627423095703 659.6347869873047 0.6980096726190477 1588.244580078125 559.7835174560547 1863.12919921875 849.939566040039 0.7628115699404762 
293 1783.4588012695312 496.00193786621094 1936.2770385742188 671.7427520751953 0.6924060639880952 1586.2647094726562 552.4270812988282 1868.9782104492188 850.4224060058593 0.7630673363095238 
294 1791.5927124023438 499.5691833496094 1929.2368774414062 652.5072326660156 0.6745954241071429 1580.7145568847657 566.9207427978515 1863.6500671386718 849.8561737060547 0.7666248139880952 
295 1787.1163208007813 489.11233673095705 1940.2208374023437 680.4931015014648 0.6739908854166666 1576.8919250488282 559.187142944336 1867.7905700683593 857.7411407470703 0.7483956473214286 
296 1780.866033935547 504.3776550292969 1934.0703674316405 672.9023742675781 0.6492745535714286 1576.397283935547 553.2851959228516 1867.4854064941405 859.6936248779297 0.7590913318452381 
297 1787.2502563476562 507.0227325439453 1925.1953002929688 652.631381225586 0.6837797619047619 1575.9114074707031 560.9627624511719 1859.4651794433594 852.1800598144531 0.7669735863095238 
298 1786.8505310058595 499.8016082763672 1924.944268798828 653.238980102539 0.6676432291666666 1574.3987915039063 561.4716278076172 1865.9298217773437 845.3308013916015 0.7649507068452381 
299 1792.8882568359375 493.4453918457031 1930.9618408203125 654.5312927246093 0.6715262276785714 1574.5667663574218 574.5783843994141 1866.0554260253907 850.7256317138672 0.7666248139880952 
