0 1979.8828735351562 591.1083862304688 2241.6046752929688 773.6247680664062 0.7161225818452381 1943.194158935547 475.2144073486328 2063.7239318847655 743.8234954833985 0.7579752604166666 
1 1982.7297790527343 591.029638671875 2236.190264892578 775.9873291015625 0.7208193824404762 1939.7838562011718 469.70062561035155 2063.0888244628904 747.1370819091796 0.7675083705357143 
2 1976.444677734375 583.6605865478516 2247.890771484375 776.0781219482421 0.7287481398809523 1941.423516845703 464.8533401489258 2058.2484802246095 770.6598129272461 0.7699730282738095 
3 1976.4109191894531 586.2097412109375 2244.5240173339844 778.7011474609375 0.7295386904761905 1941.376483154297 464.7127853393555 2054.808941650391 770.6366104125976 0.7640206473214286 
4 1972.0778259277345 586.4229278564453 2239.241632080078 774.8074798583984 0.7137509300595238 1939.4070251464843 472.46997222900393 2055.862872314453 780.7356857299804 0.7666248139880952 
5 1978.2431701660157 583.6320587158203 2241.733270263672 782.1049407958984 0.7024972098214286 1939.2857299804687 478.0781646728516 2038.5221313476563 792.8972381591797 0.744140625 
6 1978.2920654296875 576.4450378417969 2255.6332275390623 781.8829650878906 0.7038690476190477 1940.4968200683593 464.77112731933596 2043.2157043457032 793.4717315673828 0.7677408854166666 
7 1972.0024963378905 583.3356628417969 2232.900213623047 782.4418029785156 0.6935221354166666 1935.825457763672 480.0856109619141 2052.542828369141 795.9092010498047 0.7530691964285714 
8 1971.502703857422 579.8106842041016 2246.619488525391 779.2703094482422 0.7081008184523809 1936.4517333984375 482.46161193847655 2056.8153564453123 791.9680145263671 0.7443266369047619 
9 1973.642510986328 575.7410308837891 2250.0761169433595 789.9770477294921 0.6876162574404762 1934.7025939941407 478.3247375488281 2041.8207214355468 799.6788024902344 0.7552083333333334 
10 1968.8490173339844 579.2386810302735 2249.2121398925783 782.5019805908203 0.7025902157738095 1936.6341796875 472.3502502441406 2052.284033203125 784.2542419433594 0.7681826636904762 
11 1969.6383239746094 577.0186096191406 2250.3823059082033 778.0452331542969 0.7066824776785714 1932.8455871582032 463.9744415283203 2047.2228942871093 789.7762298583984 0.7631370907738095 
12 1968.3332397460938 577.5508270263672 2256.4428833007814 777.8221588134766 0.6929640997023809 1925.6303161621095 451.33390350341796 2045.090509033203 785.1194961547851 0.7800176711309523 
13 1976.5653564453125 567.6975341796875 2271.0908935546877 782.5279296875 0.69873046875 1916.194287109375 434.8279052734375 2040.934619140625 784.7935546875 0.7791573660714286 
14 1976.0882202148437 566.8875762939454 2266.7318481445313 784.8702972412109 0.6757114955357143 1900.8988037109375 416.7749496459961 2035.8404541015625 759.3191970825195 0.7828311011904762 
15 1982.2773132324219 562.6094848632813 2258.0250549316406 786.0000122070312 0.6840122767857143 1874.0725524902343 384.3266799926758 2017.1822082519532 733.3743392944336 0.7825753348214286 
16 1994.0048583984376 566.7908294677734 2245.0654541015624 779.4949981689454 0.6482747395833334 1804.9046508789063 365.62051849365236 1951.3568237304687 717.8027297973633 0.8364722842261905 
17 2001.2790222167969 575.7163787841797 2229.9525451660156 786.241079711914 0.6447870163690477 1731.7014892578125 361.1431594848633 1876.8907958984375 713.2275375366211 0.8660946800595238 
18 1997.2602172851562 573.0344848632812 2226.347448730469 783.9401245117188 0.67626953125 1646.0771728515624 362.12877044677737 1791.5292724609376 703.9414505004883 0.8965076264880952 
19 1998.0544677734374 577.5317962646484 2228.5270751953126 781.1159698486329 0.6683407738095238 1556.6107360839844 368.333512878418 1694.894268798828 694.8364395141601 0.8890206473214286 
20 1969.8023010253905 573.8817626953125 2226.409002685547 781.61103515625 0.6812453497023809 1453.7688293457031 375.08199310302734 1620.7669372558594 676.4931106567383 0.9073195684523809 
21 1973.887353515625 580.9391296386718 2210.374365234375 774.4285461425782 0.6667829241071429 1363.651593017578 376.3695343017578 1557.1410095214844 651.554476928711 0.9034830729166666 
22 1976.7452026367187 577.7467407226562 2205.6134399414063 779.6891723632813 0.5859375 1299.8063537597657 379.2562194824219 1501.7489440917968 626.0748352050781 0.8916480654761905 
23 1986.65576171875 584.6206817626953 2193.74169921875 782.5029144287109 0.6197219122023809 1253.3585205078125 378.59657897949216 1465.0465087890625 613.2941070556641 0.8703264508928571 
24 1994.5248962402343 588.421353149414 2184.955694580078 774.2074920654297 0.6148623511904762 1233.5160888671876 396.3827331542969 1423.9470458984374 605.3921691894532 0.8639787946428571 
25 1993.2466979980468 581.238525390625 2203.1489318847657 781.811767578125 0.6850353422619048 1209.0734985351562 397.1704040527344 1404.9821655273438 607.0726379394531 0.8719308035714286 
26 1994.1437438964845 587.2118591308594 2185.567315673828 783.3041320800781 0.6700846354166666 1196.8454223632812 408.17882232666017 1388.2688354492188 599.6022750854493 0.8293340773809523 
27 1994.7297424316407 581.795767211914 2171.815545654297 786.8425994873047 0.6445777529761905 1199.9940002441406 406.6814361572266 1367.759539794922 607.0681365966797 0.7917829241071429 
28 1985.6170166015625 588.8051879882812 2171.5392333984373 788.6716186523438 0.6205822172619048 1202.2405334472655 411.1063262939453 1360.274481201172 601.6766937255859 0.7934337797619048 
29 1998.8968505859375 579.290072631836 2165.7926025390625 783.2738311767578 0.6140485491071429 1206.3201110839843 412.21595306396483 1350.0359680175782 611.5637405395507 0.8263811383928571 
30 2003.938739013672 575.1178649902344 2179.302105712891 782.7850891113281 0.6761532738095238 1209.4786071777344 418.9237823486328 1347.9233703613281 626.5909271240234 0.8334728422619048 
31 1994.2696228027344 577.3674926757812 2182.232452392578 788.2525024414062 0.6884533110119048 1202.569158935547 428.1963165283203 1344.6873107910155 648.250277709961 0.8122907366071429 
32 1995.2955627441406 566.9492553710937 2183.374237060547 796.3135620117188 0.6415085565476191 1206.105780029297 430.3891998291016 1352.8989807128905 650.5790008544922 0.8095703125 
33 1998.1259460449219 575.0002960205078 2172.3365783691406 785.8869720458985 0.6380673363095238 1204.8321960449218 446.9871307373047 1346.9516174316407 667.042837524414 0.8333333333333334 
34 1997.5019897460938 566.5711334228515 2176.238977050781 791.1382781982422 0.6355561755952381 1205.5238220214844 455.3451812744141 1343.013897705078 666.1633026123047 0.8245675223214286 
35 1978.7555236816406 572.8814208984375 2171.391815185547 802.210498046875 0.6258835565476191 1209.9739196777343 452.04266052246095 1338.3982727050782 658.4388458251954 0.8143601190476191 
36 1998.3490234375 567.9918426513672 2167.3033203125 787.1756988525391 0.6527622767857143 1214.345361328125 463.6687484741211 1328.503515625 673.719953918457 0.8386114211309523 
37 2000.0417114257812 572.0765106201172 2164.325720214844 777.431362915039 0.6704566592261905 1220.570849609375 462.7293975830078 1325.52998046875 672.647738647461 0.81689453125 
38 1996.3142700195312 566.5641387939453 2174.0248413085938 789.841439819336 0.6720377604166666 1215.019189453125 455.451318359375 1328.9361328125 669.6152099609375 0.8149646577380952 
39 1998.5691223144531 567.4028167724609 2167.6080017089844 791.2652130126953 0.6463681175595238 1215.2262878417969 462.50024566650393 1320.3045959472656 681.7940353393554 0.8099423363095238 
40 1998.2284545898438 571.7825134277343 2167.1951293945312 786.4159729003907 0.6448567708333334 1211.1806213378907 457.7914672851563 1320.7806823730468 686.1249145507812 0.8076636904761905 
41 1994.8877197265624 573.5653045654296 2164.7529052734376 789.3401519775391 0.6593656994047619 1207.7156005859374 457.0256576538086 1313.3075927734376 672.8005447387695 0.7420944940476191 
42 1990.690203857422 574.3252136230469 2165.018902587891 785.3544738769531 0.6650390625 1207.6231567382813 462.4584686279297 1317.7254760742187 664.3125885009765 0.8065243675595238 
43 1988.3656433105468 572.6580810546875 2172.0241271972654 797.6396484375 0.6458565848214286 1201.63662109375 468.8204635620117 1316.423193359375 675.4361587524414 0.7515113467261905 
44 1988.1234008789063 573.5463409423828 2171.823620605469 789.3940277099609 0.66015625 1205.278271484375 468.6253204345703 1315.49833984375 675.2879486083984 0.7749953497023809 
45 1992.5401733398437 574.2617370605469 2171.614855957031 776.2947814941406 0.6629231770833334 1205.7770751953126 464.76832885742186 1315.9768310546874 666.8013732910156 0.7566499255952381 
46 1989.5689086914062 570.087890625 2173.0558471679688 776.510498046875 0.6697591145833334 1207.6330139160157 461.23082275390624 1317.7250183105468 663.0662963867187 0.7994094122023809 
47 1989.7954345703124 572.2581176757812 2168.7568115234376 778.7521362304688 0.6424618675595238 1218.1784729003907 445.71431732177734 1323.7198425292968 647.6195755004883 0.8123604910714286 
48 1999.8416259765625 567.644644165039 2169.7614013671873 788.0813690185547 0.6664109002976191 1206.76396484375 454.2469009399414 1330.759716796875 647.1290451049805 0.8273111979166666 
49 2001.1899475097657 568.985498046875 2170.442742919922 783.98251953125 0.6698056175595238 1206.651220703125 458.49608612060547 1339.308984375 655.1954727172852 0.8296828497023809 
50 1994.0764709472655 564.1057373046875 2177.501043701172 779.6296142578125 0.6271623883928571 1199.5306091308594 444.7034164428711 1360.0271301269531 655.6417068481445 0.7761811755952381 
51 2003.8734375 562.4454986572266 2172.59921875 795.0135467529296 0.6643647693452381 1204.618115234375 440.72437896728513 1368.783740234375 664.1720748901367 0.8063151041666666 
52 2007.444598388672 563.5513214111328 2166.596051025391 777.2690521240235 0.6519019717261905 1212.3868347167968 433.606755065918 1380.6325744628907 651.8716690063477 0.8321475074404762 
53 1992.4215148925782 573.3039520263671 2168.9582458496093 781.5266754150391 0.6373697916666666 1212.9791015625 427.93105163574216 1384.98916015625 658.7866607666016 0.7812267485119048 
54 1991.4793518066406 569.4128173828125 2172.3686706542967 786.480126953125 0.6112816220238095 1210.6980041503907 434.0936538696289 1405.1541687011718 678.2943771362304 0.7617420014880952 
55 1980.5738037109375 576.4531066894531 2147.0848876953123 801.4681579589844 0.5130789620535714 1225.9080322265625 439.36707763671876 1392.4191162109375 682.3832885742188 0.8234281994047619 
56 2000.368017578125 569.9813049316406 2166.271630859375 762.7883483886719 0.6039109002976191 1226.7254638671875 442.5355484008789 1401.5970458984375 693.6330001831054 0.8449125744047619 
57 1983.5505126953126 563.9427612304687 2180.4465576171874 765.3135864257813 0.6461356026785714 1223.5046936035155 467.3880111694336 1384.601385498047 700.0832107543945 0.8565150669642857 
58 1986.8225952148437 568.5612670898438 2184.1937622070313 761.4465454101562 0.6882905505952381 1228.9112731933594 467.8054733276367 1385.910870361328 696.5763931274414 0.8709542410714286 
59 1993.7457397460937 568.0053985595703 2170.021105957031 771.399935913086 0.6448335193452381 1223.9753967285155 475.5216430664062 1382.171209716797 696.9958129882813 0.8707682291666666 
60 1998.666522216797 566.6776977539063 2175.686627197266 766.3927368164062 0.6498558407738095 1222.1519348144532 480.262516784668 1381.0161560058593 702.6724502563477 0.86669921875 
61 1991.5977355957032 563.4428771972656 2178.2297790527346 772.8350769042969 0.6966145833333334 1217.9319213867188 488.33477172851565 1372.7001586914062 711.3830017089844 0.8793712797619048 
62 1983.7638916015626 563.9181488037109 2175.5500732421874 778.5361358642579 0.6845470610119048 1215.2137023925782 493.1399291992187 1370.4692810058593 712.3241821289063 0.8701636904761905 
63 1982.3927734375 567.6179168701171 2164.40166015625 772.3779937744141 0.5818452380952381 1219.5302185058595 492.53924255371095 1369.687677001953 710.9499542236329 0.8604678199404762 
64 1986.3927124023437 570.2241607666016 2163.334582519531 769.8507293701172 0.6671316964285714 1226.7998779296875 487.33726806640624 1362.9088623046875 709.6486938476562 0.8646065848214286 
65 1990.6110717773438 561.8218139648437 2172.1626098632814 756.9897094726563 0.6751767113095238 1229.3164794921875 503.8649169921875 1351.8636962890625 717.1880615234375 0.8766508556547619 
66 1995.201611328125 562.2926483154297 2167.873095703125 757.6842193603516 0.6605515252976191 1224.4709167480469 500.7739654541016 1351.7025451660156 714.3415740966797 0.8723725818452381 
67 1989.8349914550781 565.0847900390625 2167.2972106933594 765.2987548828125 0.6745954241071429 1226.6068603515625 506.9807373046875 1344.9151123046875 725.3959716796875 0.8828125 
68 1985.3124938964843 565.457763671875 2167.478643798828 765.840576171875 0.6778738839285714 1213.3834167480468 511.3334136962891 1345.4538635253907 725.3786834716797 0.8771856398809523 
69 1987.5519775390626 563.9511047363281 2171.2829833984374 775.2418884277344 0.6655040922619048 1211.9947326660156 513.0716827392578 1349.792987060547 705.9894134521485 0.8641183035714286 
70 1979.9937561035156 564.2233734130859 2173.4260437011717 771.4723663330078 0.7034040178571429 1201.8357421875 512.1453735351563 1353.818310546875 710.1833618164062 0.8881603422619048 
71 1983.2486694335937 561.8174652099609 2176.669055175781 782.8691192626953 0.7150995163690477 1201.06572265625 509.3885192871094 1357.643994140625 693.5982971191406 0.8506556919642857 
72 1986.479736328125 562.8641571044922 2171.291748046875 789.2589508056641 0.7139369419642857 1203.6939819335937 504.2218841552734 1365.4046508789063 684.4136749267578 0.8624209449404762 
73 1986.27001953125 567.1183959960938 2161.9033203125 779.7274291992187 0.6857561383928571 1197.518994140625 501.16697692871094 1368.53056640625 699.9101104736328 0.8888346354166666 
74 1984.9623657226562 564.0127655029297 2174.903601074219 781.7499908447265 0.6824311755952381 1195.97666015625 494.8784637451172 1367.386865234375 694.0849761962891 0.8851609002976191 
75 1978.7149475097656 558.2078125 2173.8230163574217 799.7700927734375 0.6833147321428571 1190.6002197265625 487.4543395996094 1371.7718505859375 691.8531555175781 0.8727911086309523 
76 1977.9467895507812 562.8403198242188 2172.9064819335936 794.9350708007812 0.6676664806547619 1190.4314025878907 479.8218307495117 1371.4654479980468 688.7071304321289 0.8693731398809523 
77 1979.1679260253907 565.3130523681641 2169.072186279297 796.9035614013671 0.6612490699404762 1188.1972412109376 475.8834564208984 1378.1013427734374 679.6831329345703 0.8622814360119048 
78 1982.8053405761718 560.7213806152344 2177.4389221191404 778.5258117675781 0.6747581845238095 1187.8725830078124 461.9786651611328 1382.5063232421876 670.5148040771485 0.8476795014880952 
79 1985.6039428710938 564.0686859130859 2180.3738403320312 786.6628204345703 0.7106817336309523 1190.1155578613282 451.52315216064454 1384.8852966308593 660.2050888061524 0.8451915922619048 
80 1984.0932373046876 565.3261352539063 2182.8237548828124 768.6783813476562 0.7177269345238095 1183.6604248046874 435.20911865234376 1387.0126708984376 657.0479614257813 0.8523065476190477 
81 1984.3514587402344 564.4640228271485 2178.7546203613283 772.7530792236328 0.7107747395833334 1181.6371704101562 427.0287628173828 1389.9263061523438 653.8325042724609 0.8455171130952381 
82 1983.38486328125 566.2887145996094 2184.48623046875 776.7435119628906 0.6689453125 1186.7144775390625 420.7690673828125 1401.8460693359375 645.254248046875 0.8351004464285714 
83 1989.3432006835938 566.9174499511719 2182.7356567382812 787.9372863769531 0.7139136904761905 1185.6669006347656 402.39225311279296 1406.6867370605469 637.2258193969726 0.8514694940476191 
84 1991.5790649414062 563.8973541259766 2188.585241699219 770.0664520263672 0.7094261532738095 1195.9776306152344 386.9795196533203 1415.8913879394531 629.8009368896485 0.8518647693452381 
85 1986.4403869628907 570.5836791992188 2177.220623779297 784.0759887695312 0.6638299851190477 1204.1009399414063 390.8097946166992 1422.1356323242187 617.9293716430664 0.8681640625 
86 1989.817822265625 569.5829956054688 2170.633349609375 782.0412719726562 0.64501953125 1217.1790771484375 388.76744384765624 1434.1578369140625 601.2257202148437 0.8684895833333334 
87 1991.8338500976563 564.5913726806641 2188.895886230469 766.1320770263671 0.6869187127976191 1235.2811767578125 372.52482452392576 1450.2578857421875 596.4589096069336 0.8611188616071429 
88 1987.082208251953 567.4563354492187 2192.1300720214845 768.0467163085938 0.6781296502976191 1251.2414245605469 369.437678527832 1474.1195373535156 592.3158309936523 0.8636765252976191 
89 1998.6909729003905 566.0431823730469 2188.114080810547 781.8976135253906 0.6602492559523809 1266.0734741210938 354.93275299072263 1490.7382934570312 579.5976119995117 0.8644438244047619 
90 1998.2510986328125 562.6805938720703 2180.8065185546875 775.661996459961 0.6759672619047619 1287.756103515625 348.1947021484375 1513.777099609375 565.5225830078125 0.8788364955357143 
91 1985.0233215332032 558.7834014892578 2195.4311462402343 773.4853363037109 0.7027529761904762 1317.3001770019532 355.97259826660155 1532.0021911621093 553.4984100341796 0.8869512648809523 
92 1988.1802856445313 561.7529174804688 2202.622204589844 776.1948364257812 0.7142392113095238 1352.4553527832031 362.8362075805664 1554.2830505371094 535.2306564331054 0.8921130952380952 
93 1987.0910522460938 561.5995910644531 2201.7392700195314 772.1197692871094 0.6997302827380952 1379.8214172363282 363.14545288085935 1573.8300720214843 532.3871398925781 0.8886253720238095 
94 1989.9673095703124 557.1248748779296 2205.5356201171876 776.7606842041016 0.7363513764880952 1409.9036071777343 358.4515655517578 1609.2027160644532 537.4139739990235 0.8772553943452381 
95 1970.608203125 556.8449310302734 2212.21015625 770.7221466064453 0.7112165178571429 1448.5589233398437 341.4443634033203 1646.5934204101563 547.400180053711 0.8959728422619048 
96 1970.2551574707031 559.899609375 2206.3379821777344 772.761279296875 0.7222842261904762 1484.3946655273437 334.8318923950195 1674.0350219726563 563.1744247436524 0.8938569568452381 
97 1974.1230163574219 558.5435302734375 2205.0880432128906 774.3632080078125 0.6985444568452381 1520.056866455078 341.2675216674805 1698.0135681152344 572.2325088500977 0.8870210193452381 
98 1983.2076538085937 563.8530944824219 2204.043566894531 758.9249816894531 0.6884765625 1553.5681457519531 351.2276077270508 1719.1951599121094 597.8279037475586 0.8945777529761905 
99 1983.574365234375 555.2933074951172 2207.124853515625 778.843716430664 0.7579752604166666 1580.9894592285157 361.0041244506836 1736.0323913574218 609.7941238403321 0.8878580729166666 
100 1989.33681640625 555.5060943603515 2209.64365234375 772.2595916748047 0.7130068824404762 1600.7932006835938 379.205989074707 1753.5866821289062 631.4928329467773 0.8957868303571429 
101 1978.712255859375 553.5531921386719 2212.637353515625 769.7567443847656 0.7382347470238095 1620.8721740722656 391.3323699951172 1766.189227294922 642.9790924072265 0.8802548363095238 
102 1983.5250610351563 553.9069519042969 2212.6275268554687 765.3862609863281 0.7222842261904762 1630.3817749023438 411.1584533691406 1771.3679809570312 661.4089294433594 0.88427734375 
103 1986.745916748047 551.0074523925781 2213.9290100097655 764.2098327636719 0.6950799851190477 1636.5616577148437 420.20920715332034 1776.3665649414063 671.8579925537109 0.8898577008928571 
104 1979.1700866699218 552.0725891113282 2216.8852111816404 761.8212097167968 0.7063569568452381 1647.068096923828 425.41672668457034 1779.9088317871094 684.1066497802734 0.8981352306547619 
105 1980.2775024414063 552.3238677978516 2213.5313354492187 757.7264862060547 0.7049386160714286 1651.4191467285157 427.66297149658203 1787.1937683105468 692.2493515014648 0.9051571800595238 
106 1978.858868408203 559.4564636230468 2212.893939208984 759.0745422363282 0.7092401413690477 1653.7515197753905 440.056298828125 1791.419012451172 687.8580078125 0.9022739955357143 
107 1979.564190673828 553.4512451171875 2214.183245849609 763.5580322265625 0.71142578125 1653.7641052246095 437.3537872314453 1793.835137939453 696.4855072021485 0.8950892857142857 
108 1979.0048583984376 554.762417602539 2211.8095947265624 769.9302703857422 0.7244233630952381 1650.4194274902343 437.81742095947266 1791.5130676269532 702.3680953979492 0.8847888764880952 
109 1977.70390625 549.0004638671875 2217.85859375 754.35 0.7016369047619048 1649.7336181640626 435.0809494018555 1785.4731689453124 699.5990127563476 0.8900437127976191 
110 1972.6602844238282 551.3256866455079 2216.6472106933593 756.9717376708984 0.6988234747023809 1646.8976989746093 434.1583847045898 1786.3187316894532 702.5439163208008 0.8958798363095238 
111 1978.5200927734375 550.8411102294922 2217.1088134765623 754.3433990478516 0.6927548363095238 1643.5777770996094 428.98259887695315 1790.941632080078 706.1668151855469 0.9009719122023809 
112 1978.5221008300782 553.9709442138671 2213.8444763183593 750.6583892822266 0.6905226934523809 1643.2349487304687 417.5325531005859 1787.2381958007813 719.5882354736328 0.9045991443452381 
113 1972.3922546386718 554.7950744628906 2211.3769104003904 758.6349792480469 0.7024739583333334 1645.0047790527344 406.2406494140625 1792.613018798828 726.0584228515625 0.8945545014880952 
114 1967.5806762695313 558.2901184082032 2209.412731933594 754.5594909667968 0.7137974330357143 1646.4861145019531 403.943701171875 1797.1929626464844 722.8813720703125 0.8902297247023809 
115 1973.1807678222656 561.1969177246094 2207.7585632324217 753.7608459472656 0.7059384300595238 1645.014208984375 396.9116409301758 1806.067578125 729.5220443725586 0.8906482514880952 
116 1972.519219970703 556.8411499023438 2213.5455993652345 755.9499877929687 0.6807570684523809 1648.1950073242188 389.43933868408203 1812.3723754882812 735.2598495483398 0.8826729910714286 
117 1971.8543762207032 558.81513671875 2213.6450134277343 751.5468017578125 0.6929640997023809 1648.7929748535157 378.48301086425784 1816.9952331542968 732.4084075927734 0.8779761904761905 
118 1975.5963073730468 562.3688598632813 2207.8867248535157 755.9441284179687 0.6810825892857143 1650.3087219238282 375.4265609741211 1815.7275329589843 734.4207595825195 0.8706752232142857 
119 1976.972589111328 560.1936126708985 2209.8612731933595 757.7960723876953 0.6890345982142857 1651.2542358398437 366.5269088745117 1813.5704711914063 737.0314712524414 0.8735584077380952 
120 1966.3393920898438 557.1361572265625 2215.376672363281 759.923779296875 0.7007068452380952 1653.2638061523437 374.8736373901367 1816.9168579101563 734.1990249633789 0.8555850074404762 
121 1971.0052368164063 559.5452697753906 2217.744030761719 756.2212097167969 0.6857793898809523 1655.9112060546875 370.0212692260742 1820.4037353515625 731.1896987915039 0.8469122023809523 
122 1968.6448669433594 557.8379699707032 2214.536407470703 760.9659851074218 0.65869140625 1650.2465270996095 366.22333068847655 1828.428887939453 733.2791717529296 0.8485863095238095 
123 1964.0080017089845 553.7541076660157 2217.657647705078 757.3883483886718 0.6683175223214286 1651.1368041992187 361.66187286376953 1829.7633422851563 729.6325302124023 0.8496791294642857 
124 1966.6971618652344 559.6074462890625 2219.4987609863283 759.000341796875 0.6949404761904762 1648.1615600585938 362.2687469482422 1836.8726196289062 729.0092681884765 0.8494001116071429 
125 1967.3538879394532 559.5569549560547 2212.4453063964843 758.471792602539 0.6742466517857143 1642.4777954101562 356.8168228149414 1837.8405639648438 726.230143737793 0.8478190104166666 
126 1962.1805603027344 563.216552734375 2214.1696594238283 761.2078857421875 0.6808733258928571 1628.087579345703 358.99472961425784 1847.6779235839845 718.9789642333984 0.8534458705357143 
127 1968.5255004882813 563.4531646728516 2215.257946777344 763.0162567138672 0.7018926711309523 1610.9865661621093 362.4945770263672 1835.9486145019532 707.194448852539 0.8607003348214286 
128 1979.7782287597656 554.952603149414 2216.397430419922 766.0896942138672 0.6711077008928571 1596.5670288085937 356.6964706420898 1829.5460083007813 684.3230911254883 0.8670014880952381 
129 1978.811346435547 555.2607727050781 2219.8196350097655 767.0558776855469 0.7165643601190477 1600.1643981933594 337.145556640625 1811.9595031738281 662.1414306640625 0.8820684523809523 
130 1979.8938415527343 557.2450408935547 2213.435382080078 765.2430572509766 0.6602027529761905 1601.0905700683593 330.4402877807617 1809.0885070800782 655.2090347290039 0.8945777529761905 
131 1975.0073120117188 556.4692626953125 2215.4841430664064 767.7973388671875 0.6959170386904762 1599.1572509765624 330.8471435546875 1817.7724365234376 651.4828125 0.9070870535714286 
132 1968.8175476074218 559.2398559570313 2215.6479064941404 769.7716186523437 0.6845935639880952 1603.1791687011719 331.2568634033203 1824.6004943847656 654.314242553711 0.91748046875 
133 1968.514715576172 562.488394165039 2214.1123596191405 757.5217987060547 0.6901506696428571 1613.0371032714843 343.1452178955078 1833.3526672363282 657.3657073974609 0.9013671875 
134 1972.4330200195313 560.5836486816406 2215.4939819335937 760.7514343261719 0.6939174107142857 1626.9512084960938 345.4308227539062 1837.8422485351562 670.7034545898438 0.8963913690476191 
135 1973.0716552734375 565.6411560058593 2216.0567626953125 745.2387268066407 0.7020786830357143 1647.4664245605468 346.2233093261719 1848.1931213378907 666.6817199707032 0.9112258184523809 
136 1965.439892578125 560.2316101074218 2219.094775390625 741.9032775878907 0.6978236607142857 1688.9773376464843 352.71986694335936 1870.6490051269532 664.6467102050781 0.8985537574404762 
137 1970.6003051757812 561.2121948242187 2226.957067871094 758.4097534179688 0.6972888764880952 1738.0083129882812 356.8093795776367 1928.6325561523438 682.1852798461914 0.8646763392857143 
138 1973.1152587890624 570.6236785888672 2218.4159912109376 759.3165679931641 0.712890625 1788.1721252441407 361.126203918457 1980.0098815917968 688.1938339233399 0.8563290550595238 
139 1957.8581665039062 575.7172912597656 2215.9072143554686 758.2398620605469 0.7174479166666666 1830.6490966796875 376.8548614501953 2016.3186767578125 688.4020355224609 0.8450753348214286 
140 1950.6141174316406 574.5510833740234 2215.4067565917967 760.5363800048829 0.7302827380952381 1861.7437255859375 401.0537963867188 2035.1197998046875 703.6738647460937 0.8297061011904762 
141 1953.3463806152345 566.4689514160157 2222.973077392578 757.7157409667968 0.7405831473214286 1882.9250549316407 415.3767684936523 2052.225457763672 703.8145462036133 0.8264508928571429 
142 1967.4574096679687 566.5665588378906 2221.078967285156 751.3031921386719 0.7189592633928571 1900.2586547851563 429.1581069946289 2047.4217651367187 698.4352462768554 0.8040364583333334 
143 1962.73701171875 566.5844909667969 2223.13310546875 754.8224914550781 0.7431175595238095 1925.2100891113282 434.09385070800784 2050.7021423339843 703.9016937255859 0.7990141369047619 
144 1962.0469665527344 565.8056549072265 2224.886749267578 749.4767547607422 0.7072172619047619 1927.700048828125 444.98230133056643 2044.86953125 704.6551193237304 0.7559756324404762 
145 1963.8519348144532 564.90537109375 2223.5429626464843 752.6338134765625 0.7018926711309523 1910.1809143066407 442.8818695068359 2050.977166748047 686.9288604736328 0.8009672619047619 
146 1972.900927734375 566.3548034667969 2226.030224609375 747.6078430175781 0.7262834821428571 1900.3036071777344 434.8622344970703 2053.4311340332033 672.3662200927735 0.8150809151785714 
147 1979.5944458007812 567.0723022460937 2227.965856933594 749.4211059570313 0.7447916666666666 1899.3029357910157 428.61786499023435 2047.0682800292968 658.1257873535156 0.8157319568452381 
148 1968.2299194335938 565.4934967041015 2226.8572387695312 755.5690643310547 0.7502092633928571 1894.1651245117187 413.1693084716797 2046.8487915039063 656.2168609619141 0.7980608258928571 
149 1971.81025390625 564.8233612060546 2229.5466796875 751.1387359619141 0.7398390997023809 1893.9399841308593 421.8621536254883 2039.8870422363282 667.1773666381836 0.8029436383928571 
150 1968.86142578125 561.8801452636719 2228.75478515625 749.7547424316406 0.7220517113095238 1894.7955505371094 427.95922088623047 2045.095196533203 690.9836807250977 0.8088960193452381 
151 1961.8815979003907 572.6471069335937 2217.595819091797 753.5181762695313 0.7286551339285714 1903.5902709960938 444.0704147338867 2040.8027954101562 699.7845962524414 0.7900855654761905 
152 1963.1611877441405 571.5568054199218 2218.580877685547 755.3343078613282 0.7469540550595238 1908.051934814453 448.99855346679686 2038.8766540527345 698.1883361816406 0.7729724702380952 
153 1963.5318176269532 568.1875457763672 2222.2478454589846 755.2113189697266 0.7463030133928571 1911.1411865234375 437.63065032958986 2042.0577880859375 696.3467971801758 0.7620675223214286 
154 1961.9092590332032 568.4892639160156 2223.7102478027346 749.2567077636719 0.7436058407738095 1901.6133728027344 427.2796630859375 2041.8640441894531 689.080810546875 0.7917364211309523 
155 1963.1274841308593 566.7051483154297 2222.224688720703 744.6393951416015 0.7170293898809523 1902.0152099609375 427.6714813232422 2045.6112548828125 686.768765258789 0.7898065476190477 
156 1964.7126220703126 572.6720336914062 2218.0329833984374 750.9345336914063 0.7227725074404762 1908.2988708496093 443.0047317504883 2045.9051086425782 702.5799545288086 0.7716936383928571 
157 1959.188623046875 571.6593811035157 2218.647802734375 743.5902526855468 0.7150995163690477 1915.905322265625 441.6892578125 2050.32392578125 698.0225341796875 0.7597888764880952 
158 1961.6326965332032 575.0616333007813 2217.7944274902343 746.8774536132812 0.73974609375 1907.6848937988282 437.24852294921874 2048.2615173339846 699.6580932617187 0.7868536086309523 
159 1965.036932373047 571.701040649414 2218.8484436035155 747.1757293701172 0.7289341517857143 1910.562677001953 431.41770629882814 2051.5690368652345 694.6297790527344 0.7673456101190477 
160 1966.407000732422 568.8453430175781 2220.741558837891 750.0587097167969 0.7235398065476191 1899.2773864746093 436.0533050537109 2035.9822570800782 687.2087188720703 0.8005952380952381 
161 1960.0282958984376 573.3989044189453 2219.1186767578124 756.6580413818359 0.7431408110119048 1910.6893432617187 444.2182647705078 2049.713488769531 693.8297698974609 0.7598353794642857 
162 1954.3013488769532 570.4389373779297 2218.4827087402346 749.7049224853515 0.7175641741071429 1913.5371154785157 451.5331344604492 2048.772821044922 696.8444595336914 0.7587193080357143 
163 1954.546807861328 570.11943359375 2218.4691833496095 749.20966796875 0.7391648065476191 1903.7925354003905 448.18824005126953 2042.037664794922 699.5429306030273 0.7844587053571429 
164 1953.8038696289063 569.1474182128907 2220.6558471679687 751.2345397949218 0.7188662574404762 1920.3568603515625 447.31324615478513 2058.4920166015627 701.6073776245117 0.7506277901785714 
165 1956.163104248047 569.7905426025391 2221.034771728516 743.2184295654297 0.7246326264880952 1914.9285278320312 443.53980407714846 2053.6708374023438 702.1051544189453 0.7681129092261905 
166 1952.1114318847656 569.1308746337891 2220.0398132324217 745.6484832763672 0.7250511532738095 1919.2567749023438 448.8660919189453 2051.6450805664062 701.0341156005859 0.7454659598214286 
167 1960.5870239257813 571.2622863769532 2222.464978027344 744.7959411621093 0.7322823660714286 1904.0368774414062 451.6090347290039 2046.0190307617188 694.5560958862304 0.7751348586309523 
168 1958.3940307617188 575.0272979736328 2217.1965454101564 754.9266204833984 0.7349097842261905 1898.306329345703 447.68965606689454 2046.6442321777345 700.1799423217774 0.7921316964285714 
169 1958.7425598144532 573.3659057617188 2220.7885681152343 753.3251342773438 0.7494187127976191 1904.9491455078125 445.62150115966796 2043.8650634765625 701.3531387329101 0.7767392113095238 
170 1965.871893310547 561.7710662841797 2225.0344787597655 750.5439361572265 0.7167736235119048 1918.3709655761718 440.8038925170898 2055.9511779785157 696.7670608520508 0.7650902157738095 
171 1959.7753784179688 564.6973480224609 2218.8254516601564 755.7468048095703 0.7223074776785714 1909.5844970703124 449.49481811523435 2042.3476318359376 689.1161437988281 0.7904110863095238 
172 1959.832012939453 563.2904418945312 2222.183978271484 754.3863159179688 0.7304920014880952 1913.24140625 450.55140075683596 2039.559130859375 690.2308868408203 0.7825753348214286 
173 1958.8495849609376 571.0951324462891 2215.0962158203124 757.7439178466797 0.7271670386904762 1916.750146484375 443.4585021972656 2052.78232421875 702.8686462402344 0.7667410714285714 
174 1956.8716247558593 559.9718627929688 2225.160235595703 754.8004760742188 0.7298874627976191 1910.5598999023437 439.58601531982424 2047.8981079101563 698.2927993774414 0.7778785342261905 
175 1972.4895446777343 565.4189025878907 2221.055987548828 752.6507995605468 0.7252139136904762 1899.6080993652345 443.12213745117185 2048.102471923828 678.7761779785156 0.8024553571428571 
176 1969.116796875 565.2686401367188 2229.8099609375 748.7193969726562 0.7376302083333334 1895.4641723632812 423.78124542236327 2043.5121459960938 674.819187927246 0.7940383184523809 
177 1971.303729248047 558.080111694336 2227.434674072266 751.8203399658203 0.7460007440476191 1895.1463012695312 385.1790512084961 2023.2118530273438 654.4450027465821 0.7806919642857143 
178 1968.564190673828 570.1458465576172 2222.283343505859 752.303189086914 0.7327473958333334 1870.9800048828124 336.6941604614258 1994.5866455078126 590.4133529663086 0.7919224330357143 
179 1979.1361022949218 571.0506011962891 2217.1838439941407 751.1949432373046 0.6696661086309523 1852.5649841308593 262.1081176757813 1965.1551086425782 567.7099975585937 0.7333984375 
180 1976.243475341797 569.7770111083985 2223.7454162597655 752.1470001220703 0.7007068452380952 1811.6594970703125 227.45750885009767 1922.3842041015625 510.7823287963867 0.7786690848214286 
181 1966.8677978515625 560.0686798095703 2222.7830810546875 762.1070404052734 0.6795014880952381 1746.5682495117187 185.52059631347657 1891.3624145507813 468.3743011474609 0.8176385788690477 
182 1968.2966247558593 559.6866668701172 2220.401251220703 741.7621246337891 0.6959635416666666 1691.6818786621093 155.26893310546876 1866.7545227050782 410.8749267578125 0.7740420386904762 
183 1980.8976501464845 569.8891296386719 2215.840753173828 759.3595275878906 0.7005673363095238 1634.3125549316405 171.70986404418946 1816.204168701172 376.337850189209 0.7363513764880952 
184 1973.180194091797 561.8842254638672 2216.374615478516 762.616079711914 0.6501348586309523 1585.8211608886718 146.4643409729004 1763.3916076660157 370.35754318237304 0.7258649553571429 
185 1989.3485900878907 560.2152526855468 2220.804608154297 756.3643371582032 0.6624348958333334 1522.2119995117187 118.42704162597656 1722.2840942382813 377.34389343261716 0.7103329613095238 
186 1976.8464721679688 566.0690368652344 2219.605920410156 764.3226867675781 0.6946614583333334 1478.5669799804687 108.0938735961914 1697.0504516601563 391.31332244873045 0.7298409598214286 
187 1975.9982055664063 572.777685546875 2213.1114135742187 760.8330322265625 0.6661783854166666 1444.6945739746093 141.94848022460937 1653.1908020019532 411.76703491210935 0.7511858258928571 
188 1973.430224609375 565.6467193603515 2207.453076171875 765.6297088623047 0.6421595982142857 1420.9403076171875 185.31888427734376 1620.9232177734375 419.3415771484375 0.7186104910714286 
189 1979.4856201171874 558.3985900878906 2208.8156494140626 770.4206237792969 0.6801292782738095 1379.3667297363281 231.2122817993164 1617.3506774902344 451.88827362060545 0.7768322172619048 
190 1975.02099609375 559.7001647949219 2212.556640625 762.0451965332031 0.6669689360119048 1357.327374267578 267.68719177246095 1581.6664001464844 478.8298370361328 0.8627232142857143 
191 1963.7853576660157 558.0278503417969 2211.999188232422 753.0530822753906 0.7040783110119048 1340.5229125976562 285.60621490478513 1553.2776245117188 507.22578582763674 0.8972516741071429 
192 1973.5980651855468 558.3858276367188 2205.5495178222654 750.1916870117187 0.6798735119047619 1325.2668029785157 320.08673706054685 1525.9938171386718 525.2744079589844 0.8998558407738095 
193 1968.7391052246094 560.7213989257813 2198.329864501953 749.7961791992187 0.6508324032738095 1312.5180541992188 341.51928863525393 1497.0910766601562 539.597624206543 0.9024832589285714 
194 1983.1767700195312 562.8436889648438 2196.5065795898436 744.4009399414062 0.6786179315476191 1299.0203247070312 349.68859405517577 1480.5775756835938 563.0182846069335 0.8980422247023809 
195 1969.9250183105469 559.6776519775391 2207.9613342285156 751.9377655029297 0.6906389508928571 1282.0493957519532 367.41760406494143 1469.7319763183593 577.9881271362304 0.8957170758928571 
196 1973.9201171875 559.4408416748047 2203.1619140625 761.1737213134766 0.6702008928571429 1269.7949279785157 380.98489532470705 1457.7733093261718 601.0570663452148 0.8740931919642857 
197 1959.2765625 564.4222961425781 2197.95732421875 770.9729675292969 0.6586216517857143 1260.0054565429687 398.8286636352539 1439.0160278320313 632.9194747924805 0.8733491443452381 
198 1970.9840148925782 568.9371459960937 2186.8825622558593 780.2420532226563 0.6610630580357143 1251.3811096191407 415.9353729248047 1425.9373718261718 636.4274810791015 0.8469354538690477 
199 1972.984619140625 570.5775787353516 2188.957275390625 763.5743377685546 0.6544363839285714 1247.655987548828 437.14112243652346 1408.4867126464844 653.1136993408203 0.8614211309523809 
200 1982.3963500976563 562.686962890625 2188.122937011719 759.270068359375 0.6728515625 1249.1659057617187 428.34928131103516 1409.1754028320313 661.5060348510742 0.853515625 
201 1986.051287841797 564.6149047851562 2186.494244384766 765.0577026367188 0.6885928199404762 1248.9332763671875 451.4277679443359 1399.2654541015625 660.9815948486328 0.8473772321428571 
202 1993.3187561035156 561.7573974609375 2183.809539794922 756.783740234375 0.6552734375 1248.4508056640625 459.5343307495117 1393.5867919921875 663.6315933227539 0.8376116071428571 
203 1987.5836364746094 562.2654846191406 2182.3232238769533 752.4763366699219 0.6602957589285714 1251.822686767578 470.6437393188477 1392.2164978027345 669.9122604370117 0.7937360491071429 
204 1978.7660888671876 555.8965301513672 2173.0342041015624 754.6825103759766 0.5867280505952381 1243.7443908691407 475.96509857177733 1392.8338562011718 674.7511184692382 0.7303524925595238 
205 1990.7859497070312 553.9929382324219 2184.5116577148438 765.7394836425781 0.6575055803571429 1256.4308471679688 479.30983276367186 1387.0830688476562 677.5406311035156 0.7986886160714286 
206 1989.2348510742188 554.8040954589844 2182.8786743164064 757.4544494628906 0.6412992931547619 1259.1739990234375 482.5774353027344 1385.2676513671875 680.7244445800782 0.8433314732142857 
207 1985.359600830078 560.6761474609375 2170.263812255859 750.0902099609375 0.6045851934523809 1253.2014221191407 482.79439239501954 1379.4774108886718 685.7380477905274 0.8634207589285714 
208 1974.3553649902344 557.0798797607422 2195.9899719238283 760.6218414306641 0.6744326636904762 1251.172625732422 483.4916290283203 1377.8209045410156 691.556771850586 0.8639555431547619 
209 1966.5152465820313 559.5704315185546 2188.479138183594 763.4148590087891 0.6796177455357143 1237.2051818847656 489.8800018310547 1377.631365966797 693.7244293212891 0.86572265625 
210 1973.7232971191406 568.138394165039 2173.653045654297 758.9804412841797 0.6294177827380952 1232.549951171875 489.6693908691406 1373.409521484375 694.1431091308593 0.8806036086309523 
211 1984.833319091797 562.0857513427734 2167.6780334472655 763.2149688720704 0.6308361235119048 1229.5440307617187 483.6735549926758 1375.8197387695313 693.9449447631836 0.8527948288690477 
212 1983.93681640625 564.450961303711 2176.61103515625 761.7125518798828 0.6568545386904762 1222.4151977539063 479.7589965820313 1378.3894897460937 677.0206665039062 0.8607235863095238 
213 1974.0390258789062 564.5604248046875 2176.593054199219 771.7177734375 0.6474841889880952 1213.399755859375 477.62513732910156 1379.125634765625 670.9719696044922 0.8483537946428571 
214 1969.643048095703 570.9377227783203 2185.561907958984 763.8865570068359 0.6728283110119048 1213.5734558105469 464.74520416259764 1397.3341369628906 689.8521774291992 0.8842075892857143 
215 1986.3503112792969 563.7887512207031 2170.9203186035156 761.8637145996094 0.5901227678571429 1250.8412536621095 445.186181640625 1417.404229736328 710.78671875 0.8854864211309523 
216 1973.7818298339844 561.8119140625 2181.244659423828 773.597021484375 0.6608305431547619 1315.8185607910157 412.53173675537107 1462.7714050292968 736.6925369262696 0.8647228422619048 
217 1973.6264221191407 561.2314636230469 2183.487713623047 766.9778869628906 0.6538318452380952 1389.3065856933595 375.90139923095705 1533.329034423828 733.9002059936523 0.8630487351190477 
218 1968.5496643066406 552.0312591552735 2203.9463073730467 771.7346710205078 0.6530412946428571 1448.7158142089843 361.90333251953126 1664.4959777832032 738.5377075195313 0.8604910714285714 
219 1965.3024536132812 553.6280120849609 2196.179724121094 768.5827423095703 0.6208612351190477 1517.0207641601562 343.11321716308595 1731.9755737304688 737.1969024658204 0.8263346354166666 
220 1977.5037963867187 560.2338500976563 2194.772326660156 763.0179809570312 0.6652250744047619 1577.0887268066406 338.3691146850586 1812.463153076172 725.8315994262696 0.8507719494047619 
221 1970.0357788085937 548.1516876220703 2203.294055175781 764.0025482177734 0.6447870163690477 1613.4532958984375 327.07860260009767 1850.1929443359375 741.3730270385743 0.8562360491071429 
222 1967.1855773925781 556.7125854492188 2198.1585388183594 760.5120239257812 0.6595284598214286 1652.8642333984376 338.411962890625 1822.6970458984374 735.820947265625 0.8011067708333334 
223 1958.0805969238281 558.4244415283204 2202.2312927246094 758.4924896240234 0.7238420758928571 1652.3703918457031 355.48714447021484 1855.8294372558594 731.8862991333008 0.8515159970238095 
224 1950.6376953125 559.6242980957031 2200.57666015625 761.6297302246094 0.7067754836309523 1658.9545288085938 381.1906173706055 1857.5361938476562 737.2679092407227 0.8726981026785714 
225 1949.3189758300782 557.6141693115235 2200.3327575683593 757.0498321533203 0.7021251860119048 1662.5972045898438 388.99321899414065 1831.0859008789062 743.1633972167969 0.9223167782738095 
226 1954.7842407226562 558.7554992675781 2199.1134643554688 770.7470642089844 0.6612955729166666 1663.4684143066406 403.7003448486328 1821.5639343261719 737.8566009521485 0.9241536458333334 
227 1953.6198120117188 556.010791015625 2203.3921508789062 760.68525390625 0.6920340401785714 1660.6178344726563 405.10669860839846 1813.2564331054687 738.1364044189453 0.9233165922619048 
228 1950.9539672851563 561.7251831054688 2201.164929199219 762.5986694335937 0.7033342633928571 1653.3035278320312 408.8336776733398 1804.8395385742188 736.5745559692383 0.9123418898809523 
229 1969.1189270019531 564.600927734375 2199.8887634277344 768.888818359375 0.6662248883928571 1646.536083984375 408.0383041381836 1797.860400390625 733.3857986450196 0.8787202380952381 
230 1955.2864196777343 571.2895629882812 2204.627276611328 765.6287719726563 0.6997535342261905 1645.16162109375 411.079573059082 1795.49951171875 722.7557235717774 0.8815104166666666 
231 1957.4895263671874 565.9781982421875 2203.6281494140626 766.6758544921875 0.6949172247023809 1635.9072998046875 401.40035247802734 1791.1639892578125 715.7003860473633 0.8813941592261905 
232 1962.3777893066406 565.9081451416016 2200.2246276855467 769.7768524169921 0.6682012648809523 1629.2761840820312 387.30525360107424 1784.0653686523438 704.4342788696289 0.8870907738095238 
233 1955.06552734375 565.7963775634765 2211.18837890625 761.6549774169922 0.7172386532738095 1618.6870971679687 369.3583419799805 1776.8805297851563 685.7453262329102 0.8851376488095238 
234 1962.7208251953125 570.284799194336 2208.8416748046875 755.8219512939453 0.7267485119047619 1608.6855590820312 347.9023376464844 1767.7175170898438 643.2471984863281 0.9002046130952381 
235 1964.5708312988281 574.0100738525391 2206.3855895996094 754.4114959716796 0.7156110491071429 1598.010546875 318.1707458496094 1766.896923828125 617.5603332519531 0.9132952008928571 
236 1965.3773559570313 568.1007415771485 2213.9734741210937 758.4322784423828 0.7132626488095238 1588.0010375976562 286.6372314453125 1766.6796264648438 585.72958984375 0.9129929315476191 
237 1964.0223327636718 568.3542694091797 2213.7116760253907 759.5227447509766 0.703125 1576.7336730957031 252.64130554199218 1775.7049255371094 553.0488189697265 0.9126906622023809 
238 1961.0600646972657 570.0407562255859 2215.307977294922 761.7046661376953 0.7014043898809523 1572.31630859375 198.44756851196288 1779.626318359375 507.4566520690918 0.8664434523809523 
239 1960.533135986328 568.9592315673829 2218.5902770996095 764.4569671630859 0.7124720982142857 1570.590185546875 181.12166900634764 1793.457666015625 427.44885711669923 0.7774367559523809 
240 1956.1382141113281 563.7897918701171 2226.0667419433594 759.3902008056641 0.7067057291666666 1590.6663757324218 118.87411041259766 1794.0908264160157 388.8026779174805 0.7007998511904762 
241 1948.9901977539062 578.3873229980469 2216.315710449219 754.1629699707031 0.7071707589285714 1670.9604125976562 79.22949180603027 1784.4822143554688 357.540962600708 0.45689174107142855 
242 1953.3235961914063 573.8638397216797 2222.825085449219 757.274526977539 0.6672944568452381 1653.7335388183594 78.19431915283204 1799.713604736328 340.20958099365237 0.6034923735119048 
243 1950.4475158691407 579.799838256836 2217.327264404297 751.6263702392578 0.6918480282738095 1624.2301391601563 70.78817329406738 1817.9920288085937 388.8501552581787 0.6691778273809523 
244 1966.4154724121095 587.3973175048828 2216.320001220703 755.1903900146484 0.7399321056547619 1694.8158264160156 0.0 1966.1408386230469 53.123269653320314 0.351318359375 
245 1962.2414794921874 587.0953582763672 2218.1935791015626 756.5770660400391 0.7058454241071429 1785.709228515625 25.570771789550783 1934.43798828125 80.9117416381836 0.4337565104166667 
246 1964.457696533203 587.820523071289 2220.8707946777345 758.7626678466797 0.7169596354166666 1789.9651794433594 21.213136672973633 1940.3943176269531 202.4117946624756 0.6125837053571429 
247 1959.4715270996094 579.8930267333984 2224.761505126953 754.4258819580078 0.6876162574404762 1757.1476501464845 0.0 1914.227227783203 405.2257987976074 0.3714076450892857 
248 1971.0369934082032 586.03212890625 2221.5048767089843 753.0107177734375 0.6890578497023809 1794.1457458496093 33.02034378051758 1932.0846008300782 370.60744857788086 0.5647088913690477 
249 1973.642315673828 580.8379425048828 2229.246722412109 751.240853881836 0.6617606026785714 1802.6932983398438 30.578603935241702 1930.4954223632812 307.4833200454712 0.54296875 
250 1958.7921020507813 590.4021606445312 2217.280407714844 763.8613891601562 0.6886393229166666 1846.4230224609375 22.015638160705567 1945.0567138671875 178.4690839767456 0.3865443638392857 
251 1960.8544006347656 594.2260040283203 2221.708953857422 758.9763275146485 0.68017578125 1839.5358764648438 56.93947257995605 1939.0725219726562 187.36677894592285 0.4940824962797619 
252 1967.4921142578125 587.6965911865234 2225.9121826171877 758.8125030517579 0.6670619419642857 1848.221453857422 26.13025531768799 1952.9861877441406 221.69127407073975 0.6045851934523809 
253 1966.717041015625 592.448129272461 2223.244873046875 754.0958770751953 0.6773856026785714 1857.104803466797 32.087432861328125 1962.5271545410155 200.7633056640625 0.5730329241071429 
254 1959.3112731933593 592.7974639892578 2224.415899658203 755.3949798583984 0.6689918154761905 1850.2784484863282 36.89361629486084 1952.7856384277343 210.09526386260987 0.5982142857142857 
255 1962.3001220703125 593.6472717285156 2234.1251708984373 754.5963806152344 0.6698288690476191 1849.910955810547 50.54733428955078 1975.0935607910155 197.1898178100586 0.5886462983630952 
256 1964.0569580078125 590.8374755859375 2231.2101318359373 752.53544921875 0.6383231026785714 1858.7369567871094 34.08816795349121 1960.676983642578 146.5737049102783 0.5040690104166666 
257 1963.6174072265626 591.7217071533203 2220.6765380859374 757.4571868896485 0.6895926339285714 1827.2824096679688 49.37396125793457 1935.5178833007812 292.90358848571776 0.42822265625 
258 1964.0792663574218 595.0721496582031 2231.4315979003904 760.4084411621094 0.6674572172619048 1852.1863952636718 50.3554573059082 1940.1311096191407 293.0831871032715 0.3899739583333333 
259 1959.7849975585937 589.7155090332031 2235.4989379882813 767.7080749511719 0.6689685639880952 1866.090509033203 16.139138031005864 1953.3417419433595 302.3232795715332 0.5778924851190477 
260 1962.7774658203125 585.3984161376953 2242.7567138671875 757.3857025146484 0.6652948288690477 1835.8637634277343 63.744713973999026 1935.8563293457032 303.7269733428955 0.46791294642857145 
261 1969.3980651855468 577.3801208496094 2260.1377014160157 759.0924133300781 0.6843145461309523 1831.1724060058593 142.51306838989257 1920.0096008300782 324.2253807067871 0.5553152901785714 
262 1976.9574890136719 589.3475311279296 2244.3834533691406 767.6315338134766 0.6887323288690477 1846.9588623046875 164.7801727294922 1928.6722412109375 357.9211822509766 0.5774042038690477 
263 1968.5991088867188 588.5519866943359 2239.4113891601564 748.9013214111328 0.5643368675595238 1847.03515625 99.96619873046876 1936.1181640625 385.0316650390625 0.5810314360119048 
264 1980.2635070800782 594.4671295166015 2241.9819763183596 762.7146942138672 0.68896484375 1829.9911499023438 112.4449562072754 1923.4619750976562 370.4245964050293 0.5023832775297619 
265 1955.1226013183593 590.0917327880859 2240.721270751953 764.6242706298829 0.6906854538690477 1815.8322509765626 136.2155731201172 1907.0652099609374 330.58136291503905 0.49560546875 
266 1957.0080993652343 582.2054626464844 2248.890948486328 768.5883605957031 0.5857747395833334 1821.8872131347657 51.189920043945314 1948.4869323730468 385.2725433349609 0.5146251860119048 
267 1953.3519409179687 579.5572296142578 2251.483264160156 761.9435638427734 0.6148623511904762 1834.9086486816407 56.00595283508301 1943.6390808105468 403.24144554138184 0.5876116071428571 
268 1948.5909545898437 590.0184997558594 2244.970324707031 757.8478332519531 0.5830310639880952 1825.9464111328125 56.864956283569335 1947.3548583984375 417.5195728302002 0.6461356026785714 
269 1971.1094055175781 597.7213470458985 2224.8704528808594 753.8818634033203 0.6879417782738095 1821.25537109375 36.74453811645508 1942.27978515625 395.9138328552246 0.6349516369047619 
270 1960.8393310546876 577.8973571777344 2235.0879150390624 756.7551086425781 0.6626441592261905 1786.2618347167968 71.43945198059083 1957.1704162597657 373.510338973999 0.5773809523809523 
271 1962.7585998535155 584.5688537597656 2236.878485107422 763.6605163574219 0.6394624255952381 1813.7498352050782 87.919677734375 1941.6724060058593 453.4129638671875 0.6957310267857143 
272 1960.9137756347657 594.4450408935547 2227.789715576172 749.521694946289 0.6164899553571429 1820.2627868652344 99.25415496826173 1935.6687316894531 434.6523696899414 0.6728283110119048 
273 1964.6777099609376 589.5516296386719 2227.8115478515624 751.7575744628906 0.677734375 1819.2468811035155 89.20872497558594 1949.011541748047 478.50294494628906 0.73681640625 
274 1962.2492553710938 591.0345703125 2225.5776489257814 753.3603271484375 0.6876627604166666 1812.6875915527344 90.32195587158203 1953.3699035644531 479.90384368896486 0.7563011532738095 
275 1962.8629638671875 588.2637420654297 2225.4851806640627 750.1542877197265 0.6824776785714286 1817.7149597167968 85.71133651733399 1947.2273010253907 477.84611282348635 0.7602771577380952 
276 1951.4604187011719 585.0666015625 2220.5240783691406 750.092333984375 0.6315104166666666 1817.7564514160156 78.26092605590821 1954.082049560547 498.000350189209 0.7801571800595238 
277 1960.4888244628905 584.1319274902344 2225.918768310547 749.1289367675781 0.6463913690476191 1820.4621276855469 61.135571289062504 1960.3509826660156 502.32322998046874 0.7853655133928571 
278 1953.0825927734375 582.0142028808593 2224.4633056640623 749.8416320800782 0.5819382440476191 1819.5897033691406 64.93514976501464 1962.421649169922 500.5724872589111 0.7781575520833334 
279 1954.0188598632812 583.7133636474609 2213.7348022460938 754.4855499267578 0.6144205729166666 1822.10830078125 69.75479240417481 1967.976171875 496.6852481842041 0.7963402157738095 
280 1957.7294555664062 588.7538970947265 2221.036901855469 752.4314666748047 0.6730375744047619 1825.8020446777343 63.6445068359375 1975.2466613769532 508.4204956054688 0.8000837053571429 
281 1950.254541015625 587.6863891601563 2216.213720703125 754.3542602539062 0.7191452752976191 1823.4123962402343 71.45254364013672 1982.9878723144532 504.07971343994143 0.8045944940476191 
282 1955.2424011230469 582.0819366455078 2223.6522521972656 751.603793334961 0.6987072172619048 1823.0752014160157 63.19278106689453 1989.0653015136718 515.2511581420898 0.81103515625 
283 1948.0223327636718 583.7442138671875 2223.2419494628907 753.11015625 0.6727818080357143 1828.0547424316405 53.254262161254886 1990.363836669922 515.4821498870849 0.8147786458333334 
284 1953.7295227050781 583.0249908447265 2228.3235778808594 759.0468475341797 0.6620396205357143 1834.0346923828124 45.21056365966797 1995.9748291015626 516.9491348266602 0.8011997767857143 
285 1942.9304809570312 579.0925048828125 2235.2860717773438 769.29970703125 0.5926571800595238 1835.6340637207031 57.3773494720459 2001.1849060058594 518.8060077667236 0.8051060267857143 
286 1954.726983642578 585.608511352539 2224.7621520996095 753.9420867919922 0.6791294642857143 1836.974346923828 55.65440368652344 2005.3080017089844 515.0648345947266 0.8091750372023809 
287 1954.9056335449218 581.2733215332031 2220.9211486816407 756.2834411621094 0.6573428199404762 1836.5718322753905 62.83939781188965 2008.081854248047 507.3651996612549 0.7995489211309523 
288 1951.2105773925782 585.4954376220703 2224.2253356933593 757.0047454833984 0.6883370535714286 1842.570068359375 50.774217987060545 2007.0791015625 516.299405670166 0.7988978794642857 
289 1953.82724609375 582.957666015625 2223.88955078125 761.83017578125 0.6553664434523809 1838.3560363769532 58.076189041137695 2010.2139099121093 507.01105308532715 0.7982933407738095 
290 1950.6408081054688 585.3633361816406 2227.1304321289062 760.3566345214844 0.7122163318452381 1845.10625 54.191104888916016 2009.600048828125 516.1736259460449 0.7990606398809523 
291 1954.5604553222656 581.8523468017578 2230.985809326172 767.302377319336 0.6767113095238095 1849.4540710449219 54.70589179992676 2010.4107971191406 516.5814846038818 0.7950846354166666 
292 1955.2746459960938 582.4704620361329 2228.4990356445314 768.1229827880859 0.6728980654761905 1849.6495178222656 52.86238136291504 2010.781756591797 508.2364269256592 0.7975260416666666 
293 1956.4590637207032 588.6905242919922 2225.3948181152346 759.831509399414 0.7234468005952381 1850.3355773925782 59.01313285827637 2014.4912048339843 513.0606967926026 0.7888067336309523 
294 1954.5560180664063 591.1132507324219 2223.479870605469 758.7540588378906 0.7176106770833334 1854.2132751464844 55.28059349060059 2014.869122314453 512.8002857208252 0.8100353422619048 
295 1956.6833129882812 586.0838470458984 2229.588415527344 775.0182647705078 0.6914527529761905 1856.5643005371094 54.403174591064456 2017.5083312988281 512.7439659118652 0.8021065848214286 
296 1957.1243408203125 587.4188232421875 2230.0983154296873 769.4013671875 0.6805478050595238 1853.884344482422 61.39236602783203 2018.3684631347655 509.34936370849607 0.7905040922619048 
297 1956.238916015625 588.1140075683594 2239.933447265625 770.2388977050781 0.6953357514880952 1850.6281433105469 64.77453155517578 2022.2457580566406 509.5794418334961 0.8044782366071429 
298 1953.7629760742188 587.1422821044922 2234.271936035156 765.9667877197265 0.6758277529761905 1853.831640625 56.1981315612793 2018.63076171875 512.0252113342285 0.7933175223214286 
299 1948.8465270996094 587.2744995117188 2234.087188720703 770.3920043945312 0.6276506696428571 1854.3080810546876 70.02171020507814 2019.8181396484374 510.20802612304686 0.8018973214285714 
