0 2038.7496704101563 345.88825073242185 2086.7217651367187 414.24822387695315 0.22331310453869047 
2 2037.650860595703 353.21422882080077 2071.093646240234 428.4601791381836 0.18959844680059523 
3 2027.451220703125 359.4201370239258 2086.278759765625 429.05285491943357 0.32309105282738093 
4 2022.678533935547 359.5443969726563 2082.2961975097655 432.2777465820312 0.37490699404761907 2097.704968261719 397.2409942626953 2119.167346191406 429.4344818115234 0.1833554222470238 
5 2229.493408203125 426.8935089111328 2229.493408203125 434.0913543701172 0.1626034691220238 
6 2244.4492919921877 417.52486419677734 2269.5218994140623 427.07630157470703 0.1519775390625 
7 2202.228405761719 383.5286575317383 2272.694689941406 426.52502288818357 0.16746303013392858 2219.2708740234375 426.70874176025393 2269.4332275390625 469.7051071166992 0.17686535063244047 
8 2205.279541015625 401.42821807861327 2276.887451171875 428.8779037475586 0.15802001953125 2184.439733886719 376.4572250366211 2253.660607910156 461.19331817626954 0.18537248883928573 
9 2217.568078613281 398.60435180664064 2245.155310058594 416.5961486816406 0.14862351190476192 2187.7201416015623 392.145751953125 2274.0806396484377 482.104736328125 0.18974376860119047 
10 2251.69775390625 447.1627502441406 2251.69775390625 447.1627502441406 0.12962704613095238 
12 2193.4643432617186 78.90606422424317 2258.3142211914064 141.35399894714357 0.20017206101190477 
16 2247.26611328125 453.3637390136719 2247.26611328125 453.3637390136719 0.16067359561011904 
17 2230.351318359375 469.8330383300781 2230.351318359375 469.8330383300781 0.1578369140625 
18 2230.814990234375 438.40170135498045 2259.440380859375 475.3762832641602 0.17574055989583334 
20 2205.234655761719 394.6352996826172 2243.536096191406 505.94898986816406 0.25090099516369047 
21 2201.0265991210936 345.61217346191404 2253.6699340820314 489.1851287841797 0.3012811569940476 
22 2228.584265136719 339.7123626708984 2268.231408691406 461.05661926269534 0.21037946428571427 
23 2248.071533203125 347.97454833984375 2248.071533203125 347.97454833984375 0.14681280226934523 
24 2240.4200439453125 328.92276153564455 2270.5682373046875 444.6918319702148 0.36843145461309523 
25 2236.564099121094 329.695329284668 2260.724230957031 428.7514175415039 0.21281505766369047 
28 1811.209716796875 644.5694580078125 1811.209716796875 644.5694580078125 0.14101155598958334 
30 1986.410333251953 396.5896301269531 1999.8573669433595 474.5824890136719 0.16020856584821427 
31 1958.322442626953 414.1438217163086 1973.2421325683595 464.3281936645508 0.16727701822916666 
32 1949.866064453125 371.7718795776367 1972.890283203125 466.5775772094727 0.17838541666666666 
33 2227.7568481445314 370.3800582885742 2265.6374389648436 467.78702545166016 0.27145531063988093 1957.5983520507812 394.2634963989258 1973.8328002929688 474.08309173583984 0.1857357933407738 
34 2221.8135498046877 337.64891052246094 2257.0233642578123 467.65406799316406 0.32518949962797616 1958.678155517578 389.16138916015626 1972.2204040527345 433.850634765625 0.16080147879464285 
35 2225.3020751953127 341.95909881591797 2254.9132568359373 460.40457916259766 0.4658086867559524 1951.1381286621095 386.63498840332034 1969.981622314453 449.89565124511716 0.16796875 
36 2221.581164550781 358.5694183349609 2250.874645996094 454.43894348144534 0.3927408854166667 1951.2310791015625 407.9893508911133 1971.2039794921875 457.25561370849607 0.15749686104910715 
37 2213.482958984375 344.98387451171874 2245.186962890625 448.02125244140626 0.37114025297619047 1950.910400390625 417.8416748046875 1950.910400390625 417.8416748046875 0.14080519903273808 
38 2213.0605224609376 363.8485168457031 2236.5766845703124 431.78399047851565 0.3124418712797619 
39 2203.5085327148436 352.80553436279297 2230.6025512695314 423.76578521728516 0.36559477306547616 
40 2195.1562622070314 352.1819183349609 2220.4621459960936 409.1198394775391 0.2185116722470238 
41 2176.5229248046876 336.90135803222654 2218.7900634765624 409.00367126464846 0.29226539248511907 
42 2170.152307128906 342.1803771972656 2203.401647949219 406.21616821289064 0.34111095610119047 
43 2156.3733520507812 353.7520462036133 2173.5897827148438 414.00927581787107 0.23919968377976192 
44 2125.930517578125 392.0915924072266 2149.265771484375 411.7422698974609 0.1739560081845238 
47 2062.129638671875 429.1815490722656 2062.129638671875 429.1815490722656 0.13943626767113096 
48 2042.3431396484375 480.4484558105469 2042.3431396484375 480.4484558105469 0.13133893694196427 
49 2010.192803955078 389.82177734375 2047.0849060058595 549.6875 0.19377208891369047 1988.5779052734374 362.67298736572263 2048.8349365234376 692.2423873901367 0.15341331845238096 
50 2014.898681640625 477.2643737792969 2014.898681640625 477.2643737792969 0.0991792224702381 
54 1748.0977783203125 0.0 1748.0977783203125 767.6213287353515 0.18008858816964285 
55 1748.9600830078125 0.0 1748.9600830078125 47.42911071777344 0.3033854166666667 
56 1744.132568359375 0.0 1744.132568359375 48.5722375869751 0.20871117001488096 1736.5570007324218 0.0 1802.2119201660157 48.5722375869751 0.4942103794642857 
57 1738.2525146484375 0.0 1815.7091552734375 50.951155471801755 0.2998046875 1738.2525146484375 0.0 1815.7091552734375 58.68720245361328 0.5414574032738095 
58 1779.3083923339843 0.0 1821.1031066894532 74.38843235969543 0.4257231212797619 
59 1781.511083984375 0.0 1842.500634765625 77.84391441345215 0.6852911086309523 
60 1908.619073486328 0.0 2068.1986755371095 64.44142874479294 0.28182547433035715 1795.2308959960938 0.0 1846.1311645507812 79.41523597240447 0.6643415178571429 
61 1928.1779541015626 0.0 2084.5822998046874 70.64949398040771 0.535888671875 1784.2342224121094 0.0 1856.8506164550781 92.61701965332031 0.6542736235119048 
62 1944.7662719726563 0.0 2106.8057495117187 86.6242371559143 0.7207728794642857 1792.8610229492188 0.0 1871.7671508789062 103.47850608825684 0.7024274553571429 
63 1957.0435363769532 0.0 2118.5515563964846 99.04116317033768 0.7301664806547619 1793.192364501953 0.0 1882.4469177246094 118.43956642150879 0.7426525297619048 
64 1961.6400390625 0.0 2135.456640625 113.09244194030762 0.7132393973214286 1794.118963623047 0.0 1894.0632873535155 131.47687759399415 0.7493024553571429 
65 1956.9034912109375 0.0 2151.7010009765627 123.03456115722656 0.6734328497023809 1799.9702697753905 0.0 1906.359686279297 131.2760009765625 0.7817150297619048 
66 1978.9109436035155 0.0 2159.650457763672 127.44235277175903 0.6994047619047619 1802.785791015625 0.0 1910.294775390625 145.00093631744386 0.7843191964285714 
67 1983.282537841797 0.0 2179.4002014160155 138.4247423171997 0.6608537946428571 1805.596435546875 0.0 1917.8896484375 143.47368202209472 0.7732747395833334 
68 1998.8503356933593 0.0 2179.366094970703 143.8474826812744 0.7137509300595238 1812.4002380371094 0.0 1921.9441223144531 153.04536209106445 0.7533017113095238 
69 2006.6318786621093 0.8384444236755364 2191.467852783203 148.38294725418092 0.7281668526785714 1815.9964172363282 0.0 1934.3562438964843 165.9061936736107 0.7831798735119048 
70 2021.570489501953 5.502473449707033 2199.4757751464845 161.79299774169922 0.7482328869047619 1820.3241333007813 0.0 1946.6866088867187 178.8672883987427 0.7849702380952381 
71 2031.7300537109375 15.144540596008301 2210.8666259765623 162.7663137435913 0.7532319568452381 1830.2652221679687 0.0 1953.0069946289063 191.34650387763978 0.7735537574404762 
72 2045.1538940429687 20.722408103942872 2225.0499633789063 173.31285877227782 0.7428617931547619 1836.2840148925782 0.0 1963.1750915527343 203.08963012695312 0.7780645461309523 
73 2057.205810546875 26.15193901062012 2235.263916015625 180.91282691955567 0.7596493675595238 1845.1614318847655 9.254965782165527 1974.961004638672 210.6105318069458 0.7778087797619048 
74 2064.2248413085936 33.94512710571289 2244.6401489257814 184.56709518432618 0.7586495535714286 1852.0426391601563 20.576314163208007 1984.4576049804687 220.8538845062256 0.75927734375 
75 2079.4307861328125 38.57077178955078 2250.5731201171875 186.70217742919922 0.7242373511904762 1859.9442016601563 34.47751941680909 1996.5702026367187 237.2593542098999 0.7421177455357143 
76 2089.6014892578123 41.996788024902344 2264.5879638671877 190.8169937133789 0.7391415550595238 1860.3330017089843 42.94027748107911 1994.4346984863282 248.99901542663574 0.7519298735119048 
77 2099.459118652344 43.895969009399415 2272.421008300781 192.14882316589356 0.7423270089285714 1866.879656982422 60.305145263671875 2001.9544494628906 253.03387451171875 0.7592308407738095 
78 2107.659069824219 47.227204704284674 2281.160510253906 191.26639041900634 0.7528366815476191 1870.384588623047 76.62681121826172 2016.0606018066405 271.40706329345704 0.7685546875 
79 2113.4251220703127 46.24437999725342 2288.0294677734373 196.5982141494751 0.7662760416666666 1873.9035888671874 90.57948951721191 2022.6406005859376 287.81784172058104 0.7756463913690477 
80 2125.4977294921873 47.671193313598636 2294.0413330078127 195.34732322692872 0.7523716517857143 1878.3008666992187 106.13661499023438 2027.5821899414063 303.5731628417969 0.7737862723214286 
81 2133.8052001953124 51.52264404296875 2290.4164794921876 200.14349365234375 0.7404668898809523 1880.203271484375 118.88759155273438 2040.010595703125 312.25449829101564 0.7815522693452381 
82 2142.7671630859377 49.20655136108398 2296.2274658203123 190.9906379699707 0.7227725074404762 1885.5668151855468 126.96325378417968 2044.0314514160157 328.79706115722655 0.7704148065476191 
83 2146.56787109375 47.05524158477783 2298.86083984375 189.08119869232178 0.7083565848214286 1896.475848388672 142.15603637695312 2048.768658447266 326.9609069824219 0.7862490699404762 
84 2150.0995361328123 50.935028839111325 2293.3477294921877 192.45747299194335 0.7288411458333334 1903.0989685058594 160.32950134277343 2058.428497314453 343.2731597900391 0.7797619047619048 
85 2154.3434448242188 51.83773918151856 2292.0859985351562 203.70798377990724 0.7079613095238095 1902.6978820800782 171.78535079956055 2066.9296813964843 355.44238662719727 0.7800641741071429 
86 2161.8518798828127 54.863814163208005 2289.8771240234373 211.7399990081787 0.72265625 1903.65107421875 188.09067001342774 2069.54326171875 368.40812454223635 0.7799944196428571 
87 2161.3353759765623 57.55548515319825 2283.6172607421877 225.46490821838378 0.7456287202380952 1908.5587951660157 202.9319190979004 2080.118328857422 376.3166618347168 0.8038504464285714 
88 2162.6381225585938 60.91404418945312 2273.7395629882812 223.0131103515625 0.7468610491071429 1913.7452697753906 215.16735229492187 2081.308319091797 388.1944641113281 0.8101283482142857 
89 2152.993408203125 64.26346855163574 2266.838623046875 230.51385231018065 0.7444428943452381 1912.7920654296875 221.47850494384767 2084.4637939453123 398.57133026123046 0.8204985119047619 
90 2143.9615234375 64.396724319458 2256.601953125 234.28100242614747 0.7376534598214286 1909.873388671875 229.94866867065429 2081.604150390625 405.3726356506348 0.8397274925595238 
91 2132.73388671875 71.84341278076172 2239.5458984375 236.74588165283203 0.7409086681547619 1907.2903686523437 240.06122589111328 2081.5624145507813 408.71150970458984 0.8441917782738095 
92 2120.1839111328127 74.02926788330078 2226.9445068359373 249.4218734741211 0.7315848214285714 1900.4298583984375 246.26893157958983 2081.5418212890627 415.94221954345704 0.8574916294642857 
93 2104.260119628906 79.12861862182618 2211.737683105469 254.48656997680663 0.72900390625 1898.5155639648438 258.1852035522461 2079.5300903320312 427.8864212036133 0.8694196428571429 
94 2090.5871459960936 79.61406593322754 2197.2871215820314 255.5754711151123 0.7248883928571429 1897.4183776855468 267.4550262451172 2080.8673889160154 437.80065002441404 0.8718145461309523 
95 2080.170373535156 87.0176498413086 2187.763464355469 255.8276565551758 0.7193080357142857 1895.021484375 273.02259216308596 2086.09228515625 462.2382110595703 0.8838820684523809 
96 2071.47373046875 87.31636581420898 2176.43349609375 256.7248176574707 0.7183082217261905 1893.495751953125 280.3796875 2092.366552734375 482.93323974609376 0.8958333333333334 
97 2066.161474609375 89.56275291442871 2167.756982421875 258.28384284973146 0.7111235119047619 1899.7431091308595 291.28841705322264 2101.119805908203 501.7362716674805 0.9105282738095238 
98 2065.3168823242186 89.31847763061523 2165.4279907226564 255.5742073059082 0.7185639880952381 1905.7994140625 302.1917999267578 2113.172265625 518.5030242919922 0.9138997395833334 
99 2064.7865478515623 83.5929615020752 2163.8614013671877 267.5891902923584 0.7036597842261905 1910.7304748535157 316.10593872070314 2130.110711669922 537.2552673339844 0.8903692336309523 
100 2065.3260986328123 84.7309700012207 2162.4585693359377 264.86755599975584 0.7161690848214286 1920.0348022460937 331.16215362548826 2146.088488769531 553.6838851928711 0.8905784970238095 
101 2071.5578125 87.2702033996582 2163.1443359375 263.5309898376465 0.7292364211309523 1934.2447143554687 343.7522262573242 2167.5309204101563 566.6702896118164 0.8780459449404762 
102 2069.808349609375 85.11788597106934 2163.963134765625 261.4441028594971 0.7594866071428571 1949.7773803710938 362.3806396484375 2182.596398925781 578.0806640625 0.8626999627976191 
103 2072.6392333984377 85.58316078186036 2163.1117431640623 263.11434135437014 0.7592540922619048 1974.1566772460938 382.1468811035156 2201.1917114257812 595.5257263183594 0.8558872767857143 
104 2073.2595336914064 85.65139312744141 2165.2475463867186 266.15576629638673 0.7633696056547619 1995.8242614746093 401.53405914306643 2226.661700439453 609.808317565918 0.8548642113095238 
105 2075.893420410156 83.56589813232422 2164.740612792969 268.36803131103517 0.7591610863095238 2018.4843811035157 416.3327331542969 2249.487176513672 631.3429260253906 0.8597237723214286 
106 2074.293566894531 86.10243530273438 2168.929821777344 264.4551513671875 0.7770414806547619 2037.3352172851562 434.8282180786133 2270.2856323242186 660.4990219116211 0.8619791666666666 
107 2077.5358276367188 85.67019309997559 2168.4453735351562 267.4895130157471 0.7826915922619048 2056.1997314453124 459.3702850341797 2282.5463623046876 680.1508941650391 0.8615141369047619 
108 2084.8856689453123 84.60753326416015 2174.0454833984377 270.35657806396483 0.7668340773809523 2068.811242675781 478.96705322265626 2297.282751464844 701.8659545898438 0.8520042782738095 
109 2086.826025390625 81.32771530151368 2174.240869140625 269.4595314025879 0.7666480654761905 2079.151708984375 494.57448120117186 2309.090478515625 724.5134094238281 0.8418666294642857 
110 2096.0910766601564 77.3084701538086 2177.8339721679686 270.51870880126955 0.7788550967261905 2092.3041137695313 514.3895111083984 2305.9500366210937 746.6133575439453 0.8687453497023809 
111 2100.6607299804687 86.16233139038086 2182.8981079101563 273.0659553527832 0.7950846354166666 2095.8442626953124 526.4641326904297 2307.0453857421876 760.0936676025391 0.8817196800595238 
112 2107.490612792969 87.03965606689454 2189.179553222656 276.4099594116211 0.8021530877976191 2100.0642822265627 538.9006378173829 2308.0001708984373 772.8286712646484 0.8760928199404762 
113 2112.1234130859375 93.2702480316162 2197.3565673828125 280.05843391418455 0.7995721726190477 2105.915661621094 547.9648254394531 2305.398059082031 783.7169372558594 0.8759533110119048 
114 2124.2053466796874 97.32292747497559 2207.3678955078126 283.1118335723877 0.7926664806547619 2107.055615234375 554.9216766357422 2303.460986328125 797.3319244384766 0.8890206473214286 
115 2132.2486572265625 97.48354454040528 2218.0594482421875 286.61790351867677 0.8046177455357143 2108.404748535156 556.9156494140625 2295.787878417969 803.841064453125 0.8888346354166666 
116 2142.349743652344 105.79912300109864 2225.765246582031 290.0083950042725 0.8022228422619048 2107.593310546875 563.0471160888671 2295.278271484375 804.6045562744141 0.8953450520833334 
117 2147.6529052734377 113.4654312133789 2231.9618408203123 294.12706756591797 0.8017345610119048 2104.7044311523437 561.6121124267578 2297.4100708007813 804.2148529052735 0.89111328125 
118 2158.7937133789064 114.04117126464844 2242.6440307617186 302.2763946533203 0.8024321056547619 2101.40185546875 558.8291656494141 2294.7705078125 805.2462127685546 0.8867420014880952 
119 2164.99912109375 119.22452926635742 2251.6712890625 311.2628517150879 0.8035946800595238 2097.347705078125 558.9256317138672 2294.484326171875 803.6470611572265 0.8903227306547619 
120 2171.338427734375 125.96737060546874 2257.556103515625 315.307958984375 0.8079427083333334 2095.8493530273436 557.7705200195312 2295.3330200195314 802.8989135742188 0.8876720610119048 
121 2181.076318359375 135.1735710144043 2267.898291015625 320.50448379516604 0.7861793154761905 2094.768518066406 556.8238250732422 2295.126257324219 805.6014068603515 0.876953125 
122 2180.9167236328126 144.45400009155273 2273.0066162109374 323.6104682922363 0.8006184895833334 2096.0396240234377 554.9297180175781 2298.6371337890623 804.4092712402344 0.8694196428571429 
123 2189.9370361328124 148.66904525756837 2278.4379638671876 332.35044021606444 0.7986886160714286 2098.8668579101563 555.8508605957031 2297.5767456054687 806.3254089355469 0.8777901785714286 
124 2197.331091308594 151.99071655273437 2283.931848144531 335.18439331054685 0.79248046875 2099.00859375 558.2835693359375 2293.86005859375 806.427734375 0.8645368303571429 
125 2197.6326538085937 159.75559616088867 2289.0677856445313 335.9763526916504 0.8054547991071429 2101.3378051757813 559.4492950439453 2295.8455444335937 807.1558685302734 0.8738141741071429 
126 2197.5500244140626 161.9244026184082 2289.6018310546874 342.74074325561526 0.7940848214285714 2100.882666015625 557.5076080322266 2296.493310546875 805.7191375732422 0.8739071800595238 
127 2199.467883300781 170.95410842895507 2291.546032714844 345.24521713256837 0.7929920014880952 2100.053430175781 559.7573669433593 2297.364294433594 806.3957092285157 0.8635602678571429 
128 2197.31259765625 172.12904663085936 2293.1634765625 352.26267700195314 0.7876906622023809 2096.313122558594 554.0072784423828 2296.277941894531 806.8554534912109 0.8498883928571429 
129 2198.8375 178.31454696655274 2295.316796875 354.6385322570801 0.7855980282738095 2091.6740112304688 552.4591857910157 2296.2764282226562 801.9742858886718 0.8313802083333334 
130 2202.418835449219 185.27371139526366 2298.136096191406 356.55741958618165 0.7814127604166666 2093.3317993164064 554.3216033935547 2294.8422729492186 796.133901977539 0.8193824404761905 
131 2202.134423828125 184.5883056640625 2303.517919921875 360.31983642578126 0.7729259672619048 2086.64814453125 552.4286987304688 2287.725390625 795.7492797851562 0.7993396577380952 
132 2205.9550659179686 183.00856552124023 2306.4152954101564 363.4964546203613 0.7688337053571429 2085.6515869140626 554.266146850586 2286.5720458984374 797.7545440673828 0.8133370535714286 
133 2207.9734375 184.51360244750975 2307.565625 366.5270317077637 0.7723911830357143 2085.00205078125 556.465576171875 2277.31826171875 800.294921875 0.8178013392857143 
134 2211.20771484375 187.57254791259766 2311.0779296875 368.3722457885742 0.7941080729166666 2077.296533203125 553.5429077148438 2270.149755859375 799.7748413085938 0.8190801711309523 
135 2212.4990478515624 189.6316993713379 2311.7275146484376 372.42065353393554 0.7884114583333334 2072.561669921875 553.8705688476563 2258.832373046875 806.2933715820312 0.8130115327380952 
136 2214.15341796875 195.0296661376953 2312.4671875 375.8571746826172 0.7966889880952381 2062.0232421875 555.199185180664 2249.8732421875 809.7621795654297 0.8156389508928571 
137 2214.935546875 197.53962326049805 2314.0224609375 379.788272857666 0.8083379836309523 2052.8990234375 555.7078979492187 2235.1478515625 806.9633666992188 0.8373558407738095 
138 2218.354638671875 200.36298294067382 2314.393408203125 383.54795150756837 0.7987118675595238 2045.1566772460938 554.4886260986328 2219.4490356445312 810.5918792724609 0.8435174851190477 
139 2218.082470703125 205.24553298950195 2313.617236328125 385.49962997436523 0.7930152529761905 2034.6393310546875 555.0077484130859 2205.8806884765627 816.3762237548829 0.8444940476190477 
140 2216.4833862304686 209.21977844238282 2312.9826782226564 389.4734588623047 0.7922712053571429 2026.6357299804688 553.4804748535156 2190.5026977539064 821.1298767089844 0.8442847842261905 
141 2217.876904296875 212.41390991210938 2311.894580078125 393.0753479003906 0.7918294270833334 2018.3552124023438 555.3019927978515 2182.4253051757814 824.4506317138672 0.8568173363095238 
142 2218.729626464844 217.78907165527343 2311.565051269531 396.03356018066404 0.7887834821428571 2009.1351196289063 554.3540802001953 2185.522839355469 823.5776214599609 0.8501441592261905 
143 2214.8549194335938 218.87271041870116 2314.2449340820312 400.7752540588379 0.7815290178571429 2004.462384033203 554.6928009033203 2176.988665771484 826.609017944336 0.8623046875 
144 2215.4992431640626 221.24336776733398 2316.4060302734374 405.9215034484863 0.8011532738095238 2001.7501892089845 557.6475036621093 2165.485284423828 822.2893859863282 0.8460751488095238 
145 2222.9167602539064 224.56047286987305 2323.0234252929686 409.3724647521973 0.7907133556547619 1996.1964233398437 555.3857727050781 2161.756945800781 824.9032897949219 0.8352399553571429 
146 2230.717980957031 227.72792587280273 2333.461462402344 415.7679389953613 0.8195452008928571 1996.3017517089843 559.817593383789 2153.324835205078 829.2769500732422 0.8347051711309523 
147 2242.2463134765626 227.8045295715332 2346.3332763671874 420.26723251342776 0.8314964657738095 1992.6792114257812 559.7045135498047 2151.7556030273436 834.6512603759766 0.8449590773809523 
148 2256.9373291015627 229.26889877319337 2369.2521240234373 427.8252326965332 0.8635602678571429 1988.18447265625 567.6015075683594 2156.65634765625 842.3713928222656 0.8755347842261905 
149 2281.7697021484373 229.7053367614746 2384.8880126953127 435.94201736450196 0.8703729538690477 1984.3129821777343 569.0440368652344 2149.302374267578 845.4011535644531 0.8858351934523809 
150 2291.6543701171877 245.1687210083008 2413.0018798828123 447.41492767333983 0.8733026413690477 1984.4365173339843 571.792269897461 2156.878057861328 852.8080108642578 0.8733258928571429 
151 2299.5699951171873 258.19615478515624 2438.3367431640627 465.24464111328126 0.8745349702380952 1983.067205810547 574.3601898193359 2148.2654357910155 860.7038360595703 0.8612118675595238 
152 2307.8741088867187 269.712744140625 2458.4820922851563 488.7787719726563 0.9051339285714286 1980.5038208007813 577.7743316650391 2153.9309936523437 865.2984832763672 0.8641648065476191 
153 2313.7135986328126 286.25167083740234 2477.1828857421874 496.4263381958008 0.9124813988095238 1979.7694946289062 580.9452728271484 2157.250280761719 868.1839385986328 0.8572823660714286 
154 2321.553820800781 303.43343353271484 2488.610485839844 508.6743850708008 0.9202938988095238 1979.2714233398438 582.5648345947266 2153.4876098632812 866.5609588623047 0.8602353050595238 
155 2323.404443359375 319.1127410888672 2498.135107421875 518.111685180664 0.9091099330357143 1980.4765563964843 581.5822265625 2150.353643798828 867.94658203125 0.8777901785714286 
156 2321.3760375976562 328.4337097167969 2498.7057495117188 532.8555358886719 0.8958333333333334 1979.0309265136718 578.3247100830079 2151.4350158691404 866.4855316162109 0.8291945684523809 
157 2320.8384765625 335.57577056884764 2494.15615234375 543.5567672729492 0.9020182291666666 1975.5368896484374 577.2679260253906 2153.8063720703126 869.4316589355469 0.8159644717261905 
158 2317.306005859375 343.3528778076172 2495.168603515625 548.3887603759765 0.9187825520833334 1976.592999267578 580.9778747558594 2159.396136474609 867.5340881347656 0.8315894717261905 
159 2312.7272094726563 353.1434555053711 2488.7124877929687 553.915657043457 0.9304082961309523 1983.4454345703125 583.6596557617188 2154.4735107421875 868.7065551757812 0.8493536086309523 
160 2306.800891113281 355.16088104248047 2486.863903808594 559.8900527954102 0.9407552083333334 1983.768975830078 582.9434783935546 2151.4989685058595 869.0709869384766 0.8545851934523809 
161 2305.5842041015626 362.1291564941406 2488.2995849609374 559.6591735839844 0.9461263020833334 1982.2238159179688 583.8756469726562 2152.5933227539062 867.8250366210938 0.8466099330357143 
162 2307.0010986328125 363.86337890625 2488.1981201171875 559.953271484375 0.9428943452380952 1983.5578491210938 584.2974517822265 2154.8261840820314 872.2269012451172 0.8756510416666666 
163 2305.389501953125 365.77772064208983 2486.616357421875 559.4173782348632 0.9405226934523809 1983.8024963378907 586.2481048583984 2155.099237060547 871.7424346923829 0.8720238095238095 
164 2306.2082397460936 370.33182830810546 2484.9414184570314 556.5121963500976 0.9356631324404762 1984.6413208007812 586.1100708007813 2153.444860839844 871.5867065429687 0.8798363095238095 
165 2304.5741455078123 371.83485717773436 2485.1529052734377 557.3608215332031 0.939453125 1982.2346435546874 584.3810211181641 2152.9186767578126 873.8015350341797 0.8786272321428571 
166 2304.470983886719 374.31361694335936 2484.858361816406 557.1719787597656 0.9377557663690477 1982.473046875 586.6346252441406 2152.976171875 873.2774841308594 0.8845098586309523 
167 2302.383349609375 376.5461730957031 2485.332958984375 557.0235290527344 0.9377325148809523 1982.6968566894532 586.7860870361328 2150.8127868652346 873.5720062255859 0.8780226934523809 
168 2302.9269287109373 376.00931549072266 2486.3113525390627 556.9153366088867 0.9375232514880952 1982.4813537597656 587.0345123291015 2150.996551513672 872.0234100341797 0.8751627604166666 
169 2302.4554077148437 373.9823501586914 2485.7855590820313 557.3125411987305 0.9389880952380952 1983.7238037109375 584.6596038818359 2154.6668212890627 874.5195343017579 0.8908575148809523 
170 2303.309289550781 371.6773483276367 2486.147497558594 559.4573257446289 0.9421502976190477 1984.1022827148438 588.6315795898438 2149.6450317382814 872.7723510742187 0.8976934523809523 
171 2302.431640625 369.3738555908203 2486.0439453125 557.9488372802734 0.9387090773809523 1983.2091735839845 587.2466735839844 2154.415460205078 872.5904846191406 0.8883463541666666 
172 2304.6591796875 367.0386962890625 2488.0048828125 557.8175048828125 0.9370582217261905 1982.6601989746093 588.4069152832031 2148.662677001953 875.8140319824219 0.8687220982142857 
173 2302.5216064453125 362.9518112182617 2488.1810302734375 556.0374771118164 0.9378022693452381 1983.8541198730468 588.5040832519531 2142.2832092285157 873.1817077636719 0.8694196428571429 
174 2304.224084472656 361.4157913208008 2484.434362792969 551.5006820678711 0.9297340029761905 1985.8650634765625 587.6756774902344 2143.8575927734373 874.0373352050781 0.8802780877976191 
175 2305.7138427734376 359.69983978271483 2481.8403564453124 548.2296340942382 0.9288504464285714 1984.945977783203 588.9696014404296 2146.1886657714845 874.2449371337891 0.8760928199404762 
176 2303.572802734375 358.58262023925784 2483.558056640625 545.9645599365234 0.9172479538690477 1983.4302368164062 588.0686340332031 2143.6911010742188 874.0726013183594 0.8757672991071429 
177 2302.3825927734374 356.0552520751953 2482.8737548828126 543.9637298583984 0.9098074776785714 1985.1445251464843 590.5603912353515 2145.855596923828 872.4230682373047 0.8640252976190477 
178 2299.210986328125 354.13363189697264 2486.794384765625 539.2487838745117 0.9116908482142857 1982.8066040039062 587.3787475585938 2148.176062011719 873.6901000976562 0.8861839657738095 
179 2294.65498046875 347.3215362548828 2486.48369140625 531.7719696044921 0.8982747395833334 1981.8460693359375 587.0125457763672 2146.6217041015625 874.7552154541015 0.8939499627976191 
180 2291.4114624023437 349.97461853027346 2478.9564575195313 525.1809600830078 0.8744884672619048 1980.481951904297 587.727572631836 2148.285260009766 873.9801300048828 0.8737444196428571 
181 2289.547009277344 345.43982086181643 2476.308703613281 517.4570602416992 0.8895786830357143 1978.309259033203 587.5871856689453 2142.9542907714845 872.644320678711 0.8873697916666666 
182 2286.5581176757814 343.9666748046875 2475.2780639648436 513.079345703125 0.8848586309523809 1978.0265197753906 586.7951171875 2144.688201904297 873.5514404296875 0.8777901785714286 
183 2284.902697753906 339.52503356933596 2473.179577636719 518.0210479736328 0.8816034226190477 1978.9768432617188 588.2721130371094 2145.247033691406 876.7999084472656 0.8761625744047619 
184 2284.1547607421876 337.67072143554685 2470.4184814453124 511.6802917480469 0.8809523809523809 1976.951416015625 588.5989685058594 2146.059326171875 875.3471984863281 0.8646530877976191 
185 2281.2188354492187 335.7577392578125 2472.2677368164063 512.110546875 0.8887648809523809 1978.8190612792969 588.4169860839844 2145.3744201660156 877.4395812988281 0.8751162574404762 
186 2279.0482666015623 331.66600341796874 2469.8975341796877 507.83472900390626 0.8791852678571429 1978.2814453125 592.1548034667969 2149.5564453125 875.9821594238281 0.8702334449404762 
187 2276.7997924804686 332.09132995605466 2470.6276977539064 501.3841949462891 0.8722563244047619 1979.8294982910156 592.447509765625 2146.668914794922 877.0557861328125 0.8765578497023809 
188 2274.087683105469 325.97934875488284 2470.394982910156 495.2942718505859 0.8767671130952381 1977.3619201660156 588.2570678710938 2144.2229187011717 872.9024780273437 0.8615606398809523 
189 2270.1611572265624 321.8027099609375 2471.3964599609376 491.1348510742188 0.8765578497023809 1978.0302001953125 591.6580932617187 2142.4541748046877 876.3323852539063 0.8640020461309523 
190 2267.9142944335936 321.28690948486326 2469.1054809570314 488.1285873413086 0.86474609375 1976.8848693847656 588.9130462646484 2148.6335632324217 873.5253692626953 0.8614443824404762 
191 2265.8082885742188 320.62313079833984 2470.2583618164062 485.6612014770508 0.87744140625 1977.9864685058594 591.2022064208984 2147.9511535644533 874.4764434814454 0.8693498883928571 
192 2264.6709594726562 322.04868469238284 2469.1495971679688 484.6462005615234 0.8440755208333334 1979.5567321777344 592.6655029296875 2142.154327392578 873.5156494140625 0.8555152529761905 
193 2260.4961791992187 324.8858123779297 2469.0265258789063 489.25670471191404 0.8591889880952381 1975.7250732421876 590.3137054443359 2149.9092041015624 874.8961944580078 0.8633975074404762 
194 2257.895788574219 328.24423065185545 2466.238244628906 494.91809234619143 0.8573288690476191 1970.6473083496094 587.7765441894531 2152.027618408203 874.5536560058594 0.8614908854166666 
195 2256.320703125 331.87062072753906 2459.6158203125 500.87498474121094 0.8482607886904762 1973.3277954101563 589.6164306640625 2147.2310424804687 876.1889892578125 0.8411225818452381 
196 2256.048620605469 333.77940521240237 2455.897912597656 506.819807434082 0.8590029761904762 1973.6157775878905 591.0903472900391 2151.530584716797 873.8042449951172 0.8659319196428571 
197 2251.6479614257814 336.4216598510742 2454.6437866210936 508.00146636962893 0.8636067708333334 1971.5992858886718 589.1440063476563 2152.8456604003904 874.3048461914062 0.8587007068452381 
198 2249.6247680664064 335.86914520263673 2448.5327026367186 508.41585845947264 0.8555850074404762 1971.6328002929688 584.3659118652344 2151.3689086914064 871.9437805175781 0.8513532366071429 
199 2246.5940063476564 334.0393661499023 2448.2758666992186 504.50833282470705 0.8532831101190477 1969.6513366699219 581.1547088623047 2154.5260314941406 866.8702545166016 0.8680245535714286 
200 2244.6182495117187 331.51573638916017 2445.8741821289063 504.02079315185546 0.8615606398809523 1966.6934997558594 572.5805358886719 2148.7822082519533 860.0888977050781 0.8707914806547619 
201 2244.1054931640624 331.4266189575195 2448.0131591796876 499.35057220458987 0.8605143229166666 1964.2630432128906 567.5350158691406 2146.5805847167967 848.2079040527344 0.8918340773809523 
202 2242.8947265625 328.29974060058595 2447.26005859375 496.6004669189453 0.8600957961309523 1967.5104064941406 565.4927734375 2138.215545654297 841.9868408203125 0.8854399181547619 
203 2240.9255615234374 327.73410949707034 2442.7131103515626 495.8905853271484 0.8504929315476191 1965.499981689453 566.294580078125 2136.058489990234 844.9538330078125 0.8734886532738095 
204 2237.474365234375 324.7886489868164 2441.551513671875 492.85225067138674 0.8520972842261905 1964.5094116210937 568.7578887939453 2149.379504394531 847.2632904052734 0.8807663690476191 
205 2236.9908081054687 325.08072662353516 2435.4664672851563 494.8608932495117 0.8462146577380952 1962.7307067871093 574.416635131836 2146.858282470703 847.0214141845703 0.8819986979166666 
206 2231.1393310546873 321.95516815185545 2434.3792236328127 491.72033843994143 0.8443545386904762 1964.8122680664062 577.3386291503906 2148.9238159179686 845.1372009277344 0.8650251116071429 
207 2231.238818359375 322.5169448852539 2431.003369140625 491.36559295654297 0.8543526785714286 1967.904364013672 578.076626586914 2151.0220275878905 846.8075897216797 0.8619559151785714 
208 2228.3776611328126 320.5940734863281 2427.7683349609374 489.12656860351564 0.8563988095238095 1965.262451171875 575.1274383544921 2150.410888671875 848.1026031494141 0.8653273809523809 
209 2226.662316894531 321.76619415283204 2422.481481933594 489.27405853271483 0.8546549479166666 1969.0487121582032 576.2946929931641 2148.3530212402343 849.9695281982422 0.8560500372023809 
210 2225.178820800781 321.8358978271484 2418.609997558594 486.95993957519534 0.8416108630952381 1967.0591613769532 576.3265197753906 2148.6955993652346 847.6017028808594 0.8537946428571429 
211 2221.3978271484375 322.34056243896487 2414.4713134765625 484.80497589111326 0.8465169270833334 1965.837823486328 575.5459442138672 2144.7841247558595 851.0290679931641 0.8626302083333334 
212 2219.3390258789063 321.46221923828125 2406.8706909179687 485.55230712890625 0.8365885416666666 1965.3599975585937 575.892056274414 2150.547473144531 847.8127166748047 0.8875093005952381 
213 2212.7606567382813 323.10621643066406 2402.1966186523437 487.1300506591797 0.8443545386904762 1966.54716796875 579.4489898681641 2149.05244140625 847.4315643310547 0.8623976934523809 
214 2210.0956176757813 324.4001434326172 2395.3230834960937 489.0470001220703 0.8569103422619048 1965.8517639160157 575.8560150146484 2148.792645263672 847.9805938720704 0.8669782366071429 
215 2205.750341796875 323.26627044677736 2391.591943359375 495.50988311767577 0.8502604166666666 1964.9055786132812 574.7454040527343 2153.0136108398438 848.9754211425782 0.8599330357142857 
216 2203.3784301757814 325.688737487793 2385.8141967773436 496.86292877197263 0.8478190104166666 1962.9896850585938 575.8664306640625 2156.6868286132812 846.1413818359375 0.86083984375 
217 2198.0982055664062 326.38877868652344 2386.4664916992188 499.05970764160156 0.8569568452380952 1962.9826721191407 573.7515350341797 2155.836053466797 845.0915435791015 0.8747907366071429 
218 2197.085241699219 324.9557800292969 2382.398400878906 501.3381042480469 0.8617001488095238 1962.2237854003906 573.2134460449219 2158.700408935547 845.6013732910156 0.8653506324404762 
219 2194.1688598632813 326.7233154296875 2381.3894897460937 502.8 0.8643973214285714 1961.428778076172 572.8363403320312 2159.7935119628905 844.7521606445313 0.8628859747023809 
220 2193.848107910156 326.565478515625 2376.045202636719 504.31873779296876 0.8601888020833334 1963.2816589355468 575.8473510742188 2158.8102600097654 844.6991577148438 0.8461216517857143 
221 2192.5557495117187 325.8053665161133 2370.8522094726563 506.33052825927734 0.8535621279761905 1962.227520751953 574.3917694091797 2160.582415771484 844.0652008056641 0.8565150669642857 
222 2191.7116088867188 325.5304748535156 2370.9741821289062 509.21958618164064 0.8604213169642857 1961.546875 573.8256896972656 2158.5146484375 848.2528015136719 0.8500744047619048 
223 2189.41552734375 325.0584381103516 2368.9462890625 509.0220062255859 0.8581891741071429 1960.3561462402345 573.7246643066406 2159.834893798828 848.5618347167969 0.8363792782738095 
224 2188.930871582031 325.0120315551758 2367.922399902344 510.63277435302734 0.8657459077380952 1960.3046081542968 572.931283569336 2161.3937561035154 849.1526397705078 0.8344029017857143 
225 2186.3276611328124 325.48421783447264 2367.3202880859376 510.89136199951173 0.8707217261904762 1960.171697998047 573.1182281494141 2158.8220764160155 849.0217254638671 0.8345889136904762 
226 2187.0496459960937 327.31911010742186 2362.7054809570313 513.9535339355468 0.8740931919642857 1959.8791625976562 571.9706756591797 2157.4921752929686 848.6287506103515 0.8596307663690477 
227 2185.080676269531 327.52303924560545 2360.700329589844 514.1190200805664 0.8678850446428571 1959.392401123047 572.3774597167969 2159.1599670410155 846.7833068847656 0.8602585565476191 
228 2183.8677368164062 328.9162872314453 2359.1979370117188 515.2046844482422 0.8669549851190477 1964.367626953125 571.428353881836 2157.231005859375 847.5735382080078 0.8508882068452381 
229 2183.571643066406 328.5780883789063 2359.089733886719 517.260107421875 0.8693731398809523 1961.8954528808595 571.6032592773438 2157.159356689453 848.0443237304687 0.8558872767857143 
230 2181.8439697265626 331.0561889648437 2357.2151123046874 517.2524658203125 0.8752325148809523 1961.423046875 570.6298583984375 2156.27958984375 845.594140625 0.8643275669642857 
231 2182.22763671875 331.1840759277344 2354.23134765625 518.4283508300781 0.8774181547619048 1958.38876953125 568.7565216064453 2154.3421875 845.268441772461 0.8508417038690477 
232 2179.655725097656 331.21471405029297 2351.810827636719 518.6243057250977 0.8772786458333334 1958.9715942382813 568.7454650878906 2155.0979858398437 847.6806823730469 0.8470749627976191 
233 2179.5655029296877 331.43884124755857 2353.8842041015623 518.8314529418946 0.8806733630952381 1959.1529846191406 568.9480926513672 2155.261444091797 847.8579986572265 0.8506091889880952 
234 2178.998779296875 330.59537200927736 2353.159423828125 519.9951126098633 0.8799060639880952 1960.4606018066406 570.3174774169922 2156.391326904297 844.620571899414 0.8486793154761905 
235 2181.204943847656 331.23694305419923 2352.336804199219 519.6988174438477 0.8787434895833334 1961.8325622558593 569.5220397949219 2156.793048095703 844.6331115722656 0.8658621651785714 
236 2179.6146240234375 330.8394515991211 2353.4864501953125 519.9249832153321 0.8829752604166666 1959.5163635253907 572.0865142822265 2157.295526123047 843.7612030029297 0.8765578497023809 
237 2178.4697387695314 330.2467102050781 2352.0632202148436 519.0296569824219 0.8881370907738095 1960.14248046875 570.8573150634766 2159.775 844.2671356201172 0.8788829985119048 
238 2180.829382324219 332.65179443359375 2351.841271972656 518.816650390625 0.8823009672619048 1961.611181640625 572.4347930908203 2156.434716796875 845.1879486083984 0.8862537202380952 
239 2180.070178222656 332.3847717285156 2353.144421386719 520.6027770996094 0.8858351934523809 1962.6461059570313 572.275341796875 2159.517712402344 844.8668701171875 0.8944382440476191 
240 2180.198095703125 330.76509552001954 2351.643212890625 519.5717269897461 0.8871837797619048 1960.4245971679688 571.4059112548828 2155.741662597656 844.8500091552735 0.8749534970238095 
241 2180.1545654296874 330.95154876708983 2349.4103759765626 519.7368362426757 0.8815104166666666 1960.155535888672 571.5651824951171 2155.450543212891 844.9783355712891 0.8674200148809523 
242 2180.9258544921877 330.81895751953124 2352.1088134765623 521.5039794921875 0.8808361235119048 1960.3212463378907 569.42529296875 2151.006268310547 844.618408203125 0.8763718377976191 
243 2179.9325317382813 329.06358795166017 2349.8938842773437 518.635905456543 0.8798130580357143 1961.6980102539062 568.2498962402344 2149.0912963867186 849.3398254394531 0.9020647321428571 
244 2181.5953857421873 330.3936935424805 2349.5042236328127 517.9281753540039 0.8803245907738095 1959.0869506835938 568.3343322753906 2150.982629394531 845.2747985839844 0.9325009300595238 
245 2182.1211669921877 329.30684051513674 2352.3710205078123 519.2010635375976 0.8866954985119048 1952.182928466797 569.4029907226562 2150.8079162597655 846.6048217773438 0.9231073288690477 
246 2181.6204223632812 326.1341247558594 2354.5639038085938 520.9690856933594 0.8829520089285714 1942.3287353515625 573.4246765136719 2145.9202880859375 858.0150207519531 0.9300595238095238 
247 2182.143908691406 328.5804046630859 2355.186413574219 521.3365875244141 0.8816731770833334 1932.6055419921875 581.067416381836 2136.3138916015623 863.6303985595703 0.93115234375 
248 2181.1023681640627 328.22931213378905 2354.2340576171873 521.0848358154296 0.8765811011904762 1922.7533935546876 586.5781860351562 2128.7583251953124 878.0530395507812 0.9229445684523809 
249 2181.0032348632812 326.9624496459961 2352.3026733398438 518.0270217895508 0.8859281994047619 1912.9047912597657 593.5405822753906 2123.734735107422 890.0200866699219 0.9090866815476191 
250 2181.268200683594 329.2546676635742 2351.754504394531 519.4124771118164 0.8899739583333334 1907.464337158203 595.9968139648438 2119.479388427734 893.2550170898437 0.8902064732142857 
251 2179.4439453125 329.76120910644534 2349.75283203125 519.7210906982422 0.8864164806547619 1908.1086486816407 598.4091918945312 2115.536248779297 890.9910766601563 0.9030412946428571 
252 2179.4820922851563 329.5349411010742 2348.3072143554687 522.4777847290039 0.8886951264880952 1908.7044372558594 596.1805786132812 2114.802520751953 889.9799438476563 0.9099237351190477 
253 2177.286572265625 330.7413803100586 2346.016162109375 521.3838333129883 0.8825799851190477 1906.661865234375 596.9834411621093 2112.643310546875 890.6166564941407 0.8990420386904762 
254 2177.0198608398437 330.01429138183596 2343.8841918945313 521.0302642822265 0.8863932291666666 1906.6248596191406 598.7202667236328 2104.2275573730467 890.7331634521485 0.9150390625 
255 2176.980676269531 329.1221527099609 2343.797399902344 520.0835357666016 0.8785574776785714 1906.1564697265626 597.4980499267579 2108.0925537109374 891.6224945068359 0.9209681919642857 
256 2177.2281127929687 327.4678359985352 2344.4669555664063 518.912077331543 0.8798130580357143 1902.3338745117187 600.41552734375 2104.780627441406 890.8826904296875 0.9289667038690477 
257 2178.1389892578127 328.8613983154297 2347.6969482421873 520.4399322509765 0.8922758556547619 1896.0223449707032 604.2025573730468 2103.0151306152343 890.4693176269532 0.9411969866071429 
258 2179.240869140625 327.77288208007815 2348.709326171875 519.2502502441406 0.8752325148809523 1890.5011108398437 605.5928558349609 2097.384875488281 898.3111358642578 0.9373837425595238 
259 2180.11982421875 325.605810546875 2349.4587890625 519.4541870117188 0.8800688244047619 1881.9772033691406 610.5509155273437 2080.281951904297 904.6657592773438 0.94091796875 
260 2180.183544921875 324.5504318237305 2349.662158203125 518.5587295532226 0.8770693824404762 1875.7054626464844 612.6467376708985 2067.4838684082033 911.4641632080078 0.9371977306547619 
261 2181.5911254882812 325.29779663085935 2351.0814819335938 517.0895324707031 0.8799293154761905 1869.97236328125 618.0461303710938 2063.994189453125 919.1145141601562 0.9242931547619048 
262 2183.7695922851562 324.54053955078126 2348.8737182617188 516.4184448242188 0.8821382068452381 1867.2910461425781 617.4203430175781 2068.0935974121094 918.6240905761719 0.9189453125 
263 2181.7091430664063 322.943342590332 2349.0996948242187 517.1164413452149 0.8837425595238095 1866.8430297851562 617.8941711425781 2069.9435913085936 919.1972595214844 0.9125511532738095 
264 2182.670947265625 321.2435501098633 2350.075146484375 517.6641952514649 0.8862537202380952 1866.0629638671876 619.65185546875 2069.1797119140624 923.2110595703125 0.9107607886904762 
265 2182.9466064453127 323.12426910400393 2348.4611083984373 519.952116394043 0.8815104166666666 1865.94033203125 622.1511962890625 2065.004736328125 926.3397705078125 0.9202473958333334 
266 2182.059045410156 322.3003952026367 2349.091589355469 518.2855117797851 0.8842308407738095 1866.1528930664062 625.186489868164 2068.8192749023438 928.0726043701172 0.9195033482142857 
267 2184.0439697265624 321.3330993652344 2347.3647216796876 518.2127990722656 0.8633742559523809 1865.9215270996094 625.6017364501953 2071.7504699707033 929.8703704833985 0.9295944940476191 
268 2184.1459716796876 321.60895080566405 2350.1797119140624 516.8107269287109 0.8778134300595238 1865.1092834472656 624.5082489013672 2073.773406982422 931.8950103759765 0.9246884300595238 
269 2183.6812133789062 320.3997863769531 2351.5465698242188 515.1233459472656 0.8794642857142857 1867.6644653320313 626.2586669921875 2073.5789428710937 930.6541748046875 0.9251767113095238 
270 2184.7379516601563 319.2068893432617 2349.7544799804687 510.9827163696289 0.87353515625 1867.6559631347657 626.5971740722656 2075.041668701172 934.3304382324219 0.9146902901785714 
271 2186.80419921875 316.9818176269531 2350.80224609375 509.78997192382815 0.8759068080357143 1866.3098266601562 629.8049865722656 2074.6313354492186 933.4224304199219 0.9178757440476191 
272 2187.569201660156 316.84166564941404 2351.617077636719 509.7089324951172 0.8782784598214286 1866.9764343261718 629.2490905761719 2075.3615783691407 937.3933654785156 0.9182942708333334 
273 2186.652685546875 316.0537170410156 2351.623193359375 505.54680786132815 0.8780924479166666 1865.7149658203125 626.2736022949218 2077.5013427734375 936.1504699707032 0.9086216517857143 
274 2187.00771484375 314.8157760620117 2354.0640625 504.1461685180664 0.8773018973214286 1864.8891296386719 627.9391296386718 2076.4938049316406 939.7774230957032 0.9103190104166666 
275 2188.6433837890627 315.68538360595704 2352.8566162109373 504.30872650146483 0.8796502976190477 1866.0205505371093 627.8954040527344 2074.615802001953 936.3500793457031 0.9112025669642857 
276 2187.824499511719 311.7461334228516 2351.974572753906 500.2968353271484 0.8614676339285714 1865.0701171875 626.7366882324219 2075.80341796875 939.5090393066406 0.9059709821428571 
277 2188.8759887695314 309.59131011962893 2352.2243530273436 501.63619842529295 0.8605375744047619 1864.0466918945312 628.9019744873046 2075.9584350585938 937.9397613525391 0.9029482886904762 
278 2191.170031738281 309.56240997314455 2352.101208496094 499.15234222412107 0.8692801339285714 1863.62724609375 629.8981811523438 2070.853466796875 938.5329711914062 0.9050641741071429 
279 2192.383923339844 307.19362487792966 2354.218371582031 497.8479400634766 0.8653506324404762 1861.0410461425781 631.5446929931641 2071.6475524902344 937.4783172607422 0.9133882068452381 
280 2194.64248046875 304.08954162597655 2354.17685546875 492.4287078857422 0.8733956473214286 1861.7680053710938 631.169058227539 2070.0488891601562 939.1590057373047 0.9187825520833334 
281 2195.641552734375 302.468310546875 2355.503466796875 488.9741943359375 0.8729073660714286 1863.7907470703126 630.7322784423828 2072.4997802734374 932.6941741943359 0.9223400297619048 
282 2193.368798828125 296.7681579589844 2354.636083984375 480.1265563964844 0.8605143229166666 1862.9329895019532 626.5243957519531 2075.0102478027343 926.9670593261719 0.9236653645833334 
283 2194.5291748046875 292.181950378418 2357.3052978515625 472.5553237915039 0.8606305803571429 1869.4002624511718 619.087533569336 2078.3693908691407 913.8440460205078 0.9345470610119048 
284 2196.2784423828125 286.71338958740233 2358.8577880859375 466.8690383911133 0.8717680431547619 1878.8089172363282 609.4217926025391 2083.1318786621096 892.8374237060547 0.9508696056547619 
285 2194.6742919921876 284.3766845703125 2361.1333251953124 457.4063354492188 0.8683733258928571 1890.98798828125 601.2888427734375 2090.3005859375 875.069921875 0.9410574776785714 
286 2198.259484863281 275.58057708740233 2362.803747558594 453.28841094970704 0.8695824032738095 1903.9362060546875 588.7210418701172 2103.5833251953127 860.767544555664 0.9512183779761905 
287 2198.7332153320312 270.62706756591797 2363.0375366210938 448.07559967041016 0.8786504836309523 1919.0791076660157 575.390249633789 2111.862664794922 842.6583953857422 0.9585658482142857 
288 2198.208056640625 266.10520324707034 2363.511181640625 442.2835296630859 0.8696521577380952 1927.248114013672 566.7627990722656 2120.8267150878905 834.2928649902344 0.94384765625 
289 2196.657763671875 261.2590087890625 2361.129345703125 438.7153564453125 0.8525855654761905 1935.3840087890626 558.9894653320313 2127.9890380859374 825.1739868164062 0.9350353422619048 
290 2196.5502075195313 254.21046295166016 2359.4720092773437 429.994401550293 0.84765625 1942.438494873047 553.5873138427735 2135.372174072266 821.5506866455078 0.9435686383928571 
291 2194.2660278320313 245.40103607177736 2359.9998413085937 423.8836013793945 0.8498651413690477 1950.4052612304688 551.0442474365234 2133.1374633789064 814.5185577392579 0.9191778273809523 
292 2194.2787963867186 234.84044647216797 2361.9416625976564 419.4816665649414 0.8653971354166666 1955.8451538085938 548.7795501708985 2138.3640747070312 814.0686553955078 0.9206426711309523 
293 2193.2954223632814 227.647412109375 2359.0432006835936 412.51988525390624 0.8649786086309523 1961.8369934082032 548.5180023193359 2136.0847595214846 814.1394073486329 0.9265020461309523 
294 2191.864306640625 219.3513328552246 2357.891064453125 404.2924201965332 0.8557245163690477 1962.708740234375 547.7672698974609 2139.243408203125 814.6709014892579 0.9243861607142857 
295 2192.817041015625 213.53981552124023 2357.416845703125 396.89129104614256 0.8603515625 1963.78818359375 550.3519836425781 2140.8890625 814.9614929199219 0.9205031622023809 
296 2191.6335693359374 204.41820602416993 2350.9489501953126 384.4239112854004 0.8610026041666666 1960.9364990234376 554.8006958007812 2147.1494384765624 815.4986206054688 0.9223167782738095 
297 2192.0965576171875 195.20866851806642 2348.1632080078125 373.86381072998046 0.8671409970238095 1962.4198669433595 556.9418579101563 2151.342462158203 817.7372192382812 0.9164341517857143 
298 2189.548876953125 185.86549453735353 2343.540478515625 366.19790573120116 0.8609328497023809 1960.8991943359374 555.2585968017578 2151.3625244140626 816.639291381836 0.9079938616071429 
299 2184.9059448242188 176.06452484130858 2335.9341430664062 352.9265335083008 0.8459821428571429 1958.2105834960937 552.7179626464844 2152.957629394531 817.0173889160156 0.9027157738095238 
