1 118.28257827758789 959.9146179199219 248.73828048706054 1014.5239807128906 0.24004836309523808 75.6919506072998 850.9292999267578 251.6554386138916 1020.8250335693359 0.37483142671130953 
5 704.41884765625 1054.3123474121094 835.0221923828125 1239.5869445800781 0.23258463541666666 682.223275756836 976.5110229492187 903.9452423095703 1289.3517700195312 0.27054268973214285 
6 714.3247741699219 1058.1410095214844 838.8107238769531 1249.424298095703 0.24784342447916666 671.3502532958985 1001.6200439453125 905.1410186767578 1277.9182861328125 0.30678013392857145 
7 787.6866668701172 1033.7885498046876 836.3629547119141 1058.1267333984374 0.17815290178571427 718.0654998779297 980.0808380126953 903.643911743164 1226.5045501708985 0.24323962983630953 
8 773.9388763427735 1025.8307006835937 880.2893341064453 1247.6473266601563 0.3063267299107143 678.340298461914 1004.3267395019532 924.4656707763672 1250.4521911621093 0.3306187220982143 
9 775.0514434814453 1024.0980712890625 866.0864349365235 1242.5818603515625 0.3070765904017857 706.0749908447266 1027.2492797851562 909.3863739013672 1218.4225952148438 0.3367396763392857 
10 767.4963470458985 1035.117724609375 886.0324005126953 1244.835400390625 0.3630487351190476 709.163607788086 1039.9106323242188 927.9992950439453 1228.3525512695312 0.38797433035714285 
11 768.0720062255859 1029.594873046875 889.6387481689453 1224.10166015625 0.33036876860119047 715.821664428711 1002.1254455566407 925.5243438720703 1211.8280456542968 0.3565150669642857 
12 763.9089050292969 979.4342834472657 903.6914367675781 1210.3793151855468 0.40920293898809523 744.5076568603515 999.5367797851562 951.1426727294922 1157.5518432617187 0.41556222098214285 
13 751.0154602050782 943.2714965820312 924.2063415527343 1177.2311889648438 0.40122767857142855 715.4891357421875 968.8644866943359 973.7562255859375 1163.3245391845703 0.37827845982142855 
14 851.0830047607421 1040.6696533203126 917.7704498291016 1095.2322021484374 0.22993396577380953 431.488037109375 1019.1011169433593 1022.581787109375 1119.1324035644532 0.22604515438988096 
15 797.5616088867188 981.0086395263672 918.9195922851562 1205.520718383789 0.3123372395833333 749.4852325439454 992.2108764648438 943.6578948974609 1180.3157348632812 0.29602632068452384 
16 874.1125244140625 1003.3828247070312 925.6885009765625 1091.3654663085938 0.21281505766369047 782.1625183105468 998.9487182617188 942.9583312988282 1105.1345336914062 0.2077694847470238 
17 913.4913940429688 1004.8079132080078 913.4913940429688 1010.847787475586 0.13702101934523808 
18 0.0 871.2308410644531 1051.5698041915894 980.2840515136719 0.15607561383928573 921.8943481445312 974.6915893554688 921.8943481445312 974.6915893554688 0.13821847098214285 
19 0.0 860.6698364257812 1081.817953491211 1024.3454223632812 0.19654482886904762 914.6450805664062 986.8072509765625 914.6450805664062 986.8072509765625 0.13416689918154762 
20 0.0 853.1950988769531 25.304417467117307 1016.5750427246094 0.39211309523809523 
21 0.0 861.8878997802734 35.39030046463013 1025.1917510986327 0.4148530505952381 
22 0.0 851.8849975585938 78.87129192352295 1042.3518188476562 0.23506673177083334 
23 0.0 861.5419708251953 108.99034729003907 1050.7250579833985 0.38145228794642855 
24 0.0 880.16044921875 96.24274349212646 1075.630810546875 0.34572637648809523 
25 0.0 893.2069610595703 108.4427661895752 1081.1516204833983 0.5277506510416666 
26 0.0 900.1471557617188 139.50308532714843 1090.3499145507812 0.5403762090773809 
27 0.0 899.4261077880859 161.9184907913208 1098.5910430908202 0.6054920014880952 0.0 1028.870361328125 -238.61856079101562 1028.870361328125 0.1495913550967262 
28 0.0 906.5052490234375 177.16654205322266 1110.7347412109375 0.64111328125 
29 0.0 914.1374053955078 205.02698574066162 1118.178451538086 0.5145438058035714 
30 0.0 904.9073089599609 234.8011901855469 1125.1083770751952 0.5888671875 
31 0.0 909.4071716308594 257.22780055999755 1134.035333251953 0.6678292410714286 
32 0.0 908.2295440673828 271.80279154777526 1150.3990570068358 0.7284458705357143 64.15062637329102 1034.519268798828 213.72594528198243 1155.6041442871094 0.21470424107142858 
33 0.0 907.0631469726562 298.2625699043274 1162.9749389648437 0.7367931547619048 0.0 1038.3000244140626 232.37071771621703 1152.0385986328124 0.22275506882440477 
34 0.0 908.9246856689454 315.69961404800415 1172.9104583740234 0.7230980282738095 0.0 994.5416625976562 292.51169662475587 1158.6409545898437 0.22262137276785715 
35 9.330819702148439 913.7544952392578 325.92565002441404 1184.105062866211 0.7687406994047619 285.2909622192383 1119.9378723144532 320.8634262084961 1144.8386169433593 0.14405168805803573 
36 4.56791172027588 918.4900421142578 332.3217481613159 1196.3682952880858 0.7204241071428571 0.0 1003.7169464111328 -300.16644287109375 1089.218051147461 0.16667829241071427 
37 4.40189533233643 912.123095703125 343.2341176986694 1204.588818359375 0.7242606026785714 0.0 1080.3045654296875 -304.93682861328125 1080.3045654296875 0.15766252790178573 
38 8.695133399963382 909.293667602539 351.20441417694093 1201.8537322998047 0.7384440104166666 0.0 1085.7628173828125 -305.8205871582031 1085.7628173828125 0.15050397600446427 
39 26.765469741821292 896.3460021972656 369.24422721862794 1206.717352294922 0.7684616815476191 0.0 1085.83447265625 -301.4433288574219 1085.83447265625 0.15309651692708334 
40 42.95726623535156 882.1867065429688 388.88794860839846 1199.5869750976562 0.7797386532738095 0.0 1080.664794921875 -298.44696044921875 1080.664794921875 0.12126232328869048 
41 64.85870666503907 869.7303771972656 396.42400817871095 1197.7304382324219 0.7804361979166666 
42 101.62764511108398 867.1032745361329 418.34734573364256 1194.498959350586 0.8036644345238095 0.0 1392.8251220703125 70.69478311538697 1481.7913330078125 0.1822509765625 
43 126.99208984375 857.1960327148438 436.3795532226562 1180.8081176757812 0.7875511532738095 0.0 1385.5619750976562 125.35077104568481 1492.2473510742188 0.25456310453869047 
44 147.02206726074218 850.774136352539 452.7825592041016 1170.7560760498047 0.7865745907738095 0.0 1389.6839599609375 177.92629146575928 1542.5640869140625 0.5229608444940477 
45 170.15488815307617 840.0127014160156 473.06613540649414 1157.1785827636718 0.7739955357142857 0.0 1442.2716125488282 234.4378704071045 1552.7451110839843 0.4941522507440476 
46 195.52913970947264 830.2260375976563 491.218083190918 1143.7275756835938 0.7652994791666666 0.0 1438.4573913574218 261.98378171920774 1563.1455139160157 0.5773809523809523 
47 230.57176666259767 819.1515808105469 511.61698455810546 1139.3297424316406 0.7601376488095238 0.0 1378.3686218261719 321.83619117736816 1595.3783264160156 0.7545572916666666 
48 260.99937744140624 810.1181945800781 534.8442504882812 1123.0838317871094 0.7548363095238095 0.0 1370.2554138183593 349.77327671051023 1594.3103820800782 0.7555571056547619 
49 280.3330871582031 801.8067779541016 558.0238464355468 1115.0989227294922 0.7307710193452381 0.0 1358.146710205078 375.6352306365967 1596.6759216308594 0.7727167038690477 
50 303.8785095214844 798.7072235107422 570.7125549316406 1108.2347320556642 0.7388857886904762 0.0 1359.4692810058593 377.7709973335266 1576.4942199707032 0.6851283482142857 
51 330.5440948486328 786.371142578125 597.0851165771485 1103.338818359375 0.7259579613095238 0.0 1339.8177795410156 439.2939235687256 1566.7377624511719 0.7861560639880952 
52 353.39454193115233 784.0451812744141 618.8658645629882 1086.3876190185547 0.7339564732142857 0.0 1322.9293090820313 462.8730926513672 1551.5296752929687 0.7224934895833334 
53 379.1738006591797 768.2293121337891 640.7720611572265 1082.1473358154296 0.7449311755952381 11.498805236816409 1306.6618347167969 519.7469528198242 1538.3631896972656 0.7692057291666666 
54 418.9646560668945 760.6468170166015 670.0264022827148 1064.1692840576172 0.7208426339285714 43.66916465759277 1291.450732421875 549.5398273468018 1516.282177734375 0.7551385788690477 
55 460.41735992431643 751.8676391601563 712.0794357299804 1052.3596557617188 0.7250511532738095 77.14552993774414 1268.6273010253906 595.4942863464355 1497.752459716797 0.7533947172619048 
56 490.70372619628904 743.4404296875 747.0761199951172 1056.3656005859375 0.7446056547619048 121.5158660888672 1241.8295471191407 611.6395904541016 1483.1212585449218 0.7596726190476191 
57 529.9316131591797 733.5815368652344 775.0957916259765 1039.0937561035157 0.7298874627976191 162.6206802368164 1224.6351684570313 649.1771408081055 1473.5708862304687 0.7166341145833334 
58 568.0455963134766 718.8844940185547 805.4680145263671 1024.1419342041015 0.6998697916666666 200.60601806640625 1202.5711853027344 682.9882202148438 1436.225079345703 0.7509998139880952 
59 611.6964111328125 706.76484375 826.667724609375 997.1647216796875 0.6947312127976191 243.11197509765626 1187.0414794921876 710.7688842773438 1413.3271728515624 0.7648111979166666 
60 652.5404357910156 700.0721649169922 867.5871276855469 998.1193023681641 0.7085890997023809 261.3353866577148 1173.1168273925782 748.0199905395508 1395.7089782714843 0.7407691592261905 
61 695.9989379882812 687.6632476806641 888.3611694335938 993.1798309326172 0.7073102678571429 302.86034088134767 1155.22255859375 759.2492477416993 1381.531103515625 0.7461402529761905 
62 734.4149017333984 676.6412109375 923.0065460205078 978.387841796875 0.7529064360119048 356.3612365722656 1135.063946533203 778.8064880371094 1361.3739196777344 0.7509998139880952 
63 770.0212432861329 662.4416381835938 951.0003021240234 964.0733764648437 0.7545340401785714 398.3471649169922 1121.9949951171875 809.3203765869141 1336.9075927734375 0.748046875 
64 795.4550170898438 641.044155883789 980.1273803710938 957.6253387451172 0.7295851934523809 430.6038345336914 1105.0444030761719 837.6368576049805 1319.8673400878906 0.7735770089285714 
65 834.6511596679687 633.0327423095703 1004.2427612304688 938.297640991211 0.7610909598214286 464.3037475585937 1087.451239013672 878.8609252929688 1298.4985900878905 0.7817847842261905 
66 864.5153015136718 625.9599365234375 1022.7466613769532 916.05068359375 0.7534644717261905 496.3231689453125 1069.3554443359376 906.971142578125 1284.0979248046874 0.7981305803571429 
67 887.4981506347656 613.7501800537109 1049.550799560547 888.8629180908204 0.7860398065476191 534.9828063964844 1055.553973388672 938.2302062988281 1270.3680236816406 0.7923177083333334 
68 912.1840087890625 589.7856170654297 1059.2122314453125 880.0721099853515 0.7503255208333334 566.9431671142578 1035.5102416992188 966.5583587646485 1257.9375122070312 0.8021763392857143 
69 937.0874816894532 575.2240142822266 1087.7632263183593 857.7411346435547 0.8013857886904762 608.7881317138672 1023.4844604492188 993.0113677978516 1238.1974243164063 0.8212193080357143 
70 952.0947662353516 553.1637664794922 1099.0167449951173 843.2404693603515 0.7642299107142857 655.3530212402344 997.6969177246094 1013.2397521972656 1227.497784423828 0.8386579241071429 
71 969.895883178711 547.7955139160156 1116.8805450439454 826.6894714355469 0.7869233630952381 691.2917907714843 986.2852966308594 1041.7936584472657 1208.646710205078 0.8140113467261905 
72 979.9469482421875 543.850732421875 1130.5298583984375 807.3708251953125 0.8005254836309523 726.1279327392579 977.2108734130859 1068.704037475586 1199.3206817626954 0.8089890252976191 
73 985.1286529541015 526.0300231933594 1143.282174682617 793.3848937988281 0.7995954241071429 759.4846221923829 959.504037475586 1090.853939819336 1185.4376739501954 0.833984375 
74 996.9219818115234 523.6979064941406 1155.1083526611328 779.8091735839844 0.8010370163690477 791.5113952636718 954.3646728515625 1122.9496643066407 1169.0462158203125 0.8422386532738095 
75 1000.2232177734375 512.6445556640625 1166.1534912109375 769.0822509765625 0.8142671130952381 828.2010284423828 944.2953369140625 1152.519369506836 1155.4793212890625 0.8261021205357143 
76 998.6393371582031 508.84343872070315 1175.8336853027345 757.6695007324219 0.8012230282738095 864.5110870361328 942.8390106201172 1173.658529663086 1150.194009399414 0.8130580357142857 
77 999.213589477539 503.2636016845703 1183.6794158935547 744.1984954833985 0.8015718005952381 892.2119049072265 935.3246917724609 1200.909616088867 1146.1426544189453 0.8186151413690477 
78 994.406201171875 498.3965179443359 1186.2 735.3182647705078 0.7898530505952381 926.8588714599609 927.112158203125 1227.7119903564453 1133.9486328125 0.8376116071428571 
79 990.8734130859375 496.4607299804687 1190.2152099609375 722.1307006835938 0.7951078869047619 965.9918151855469 918.1453491210938 1255.6015686035157 1125.0094360351563 0.8448195684523809 
80 981.9805969238281 490.0687652587891 1196.0891052246093 719.2024139404297 0.7957821800595238 1013.4756042480469 914.5293731689453 1280.1722229003906 1121.1253509521484 0.8498418898809523 
81 976.8564697265625 484.0573013305664 1198.8232177734376 706.024089050293 0.7934802827380952 1050.2183898925782 898.7618255615234 1313.5688415527343 1113.2042999267578 0.8515392485119048 
82 975.4970642089844 492.3853302001953 1207.2574523925782 693.7508392333984 0.7951543898809523 1094.0076110839843 892.3398834228516 1337.1658508300782 1097.5047821044923 0.8643275669642857 
83 978.5965515136719 495.42962646484375 1211.3884338378907 673.9035034179688 0.7831798735119048 1133.79111328125 884.1623840332031 1366.583154296875 1082.0354919433594 0.8357282366071429 
84 987.0148132324218 500.2588684082031 1216.6398498535157 670.4980895996093 0.7803431919642857 1169.7402770996093 885.2005432128906 1399.3653137207032 1071.275897216797 0.8467029389880952 
85 999.8672180175781 507.9339935302734 1225.1145935058594 668.8251007080078 0.7812965029761905 1209.4896118164063 880.9228332519531 1414.6258666992187 1053.8807556152344 0.8368908110119048 
86 1002.5796264648437 516.3100463867188 1230.5934692382812 658.8187377929687 0.7758091517857143 1246.5669372558593 876.8099792480468 1450.1507141113282 1043.7487365722657 0.8289620535714286 
87 1012.3827392578125 530.2260925292969 1243.3682373046875 658.0931213378906 0.7690662202380952 1281.4427856445313 861.3159240722656 1462.9314819335937 1034.5550476074218 0.8239397321428571 
88 1020.3105285644531 530.9659942626953 1246.0269958496094 656.3640228271485 0.7410249255952381 1306.7967346191406 855.5538848876953 1473.994158935547 1010.2114349365235 0.8490978422619048 
89 1038.2115783691406 543.2061279296875 1266.4233093261719 669.9904052734375 0.7446521577380952 1339.0804321289063 848.1385101318359 1495.4476440429687 1008.7319122314453 0.8365420386904762 
90 1058.8964599609376 551.8796844482422 1278.9328857421874 664.0550689697266 0.7048223586309523 1364.5579467773437 808.4228820800781 1524.1922973632813 998.2582702636719 0.8277762276785714 
91 1071.0471313476562 559.7686584472656 1293.3334838867188 677.4496032714844 0.7210751488095238 1395.7594177246094 819.1026763916016 1535.233135986328 984.7277069091797 0.8039667038690477 
92 1092.4673706054687 571.0605529785156 1306.0187133789063 693.0899597167969 0.6930803571428571 1418.4936584472657 825.1767669677735 1566.6722351074218 982.0717071533203 0.8538178943452381 
93 1107.0173950195312 587.2603454589844 1318.6879272460938 699.8511047363281 0.6927780877976191 1450.8521789550782 829.5902770996094 1594.9682556152343 973.7063537597656 0.8268694196428571 
94 1138.2388122558593 595.0945587158203 1333.9261047363282 706.2805023193359 0.6203962053571429 1476.757257080078 803.9530578613281 1614.6278747558595 972.9557556152344 0.8487258184523809 
95 1138.6882080078126 608.0660583496094 1340.9289794921874 722.3760803222656 0.6724097842261905 1500.388006591797 801.0064758300781 1645.4736877441405 972.4714294433594 0.8589332217261905 
96 1157.299334716797 607.1112091064454 1379.1434143066406 735.7808197021484 0.5032900855654762 1529.3147705078125 798.0678009033203 1662.4213134765625 957.795541381836 0.8480050223214286 
97 1553.011651611328 733.0438842773438 1954.3703063964845 890.8815307617188 0.22027297247023808 1555.9602294921874 776.5792816162109 1691.2497314453126 947.9459259033204 0.8172200520833334 
98 1552.2530700683594 736.6878387451172 2003.641094970703 870.2618072509765 0.22187151227678573 1585.7351501464843 760.2492889404297 1746.9451477050782 935.2772613525391 0.8440057663690477 
99 1644.1820556640625 682.8441009521484 2063.8325927734377 854.5192413330078 0.19710867745535715 1621.438897705078 722.4613983154297 1793.1139587402345 932.286587524414 0.8200334821428571 
100 1653.4190612792968 704.7403381347656 1843.5610412597657 919.2595397949219 0.8587239583333334 
101 1521.6091064453126 627.6931457519531 1836.5906005859374 922.6758728027344 0.23751395089285715 1682.1765991210937 673.0751129150391 1872.1654418945313 908.0613006591797 0.8121512276785714 
102 1651.7133239746095 619.9218841552735 1895.819268798828 899.6265167236328 0.3304036458333333 1714.1089599609375 647.5011138916016 1892.1029541015625 891.6069793701172 0.7874581473214286 
103 1484.5104614257812 542.017221069336 1926.5583862304688 1379.8522247314454 0.3240559895833333 1744.0850769042968 624.4563934326172 1923.9882873535157 850.6204498291015 0.7723214285714286 
104 1531.4528442382812 608.3783935546875 1959.3391479492188 791.012841796875 0.3399251302083333 1765.6663879394532 604.7658508300781 1937.8644958496093 818.7090026855469 0.76708984375 
105 1782.5026123046875 614.9636016845703 1913.8965576171875 746.3576263427734 0.3015543619791667 1781.6939697265625 612.3357391357422 1955.1341552734375 801.5431060791016 0.7783668154761905 
106 1901.4578063964843 575.6692077636719 1959.6421691894532 628.5640686035156 0.1769467308407738 1800.7541076660157 587.0619659423828 1991.1757019042968 788.0624847412109 0.7631603422619048 
107 1795.4591003417968 559.1208374023438 2008.3859924316407 729.4624145507812 0.22492908296130953 1807.129052734375 565.2630218505859 2025.379248046875 788.8362823486328 0.7800176711309523 
108 1925.5196533203125 571.4925537109375 1925.5196533203125 571.4925537109375 0.15777297247023808 1817.3736511230468 553.9112182617188 2045.9316467285157 777.1538452148437 0.7863420758928571 
109 1826.6249877929688 545.3972595214843 1996.3730590820312 741.6685363769532 0.24016462053571427 1837.030224609375 563.9635162353516 2022.6921875 776.1486053466797 0.7292131696428571 
110 1703.746893310547 551.0860290527344 2040.7507873535155 765.0567932128906 0.29091680617559523 1854.34931640625 570.6314422607422 2062.970751953125 757.8558013916015 0.7143322172619048 
111 1798.3234375 588.1715545654297 1998.0994140625 772.5800933837891 0.28197660900297616 1858.0198486328125 582.261019897461 2052.6732666015623 817.8941925048828 0.5928431919642857 
112 1775.7456420898438 651.2130828857422 1964.9626098632812 790.636099243164 0.30683826264880953 1865.1831420898438 622.8688751220703 2009.5856567382812 841.9621185302734 0.5652204241071429 
113 1898.1993408203125 604.2922424316406 2223.6087646484375 747.2752624511719 0.2966889880952381 1878.4775390625 595.3795013427734 2046.11279296875 782.7365264892578 0.5882393973214286 
114 1765.8100036621095 608.6526641845703 2246.654962158203 746.0369720458984 0.25944591703869047 1878.850048828125 639.6018493652343 2001.514697265625 835.8651916503907 0.5835193452380952 
115 1761.6357482910157 606.664517211914 2261.265008544922 738.9192840576172 0.36561802455357145 1885.0359252929688 596.6794647216797 2066.273889160156 782.8158355712891 0.6408342633928571 
116 1684.0526123046875 660.6179290771485 2257.9346923828125 747.4236358642578 0.3220331101190476 1896.244287109375 627.787564086914 2045.743017578125 806.2215301513672 0.5997256324404762 
117 1688.7704040527344 664.9782745361329 2257.8757141113283 736.7141693115234 0.31125604538690477 1879.330615234375 663.8745910644532 2008.4552734375 840.8232849121093 0.5772181919642857 
118 1680.7370849609374 647.326806640625 2253.1769775390626 723.021337890625 0.32826450892857145 1894.173809814453 623.3083404541015 2036.1012145996094 812.5447479248047 0.6124209449404762 
119 1769.884716796875 651.7167297363281 1978.668017578125 726.2821716308594 0.23267764136904762 1877.9090942382813 654.393441772461 2012.1267944335937 838.3214630126953 0.6283482142857143 
120 1739.4751586914062 649.8661376953125 1998.3563842773438 720.470166015625 0.3508417038690476 1889.5539123535157 622.3487152099609 2040.1757019042968 805.9190460205078 0.6120721726190477 
121 1748.5148376464845 620.1533325195312 1997.000665283203 704.6384155273438 0.23623511904761904 1882.1237060546875 607.5379058837891 2066.0032470703127 801.3566864013671 0.7041015625 
122 1765.5401428222656 598.8946014404297 2041.577655029297 707.3378814697265 0.25190662202380953 1883.0835266113281 609.8905944824219 2060.5362243652344 787.3432922363281 0.7059849330357143 
123 1628.4122375488282 603.9118591308594 2033.6931091308593 677.1554016113281 0.3297642299107143 1877.4402893066406 615.7434661865234 2077.6391784667967 781.7622100830079 0.7188895089285714 
124 1638.038885498047 609.7298187255859 1987.0938049316405 701.8415313720703 0.23667108444940477 1890.1341613769532 634.9020629882813 2025.8776794433593 799.7335571289062 0.5983537946428571 
125 1593.5221435546875 620.0510162353515 2002.7434814453125 687.4520965576172 0.2060605003720238 1891.0870483398437 621.7174896240234 2064.404406738281 770.9628692626953 0.7134021577380952 
126 1726.2170043945312 609.0209777832031 2003.0766967773438 709.2633239746094 0.2215634300595238 1882.0882202148437 619.6693969726563 2049.1588500976563 786.7400268554687 0.6759207589285714 
127 1706.1514038085938 608.8772644042969 1990.0880981445312 708.2550598144531 0.21437872023809523 1886.3419372558594 623.6200897216797 2028.310284423828 784.517544555664 0.6362769717261905 
128 1681.9457641601562 621.3925903320312 2034.1521362304688 705.9221069335938 0.24306524367559523 1903.3842651367188 609.1105285644531 2058.3549926757814 768.7774108886719 0.6552501860119048 
129 1765.0983520507812 609.1024749755859 1983.8642944335938 706.8490020751954 0.3112211681547619 1869.46865234375 594.4225646972657 2083.58017578125 757.3334167480468 0.6851981026785714 
130 1694.4840454101563 611.5254699707032 2028.2117553710937 694.9573181152343 0.2662876674107143 1875.4314392089843 607.0685913085938 2093.281573486328 760.0271118164062 0.7483026413690477 
131 2154.495361328125 616.6492736816406 2154.495361328125 705.3515808105469 0.2525751023065476 1872.1427612304688 615.83701171875 2066.4429321289062 767.8979736328125 0.6432524181547619 
132 1861.1699645996093 645.4606170654297 2295.722735595703 716.4079742431641 0.1973876953125 1893.0622314453126 643.4140502929688 2021.6543212890624 820.7824829101562 0.6187918526785714 
133 1772.181689453125 625.07412109375 2028.7482421875 698.378759765625 0.20136951264880953 1883.1961364746094 627.012451171875 2093.947052001953 805.692626953125 0.6148158482142857 
134 1871.6536437988282 667.8624206542969 2373.2373474121096 708.9011291503906 0.18915666852678573 1863.23544921875 640.5033416748047 2072.988671875 827.4572906494141 0.48010835193452384 
135 1884.124560546875 656.0619995117188 2057.13056640625 819.9622924804687 0.4341401599702381 
136 2213.906494140625 2042.5028076171875 2213.906494140625 2042.5028076171875 0.1937255859375 1908.565692138672 667.3220611572266 2027.8189514160156 858.9791473388672 0.5320521763392857 
137 2221.838134765625 663.1153930664062 2221.838134765625 739.8074584960938 0.18520972842261904 1908.0235473632813 669.1786743164063 2099.753552246094 835.3447631835937 0.5813104538690477 
138 2186.824951171875 702.8772094726562 2186.824951171875 760.9274780273438 0.18297177269345238 1922.7282653808593 674.6495483398437 2221.272344970703 811.4821655273438 0.49938383556547616 
139 2206.417236328125 683.7809783935547 2206.417236328125 762.882534790039 0.20354933965773808 1948.6163513183594 670.6507049560547 2240.0434387207033 808.037710571289 0.5361211867559523 
140 1944.0051635742188 691.5121795654297 2103.895959472656 810.2881744384765 0.5050455729166666 
141 2028.4414001464843 699.4023864746093 2037.5418762207032 713.0531799316407 0.18089657738095238 1963.5125610351563 675.2509704589844 2140.973034667969 807.2087463378906 0.5529901413690477 
142 1976.1877807617188 652.7193786621094 2437.674768066406 883.4628723144531 0.21226864769345238 1970.7932189941407 709.4481842041016 2147.244256591797 840.6552703857421 0.4600306919642857 
143 2006.078076171875 670.9703491210937 2425.470263671875 755.7410766601563 0.17702229817708334 1991.663720703125 688.3019653320313 2179.051611328125 831.0737670898437 0.57861328125 
144 2010.3762451171874 667.6259216308594 2439.8923095703126 775.0049377441406 0.20357840401785715 1993.5121520996095 676.7462524414062 2181.425469970703 824.3924194335938 0.6283947172619048 
145 1965.9127380371094 654.016732788086 2120.2177551269533 769.7455352783203 0.27726818266369047 1985.365740966797 685.8338623046875 2199.678326416016 840.1390380859375 0.6599702380952381 
146 1957.7461730957032 664.4019897460937 2379.6667907714846 809.3040649414063 0.21870640345982142 1992.6603210449218 707.0202758789062 2197.2279846191404 851.9223510742188 0.67626953125 
147 1939.8051879882812 674.2070343017579 2408.2473022460936 816.0289886474609 0.24557640438988096 2002.1208801269531 716.6875366210937 2217.0025329589844 862.8070922851563 0.6832914806547619 
148 1958.000665283203 670.8660064697266 2349.2252868652345 858.1543182373047 0.24625651041666666 1983.9329040527343 718.5684692382813 2150.411456298828 880.8850219726562 0.5700799851190477 
149 1924.8011169433594 730.8654357910157 2336.512481689453 926.5301940917968 0.21446010044642858 1946.4372436523438 775.8620574951171 2089.1093872070314 934.8396636962891 0.5794270833333334 
150 1921.3351928710938 697.9919708251953 2164.3193481445314 808.4393646240235 0.23440987723214285 2008.33369140625 728.9172576904297 2233.6462890625 865.8719879150391 0.7080543154761905 
151 1496.5985168457032 393.868212890625 1704.5942321777343 487.2539794921875 0.6097005208333334 2020.342626953125 730.8406982421875 2245.317529296875 875.1641845703125 0.71923828125 
152 1532.6702453613282 389.09124755859375 1722.2952087402343 481.69879150390625 0.43784877232142855 2007.2415466308594 721.6981567382812 2258.604766845703 871.6342407226563 0.7617885044642857 
153 1537.3607116699218 381.4221817016602 1731.0510314941407 478.26730194091795 0.5224144345238095 2012.6129638671875 736.8031341552735 2254.7259033203127 864.4626739501953 0.7483956473214286 
154 1547.0145263671875 382.5316329956055 1752.6278076171875 474.40138092041013 0.38416108630952384 2021.3383666992188 734.6990356445312 2257.5749633789064 865.9415893554688 0.7315848214285714 
155 1551.5461791992188 382.69601287841795 1777.2145629882812 482.5108047485352 0.5825427827380952 2022.2447875976563 733.0493621826172 2247.9131713867187 863.2425689697266 0.7433268229166666 
156 1568.1709411621093 387.3343795776367 1770.3138000488282 490.55627593994143 0.5333775111607143 2022.2480102539062 738.8512329101562 2245.895300292969 863.5776000976563 0.7408621651785714 
157 1600.7977722167968 399.75658416748047 1767.9428283691407 506.9008560180664 0.5045224144345238 2015.3637573242188 744.4314361572266 2246.7951782226564 864.4330047607422 0.7534412202380952 
158 1587.0238342285156 409.89195709228517 1783.3544616699219 503.78922576904296 0.5690336681547619 2015.9635864257812 737.0549011230469 2250.706579589844 869.3646545410156 0.7723911830357143 
159 1613.8006469726563 438.9876419067383 2221.187878417969 540.9267562866211 0.22660319010416666 2020.5768920898438 744.1515106201172 2245.6923950195314 863.0804840087891 0.7518833705357143 
160 1869.4995910644532 716.7991333007812 2200.6931579589846 848.4273071289062 0.3184175037202381 2023.1746337890625 748.1547302246094 2239.7242919921873 862.7986389160156 0.7420944940476191 
161 1899.3760498046875 724.6033905029296 2203.9169189453123 838.8062164306641 0.4164225260416667 2016.0190673828124 747.3789123535156 2240.1947998046876 861.5816589355469 0.7326543898809523 
162 1905.8885864257813 732.1282196044922 2214.7810913085937 846.3761138916016 0.43322172619047616 2011.8364562988281 744.6596923828125 2248.7952575683594 863.139013671875 0.7306082589285714 
163 1914.153790283203 746.3923431396485 2234.510638427734 851.7728790283203 0.4586821056547619 2005.7538146972656 736.5027587890625 2262.882293701172 871.3898193359375 0.7288876488095238 
164 1935.3043640136718 750.7359405517578 2238.5907775878904 860.2559417724609 0.39195033482142855 2018.5785278320313 735.3448272705078 2246.0432983398437 865.9263519287109 0.7304222470238095 
165 1943.5164001464843 749.1665344238281 2250.075030517578 858.3517761230469 0.32961309523809523 2012.6455200195312 733.3379058837891 2252.0134155273436 867.7197723388672 0.7031017485119048 
166 1945.8933349609374 772.4997253417969 2251.7760986328126 868.8738098144531 0.4393717447916667 2010.1963989257813 738.6559967041015 2261.607067871094 876.9318328857422 0.7579985119047619 
167 1939.8669067382812 767.8051727294921 2253.987341308594 872.5119049072266 0.38474237351190477 2012.5173278808593 742.3534210205078 2255.436895751953 872.189730834961 0.7496512276785714 
168 1920.6114807128906 769.6103546142579 2225.810760498047 857.4074066162109 0.3750813802083333 2016.1269836425781 746.4551300048828 2246.0716247558594 867.698617553711 0.7375837053571429 
169 1947.479266357422 777.7478729248047 2239.899761962891 865.473989868164 0.38267299107142855 2011.5868408203125 748.6664520263672 2249.7007568359377 865.634634399414 0.7270042782738095 
170 1906.40283203125 759.1907318115234 2244.4345703125 846.8286163330079 0.35121372767857145 2022.6114135742187 746.1895599365234 2243.7926391601563 863.0399932861328 0.7266090029761905 
171 1937.1772766113281 753.010986328125 2245.8836364746094 844.78857421875 0.3679082961309524 2029.917626953125 739.5331634521484 2230.159521484375 864.6844268798828 0.7107979910714286 
172 1927.8336791992188 757.8894134521485 2240.4795532226562 853.7675079345703 0.36471121651785715 2025.9563842773437 749.5521636962891 2238.5555786132813 862.1047576904297 0.6976376488095238 
173 1937.1600463867187 767.1962890625 2232.777697753906 858.796142578125 0.39950706845238093 2023.1549072265625 748.2997924804688 2239.6639404296875 864.8814819335937 0.7179129464285714 
174 1893.918505859375 757.4933685302734 2259.452099609375 848.8766876220703 0.28531319754464285 2022.046923828125 748.2272277832031 2246.351513671875 864.5332702636719 0.7264694940476191 
175 1909.2253845214843 756.8485076904296 2253.324053955078 848.0553619384766 0.37699962797619047 2021.0016540527345 747.1218811035156 2253.164483642578 867.3491882324219 0.7428385416666666 
176 1911.97958984375 753.8073028564453 2254.8939453125 848.8317962646485 0.37763904389880953 2020.6697875976563 744.1141845703125 2247.902233886719 868.0591552734375 0.7527436755952381 
177 1902.2347717285156 757.1113983154297 2253.105438232422 856.180776977539 0.34214564732142855 2021.3085388183595 752.0309204101562 2248.342462158203 867.6119018554688 0.7315150669642857 
178 1907.5081481933594 759.6301025390625 2249.871368408203 854.50185546875 0.32400948660714285 2019.1965209960938 749.9525329589844 2246.0639770507814 873.6983459472656 0.7288876488095238 
179 1901.178643798828 756.4692596435547 2242.3837341308595 859.2418609619141 0.3833589099702381 2018.3394592285156 747.2987884521484 2248.5500671386717 874.7367950439453 0.7371651785714286 
180 1898.965185546875 752.2068939208984 2236.299951171875 842.7113800048828 0.37690662202380953 2024.4374145507813 749.3588439941407 2234.2430053710937 864.5464294433593 0.7235863095238095 
181 1901.123114013672 752.0393646240234 2259.4233947753905 850.8808624267579 0.33027576264880953 2020.8733154296874 749.6633697509766 2247.3849853515626 869.0968231201172 0.7543247767857143 
182 1903.6059814453124 747.0716796875 2242.5029052734376 842.1281494140625 0.35269019717261907 2022.8240234375 743.256704711914 2237.73408203125 871.3762908935547 0.7166573660714286 
183 1896.811181640625 759.7298461914063 2242.166845703125 853.1790893554687 0.32597423735119047 2015.2635070800782 749.2597717285156 2254.9809997558596 879.2761169433594 0.7293991815476191 
184 1913.4809936523438 767.4573425292969 2215.521203613281 858.4832092285156 0.35422479538690477 2018.5108276367187 751.3845886230469 2237.8004516601563 871.3732238769531 0.7075660342261905 
185 1893.0891723632812 758.4759399414063 2244.1859741210938 849.3480346679687 0.3773600260416667 2019.5476013183593 755.6163269042969 2238.466680908203 871.2717346191406 0.7368629092261905 
186 1903.560235595703 759.1708587646484 2238.2208923339845 845.9346710205078 0.3667805989583333 2022.7413757324218 753.1323516845703 2233.4535705566404 864.685824584961 0.7037062872023809 
187 1914.770037841797 756.0850402832032 2241.778912353516 851.2902038574218 0.4013788132440476 2018.5723388671875 752.7417175292969 2246.2367431640623 876.9223449707031 0.7279343377976191 
188 1906.4284240722657 760.9087310791016 2245.591473388672 847.7675994873047 0.3598051525297619 2021.6038146972655 750.2502349853515 2244.955145263672 874.3342987060547 0.7127976190476191 
189 1931.2781127929688 760.179248046875 2249.987268066406 847.0999267578125 0.39022972470238093 2022.337841796875 749.990771484375 2241.709033203125 870.0239990234375 0.7058454241071429 
190 1898.8040405273437 761.735806274414 2253.4256958007813 844.2059051513672 0.31166875930059523 2027.4258178710938 750.6340393066406 2229.477746582031 874.3392272949219 0.6927315848214286 
191 1883.95517578125 746.9334899902344 2254.7611328125 849.9351623535156 0.2840692429315476 2025.1467407226562 743.1303527832031 2243.5102416992186 879.0925476074219 0.7215401785714286 
192 1899.1268981933595 763.7646636962891 2215.961114501953 846.0592498779297 0.29953148251488093 2025.417529296875 750.4708984375 2235.268505859375 865.6833984375 0.6888020833333334 
193 1923.2708923339844 746.7959930419922 2239.9997375488283 841.403286743164 0.3347865513392857 2032.433154296875 750.2765289306641 2225.761181640625 869.5639862060547 0.7105654761904762 
194 1887.5729431152345 747.658560180664 2240.734796142578 845.0824676513672 0.3107328869047619 2030.7423950195312 740.3205383300781 2225.590368652344 874.2784606933594 0.6542038690476191 
195 1886.5458679199219 751.6514129638672 2200.9571838378906 837.3999176025391 0.28676060267857145 2032.1298828125 751.4943115234375 2228.12646484375 865.8257568359375 0.6741768973214286 
196 1895.5997253417968 757.6378356933594 2241.8813537597657 843.1898010253906 0.2925618489583333 2031.6051879882812 751.2135864257813 2231.226599121094 865.2828735351562 0.6797805059523809 
197 1896.5447692871094 759.0440155029297 2250.619415283203 844.510366821289 0.27653576078869047 2030.2227416992187 752.1566436767578 2229.6442016601563 870.1815521240235 0.7037295386904762 
198 1887.8595947265626 754.3060821533203 2241.4475341796874 847.783334350586 0.26413109188988093 2033.8591186523438 751.9613342285156 2233.0063598632814 865.7597351074219 0.6962193080357143 
199 1898.1170227050782 748.0337646484375 2242.9326599121096 845.3934814453125 0.28738839285714285 2024.9653564453124 744.2891662597656 2244.0248779296876 874.1020690917969 0.7342587425595238 
200 1933.2138610839843 759.5717498779297 2209.280889892578 818.728970336914 0.20819382440476192 2017.0958129882813 737.8808197021484 2249.780895996094 879.8581329345703 0.7265392485119048 
201 1922.2258911132812 678.34833984375 2371.9779663085938 852.2020751953125 0.33425176711309523 2016.1301574707031 722.5386474609375 2231.5577087402344 866.1569091796875 0.7046130952380952 
202 1937.2272399902345 685.2893493652343 2329.255792236328 857.4887268066407 0.34680757068452384 2003.3169189453124 714.3180053710937 2237.8012451171876 879.1898071289063 0.6293364025297619 
203 1949.8630615234374 675.7048645019531 2312.7287353515626 868.0237731933594 0.3130696614583333 2006.9445373535157 721.7609222412109 2213.777996826172 877.7932159423829 0.5815662202380952 
204 2000.4894104003906 671.9271392822266 2328.153045654297 844.9630584716797 0.2975667317708333 2013.7998474121093 730.4081909179688 2201.562091064453 862.9463012695312 0.5832170758928571 
205 2229.322509765625 725.1884155273438 2229.322509765625 858.7240600585938 0.275390625 1983.741357421875 740.5963409423828 2261.354833984375 881.160189819336 0.5033249627976191 
206 2235.207275390625 730.9531494140625 2235.207275390625 851.30185546875 0.24790155319940477 1997.23251953125 734.3566467285157 2266.2474609375 872.4037292480468 0.4612397693452381 
207 2237.014404296875 730.256381225586 2237.014404296875 879.1869171142578 0.3636997767857143 1998.6165405273437 742.8036224365235 2268.1097778320313 877.5503204345703 0.49702380952380953 
208 2231.21240234375 726.7587066650391 2231.21240234375 860.9393524169922 0.253662109375 1993.816015625 738.0310119628906 2262.1771484375 868.6805358886719 0.46505301339285715 
209 2231.21875 734.9312683105469 2231.21875 861.2999328613281 0.2784423828125 1982.8016235351563 747.6221252441406 2263.620983886719 881.0112976074219 0.49863978794642855 
210 2239.081787109375 739.2010864257812 2239.081787109375 855.3565307617188 0.34012276785714285 1989.9836730957031 749.219125366211 2271.5728454589844 872.4143585205078 0.5538039434523809 
211 2249.74072265625 752.4911834716797 2249.74072265625 856.1280181884765 0.37539527529761907 1996.8337951660155 753.1783966064453 2282.728582763672 874.683724975586 0.5349469866071429 
212 2250.949951171875 727.3109466552735 2250.949951171875 852.0949981689453 0.24948265438988096 1989.1776916503907 749.251010131836 2285.094158935547 874.0350616455078 0.5540015811011905 
213 2259.448974609375 762.3251037597656 2259.448974609375 851.9500427246094 0.2911783854166667 1996.2274230957032 754.3278015136718 2293.7822204589843 865.4627258300782 0.5527460007440477 
214 2324.6923828125 759.3181457519531 2324.6923828125 834.2831726074219 0.21150716145833334 2019.7868591308593 745.0459930419922 2188.457891845703 868.738247680664 0.6460193452380952 
215 2287.957763671875 769.0277313232422 2287.957763671875 838.2132965087891 0.25140380859375 2009.114599609375 752.7816955566407 2216.671533203125 865.6634948730468 0.6173270089285714 
216 2233.318115234375 730.8653747558594 2233.318115234375 856.9820373535156 0.34243047805059523 1994.6932556152344 750.1331756591796 2264.4430969238283 872.7466461181641 0.5509788876488095 
217 2013.684344482422 729.4060363769531 2188.939801025391 847.5129089355469 0.2710367838541667 2003.426983642578 747.7229217529297 2216.781390380859 884.8791900634766 0.6516694568452381 
218 2087.4189575195314 741.3574005126953 2356.4367553710936 838.5026458740234 0.27682640438988093 2007.6622375488282 753.1413024902344 2220.6345153808593 872.7046447753906 0.7092401413690477 
219 2292.392578125 67.35995635986329 2292.392578125 929.7435287475586 0.19559151785714285 2013.129815673828 755.7489044189454 2192.1840270996095 865.3739593505859 0.6143043154761905 
220 2045.475830078125 733.6618103027344 2367.752685546875 846.0840393066406 0.24319893973214285 2012.6137634277343 745.9129241943359 2170.005010986328 877.0722442626953 0.6226283482142857 
221 2083.9255126953126 746.3455078125 2365.0993896484374 843.8191650390625 0.24868629092261904 2009.3782470703125 751.9689727783203 2211.8234130859373 875.6855072021484 0.6898949032738095 
222 2084.8675048828127 760.7061737060546 2343.9274169921873 838.4242584228516 0.27941313244047616 2007.0069885253906 756.0089324951172 2225.357635498047 874.4364410400391 0.6947777157738095 
223 2060.42333984375 770.6261291503906 2385.912109375 842.5363464355469 0.24260312034970238 2006.1267822265625 755.77822265625 2221.8575927734373 880.6750244140625 0.6582728794642857 
224 2055.2275634765624 767.8702545166016 2388.7797607421876 836.0968475341797 0.21101306733630953 2011.7842163085938 755.9159942626953 2216.464074707031 877.2077239990234 0.6734561011904762 
225 2086.074182128906 759.8507537841797 2367.453405761719 846.1403961181641 0.26913016183035715 2009.885321044922 755.954736328125 2201.2231994628905 876.00986328125 0.6627836681547619 
226 1989.5119384765626 760.8254760742187 2370.1789794921874 839.1980834960938 0.2852085658482143 2003.578839111328 752.7872589111328 2212.572406005859 875.9442474365235 0.7102632068452381 
227 2059.412109375 759.9238555908203 2375.44287109375 842.693881225586 0.2507963634672619 2012.9625122070313 755.5827728271485 2204.838513183594 875.9755157470703 0.6556454613095238 
228 2086.370739746094 764.5534576416015 2332.286242675781 841.6315399169922 0.2744024367559524 2006.3279602050782 757.4950378417968 2211.8696716308596 871.2769348144532 0.6819428943452381 
229 2297.210693359375 771.4430938720703 2297.210693359375 837.1579193115234 0.24425397600446427 2012.1655883789062 755.5760070800782 2194.7067260742188 861.4499938964843 0.6820126488095238 
230 2007.0235961914063 761.6896667480469 2304.0650268554687 840.4236145019531 0.3125116257440476 2001.5177368164063 754.8073425292969 2226.9829956054687 869.3293762207031 0.6415550595238095 
231 2080.5466796875 139.3335174560547 2316.39765625 919.4565826416016 0.23095703125 2001.2783508300781 751.4300842285156 2222.6155700683594 871.1698913574219 0.6658063616071429 
232 2290.81494140625 775.2775665283203 2290.81494140625 833.3482269287109 0.2576497395833333 2008.139178466797 755.4553771972656 2207.756939697266 864.3378356933594 0.6867094494047619 
233 2299.401123046875 44.8494140625 2299.401123046875 935.775341796875 0.20945521763392858 2010.2435485839844 759.3877624511719 2203.7643859863283 861.6251770019531 0.6652948288690477 
234 2241.91357421875 766.9008331298828 2241.91357421875 851.0267181396484 0.3442499069940476 1993.8500671386719 752.0709075927734 2274.2696838378906 871.2493438720703 0.6237909226190477 
235 2263.150634765625 740.4352661132813 2263.150634765625 843.7151245117187 0.2990838913690476 2007.2796813964844 753.3109771728516 2206.7165344238283 863.7136199951171 0.6156296502976191 
236 1991.709912109375 764.79091796875 2289.100146484375 863.92099609375 0.357421875 1994.8418090820312 754.1698608398438 2288.6916381835936 874.5420532226562 0.6389276413690477 
237 1989.3806701660155 755.3151245117188 2303.979559326172 858.9898071289062 0.3344203404017857 1997.2181335449218 747.3401336669922 2243.8923400878907 872.4647369384766 0.67724609375 
238 2241.5166015625 741.6846740722656 2241.5166015625 853.8606140136719 0.35829380580357145 1999.6372924804687 758.2683532714843 2273.0660766601563 866.9388000488282 0.5933314732142857 
239 2235.797119140625 749.3852813720703 2235.797119140625 847.116732788086 0.37772042410714285 1998.0465515136718 759.319546508789 2266.8080627441404 864.0318328857422 0.5806594122023809 
240 2263.494384765625 740.3706695556641 2263.494384765625 843.7924774169921 0.25244721912202384 2009.6036560058594 753.2641235351563 2212.8808410644533 863.8183959960937 0.6194777715773809 
241 2048.6647216796873 763.0191619873046 2374.9920166015627 841.7877838134766 0.2348574683779762 2008.9920043945312 752.055062866211 2204.0380249023438 875.8342803955078 0.6727120535714286 
242 1955.5112548828124 748.806118774414 2202.5068115234376 845.2886688232422 0.26274181547619047 2004.7916320800782 747.7670684814453 2236.3498474121093 878.9833587646484 0.6963588169642857 
243 1938.9775817871093 746.4524017333985 2218.158770751953 835.6353057861328 0.24565197172619047 2008.1763061523438 747.4963317871094 2256.337609863281 879.3319152832031 0.6978004092261905 
244 1903.4437744140625 734.115512084961 2235.0078857421877 852.5312774658203 0.38123139880952384 2009.7142700195313 744.8943725585938 2262.3348022460937 875.1517700195312 0.7498139880952381 
245 1950.2453735351562 778.441845703125 2249.3447143554686 857.1521484375 0.27444893973214285 2010.4890258789062 748.3199951171875 2285.9750854492186 878.19208984375 0.7821800595238095 
246 1928.5452819824218 739.4380645751953 2264.4802307128907 856.8129730224609 0.43031529017857145 2023.1923217773438 754.0710083007813 2294.3689575195312 879.5406860351562 0.7460239955357143 
247 1984.2452209472656 772.3050689697266 2284.5974304199217 869.7165985107422 0.4260137648809524 2038.4148559570312 769.9634429931641 2302.2377319335938 887.6690643310546 0.7580450148809523 
248 1971.098486328125 786.1713348388672 2305.932275390625 868.846304321289 0.35195777529761907 2044.5519653320312 766.2975250244141 2321.513220214844 910.9787811279297 0.7780645461309523 
249 1997.399951171875 794.4690704345703 2312.768017578125 885.7598724365234 0.38228934151785715 2052.780895996094 779.6263702392578 2330.802844238281 916.562533569336 0.7793666294642857 
250 1996.061102294922 805.2820770263672 2315.6914611816405 884.1519439697265 0.3096110026041667 2061.51982421875 794.1061737060547 2339.63984375 914.486538696289 0.7456519717261905 
251 2079.7351318359374 818.5837280273438 2307.4147705078126 876.5384643554687 0.2603062220982143 2060.7883911132812 798.6816802978516 2342.2831420898438 918.7308563232422 0.7805989583333334 
252 2082.5961303710938 827.5639526367188 2310.1707153320312 873.0788696289062 0.2254638671875 2059.9978149414064 800.35048828125 2345.5004760742186 916.206640625 0.7607886904761905 
253 2053.0409423828123 821.0240112304688 2553.9859130859377 874.8445190429687 0.2293643043154762 2066.0980590820313 800.6422729492188 2343.4807983398437 920.7034301757812 0.7661597842261905 
254 2063.9501831054686 823.0153961181641 2552.6648071289064 880.9984588623047 0.2598760695684524 2069.206982421875 803.1036254882813 2346.697314453125 923.2114379882812 0.7825288318452381 
255 2090.8590087890625 816.8848388671875 2302.5819091796875 875.004931640625 0.2648809523809524 2074.5724853515626 799.6404663085938 2344.4157958984374 924.1833862304687 0.7986188616071429 
256 2099.9844970703125 809.3753662109375 2308.9017333984375 876.2288818359375 0.2625151134672619 2082.306884765625 796.197509765625 2333.007568359375 921.5478515625 0.7974097842261905 
257 2219.584118652344 820.6303771972656 2320.855578613281 875.4857116699219 0.23005022321428573 2086.503125 796.1240264892579 2356.5603515625 922.7131927490234 0.7928292410714286 
258 2118.6645629882814 831.603970336914 2363.8913452148436 891.8350555419922 0.2897426060267857 2092.520361328125 809.1000579833984 2363.560205078125 920.9577423095703 0.7392345610119048 
259 2154.96904296875 842.4074645996094 2371.4279296875 903.0159973144531 0.33242071242559523 2096.52529296875 819.2629974365234 2386.58017578125 936.1508819580079 0.75439453125 
260 2239.8261840820314 839.2089080810547 2369.6081420898436 925.7302398681641 0.26436941964285715 2104.886267089844 813.7517028808594 2394.732629394531 947.8597473144531 0.7865513392857143 
261 2158.464990234375 855.2924774169921 2400.176123046875 941.6179840087891 0.33108375186011907 2105.0093627929687 819.4342010498046 2407.1485961914063 957.5549957275391 0.8057803199404762 
262 2152.6900634765625 876.964306640625 2374.0550537109375 963.77421875 0.3502778552827381 2113.7925415039062 829.0519744873047 2382.9030151367188 954.926235961914 0.7699962797619048 
263 2193.6321533203127 853.8733642578125 2376.3297607421873 971.321826171875 0.28590320405505953 2121.021728515625 825.0968444824218 2382.018310546875 959.9450256347657 0.7785063244047619 
264 2239.727160644531 847.8289825439454 2384.770153808594 975.2909515380859 0.2559407552083333 2120.717578125 818.752734375 2388.82734375 963.7957275390625 0.8105933779761905 
265 2157.3877807617187 874.4997985839843 2392.6163696289063 979.0458557128907 0.30842517671130953 2117.8479858398437 815.8602111816406 2405.3495239257813 963.9670593261719 0.8307291666666666 
266 2160.4827514648437 851.4300964355468 2397.6664184570313 970.0219299316407 0.29516020275297616 2116.728796386719 809.7033477783203 2411.012170410156 967.8257659912109 0.8383091517857143 
267 2154.9790771484377 857.3367919921875 2403.4320556640623 970.666259765625 0.30173456101190477 2111.0555786132813 812.5750335693359 2420.5320678710937 965.1338897705078 0.8412388392857143 
268 2124.9263671875 885.9125274658203 2402.16787109375 982.7270599365235 0.31515066964285715 2103.4309204101564 806.7006530761719 2420.2783081054686 973.9256896972656 0.8467726934523809 
269 2152.8916870117187 868.5332214355469 2403.4816040039063 978.4411437988281 0.31056431361607145 2100.811975097656 811.7192626953125 2421.743444824219 974.3830322265625 0.8334495907738095 
270 2084.717419433594 886.7594177246094 2406.417590332031 983.7101867675781 0.4057035900297619 2106.0737426757814 815.74130859375 2418.9601928710936 969.981103515625 0.8356352306547619 
271 2232.2098022460937 863.4289916992187 2394.8783325195313 982.1330200195313 0.23402622767857142 2106.7417236328124 815.4062469482421 2418.8896240234376 969.2819244384766 0.8373093377976191 
272 2141.0890502929688 860.8725006103516 2406.3306274414062 975.8105438232421 0.29493931361607145 2108.783898925781 812.0748107910156 2418.232458496094 966.7990905761719 0.8351702008928571 
273 2089.1670776367187 887.00302734375 2407.9816040039063 984.418603515625 0.38724190848214285 2107.730615234375 811.7273986816406 2413.261083984375 971.1346618652344 0.8218005952380952 
274 2091.0248291015623 860.5632934570312 2408.1543701171877 970.6776733398438 0.3505219959077381 2108.9819213867186 814.3152099609375 2417.3025024414064 972.87998046875 0.8352399553571429 
275 2147.8334350585938 861.0986511230469 2412.4021606445312 975.7450988769531 0.3042689732142857 2104.925744628906 819.2085327148437 2417.998815917969 973.5403686523438 0.8338216145833334 
276 2088.7068115234374 884.9497894287109 2408.3893798828126 979.5037628173828 0.4414178757440476 2111.0463745117186 819.3161041259766 2417.2214477539064 972.4035614013671 0.8246605282738095 
277 2109.871472167969 863.8437438964844 2413.182482910156 967.9654602050781 0.3760870070684524 2118.403125 823.7969451904297 2408.1330078125 973.1889556884765 0.8123837425595238 
278 2106.6838989257812 860.1379974365234 2405.1840209960938 973.2061798095704 0.4257114955357143 2118.6864624023438 816.1283874511719 2403.6184692382812 978.9465637207031 0.8272879464285714 
279 2101.7352294921875 856.5632904052734 2412.3292236328125 966.1846954345704 0.37852260044642855 2122.4650146484373 814.5768096923828 2405.6536376953127 983.5765716552735 0.8311011904761905 
280 2093.195593261719 884.0774322509766 2401.043908691406 980.5672821044922 0.4027739025297619 2120.5873779296876 824.1689483642579 2405.4619384765624 980.3905609130859 0.8330078125 
281 2116.095458984375 870.8739959716797 2402.387451171875 963.226284790039 0.38066173735119047 2118.5818603515627 821.3234985351562 2414.1090576171873 973.7046997070313 0.8360537574404762 
282 2091.6673950195313 835.1159423828125 2402.3245483398437 941.759423828125 0.3023042224702381 2114.1372924804687 798.5575469970703 2415.5211547851563 974.751107788086 0.8525158110119048 
283 2142.553173828125 844.9179901123047 2389.187548828125 919.3736968994141 0.31223260788690477 2106.399035644531 809.6589416503906 2418.182263183594 972.5307556152344 0.8416806175595238 
284 2059.6252197265626 829.8121704101562 2394.4367919921874 924.1253295898438 0.3569917224702381 2096.08076171875 805.1457275390625 2397.8826171875 956.0466552734375 0.8299153645833334 
285 2035.3645141601562 831.4227874755859 2378.9482299804686 906.7287628173829 0.41410900297619047 2083.3360595703125 808.4327178955078 2356.3201904296875 926.0983489990234 0.7725539434523809 
286 1999.6401672363281 786.5859802246093 2309.4954528808594 888.3295471191407 0.3419712611607143 2064.919677734375 786.9417663574219 2333.152587890625 916.4334777832031 0.8035946800595238 
287 1952.9367126464845 744.6191650390625 2235.753839111328 849.5351318359375 0.41286504836309523 2047.852392578125 768.4796569824218 2298.738427734375 909.8881408691407 0.8099190848214286 
288 1936.0552734375 753.9077911376953 2249.69423828125 858.4540863037109 0.37047758556547616 2021.3705444335938 767.7191009521484 2262.2815551757812 904.0838165283203 0.7630673363095238 
289 1912.929443359375 732.3405975341797 2198.466064453125 841.1164947509766 0.38066173735119047 2001.8327331542969 756.5711059570312 2242.0462951660156 897.0733032226562 0.7605096726190477 
290 1864.1826293945312 732.2179534912109 2221.3566772460936 814.6428253173829 0.321533203125 1986.5868835449219 751.0630004882812 2229.2823791503906 883.8585083007813 0.7537899925595238 
291 1946.4708129882813 709.0939758300781 2186.957165527344 813.4559509277344 0.2655436197916667 1982.9451599121094 738.762109375 2209.819122314453 888.498876953125 0.7456287202380952 
292 1929.2290100097657 691.6366119384766 2127.185906982422 843.5570526123047 0.22404552641369047 1966.0582153320313 746.8803863525391 2182.429821777344 880.3862762451172 0.7240513392857143 
293 1351.2199462890626 291.0685791015625 1365.1733642578124 839.89931640625 0.17483375186011904 1955.3273559570312 749.2026947021484 2159.976110839844 893.3870880126954 0.7095424107142857 
294 2022.9731079101562 737.6328125 2046.4787963867188 812.8509521484375 0.18526495070684523 1957.8804260253905 756.4373321533203 2169.431463623047 888.0690765380859 0.7354678199404762 
295 1989.717724609375 753.3307159423828 2027.837939453125 805.7462493896485 0.17744373139880953 1951.0474853515625 756.9961364746093 2165.4744873046875 904.7126037597657 0.7098446800595238 
296 1963.8541687011718 722.1514099121093 2089.8822814941404 809.4016906738282 0.22344680059523808 1944.092352294922 755.8956237792969 2176.7598205566405 906.1600402832031 0.7739025297619048 
297 1997.3128173828125 242.77699584960936 2031.7863037109375 907.6240051269531 0.2069760277157738 1948.6330627441407 760.8272674560546 2175.173455810547 908.5711090087891 0.7443033854166666 
298 1723.372412109375 755.5109008789062 2119.987939453125 845.8789916992188 0.24894205729166666 1938.8655151367188 760.7244171142578 2174.826623535156 906.317514038086 0.7071010044642857 
299 1837.3861206054687 752.0525939941406 2098.301135253906 854.3722106933594 0.2506626674107143 1935.3768005371094 778.2228149414062 2165.595977783203 926.5862670898438 0.6821056547619048 
