0 2687.3332763671874 1039.6476440429688 2728.6266845703126 1072.6824340820312 0.19957333519345238 3088.436474609375 782.8336578369141 3177.217333984375 894.3261932373047 0.29552641369047616 
1 2674.739392089844 1042.1478881835938 2721.662219238281 1066.6292114257812 0.20310174851190477 3102.8494262695312 744.1344573974609 3166.0927124023438 944.0655548095704 0.2397402808779762 
2 2647.4492431640624 1050.0000244140624 2714.1713623046876 1070.8508056640626 0.24310593377976192 3078.0961181640623 769.2375244140625 3165.6690185546877 846.3850341796875 0.2712925502232143 
3 2654.0090576171874 1049.362078857422 2708.4802001953126 1068.2176330566406 0.23225330171130953 3074.5497802734376 758.7143493652344 3143.6865478515624 838.3261779785156 0.29624720982142855 
4 2676.182165527344 475.84479370117185 2699.369836425781 1137.7502990722655 0.18551781063988096 3028.214501953125 509.6535339355469 3359.167333984375 878.5499572753906 0.23367164248511904 
5 2626.261828613281 1038.439715576172 2691.521130371094 1067.9117248535156 0.2722051711309524 3057.735632324219 503.4897125244141 3116.679650878906 930.8343231201172 0.22512090773809523 
6 2615.4246215820312 1041.0609375 2703.5316772460938 1064.136572265625 0.26240466889880953 3035.5464599609377 786.90625 3104.7733642578123 872.9154052734375 0.22255161830357142 
7 2616.9333740234374 1035.619091796875 2676.5207275390626 1070.549609375 0.25582449776785715 3016.7385864257812 528.6510681152344 3090.7094116210938 943.7089172363281 0.21965680803571427 
8 2632.4456420898437 510.5693817138672 2667.0502075195313 1141.594253540039 0.20894368489583334 3014.1137084960938 804.0037506103515 3079.2517700195312 913.9242889404297 0.23330543154761904 
9 2632.8615478515626 495.1016387939453 2684.3137451171874 1139.2828216552734 0.20907738095238096 2995.7179321289063 524.3106414794922 3071.8672729492187 915.347134399414 0.2017822265625 
10 2625.307958984375 1050.4969055175782 2672.542138671875 1064.8726013183593 0.19028436569940477 2952.86650390625 819.61845703125 3063.7638671875 877.1209228515625 0.1813906715029762 
11 2611.901013183594 471.9913818359375 2682.792590332031 1147.5476806640625 0.19654192243303573 2993.705676269531 549.940185546875 3050.002087402344 549.940185546875 0.17858596075148808 
12 2606.4582275390626 499.54857177734374 2647.2082763671874 1159.7006958007812 0.19198753720238096 3031.199951171875 575.719970703125 3031.199951171875 575.719970703125 0.1633242652529762 
13 2596.5867309570312 1053.376025390625 2639.2191772460938 1085.8576171875 0.21670386904761904 
14 2577.219030761719 1049.1859252929687 2611.718225097656 1085.7144653320313 0.22859700520833334 
15 2487.4344848632813 758.8476135253907 2597.8230834960937 1109.1190612792968 0.21808733258928573 
16 2559.9181884765626 1066.8917602539063 2603.6960693359374 1074.8514038085937 0.1910342261904762 
17 2458.1715087890625 787.7946807861329 2549.3651123046875 836.5726898193359 0.3044026692708333 
18 2468.6438232421874 777.1558990478516 2540.4567626953126 848.9689178466797 0.32482328869047616 
19 2474.9516479492186 782.6588073730469 2537.0149047851564 837.5607971191406 0.5907505580357143 2863.304833984375 872.9073364257813 2901.497412109375 877.6814086914062 0.0889006115141369 
20 2477.950732421875 789.7013916015625 2551.923779296875 837.425927734375 0.4322916666666667 2875.62451171875 1083.390869140625 2875.62451171875 1083.390869140625 0.09734526134672619 
21 2475.282861328125 788.8074584960938 2529.884130859375 845.7827514648437 0.5258324032738095 2857.765869140625 1080.2579345703125 2857.765869140625 1080.2579345703125 0.0943269275483631 
22 2482.90478515625 780.8081817626953 2527.75732421875 835.1032562255859 0.5448056175595238 2840.36279296875 850.629150390625 2840.36279296875 850.629150390625 0.09239560081845238 
23 2480.1957885742186 775.7001251220703 2527.2658813476564 839.245004272461 0.4196079799107143 2835.032958984375 1076.316162109375 2835.032958984375 1076.316162109375 0.10399809337797619 
24 2476.1312866210938 787.0090972900391 2519.6047973632812 852.2196014404296 0.5432012648809523 2832.28076171875 839.1217651367188 2832.28076171875 839.1217651367188 0.15065511067708334 
25 2484.652734375 781.2827270507812 2520.2046875 847.6468383789063 0.36543201264880953 2829.69140625 838.166259765625 2829.69140625 838.166259765625 0.13111804780505953 
26 2480.7609375 779.2426025390625 2523.36259765625 847.878857421875 0.38525390625 
27 2478.6986083984375 781.5484161376953 2523.9351806640625 852.9742279052734 0.5388532366071429 2460.4758544921874 781.823129272461 2869.9841064453126 850.8680938720703 0.18547130766369047 
28 2476.685412597656 753.9541015625 2523.739636230469 1083.333984375 0.32051013764880953 2462.568896484375 754.1351196289063 2867.235791015625 1097.6312377929687 0.18014090401785715 
29 2471.941857910156 764.4822479248047 2521.631628417969 1048.4239410400392 0.294189453125 2452.2842407226562 750.4672058105468 2861.6334838867188 1124.3236877441407 0.23628162202380953 
30 2485.186877441406 954.5190185546875 2534.481823730469 1031.98232421875 0.26252673921130953 2801.4501953125 1050.1292724609375 2801.4501953125 1050.1292724609375 0.11140659877232142 
31 2477.2267944335936 795.5809448242187 2530.1557739257814 880.7277709960938 0.343994140625 2494.840222167969 798.147738647461 2563.878283691406 876.3907745361328 0.24440801711309523 
32 2476.609582519531 974.0322570800781 2524.414099121094 1051.4300231933594 0.49669828869047616 2514.8706665039062 814.071078491211 2519.4235229492188 866.4283721923828 0.18487258184523808 
33 2475.0174560546875 947.4288635253906 2523.8658447265625 1024.1902770996094 0.39401971726190477 2490.6738891601562 799.0056427001953 2574.4137573242188 859.4842864990235 0.25613257998511907 
34 2466.7780151367188 946.7865783691407 2512.6636352539062 1029.3805358886718 0.6227446056547619 2492.279919433594 807.7181579589844 2577.168078613281 871.9578674316406 0.23700823102678573 
35 2462.0337768554687 943.7108764648438 2509.8478149414063 1023.4009399414062 0.7056826636904762 2480.5988891601564 778.9888092041016 2564.8427612304686 874.6169647216797 0.3743373325892857 
36 2462.8717407226563 945.4962188720704 2511.4659057617187 1005.6603363037109 0.7858305431547619 2482.5406127929687 932.8581665039062 2561.2169555664063 979.1382934570313 0.30628022693452384 
37 2456.600549316406 942.5722961425781 2505.274694824219 995.8822937011719 0.8050595238095238 2485.305944824219 929.1110687255859 2547.887170410156 975.4676055908203 0.23417154947916666 
38 2449.6444091796875 941.4376708984375 2502.7330322265625 996.8343017578125 0.8025251116071429 2474.856896972656 743.731982421875 2555.643835449219 866.0662353515625 0.3112909226190476 
39 2449.0121948242186 937.1545562744141 2493.2131469726564 995.3137664794922 0.7935035342261905 2473.8865356445312 756.7713958740235 2550.6566772460938 982.4292266845703 0.23286365327380953 
40 2446.0327880859377 935.4508331298828 2490.7006103515623 996.5753509521485 0.7895275297619048 2478.222521972656 948.0193664550782 2541.698132324219 978.5815856933593 0.33940197172619047 
41 2438.2888671875 931.4672180175781 2489.73408203125 996.9428161621094 0.7786690848214286 2507.0922729492186 569.9124084472656 2616.9978149414064 635.3880065917969 0.3871372767857143 
42 2435.3212890625 934.6262115478515 2488.984375 997.6220184326172 0.76953125 2567.4149780273438 578.2782745361328 2611.7454223632812 634.2745208740234 0.5049409412202381 
43 2437.0236938476564 935.2506317138672 2492.6967651367186 1000.2023101806641 0.7548363095238095 2563.536901855469 579.1761016845703 2605.291467285156 637.1686859130859 0.47951543898809523 
44 2429.440563964844 935.7023773193359 2494.092395019531 1007.2813262939453 0.7797619047619048 2435.7457641601563 951.3324890136719 2507.3247924804687 995.2035217285156 0.39864676339285715 
45 2426.183251953125 933.8297882080078 2492.426123046875 1011.4937591552734 0.7444196428571429 2435.232214355469 939.9796661376953 2499.190881347656 994.8012786865235 0.46398344494047616 
46 2406.860107421875 944.147982788086 2499.085205078125 1022.8766143798828 0.7494419642857143 2424.336291503906 940.3413116455079 2485.069714355469 992.0773284912109 0.5762648809523809 
47 2400.248876953125 957.3796752929687 2506.173486328125 1030.2028442382812 0.7681129092261905 2400.58837890625 938.5373168945313 2488.85888671875 998.1199096679687 0.6626906622023809 
48 2402.8153686523438 960.5288513183593 2505.8870239257812 1038.9527160644532 0.78271484375 2388.3370971679688 933.4682861328125 2482.4458618164062 1007.4108642578125 0.6975213913690477 
49 2399.1164794921874 962.2357940673828 2510.4816650390626 1044.646224975586 0.7849237351190477 2380.3556396484373 925.9991821289062 2476.1297119140627 1010.6369262695313 0.7416759672619048 
50 2398.997912597656 966.6956909179687 2506.240612792969 1044.8934204101563 0.8013857886904762 2376.48388671875 924.4173828125 2470.3212890625 1011.5519775390625 0.7449079241071429 
51 2394.6319091796877 967.6733917236328 2507.4037353515623 1049.4884124755858 0.7974097842261905 2371.6691040039063 933.3995849609375 2462.3291870117187 1017.425732421875 0.7560918898809523 
52 2389.432470703125 969.6879699707031 2500.911279296875 1047.7230407714844 0.7766694568452381 2367.2225341796875 930.4131469726562 2463.0943603515625 1021.8257446289062 0.7449776785714286 
53 2383.090380859375 975.5961883544921 2496.863232421875 1050.686343383789 0.7746233258928571 2364.44892578125 937.2634918212891 2457.74296875 1026.0063446044921 0.7442103794642857 
54 2377.4949951171875 978.8454711914062 2490.3531494140625 1057.8461791992188 0.8072219122023809 2360.47939453125 946.8111602783204 2455.28037109375 1032.5833099365234 0.7315848214285714 
55 2373.2740112304687 984.1247528076171 2484.7042602539063 1059.897280883789 0.7767159598214286 2356.473742675781 949.7528350830078 2450.075329589844 1041.125521850586 0.7420944940476191 
56 2367.932275390625 985.6216918945313 2483.604345703125 1063.4779174804687 0.7925734747023809 2357.066687011719 961.1526153564453 2448.269494628906 1043.4576751708985 0.7190987723214286 
57 2366.7810791015627 986.6406768798828 2478.0104248046873 1066.7259613037108 0.7885277157738095 2359.0805908203124 971.496371459961 2448.0639404296876 1049.3569610595703 0.6918480282738095 
58 2362.313330078125 986.4076110839844 2471.151513671875 1073.033917236328 0.7986421130952381 2358.298059082031 973.2513031005859 2442.703161621094 1055.4352813720702 0.7041015625 
59 2354.0960327148437 992.0276336669922 2462.5555786132813 1080.565933227539 0.8080822172619048 2362.5244018554686 977.9807250976562 2442.2087524414064 1055.4516479492188 0.6742001488095238 
60 2350.019421386719 999.2240905761719 2458.165393066406 1087.5065002441406 0.8220098586309523 2358.6779296875 985.217724609375 2435.92509765625 1062.464892578125 0.6720377604166666 
61 2344.9660522460936 1007.7780700683594 2450.7837036132814 1093.7550109863282 0.8199172247023809 2353.614636230469 985.9871002197266 2428.568713378906 1069.7594207763673 0.6830589657738095 
62 2339.52060546875 1010.2980926513671 2446.11171875 1099.486392211914 0.8116629464285714 2349.9789794921876 998.1664123535156 2423.9399658203124 1076.4782409667969 0.6686430431547619 
63 2335.8862426757814 1013.3035949707031 2440.6901733398436 1102.8234802246093 0.8158017113095238 2344.704064941406 1003.058349609375 2416.756628417969 1079.477783203125 0.6553896949404762 
64 2331.6518432617186 1016.7926452636718 2436.8728149414064 1108.8607971191407 0.8185918898809523 2343.8770141601562 1005.5791809082032 2416.2164916992188 1077.9184997558593 0.6571568080357143 
65 2321.530871582031 1021.4924621582031 2433.712048339844 1113.8770446777344 0.8191034226190477 2332.6135986328127 1002.4571716308594 2407.4010498046873 1083.843487548828 0.6991257440476191 
66 2316.2641357421876 1020.8949157714844 2431.5420166015624 1116.220684814453 0.8212890625 2325.7286010742187 1010.7483337402343 2403.3194946289063 1090.5559875488282 0.6728050595238095 
67 2313.833056640625 1028.3174255371093 2429.326123046875 1119.3794738769532 0.8161737351190477 2316.48115234375 1001.4942810058594 2394.21708984375 1088.114239501953 0.6946382068452381 
68 2308.6093505859376 1033.7800231933593 2430.8569580078124 1120.4647277832032 0.8147088913690477 2301.0009765625 1000.2687530517578 2385.462890625 1095.844223022461 0.7337472098214286 
69 2304.7506713867188 1039.1750854492188 2430.5723266601562 1124.5539184570312 0.8125 2293.8624633789063 1006.7691040039062 2379.2412963867187 1103.3820190429688 0.72119140625 
70 2302.9173828125 1044.6427978515626 2429.456640625 1128.2490478515624 0.8068963913690477 2291.966931152344 1001.5359954833984 2377.832629394531 1112.2577667236328 0.7300967261904762 
71 2300.7011962890624 1049.173162841797 2434.1625732421876 1137.3933654785155 0.8038504464285714 2286.0847290039064 1004.0189636230468 2365.2568237304686 1121.6459533691407 0.7537202380952381 
72 2300.1485107421877 1052.1080383300782 2436.3431884765623 1140.6345153808593 0.7960844494047619 2280.7670776367186 1004.00341796875 2357.9441040039064 1131.118408203125 0.7744140625 
73 2301.8525634765624 1055.7981811523437 2433.4858154296876 1144.3102172851563 0.8257998511904762 2273.2214233398436 1007.9633911132812 2350.3857543945314 1132.7878295898438 0.7717866443452381 
74 2304.1306030273436 1062.7137512207032 2437.7192504882814 1151.0180603027343 0.8188709077380952 2271.125439453125 1008.4596801757813 2343.580126953125 1144.3125366210938 0.7942940848214286 
75 2310.6898559570313 1068.2277709960938 2443.9427124023437 1156.3100708007812 0.8098028273809523 2268.1255126953124 1014.3707824707031 2333.6225341796876 1147.6234802246095 0.8110816592261905 
76 2313.1116333007812 1068.3524291992187 2447.4677124023438 1164.6409790039063 0.8346819196428571 2253.684704589844 1018.3994812011719 2320.862902832031 1159.4734436035155 0.8189406622023809 
77 2315.2343627929686 1072.151141357422 2448.8801391601564 1167.9307678222656 0.8267764136904762 2245.3271484375 1021.69130859375 2316.60498046875 1168.7017578125 0.8317754836309523 
78 2313.133898925781 1076.0179626464844 2454.736462402344 1166.732159423828 0.7965262276785714 2238.418115234375 1025.384765625 2304.794287109375 1171.41259765625 0.8468191964285714 
79 2311.8705810546876 1078.5161926269532 2458.5693603515624 1172.6660583496093 0.8065476190476191 2236.3318115234374 1028.9148559570312 2293.2594970703126 1173.4240112304688 0.8624209449404762 
80 2308.158410644531 1081.0315856933594 2464.768103027344 1176.7375793457031 0.8060360863095238 2226.2563598632814 1039.2021057128907 2280.6345092773436 1178.4108093261718 0.8665829613095238 
81 2309.45771484375 1085.7664794921875 2470.24638671875 1179.1976318359375 0.791015625 2220.28857421875 1043.9815307617187 2270.263671875 1180.8690551757813 0.8719540550595238 
82 2319.148083496094 1091.1398498535157 2470.362902832031 1188.3492858886718 0.8256138392857143 2208.811376953125 1041.9534973144532 2264.976708984375 1191.0080505371093 0.8639090401785714 
83 2323.6388305664063 1096.3259765625 2471.0469604492187 1192.461865234375 0.8517717633928571 2197.100964355469 1047.4363647460937 2259.055041503906 1196.9811157226563 0.8763485863095238 
84 2325.398388671875 1099.1226318359375 2476.494189453125 1192.7594482421875 0.8490513392857143 2187.889855957031 1051.3220336914062 2253.861364746094 1204.5458862304688 0.8643973214285714 
85 2318.135705566406 1105.6732360839844 2476.116491699219 1198.355206298828 0.8370303199404762 2175.5480102539063 1057.2258361816407 2249.2725463867187 1204.6744323730468 0.8825567336309523 
86 2310.7165649414064 1105.5563232421875 2470.2944213867186 1202.1428955078125 0.8373093377976191 2167.2095947265625 1058.878173828125 2240.6995849609375 1210.05712890625 0.8853469122023809 
87 2308.1943603515624 1108.4476013183594 2464.9198974609376 1204.5725402832031 0.8260788690476191 2158.4611694335936 1059.661767578125 2233.6894653320314 1216.3873046875 0.9128999255952381 
88 2315.1037109375 1107.287286376953 2458.83623046875 1207.2750915527345 0.8734654017857143 2144.21123046875 1060.7384948730469 2227.534375 1216.9693908691406 0.9355701264880952 
89 2308.76953125 1107.5491271972655 2447.58642578125 1204.928045654297 0.8824637276785714 2136.4840087890625 1057.3455810546875 2221.4315185546875 1216.8812255859375 0.9404296875 
90 2301.2975830078126 1103.656475830078 2437.4592529296874 1200.6202575683594 0.8953450520833334 2126.0963500976563 1060.7290100097657 2212.7447143554687 1213.3953796386718 0.9488932291666666 
91 2287.2121459960936 1101.3310546875 2428.1323364257814 1193.235595703125 0.8667224702380952 2115.5785522460938 1058.3637145996095 2205.4407348632812 1209.495538330078 0.9442661830357143 
92 2276.160009765625 1096.4680603027343 2416.406396484375 1187.9331848144532 0.8783482142857143 2105.347131347656 1056.833349609375 2194.779577636719 1207.242333984375 0.9578218005952381 
93 2256.536584472656 1091.6650939941405 2402.552038574219 1182.924871826172 0.8655598958333334 2094.60908203125 1057.0332885742187 2183.840625 1205.0768188476563 0.9547061011904762 
94 2252.261279296875 1086.3772827148437 2391.266064453125 1179.0470336914063 0.8836030505952381 2082.7282470703126 1056.3912414550782 2173.3835693359374 1207.4833923339843 0.9689825148809523 
95 2246.3689819335937 1083.8678894042969 2379.1337036132813 1178.4122619628906 0.9002278645833334 2072.444689941406 1055.2415100097655 2156.931042480469 1210.133367919922 0.9665876116071429 
96 2234.485241699219 1080.265576171875 2370.700549316406 1170.4080078125 0.8853004092261905 2063.985546875 1057.9226196289062 2142.10869140625 1208.1598999023438 0.9579380580357143 
97 2229.1263061523437 1076.6480529785156 2366.6263793945313 1168.314715576172 0.8768601190476191 2050.0851928710936 1057.4870056152345 2131.7880981445314 1208.936212158203 0.9447312127976191 
98 2228.7722900390627 1074.057080078125 2363.7482177734373 1165.364306640625 0.8773018973214286 2037.7600952148437 1056.498028564453 2121.1273559570313 1207.3534118652344 0.92431640625 
99 2226.1250854492187 1074.1372497558593 2360.8512329101563 1165.2754699707032 0.8866722470238095 2020.3780334472656 1059.0491577148437 2115.4787780761717 1201.7003540039063 0.912109375 
100 2221.7756591796874 1074.4085693359375 2359.7565673828126 1165.0816650390625 0.8463541666666666 2004.4940124511718 1060.9138244628907 2106.9939025878907 1202.8367858886718 0.8993443080357143 
101 2223.5856079101563 1074.0280517578126 2365.4458862304687 1164.6611572265624 0.8470052083333334 1987.530499267578 1065.5407653808593 2099.836566162109 1203.4605773925782 0.8996465773809523 
102 2226.251745605469 1075.2958557128907 2365.950646972656 1163.8375671386718 0.8636067708333334 1972.2807189941407 1072.6470764160156 2096.239178466797 1210.378680419922 0.8930431547619048 
103 2225.6110961914064 1077.1091247558593 2366.9775268554686 1165.4632629394532 0.8672572544642857 1964.85341796875 1084.6608032226563 2088.54892578125 1212.2832885742187 0.8737909226190477 
104 2225.954443359375 1080.0144104003907 2363.236474609375 1164.3450866699218 0.8658621651785714 1955.5383850097655 1090.9517883300782 2083.014715576172 1224.3117614746093 0.9047154017857143 
105 2228.273583984375 1081.7903259277343 2365.121435546875 1165.8540832519532 0.8605143229166666 1941.7197998046875 1104.7236022949219 2072.7030517578123 1237.6617736816406 0.9096447172619048 
106 2225.6083251953123 1082.4669128417968 2366.2095458984377 1168.3898986816407 0.8472609747023809 1933.590313720703 1118.6686889648438 2066.380267333984 1255.3645141601562 0.9259905133928571 
107 2232.3138061523437 1083.7777404785156 2364.4881958007813 1171.2460632324219 0.8608165922619048 1928.7916076660156 1132.5954833984374 2060.9658386230467 1276.4321044921876 0.9541713169642857 
108 2232.1061767578126 1085.0791809082032 2367.4489990234374 1170.1518981933593 0.8490513392857143 1919.7760803222657 1142.3396301269531 2055.119061279297 1285.4165954589844 0.9529854910714286 
109 2233.8531494140625 1085.2064514160156 2367.2015380859375 1170.2404479980469 0.8408203125 1910.8133911132813 1157.752862548828 2048.0271850585937 1296.8993591308595 0.9431966145833334 
110 2232.936560058594 1084.077081298828 2371.962609863281 1172.8993591308595 0.8288225446428571 1899.556378173828 1165.249981689453 2044.3751403808594 1310.0687438964844 0.9479864211309523 
111 2236.7153198242186 1086.7631042480468 2371.5354125976564 1175.3590881347657 0.8405412946428571 1893.1460876464844 1175.359112548828 2039.5222473144531 1317.8831970214844 0.9521484375 
112 2240.7149291992187 1090.099835205078 2375.2379516601563 1178.5006286621094 0.8384021577380952 1890.733544921875 1183.7485595703124 2034.86533203125 1331.7238525390626 0.9235956101190477 
113 2245.6861083984377 1094.1603515625 2374.8856689453123 1186.721240234375 0.8394949776785714 1886.1968994140625 1188.3529724121095 2032.7515869140625 1338.764337158203 0.8898344494047619 
114 2246.8245849609375 1098.208984375 2375.7232666015625 1192.47802734375 0.8230561755952381 1878.1838684082031 1190.2582092285156 2034.0164489746094 1346.0907897949219 0.8954845610119048 
115 2243.972314453125 1102.4875854492188 2377.836767578125 1198.1051879882812 0.8185453869047619 1878.4190673828125 1193.7655090332032 2031.4071044921875 1352.4907165527343 0.9082728794642857 
116 2244.589636230469 1105.7653442382812 2379.718225097656 1200.9265502929688 0.8346354166666666 1877.8534362792968 1196.3879821777343 2032.0143615722657 1356.2586242675782 0.9172247023809523 
117 2246.9275756835937 1112.0157165527344 2379.5336059570313 1204.8398742675781 0.8626999627976191 1878.5453308105468 1199.5210388183593 2033.8837463378907 1354.8594543457032 0.9226190476190477 
118 2247.5312377929686 1115.6992980957032 2379.6916625976564 1208.2114685058593 0.8594215029761905 1880.8230102539062 1198.5535888671875 2031.8632690429688 1353.3697509765625 0.9022972470238095 
119 2248.4332885742188 1121.7995666503907 2377.4922485351562 1212.9000183105468 0.8610956101190477 1880.819921875 1199.4684814453126 2032.653955078125 1351.3025146484374 0.9046456473214286 
120 2244.11181640625 1126.3792419433594 2376.58740234375 1217.2197570800781 0.8530040922619048 1879.439874267578 1200.6967224121095 2030.8405212402345 1353.989923095703 0.9281529017857143 
121 2241.3369384765624 1130.9800659179687 2375.6552490234376 1221.7867797851563 0.8681408110119048 1879.92900390625 1200.9042053222656 2031.2736328125 1354.1405944824219 0.9258975074404762 
122 2236.0086303710937 1134.4066101074218 2374.2767700195313 1227.2168029785157 0.8697916666666666 1883.781719970703 1198.8055358886718 2031.5204040527344 1352.2263244628907 0.9201543898809523 
123 2226.124267578125 1136.63515625 2369.917724609375 1231.236181640625 0.8661411830357143 1881.994970703125 1198.0530700683594 2031.464501953125 1353.1985168457031 0.9263625372023809 
124 2225.5168212890626 1138.6356506347656 2369.6638427734374 1231.5724792480469 0.8590494791666666 1881.7815673828125 1197.067626953125 2033.5153076171875 1352.5947265625 0.9112258184523809 
125 2224.817333984375 1140.2495910644532 2363.738330078125 1233.4980895996093 0.8686058407738095 1882.1988342285156 1197.6333068847657 2034.441180419922 1351.7786804199218 0.9028552827380952 
126 2216.599755859375 1141.1849975585938 2363.292822265625 1234.5352172851562 0.8543991815476191 1883.4994750976562 1198.8510498046876 2034.0027221679688 1351.2595458984374 0.9111560639880952 
127 2216.8990966796873 1143.1172912597656 2359.0491455078127 1237.243670654297 0.8616768973214286 1885.2401306152344 1198.7509033203125 2033.153057861328 1348.5847900390625 0.9017857142857143 
128 2215.1993408203125 1142.5444396972657 2357.4281005859375 1240.5670104980468 0.8752325148809523 1884.6131530761718 1196.952166748047 2034.5300354003907 1348.7911193847656 0.9095284598214286 
129 2213.4581787109373 1144.7337768554687 2353.9260986328127 1237.0963012695313 0.8702799479166666 1883.9727905273437 1197.2796875 2032.1375610351563 1347.36875 0.9113653273809523 
130 2212.0133056640625 1143.2971496582031 2352.4139404296875 1243.3084411621094 0.8618629092261905 1883.943377685547 1194.7822631835938 2033.9605529785156 1348.6459594726562 0.9069940476190477 
131 2208.9683349609377 1143.691339111328 2351.8978759765623 1242.1969665527345 0.8497488839285714 1880.3193298339843 1190.492626953125 2038.7008117675782 1346.94267578125 0.9199916294642857 
132 2208.650183105469 1144.2565490722657 2347.758752441406 1240.8597839355468 0.8600725446428571 1880.3473510742188 1189.3627807617188 2031.0486450195312 1345.8601196289062 0.9232700892857143 
133 2206.4511108398438 1145.2588623046875 2348.2625122070312 1242.3900634765625 0.8628162202380952 1878.520947265625 1186.3527282714845 2026.16044921875 1341.762872314453 0.9244326636904762 
134 2204.7579833984373 1145.7555053710937 2347.1048095703127 1243.2532836914063 0.8631417410714286 1874.0909545898437 1182.5046936035155 2022.2874633789063 1338.501043701172 0.9277111235119048 
135 2201.8133056640627 1147.7326538085938 2345.9171630859373 1243.1528442382812 0.8721633184523809 1867.0934265136718 1181.8861511230468 2017.0395080566407 1331.8322326660157 0.9579613095238095 
136 2201.7700073242186 1148.599920654297 2342.4109008789064 1247.6428771972655 0.8816499255952381 1862.3571533203126 1179.4555969238281 2012.9026123046874 1328.0201110839844 0.9524274553571429 
137 2197.4155395507814 1150.9257751464843 2338.9723999023436 1250.6136535644532 0.8857421875 1855.793017578125 1174.3140686035156 2007.3185546875 1323.845965576172 0.9554268973214286 
138 2195.601599121094 1153.2227416992187 2336.487512207031 1253.8556274414063 0.8926711309523809 1852.5206726074218 1170.8722534179688 2001.4574768066407 1319.8088989257812 0.9479166666666666 
139 2189.3328369140627 1155.102606201172 2334.8522216796873 1256.1577697753905 0.8972051711309523 1845.279150390625 1165.0527282714843 1994.84072265625 1314.6141418457032 0.9536830357142857 
140 2187.7735961914063 1156.3538635253906 2332.1856323242187 1256.018572998047 0.8998558407738095 1836.36533203125 1160.3435791015625 1988.9134765625 1306.7897216796875 0.9611932663690477 
141 2183.371936035156 1156.193133544922 2327.526257324219 1255.6797912597656 0.8888811383928571 1829.4682006835938 1152.3666931152343 1981.7437133789062 1298.5511535644532 0.9447079613095238 
142 2177.9156860351563 1156.3315795898438 2324.9556518554687 1254.3581176757812 0.8870907738095238 1823.9829833984375 1149.576416015625 1975.1073486328125 1292.531982421875 0.9517299107142857 
143 2173.1986328125 1155.5523254394532 2320.4439453125 1255.7610290527343 0.8853004092261905 1817.1983581542968 1146.3495361328125 1968.5339416503907 1285.4146240234375 0.9511486235119048 
144 2170.43486328125 1153.8055603027344 2317.17744140625 1257.748272705078 0.9013671875 1814.0827026367188 1143.5367858886718 1964.9014282226562 1282.1269104003907 0.9554734002976191 
145 2163.278942871094 1153.4039672851563 2314.258898925781 1257.4576049804687 0.8896251860119048 1809.6849548339844 1139.9852783203125 1964.745343017578 1278.7234619140625 0.9513578869047619 
146 2161.1919189453124 1153.5595764160157 2309.7480224609376 1258.7867370605468 0.9005533854166666 1805.4354309082032 1144.1160217285155 1956.0546813964843 1276.165838623047 0.9327566964285714 
147 2159.381311035156 1151.7055053710938 2307.047155761719 1259.8552856445312 0.9017624627976191 1800.0554138183593 1142.4263732910156 1956.0406555175782 1275.533709716797 0.9373139880952381 
148 2158.1051391601563 1151.8441345214844 2302.8472534179687 1263.502423095703 0.9105282738095238 1794.0228637695313 1144.9251281738282 1951.1714721679687 1275.1931579589843 0.9401971726190477 
149 2152.98466796875 1154.9566162109375 2300.13984375 1269.4105712890625 0.9138997395833334 1791.7787048339844 1145.4450073242188 1949.152813720703 1274.2056274414062 0.9431733630952381 
150 2151.31923828125 1158.3569885253905 2298.43759765625 1277.260809326172 0.9444056919642857 1789.4147338867188 1147.8929321289063 1942.5789184570312 1276.8731811523437 0.9524507068452381 
151 2150.2256713867187 1167.9146240234375 2299.3863891601563 1288.8558837890625 0.9630766369047619 1782.9052429199219 1148.3778564453125 1944.1603088378906 1277.3819091796875 0.9561244419642857 
152 2151.2447021484377 1182.809552001953 2296.5482666015623 1304.2276794433594 0.9685174851190477 1783.6981567382813 1149.277850341797 1942.9351440429687 1282.6387756347656 0.9474051339285714 
153 2147.4296020507813 1193.2771240234374 2295.4153686523437 1317.5851806640626 0.9649600074404762 1783.308837890625 1151.158203125 1943.13330078125 1285.331787109375 0.9406389508928571 
154 2146.3718505859374 1205.7820739746094 2289.2785400390626 1327.1548156738281 0.9513811383928571 1783.383367919922 1151.269842529297 1939.9932189941405 1288.3035217285155 0.9307105654761905 
155 2144.2265625 1211.078759765625 2283.99560546875 1337.259375 0.9585658482142857 1780.6173889160157 1151.4976379394532 1939.7989929199218 1289.3257263183593 0.9416387648809523 
156 2138.950573730469 1217.0964782714843 2282.262561035156 1352.6619445800782 0.9621465773809523 1779.6277404785155 1153.0381469726562 1938.432928466797 1288.6034545898438 0.9461263020833334 
157 2135.8800415039063 1220.6450500488281 2276.4390502929687 1359.2786560058594 0.9615652901785714 1779.4468078613281 1151.0321533203125 1941.1858825683594 1289.6656005859375 0.9474748883928571 
158 2132.497521972656 1224.5515258789062 2272.070104980469 1360.3002807617188 0.9719122023809523 1777.903741455078 1150.3530883789062 1944.2435974121095 1291.8375854492188 0.9630533854166666 
159 2127.6849731445313 1227.8928955078125 2266.2444702148437 1364.5541259765625 0.9787016369047619 1778.585791015625 1149.8529235839844 1943.7181640625 1292.208477783203 0.9672619047619048 
160 2123.511083984375 1232.3990417480468 2265.147607421875 1366.4816955566407 0.9719122023809523 1777.8454650878907 1150.1773620605468 1944.0323425292968 1291.8137268066407 0.9700753348214286 
161 2123.823779296875 1237.2161743164063 2264.720166015625 1366.8407104492187 0.9666341145833334 1778.519793701172 1150.655340576172 1943.8379943847656 1291.5515686035155 0.9676571800595238 
162 2123.345983886719 1239.1456909179688 2265.361779785156 1368.0808715820312 0.96630859375 1778.656512451172 1151.8233764648437 1943.0955627441406 1290.1016723632813 0.9613095238095238 
163 2121.8359497070314 1242.4132507324218 2265.3796264648436 1367.3146545410157 0.9607282366071429 1777.9626525878907 1150.1353088378905 1943.8765808105468 1291.814520263672 0.9579613095238095 
164 2120.1441650390625 1241.71650390625 2264.6961669921875 1369.589404296875 0.9635649181547619 1778.5081787109375 1148.5560302734375 1943.4456787109375 1293.1080322265625 0.9512183779761905 
165 2119.3336791992188 1243.492498779297 2264.1157836914062 1369.7129455566405 0.9598679315476191 1778.58125 1148.5416687011718 1943.78154296875 1293.3239318847657 0.9461263020833334 
166 2118.3345336914062 1243.9790283203124 2264.1227416992188 1369.4677490234376 0.9552641369047619 1779.7708740234375 1149.5787170410156 1944.0133056640625 1293.521502685547 0.9526134672619048 
167 2119.5258056640623 1247.170831298828 2263.0279052734377 1370.4354919433595 0.9629371279761905 1780.370751953125 1150.2289245605468 1944.11044921875 1291.8913146972657 0.9579148065476191 
168 2119.483935546875 1247.2622375488281 2264.322216796875 1370.0997009277344 0.9572405133928571 1778.4726196289062 1152.4897888183593 1945.3115600585938 1289.9944641113282 0.9462425595238095 
169 2120.9917724609377 1245.914697265625 2264.0863525390623 1370.663916015625 0.9578218005952381 1778.1430114746095 1151.0827331542969 1945.086846923828 1290.5082092285156 0.9493350074404762 
170 2121.200158691406 1244.2693176269531 2265.946081542969 1370.6932067871094 0.9552176339285714 1779.2072509765626 1152.5874145507812 1944.1079345703124 1291.8369018554688 0.9474748883928571 
171 2118.5811401367187 1241.4296997070312 2265.2408813476563 1367.9235717773438 0.9583565848214286 1779.43095703125 1152.5173583984374 1944.423046875 1291.8439697265626 0.9495907738095238 
172 2119.6357177734376 1237.8304321289063 2265.1030517578124 1364.8841674804687 0.95458984375 1778.5592834472657 1151.1448791503906 1946.1229675292968 1292.929461669922 0.9650995163690477 
173 2118.8118286132812 1234.29306640625 2266.2567749023438 1363.307275390625 0.9533110119047619 1779.0505676269531 1152.2059387207032 1946.7691345214844 1292.2785583496093 0.9594494047619048 
174 2117.7318115234375 1231.71181640625 2265.2862548828125 1360.821875 0.9505208333333334 1779.1371643066407 1152.4013244628907 1946.9801452636718 1292.5780456542968 0.9611467633928571 
175 2119.721154785156 1228.9341430664062 2263.819616699219 1358.2533569335938 0.9538690476190477 1777.309637451172 1155.3927368164063 1945.4246154785155 1293.9490600585937 0.9517066592261905 
176 2119.4083740234373 1226.6935607910157 2261.7361572265627 1356.0824401855468 0.9493582589285714 1778.2338989257812 1156.1695556640625 1944.5910522460938 1292.9520263671875 0.9532645089285714 
177 2125.2558471679686 1223.6819152832031 2262.0310180664064 1353.0638122558594 0.9411272321428571 1777.7727661132812 1157.4269897460938 1944.1210327148438 1294.2021606445312 0.9539155505952381 
178 2126.6150512695312 1219.8540161132812 2261.4725952148438 1349.1694213867188 0.9285249255952381 1777.4631408691407 1154.8409484863282 1945.5733581542968 1293.3933044433593 0.9563802083333334 
179 2129.9465209960936 1216.542626953125 2262.7480590820314 1347.499853515625 0.9313616071428571 1776.6598815917969 1156.100897216797 1946.3509826660156 1294.4358459472655 0.9589146205357143 
180 2126.1597290039062 1216.3354125976562 2263.7975463867188 1342.9619506835938 0.9328031994047619 1779.9480895996094 1155.5629760742188 1945.1133117675781 1295.0359008789062 0.9639369419642857 
181 2127.7239624023437 1213.3575439453125 2264.9955200195313 1339.6473388671875 0.9295014880952381 1779.6171813964843 1152.3244079589845 1944.3431457519532 1295.086846923828 0.9677966889880952 
182 2127.520227050781 1212.2027709960937 2266.451696777344 1340.1661254882813 0.9252697172619048 1779.8396728515625 1151.4554260253906 1946.1920654296875 1294.042987060547 0.9593563988095238 
183 2130.2049560546875 1209.8617004394532 2270.9039306640625 1339.5971618652343 0.93359375 1780.2848693847657 1152.1625854492188 1944.7382019042968 1294.6887329101562 0.9627976190476191 
184 2130.5104370117188 1210.930841064453 2270.8809204101562 1338.5404724121095 0.9320126488095238 1780.0045593261718 1153.1559204101563 1944.0741760253907 1295.3494506835937 0.9592866443452381 
185 2135.0424560546876 1208.64638671875 2271.9023681640624 1338.20712890625 0.9275716145833334 1780.9611694335938 1152.6390502929687 1945.1931274414062 1293.1485473632813 0.9524507068452381 
186 2136.1899658203124 1205.361016845703 2274.6279052734376 1338.3344177246095 0.9166666666666666 1779.9361999511718 1154.0773132324218 1945.6974670410157 1294.3368713378907 0.9559849330357143 
187 2138.7764282226562 1204.830859375 2277.3092651367188 1336.0724609375 0.9090634300595238 1781.0870361328125 1153.301708984375 1945.1390380859375 1293.657275390625 0.9491257440476191 
188 2136.98955078125 1202.0250549316406 2277.2638671875 1333.1906433105469 0.9056687127976191 1781.118878173828 1153.118212890625 1945.0758239746094 1295.214306640625 0.9544038318452381 
189 2137.6600341796875 1201.627099609375 2279.6856689453125 1327.264990234375 0.9048549107142857 1780.775732421875 1155.1256408691406 1944.65126953125 1295.3302917480469 0.9583565848214286 
190 2134.3839477539063 1200.2732299804688 2278.1675659179687 1327.6767211914062 0.8929036458333334 1779.0542785644532 1153.7920532226562 1944.6787536621093 1295.7557983398438 0.9643089657738095 
191 2135.3493530273436 1199.8463928222657 2280.7573364257814 1323.4430358886718 0.8892066592261905 1779.309619140625 1154.1966552734375 1944.7111328125 1297.7869873046875 0.9637509300595238 
192 2133.0814453125 1197.7843200683594 2280.10458984375 1321.211163330078 0.8983677455357143 1779.1367614746093 1155.1992553710938 1944.3108703613282 1296.7770629882812 0.9725864955357143 
193 2130.218786621094 1200.9046813964844 2278.613977050781 1322.154278564453 0.9077845982142857 1778.9289794921874 1155.4534545898437 1943.6113037109376 1296.6097778320313 0.9746326264880952 
194 2133.1070922851563 1201.756494140625 2275.8750854492187 1321.030859375 0.9053664434523809 1778.689520263672 1154.7694702148438 1944.9509826660155 1295.7302856445312 0.9689127604166666 
195 2132.7973388671876 1204.311346435547 2275.4018798828124 1327.0596252441405 0.9062732514880952 1778.785205078125 1155.2259887695313 1944.856396484375 1294.2203002929687 0.9684012276785714 
196 2134.17412109375 1205.2168212890624 2272.7599609375 1329.4042724609376 0.9096214657738095 1779.4023010253907 1154.8911071777343 1944.9855163574218 1295.2769836425782 0.9672154017857143 
197 2129.570556640625 1204.8610107421875 2269.929931640625 1330.8245361328125 0.9102260044642857 1779.2254699707032 1154.7523010253906 1944.7775817871093 1295.111834716797 0.9670526413690477 
198 2130.008190917969 1203.8667846679687 2269.816271972656 1331.1280883789063 0.9039946056547619 1781.2459533691406 1151.1973510742187 1944.355487060547 1292.7980102539063 0.9669828869047619 
199 2123.8305908203124 1203.630926513672 2266.5595458984376 1326.7346740722655 0.9103655133928571 1781.2122436523437 1145.3041564941407 1943.5665649414063 1286.2489440917968 0.9628673735119048 
200 2121.688427734375 1202.1642578125 2266.004931640625 1326.882373046875 0.9173409598214286 1785.8402893066407 1143.5742248535157 1942.6288269042968 1277.2007995605468 0.9509626116071429 
201 2125.651159667969 1198.1847106933594 2264.448693847656 1320.967266845703 0.9286411830357143 1788.0338623046875 1137.88857421875 1946.4053466796875 1273.127294921875 0.9570777529761905 
202 2124.7620361328127 1195.032293701172 2263.1085693359373 1317.4155822753905 0.9156203497023809 1790.7660278320313 1134.932110595703 1950.3965698242187 1269.7310974121094 0.9532877604166666 
203 2122.203259277344 1195.0360473632813 2261.243273925781 1312.9561401367187 0.9040643601190477 1793.48896484375 1136.1437072753906 1953.64921875 1271.6637878417969 0.9531715029761905 
204 2120.185205078125 1191.2262634277345 2257.972509765625 1309.581964111328 0.9092494419642857 1794.1295837402345 1142.7833679199218 1954.881280517578 1280.5705139160157 0.9493815104166666 
205 2118.1411254882814 1190.1943969726562 2257.7746459960936 1308.6178588867188 0.8999720982142857 1793.4623474121095 1147.9101196289062 1954.306085205078 1291.0786499023438 0.9587751116071429 
206 2113.180456542969 1191.9091491699219 2253.831506347656 1302.6717834472656 0.8851841517857143 1792.726123046875 1150.592950439453 1956.232861328125 1291.2438415527345 0.9566127232142857 
207 2112.0956176757813 1189.0795104980468 2250.8963256835937 1299.7685119628907 0.8899739583333334 1794.5573486328126 1150.4937316894532 1956.1985107421874 1291.0513122558593 0.9527064732142857 
208 2112.198205566406 1187.2030151367187 2248.666784667969 1297.4278442382813 0.9006696428571429 1795.9914978027343 1150.1249877929688 1955.2051574707032 1290.0930297851562 0.9480096726190477 
209 2110.550988769531 1185.0902893066407 2245.413610839844 1293.6810729980468 0.9052269345238095 1796.4998962402344 1148.9156921386718 1955.883038330078 1290.7843811035157 0.951171875 
210 2108.0410034179686 1183.48994140625 2244.5368774414064 1291.98662109375 0.9127139136904762 1794.2625244140625 1148.6929626464844 1955.2574951171875 1290.4385070800781 0.9598446800595238 
211 2108.3664428710936 1181.2815734863282 2241.4853637695314 1289.8787048339843 0.9212704613095238 1795.4424377441405 1149.3492919921875 1954.834783935547 1289.4744384765625 0.9515671502976191 
212 2105.4981689453125 1181.6157348632812 2239.9764404296875 1286.4037963867188 0.9269205729166666 1795.0299987792969 1150.9181518554688 1953.9586486816406 1288.8892211914062 0.9528692336309523 
213 2104.2734130859376 1179.103515625 2237.0327392578124 1287.4072265625 0.9301292782738095 1796.2258605957031 1150.1464050292968 1955.1878356933594 1288.1461975097657 0.9587286086309523 
214 2102.3920776367186 1178.6548706054687 2235.5490844726564 1283.7787231445313 0.9356398809523809 1796.117724609375 1149.2067565917969 1955.555615234375 1287.6197814941406 0.9633556547619048 
215 2099.8749145507813 1176.6207275390625 2234.8225952148437 1285.2799072265625 0.9326171875 1796.4111572265624 1149.1188598632812 1955.8947509765626 1285.8191284179688 0.9656808035714286 
216 2097.201708984375 1175.8619140625 2233.553173828125 1285.991845703125 0.9492652529761905 1796.2602783203124 1149.774920654297 1953.5888427734376 1287.8743713378906 0.9490792410714286 
217 2095.294641113281 1176.6240844726562 2231.661657714844 1285.0182495117188 0.9452659970238095 1795.4623657226562 1150.3324340820313 1954.5571655273438 1288.4475952148437 0.9556361607142857 
218 2095.813757324219 1176.790869140625 2230.624963378906 1285.340234375 0.9406622023809523 1796.8988525390625 1150.6635986328124 1954.4705322265625 1287.2258056640626 0.9518926711309523 
219 2094.871789550781 1175.1044860839843 2230.159704589844 1284.0377258300782 0.9413829985119048 1794.494403076172 1148.8848571777344 1956.1373107910156 1285.9299621582031 0.9731212797619048 
220 2092.7238159179688 1176.468328857422 2229.9585571289062 1282.0335021972655 0.9386160714285714 1794.8401672363282 1146.8965393066405 1956.7068298339843 1285.890692138672 0.97216796875 
221 2092.263537597656 1176.2684143066406 2229.536999511719 1283.623309326172 0.9487769717261905 1794.296337890625 1148.245166015625 1956.208544921875 1287.278515625 0.9697730654761905 
222 2090.691296386719 1174.1242126464845 2228.055529785156 1285.072198486328 0.9537527901785714 1793.8817565917968 1147.8434509277345 1955.9010803222657 1286.968682861328 0.9721912202380952 
223 2092.938232421875 1175.3081604003905 2226.892822265625 1282.824285888672 0.9507998511904762 1792.5574462890625 1147.0394226074218 1956.4755126953125 1288.0441955566407 0.9723074776785714 
224 2088.0186279296877 1175.3782348632812 2227.3046142578123 1282.9281616210938 0.9504975818452381 1793.7819030761718 1147.1005981445312 1955.9884826660157 1288.1496459960938 0.9716331845238095 
225 2088.7751220703126 1176.7965698242188 2226.4157958984374 1284.4385375976562 0.9471958705357143 1794.0831604003906 1148.9019714355468 1956.4284362792969 1286.5424865722657 0.9630766369047619 
226 2089.793322753906 1175.2572998046876 2225.644909667969 1282.8799072265624 0.9406389508928571 1793.5936096191406 1147.1641418457032 1955.909686279297 1286.5442321777343 0.9562174479166666 
227 2090.2329345703124 1176.5625366210938 2223.9228271484376 1283.8661743164062 0.9302920386904762 1794.5053588867188 1148.755596923828 1958.0993774414062 1285.9635192871094 0.9540783110119048 
228 2088.629504394531 1177.2514282226562 2223.376599121094 1285.7490600585938 0.93115234375 1796.1838500976562 1149.9922973632813 1957.1804077148438 1284.7393920898437 0.9647507440476191 
229 2087.256884765625 1177.6568298339844 2221.805615234375 1285.9946594238281 0.9278738839285714 1795.241845703125 1150.4379333496095 1956.001318359375 1284.986505126953 0.9564267113095238 
230 2087.1753784179687 1177.1173522949218 2221.8063110351563 1287.2699768066407 0.9340355282738095 1794.7802307128907 1149.8818359375 1957.3863952636718 1286.26123046875 0.9548456101190477 
231 2087.063623046875 1177.7556274414062 2221.550146484375 1287.7900268554688 0.9404064360119048 1796.5270263671875 1149.2058471679688 1957.2122314453125 1285.4389282226562 0.95361328125 
232 2086.205358886719 1178.1356201171875 2221.054650878906 1286.7154541015625 0.9324544270833334 1794.4814758300781 1147.9596008300782 1959.1023864746094 1284.5600524902343 0.9545200892857143 
233 2087.8564697265624 1177.38408203125 2220.7719482421876 1287.56416015625 0.9340587797619048 1795.1861694335937 1147.2493591308594 1957.8331176757813 1285.4116516113281 0.9589378720238095 
234 2086.287463378906 1177.6350158691407 2221.466198730469 1286.4803405761718 0.9334077380952381 1795.6057861328125 1146.980047607422 1957.1180908203125 1287.4255920410155 0.9568684895833334 
235 2085.5125366210937 1177.5250122070313 2220.6131958007813 1288.0621459960937 0.9330589657738095 1794.7959289550781 1148.6424072265625 1957.9695739746094 1287.2523681640625 0.9621000744047619 
236 2084.7968994140624 1177.5126708984376 2221.3114990234376 1289.5246826171874 0.9407087053571429 1795.0061157226562 1147.3555297851562 1957.7736694335938 1287.3705444335938 0.9642159598214286 
237 2086.6179931640627 1178.3700134277344 2221.9176513671873 1289.069805908203 0.9461030505952381 1794.121844482422 1146.5388061523438 1957.5357482910156 1287.1098754882812 0.9636811755952381 
238 2087.1328002929686 1177.8968017578125 2222.2004516601564 1290.1608154296875 0.9449172247023809 1795.3406982421875 1146.1200744628907 1956.7203369140625 1288.2042663574218 0.9654715401785714 
239 2086.2455932617186 1177.7690551757812 2223.4714477539064 1290.3647338867188 0.9505208333333334 1793.7943603515625 1147.4548095703126 1955.6507080078125 1288.1994873046874 0.9627046130952381 
240 2089.200085449219 1178.2996826171875 2223.098498535156 1291.0562744140625 0.9525204613095238 1793.214093017578 1148.1455322265624 1955.3016540527344 1287.3293212890626 0.9753999255952381 
241 2087.624169921875 1177.9880859375 2223.265966796875 1290.729443359375 0.9465913318452381 1793.236639404297 1146.0763854980469 1955.3023010253905 1288.7645568847656 0.9747721354166666 
242 2086.240832519531 1178.9515625 2223.019177246094 1291.180029296875 0.9262230282738095 1794.9459167480468 1143.1383361816406 1954.5207580566407 1285.1774597167969 0.9676339285714286 
243 2088.3332763671874 1178.9182922363282 2223.2546142578126 1291.0605895996093 0.9370582217261905 1793.2185119628907 1140.8411743164063 1950.9185729980468 1279.2667358398437 0.9690290178571429 
244 2091.1639038085937 1178.2668518066407 2222.9320434570313 1292.2283874511718 0.9376395089285714 1781.810235595703 1137.8597045898437 1947.4105895996095 1269.6278442382813 0.9573800223214286 
245 2090.478552246094 1177.8888732910157 2224.363000488281 1290.3517272949218 0.9480794270833334 1776.6400756835938 1136.831121826172 1940.8713989257812 1260.0046936035155 0.9472423735119048 
246 2088.774938964844 1177.8916015625 2226.798059082031 1290.489501953125 0.9460797991071429 1765.3003540039062 1136.5406005859375 1934.1972045898438 1256.4027587890625 0.9435221354166666 
247 2089.689599609375 1176.3214721679688 2228.035498046875 1294.3767700195312 0.9489862351190477 1758.5108337402344 1136.165704345703 1926.3706359863281 1257.9101013183595 0.9368024553571429 
248 2092.5128784179688 1176.9156555175782 2226.2627563476562 1294.9301696777343 0.9400809151785714 1741.4952209472656 1139.0904602050782 1914.583270263672 1257.1049743652343 0.9443126860119048 
249 2093.042028808594 1176.7361389160155 2228.411828613281 1294.189520263672 0.9258510044642857 1731.6472412109374 1137.7637145996093 1906.8317626953126 1261.1892883300782 0.9295014880952381 
250 2092.6177612304687 1178.384783935547 2227.1852172851563 1297.1207092285156 0.9378255208333334 1727.0482543945313 1135.9139404296875 1903.1731811523437 1266.5233154296875 0.9338030133928571 
251 2092.201513671875 1180.2823608398437 2226.754052734375 1295.3345825195313 0.9370814732142857 1734.369482421875 1136.7064697265625 1902.07265625 1265.4090087890625 0.9236188616071429 
252 2091.921594238281 1179.8085815429688 2225.190954589844 1297.6264770507812 0.9251534598214286 1735.7935607910156 1137.0940734863282 1903.828875732422 1264.5691345214843 0.9175269717261905 
253 2090.811071777344 1179.787841796875 2225.780969238281 1297.15283203125 0.9318033854166666 1734.8787963867187 1134.3464782714843 1903.1021606445313 1267.3601867675782 0.9441964285714286 
254 2093.115344238281 1179.30263671875 2226.440563964844 1296.94248046875 0.9341517857142857 1733.3331359863282 1135.489276123047 1899.9897399902343 1266.8538635253906 0.9438011532738095 
255 2091.5396362304687 1179.2348693847657 2226.6656860351563 1295.3292175292968 0.9346865699404762 1733.740380859375 1129.38603515625 1899.317724609375 1258.802685546875 0.9344773065476191 
256 2089.476672363281 1179.2795959472655 2226.128063964844 1296.409246826172 0.9334077380952381 1731.9313659667969 1128.5985412597656 1895.9127502441406 1255.4889831542969 0.9201543898809523 
257 2090.13837890625 1179.6961303710937 2226.5837890625 1294.7001098632813 0.9383835565476191 1725.409002685547 1128.26669921875 1891.0928283691405 1247.169091796875 0.9377790178571429 
258 2090.726806640625 1177.038427734375 2227.461669921875 1294.782373046875 0.9283156622023809 1710.9075012207031 1127.588848876953 1885.6243591308594 1243.4337341308594 0.9239443824404762 
259 2093.1216796875 1176.7853271484375 2228.17568359375 1295.9505126953125 0.9329194568452381 1715.6124938964845 1126.598486328125 1878.471612548828 1243.777490234375 0.9100632440476191 
260 2095.0884399414062 1175.2438110351563 2227.3942260742188 1295.5220581054687 0.9216657366071429 1710.9691650390625 1126.1302795410156 1871.3401611328125 1244.4037780761719 0.9111095610119048 
261 2094.5661010742188 1177.1977233886719 2227.5161743164062 1296.0472717285156 0.9160853794642857 1707.0270263671875 1126.0630981445313 1868.1787841796875 1244.9124877929687 0.9311290922619048 
262 2095.7714599609376 1174.51103515625 2228.3340087890624 1297.03095703125 0.9297340029761905 1706.2724060058595 1123.525439453125 1866.954278564453 1246.045361328125 0.9261997767857143 
263 2098.391979980469 1175.7584167480468 2228.462756347656 1297.8249572753907 0.9400344122023809 1705.485546875 1121.652032470703 1865.572802734375 1245.7196716308595 0.9421968005952381 
264 2097.2734252929686 1175.2207397460938 2229.5290649414064 1297.4572387695312 0.9296642485119048 1703.8199401855468 1122.5804748535156 1866.1337951660157 1246.8207702636719 0.9330124627976191 
265 2097.0952026367186 1175.4339599609375 2229.3825805664064 1297.6993408203125 0.9355003720238095 1703.780047607422 1126.3273315429688 1864.1280334472656 1246.5884399414062 0.9391043526785714 
266 2097.576025390625 1174.3476257324219 2229.532373046875 1296.3075256347656 0.9352213541666666 1701.9370178222657 1126.9016845703125 1863.8836608886718 1246.8622314453125 0.9478236607142857 
267 2100.5858520507813 1174.139093017578 2228.6272827148437 1296.1786560058595 0.9378952752976191 1697.6093811035157 1131.2791320800782 1863.6629577636718 1251.3179138183593 0.9533807663690477 
268 2100.187890625 1172.9587890625 2231.233984375 1296.0626953125 0.9337565104166666 1695.6708984375 1130.1931640625 1864.4423828125 1253.2970703125 0.9590541294642857 
269 2103.071337890625 1173.3757934570312 2230.136181640625 1294.4843139648438 0.9381277901785714 1695.0745727539063 1131.9117248535156 1863.8324096679687 1255.005633544922 0.9605189732142857 
270 2104.5997314453125 1173.4441223144531 2230.0452880859375 1293.0093688964844 0.9329892113095238 1693.5846313476563 1132.5083557128905 1866.0723510742187 1254.033758544922 0.96337890625 
271 2104.9045532226564 1174.2264709472656 2230.8525268554686 1294.2709655761719 0.9325241815476191 1693.9830383300782 1133.1268615722656 1865.1940856933593 1255.1391296386719 0.9640997023809523 
272 2106.354284667969 1172.0014038085938 2234.189416503906 1295.9028930664062 0.9300827752976191 1696.1480773925782 1134.4072814941405 1865.2834411621093 1256.342108154297 0.9655412946428571 
273 2104.35439453125 1174.2380493164062 2234.8228515625 1296.7995483398438 0.9260370163690477 1695.3090026855468 1133.1814086914062 1865.3136779785157 1255.7429077148438 0.9698428199404762 
274 2107.579797363281 1174.9727111816405 2234.253942871094 1297.688299560547 0.9340587797619048 1694.5183471679688 1132.1135864257812 1864.7367797851562 1256.8085327148438 0.9722377232142857 
275 2107.2662109375 1175.3997131347655 2236.74697265625 1296.912420654297 0.9423828125 1695.3033020019532 1130.5028930664062 1862.6321228027343 1255.9995483398438 0.9723074776785714 
276 2109.566687011719 1176.354296875 2237.922326660156 1298.693310546875 0.9344308035714286 1694.570556640625 1131.3834899902345 1863.037353515625 1255.728204345703 0.9789806547619048 
277 2109.4849609375 1173.6604553222655 2240.22890625 1300.381414794922 0.9273856026785714 1693.735089111328 1130.5691772460937 1860.6849548339844 1255.2787231445313 0.9664248511904762 
278 2113.8886596679686 1172.4324829101563 2240.8693969726564 1299.4132202148437 0.9455682663690477 1695.2706665039063 1129.2528137207032 1862.5628295898437 1254.2180114746093 0.9687267485119048 
279 2113.9094360351564 1171.0119689941407 2243.4184448242186 1298.4971862792968 0.9304780505952381 1694.0954467773438 1129.2173889160156 1860.0285766601562 1254.678973388672 0.9697963169642857 
280 2117.288232421875 1171.3468505859375 2243.910009765625 1295.9265869140625 0.9370349702380952 1691.3134643554688 1128.9301025390625 1860.8234985351562 1253.5098388671875 0.9614025297619048 
281 2122.51796875 1169.5130859375 2247.546484375 1294.5416015625 0.9343843005952381 1693.4322448730468 1130.3333251953125 1861.5034240722657 1253.3121826171875 0.9588216145833334 
282 2124.729443359375 1169.4166015625 2249.679248046875 1292.318017578125 0.9366861979166666 1694.1021850585937 1132.0735107421874 1864.1155883789063 1250.8781494140626 0.9540783110119048 
283 2130.434130859375 1168.1237182617188 2253.588818359375 1289.2258911132812 0.9324544270833334 1700.2610778808594 1129.124737548828 1870.6250305175781 1246.1217224121094 0.9501488095238095 
284 2133.6087158203127 1164.8403686523438 2259.0504638671873 1288.2257934570312 0.9360119047619048 1711.2509155273438 1130.3556701660157 1877.8213500976562 1237.2897155761718 0.9330822172619048 
285 2138.9561767578125 1165.5567565917968 2263.6781005859375 1286.2553771972657 0.9418247767857143 1722.9330078125 1130.7399536132812 1885.87607421875 1231.3220581054688 0.9361281622023809 
286 2142.4918823242188 1161.3517578125 2268.7642211914062 1285.587451171875 0.9293619791666666 1737.1984497070312 1127.4337951660157 1900.1304077148438 1233.3395202636718 0.9174339657738095 
287 2150.5798095703126 1160.0106140136718 2271.5769287109374 1282.9912170410157 0.9386393229166666 1759.132098388672 1126.2901000976562 1913.8497131347656 1237.3693237304688 0.92724609375 
288 2152.0057739257813 1163.5102233886719 2277.1780639648437 1284.8893127441406 0.9272693452380952 1778.82314453125 1124.33916015625 1926.75400390625 1243.821728515625 0.9583333333333334 
289 2158.5998779296874 1159.149639892578 2286.2721923828126 1284.9444763183594 0.9319893973214286 1794.1414489746094 1125.9317443847656 1938.7117004394531 1251.726580810547 0.9533575148809523 
290 2165.904345703125 1158.2957397460937 2291.972607421875 1286.2457641601563 0.9106212797619048 1799.7851684570312 1129.1307739257813 1950.3144409179688 1258.9622436523437 0.9352911086309523 
291 2172.407922363281 1155.4088500976563 2296.365270996094 1284.9165893554687 0.9105980282738095 1809.358953857422 1132.424737548828 1959.2180725097655 1263.7826599121095 0.9417085193452381 
292 2178.678955078125 1150.338153076172 2302.248779296875 1275.7803771972656 0.9080636160714286 1816.0345825195313 1136.0801940917968 1962.0716186523437 1272.7558654785157 0.9264787946428571 
293 2193.714733886719 1149.8758117675782 2308.684436035156 1276.1543395996093 0.9203171502976191 1815.3141357421875 1138.8572509765625 1967.9790771484375 1272.6747314453125 0.9332449776785714 
294 2199.2990844726564 1144.2716247558594 2318.2265502929686 1274.525372314453 0.9093656994047619 1818.0492370605468 1142.3839721679688 1969.0680725097657 1276.4131469726562 0.9412667410714286 
295 2210.3168212890623 1142.6999206542969 2324.6704833984377 1274.2066955566406 0.9081333705357143 1817.4090698242187 1145.4122619628906 1969.8807250976563 1278.8249206542969 0.9490792410714286 
296 2215.4265258789064 1138.8349914550781 2333.4335815429686 1270.1656188964844 0.9046921502976191 1817.4082092285157 1145.9359313964844 1971.5789733886718 1279.169903564453 0.9589146205357143 
297 2224.0730712890627 1135.844061279297 2342.0372802734373 1270.9321838378905 0.9037620907738095 1817.1986877441407 1149.6747741699219 1973.2159851074218 1279.0550842285156 0.9568219866071429 
298 2232.7190063476564 1137.4829223632812 2346.8095581054686 1266.7856323242188 0.9098307291666666 1816.8736572265625 1150.8666442871095 1972.7974853515625 1278.267755126953 0.9609142485119048 
299 2242.0381713867187 1132.5991149902343 2358.8829711914063 1264.7679504394532 0.9098307291666666 1817.6835998535157 1150.5015380859375 1972.8382507324218 1280.7548095703125 0.9563337053571429 
