0 2539.2888427734374 1727.1747009277344 2863.4782470703126 2082.9924133300783 0.28037806919642855 2213.2746704101564 1840.9146789550782 2648.1630737304686 1975.3347106933593 0.15643601190476192 
1 2568.748498535156 1638.5887573242187 2857.814733886719 2125.645373535156 0.35542224702380953 2584.7400512695312 1618.4850708007812 2735.2128295898438 1962.9885620117188 0.21458507719494047 
2 2616.0880126953125 1890.0820373535157 2845.5906982421875 2048.359735107422 0.3166620163690476 2646.3738403320312 1812.7696105957032 2745.2973022460938 2034.3581970214843 0.19020589192708334 
3 2585.1201171875 1685.4591003417968 2855.2890625 2106.6049865722657 0.25009881882440477 3648.833935546875 1258.6593811035157 3811.730029296875 1405.6630065917968 0.22764950706845238 
4 2538.724328613281 1616.4085388183594 2796.750524902344 2061.007110595703 0.2852260044642857 
5 2533.0559204101564 1635.0393310546874 2799.9916870117186 2049.3876708984376 0.3059779575892857 2605.6895263671877 1213.7954833984375 2721.2289306640623 1958.8256103515625 0.17306663876488096 
6 2524.365478515625 1631.5413940429687 2831.382568359375 1942.5457641601563 0.2566499255952381 
7 2487.1948974609377 1647.3489868164063 2766.4086181640623 2030.2703979492187 0.25513276599702384 
8 2474.8676879882814 1655.3854736328126 2769.6506225585936 1986.0202880859374 0.2802094959077381 3604.970349121094 440.249267578125 3612.937609863281 440.249267578125 0.15193975539434523 
9 2178.9287353515624 1649.4000671386718 2777.7621826171876 1996.7233459472657 0.27365838913690477 
10 2813.334228515625 90.09824562072754 2813.334228515625 259.05445671081543 0.2994966052827381 2813.334228515625 0.0 2813.334228515625 906.4271892547607 0.22700427827380953 
11 2816.3447265625 93.45650634765624 2816.3447265625 276.1003173828125 0.32492792038690477 2816.3447265625 0.0 2816.3447265625 1084.474764251709 0.22723679315476192 
12 2813.049560546875 90.10510215759277 2813.049560546875 259.07422676086424 0.31083751860119047 2813.049560546875 0.0 2813.049560546875 910.5362285614013 0.22614397321428573 
13 2813.182861328125 90.61606063842774 2813.182861328125 254.9893928527832 0.31604585193452384 2813.182861328125 0.0 2813.182861328125 1018.9039211273193 0.22562662760416666 
14 2815.076171875 90.61206741333008 2815.076171875 268.6681297302246 0.31799897693452384 2815.076171875 46.888232421875 2815.076171875 1060.43818359375 0.2311953590029762 
15 2813.40966796875 162.30464248657228 2813.40966796875 253.64489669799804 0.2811976841517857 2813.40966796875 0.0 2813.40966796875 1014.0525508880615 0.21434384300595238 
16 2812.536865234375 94.13660278320313 2812.536865234375 258.52431640625 0.2958403087797619 2812.536865234375 0.0 2812.536865234375 1003.3622543334961 0.21880812872023808 
17 2817.241455078125 164.5425178527832 2817.241455078125 264.881844329834 0.28273228236607145 2817.241455078125 0.0 2817.241455078125 1057.5976539611815 0.20636276971726192 
18 2816.94287109375 168.01022415161134 2816.94287109375 268.32527084350585 0.28776622953869047 2816.94287109375 754.6428405761719 2816.94287109375 968.9522521972656 0.22562662760416666 
19 2817.27099609375 91.36849403381348 2817.27099609375 278.314359664917 0.30222284226190477 2817.27099609375 0.0 2817.27099609375 1073.4480430603028 0.205810546875 
20 2600.5441162109373 1333.7045166015625 2700.2156494140627 1385.5337646484375 0.16816929408482142 
21 3376.696044921875 1324.446533203125 3376.696044921875 1324.446533203125 0.12048921130952381 2243.080078125 1389.1365966796875 2243.080078125 1389.1365966796875 0.12943231491815477 
22 3316.7457885742188 1268.6343383789062 3380.8428344726562 1332.7313842773438 0.1885986328125 
23 3304.6717529296875 1275.803729248047 3360.4390869140625 1331.5709045410156 0.20168340773809523 3308.04248046875 1337.3927001953125 3308.04248046875 1337.3927001953125 0.1492861793154762 
24 3275.552868652344 1264.4574462890625 3363.430773925781 1308.3965576171875 0.19928850446428573 3172.465124511719 1297.1813232421875 3328.248986816406 1377.0703857421875 0.18406168619791666 
25 3283.62314453125 1297.629705810547 3335.4720703125 1329.5366760253905 0.17436872209821427 3296.50859375 1361.7503967285156 3316.450390625 1369.7270202636719 0.1708926246279762 
26 3223.912951660156 1256.4747009277344 3334.018444824219 1354.7832336425781 0.26721772693452384 3188.219384765625 1311.5275390625 3345.513037109375 1378.37724609375 0.19724818638392858 
27 2817.635986328125 147.72635726928712 2817.635986328125 270.74399490356444 0.31721423921130953 2817.635986328125 0.0 2817.635986328125 1068.606216430664 0.21269880022321427 
28 2817.852294921875 92.87398834228516 2817.852294921875 266.00516204833986 0.3231201171875 2817.852294921875 0.0 2817.852294921875 1025.2940101623535 0.22417340959821427 
29 2818.220458984375 93.41051597595215 2818.220458984375 262.0050495147705 0.3254917689732143 2818.220458984375 0.0 2818.220458984375 997.1964065551758 0.22178431919642858 
30 2818.513427734375 93.40742912292481 2818.513427734375 261.996448135376 0.33151971726190477 2818.513427734375 0.0 2818.513427734375 915.8485078811646 0.23432849702380953 
31 2816.49560546875 91.90016250610351 2816.49560546875 274.12060470581054 0.30812872023809523 2816.49560546875 772.0730072021485 2816.49560546875 981.6265167236328 0.24651808965773808 
32 2816.814453125 92.89099578857422 2816.814453125 266.05382843017577 0.31833031063988093 2816.814453125 776.77900390625 2816.814453125 977.2833740234375 0.24403018043154762 
33 2819.322265625 147.80312805175782 2819.322265625 270.8847381591797 0.31373814174107145 2819.322265625 0.0 2819.322265625 1024.8034294128418 0.22780064174107142 
34 1088.376806640625 155.82296142578124 3043.437158203125 269.7541870117187 0.3107328869047619 2817.853271484375 0.0 2817.853271484375 1020.4735214233399 0.20811244419642858 
35 3549.6224365234375 1049.465802001953 3696.4786376953125 1140.7547790527344 0.5733351934523809 3597.709423828125 1041.5277404785156 3645.338427734375 1148.6928405761719 0.2410830543154762 
36 2820.64697265625 168.34206008911133 2820.64697265625 268.6934471130371 0.29454985119047616 2820.64697265625 764.3100738525391 2820.64697265625 960.4514617919922 0.27140880766369047 
37 3571.0935546875 1008.6746124267578 3724.90107421875 1115.1566253662108 0.7732514880952381 3556.2284301757813 1016.86552734375 3654.8230834960937 1131.23505859375 0.2597016834077381 
38 3571.703405761719 993.1158050537109 3729.524865722656 1107.5363555908202 0.7974097842261905 3555.4660766601564 1016.7890197753907 3669.8867065429686 1162.7738464355468 0.22381882440476192 
39 3562.8228149414062 986.4113342285157 3734.0968627929688 1099.2963073730468 0.7862723214285714 3601.44931640625 1005.8742828369141 3671.516015625 1157.6852264404297 0.20128231956845238 
40 1090.1136962890625 172.19917907714844 3048.0235107421877 268.0409332275391 0.29867117745535715 2822.11083984375 759.3615295410157 2822.11083984375 969.3005798339843 0.29407319568452384 
41 2821.749755859375 172.25048370361327 2821.749755859375 268.11441497802736 0.3001592726934524 2821.749755859375 758.4952239990234 2821.749755859375 977.6127471923828 0.30137416294642855 
42 2820.458984375 92.53740310668945 2820.458984375 270.5884666442871 0.3161214192708333 2820.458984375 782.7925476074219 2820.458984375 974.5398498535156 0.27055431547619047 
43 2820.154541015625 152.68120498657225 2820.154541015625 239.4373405456543 0.29323614211309523 2820.154541015625 780.3459167480469 2820.154541015625 967.5565490722656 0.2569173177083333 
44 3481.9776245117187 930.6341094970703 3699.5533813476563 1129.1241302490234 0.7908528645833334 3562.430871582031 988.3312744140625 3718.932653808594 1068.4907470703124 0.25088936941964285 
45 3465.373291015625 928.8080902099609 3690.302490234375 1130.8631134033203 0.7811337425595238 3605.9906372070313 965.4654144287109 3705.1121459960937 1053.1496368408202 0.31075613839285715 
46 3449.8427612304686 933.5693664550781 3669.9499633789064 1134.3687438964844 0.7797619047619048 3579.2040893554686 959.7089050292968 3810.8957641601564 1036.9394104003907 0.48546781994047616 
47 3424.9856079101564 925.8404663085937 3643.4189331054686 1155.9756958007813 0.8052222842261905 3538.8529541015623 936.0420318603516 3784.5904052734377 1025.7557586669923 0.6253138950892857 
48 3405.81181640625 927.9847381591796 3624.12421875 1166.5111724853516 0.7957124255952381 3486.0462890625 910.1030151367188 3736.70126953125 1007.1307495117187 0.6620628720238095 
49 3397.3190185546873 928.0338317871094 3601.7522705078127 1161.671856689453 0.7836216517857143 3460.2216674804686 898.5081817626954 3731.4084594726564 998.6387298583984 0.6731538318452381 
50 3384.4125 922.4951354980469 3586.81259765625 1167.9588439941406 0.7973400297619048 3452.6522216796875 893.509878540039 3723.9542236328125 988.2503143310547 0.7069149925595238 
51 3371.3994750976562 919.5539642333985 3577.7062377929688 1164.543264770508 0.7969912574404762 3446.780651855469 893.9309112548829 3687.472033691406 988.4882171630859 0.6837100074404762 
52 3355.95751953125 911.084359741211 3568.51513671875 1166.1537384033204 0.7932942708333334 3422.8313232421874 883.4518493652344 3707.6589111328126 981.2284484863281 0.7103794642857143 
53 3339.94501953125 913.6508422851563 3549.4138671875 1161.5937866210938 0.80224609375 3410.644775390625 888.1659973144531 3662.862548828125 986.4881774902344 0.6756417410714286 
54 3319.6405639648438 914.4063415527344 3525.6712036132812 1154.7754211425781 0.8014322916666666 3408.293249511719 898.2276794433594 3618.616174316406 992.6584289550781 0.6278831845238095 
55 3304.0412841796874 910.7504333496094 3505.3146728515626 1150.565362548828 0.8069661458333334 3384.5834838867186 903.9973907470703 3573.0095336914064 1002.4927825927734 0.6253022693452381 
56 3277.3456420898438 911.3364776611328 3478.3806762695312 1146.5902191162108 0.8064081101190477 3373.914685058594 911.1719848632813 3536.453723144531 1005.2734497070312 0.5800548735119048 
57 3256.72353515625 911.4996612548828 3465.483984375 1141.562289428711 0.7793898809523809 3336.196667480469 946.0746002197266 3481.051135253906 1018.5017547607422 0.4537876674107143 
58 3225.9657470703123 900.4644775390625 3434.8614013671877 1143.4654541015625 0.7870861235119048 3327.4620849609373 914.8936889648437 3480.9363525390627 1004.4203979492188 0.43727911086309523 
59 2811.018310546875 88.56042556762695 2811.018310546875 271.30415267944335 0.29738071986607145 2811.018310546875 86.2761302947998 2811.018310546875 227.90252723693848 0.20094517299107142 
60 1084.6894836425781 158.3336097717285 3035.6551208496094 254.28273849487306 0.2971772693452381 2810.543701171875 57.46400909423829 2810.543701171875 1058.0763656616211 0.18806966145833334 
61 3140.662976074219 893.4678375244141 3351.012561035156 1133.8673065185546 0.7824125744047619 3185.2424926757812 947.6237609863281 3352.6635131835938 1033.480731201172 0.35389927455357145 
62 3114.726843261719 891.233755493164 3324.776818847656 1131.2910858154296 0.7914109002976191 3175.4005737304688 933.936279296875 3316.8628540039062 1032.53125 0.38827659970238093 
63 2810.212890625 165.9832679748535 2810.212890625 225.35085372924806 0.27487909226190477 2810.212890625 61.82654418945313 2810.212890625 1084.7756286621093 0.18824404761904762 
64 2809.4755859375 171.95990524291992 2809.4755859375 240.46283950805665 0.27944219680059523 2809.4755859375 785.5002502441406 2809.4755859375 986.4421325683594 0.21239071800595238 
65 2809.207275390625 162.30414886474608 2809.207275390625 253.6441848754883 0.2866734095982143 2809.207275390625 785.5241943359375 2809.207275390625 986.472265625 0.20242745535714285 
66 2809.542236328125 178.44421463012696 2809.542236328125 251.50797958374022 0.25890531994047616 2809.542236328125 866.7541107177734 2809.542236328125 971.7833038330078 0.1882382347470238 
67 3009.78515625 862.7297149658203 3218.0517578125 1125.1457122802735 0.7516043526785714 3128.65732421875 861.4480834960938 3361.91591796875 940.5893920898437 0.5401785714285714 
68 2809.32373046875 171.4368438720703 2809.32373046875 244.50828552246094 0.27103097098214285 2809.32373046875 873.8711853027344 2809.32373046875 978.9114074707031 0.18133835565476192 
69 2809.4130859375 175.44252319335936 2809.4130859375 243.93357543945314 0.24608212425595238 
70 2959.744030761719 849.3143035888672 3165.167834472656 1132.799282836914 0.7542317708333334 3067.196667480469 829.5620788574219 3272.620471191406 928.1654602050781 0.5785202752976191 
71 2941.764611816406 853.2423767089844 3149.752233886719 1134.637628173828 0.7845982142857143 3034.3080078125 831.9102813720704 3283.077734375 917.5523040771484 0.6178617931547619 
72 2813.665283203125 91.61475448608398 2813.665283203125 246.76303787231444 0.3069428943452381 2813.665283203125 784.5167907714844 2813.665283203125 957.9177795410156 0.26205008370535715 
73 2912.799072265625 877.6180358886719 3121.021240234375 1151.1650451660157 0.7847842261904762 2969.329833984375 829.2526672363281 3259.208251953125 923.1568786621094 0.6971028645833334 
74 2900.863232421875 881.792446899414 3101.007373046875 1163.6281463623047 0.7762741815476191 2948.7785522460936 809.9981384277344 3251.0371215820314 924.3662414550781 0.7411179315476191 
75 2896.8246459960938 905.8061004638672 3084.5867309570312 1171.1221832275392 0.7974330357142857 2921.786279296875 804.7034210205078 3219.756689453125 939.4023529052735 0.7424897693452381 
76 2882.3638305664062 908.0465637207031 3076.4640502929688 1188.8727478027345 0.8032924107142857 2890.7821655273438 795.7478546142578 3204.6467895507812 948.5503021240235 0.7392578125 
77 2873.8335571289062 913.2702728271485 3071.7614135742188 1206.038381958008 0.7917596726190477 2864.1591552734376 803.99765625 3173.4214111328124 944.196435546875 0.7381649925595238 
78 2869.2123901367186 925.2351959228515 3068.8547485351564 1210.4383270263672 0.7940848214285714 2845.86337890625 800.654672241211 3139.215234375 943.2562774658203 0.7285853794642857 
79 2865.0827026367188 921.5037567138672 3054.7998657226562 1218.452114868164 0.7842494419642857 2822.7294921875 789.5266845703125 3132.05078125 938.0009033203125 0.7172386532738095 
80 2851.42998046875 939.127783203125 3064.19453125 1235.329736328125 0.7749953497023809 2787.5681640625 779.9553314208985 3108.80146484375 925.9703887939453 0.7047526041666666 
81 2832.693896484375 956.8338989257812 3064.507763671875 1247.6546264648437 0.7698102678571429 2768.337353515625 769.1134216308594 3080.231982421875 916.6312072753906 0.7126813616071429 
82 2819.6937255859375 955.2056243896484 3057.9180908203125 1252.9858428955079 0.7682059151785714 2732.8139526367186 763.9391540527344 3043.3562133789064 904.3212219238281 0.7186337425595238 
83 2815.24169921875 167.49397354125978 2815.24169921875 272.3749687194824 0.28178478422619047 2815.24169921875 95.93635292053223 2815.24169921875 182.57718925476075 0.17299107142857142 
84 2817.115966796875 168.49602279663085 2817.115966796875 264.22841873168943 0.27658807663690477 
85 2816.680419921875 167.9560890197754 2816.680419921875 268.23884201049805 0.28664434523809523 2816.680419921875 44.355834770202634 2816.680419921875 121.8470651626587 0.18633742559523808 
86 2789.3552124023436 964.4270416259766 3040.9848754882814 1254.4410614013673 0.8288690476190477 2657.4708251953125 688.35595703125 2943.2200927734375 897.336669921875 0.7731584821428571 
87 2780.607946777344 964.7298004150391 3036.119836425781 1250.0516326904296 0.8256370907738095 2644.3348388671875 669.2531372070313 2916.8809814453125 903.4724487304687 0.8015718005952381 
88 2652.4579345703123 62.06932144165039 2834.6299560546877 972.9288932800293 0.25827171688988093 2640.3717041015625 721.216357421875 2836.2064208984375 898.833935546875 0.39443824404761907 
89 2638.8697143554687 81.63045959472656 2834.7491821289063 979.0317108154297 0.27310616629464285 2618.7211303710938 669.2688690185547 2837.3772583007812 846.9269927978515 0.4156901041666667 
90 2579.8711181640624 114.10400848388672 2844.1322998046876 970.674952697754 0.26701427641369047 2604.054248046875 662.0781524658203 2840.977978515625 839.771029663086 0.39091564360119047 
91 2586.5026245117188 86.42283020019532 2846.9199829101562 931.6377777099609 0.25159272693452384 2598.6273193359375 625.7085998535156 2845.3385009765625 817.5952331542969 0.44462658110119047 
92 2634.8710205078123 79.7610855102539 2840.4405029296877 892.903190612793 0.25464448474702384 2594.45986328125 612.309423828125 2845.7115234375 799.6062255859375 0.4302455357142857 
93 2598.21923828125 96.22315521240235 2844.91455078125 859.1507766723632 0.2538539341517857 2573.971533203125 600.8588348388672 2848.077294921875 797.3012603759765 0.41922433035714285 
94 2817.052734375 97.63808059692383 2817.052734375 787.1947898864746 0.2569056919642857 2550.433544921875 597.1539093017578 2851.829150390625 793.5177825927734 0.42129371279761907 
95 2591.011682128906 110.26517868041992 2842.093542480469 712.8611793518066 0.2542027064732143 2534.4744140625 582.5796630859375 2849.46796875 774.31474609375 0.4614374069940476 
96 2736.7230590820313 761.3590454101562 3015.4451538085937 1040.0811401367187 0.7815522693452381 2478.7812255859376 514.7971801757812 2791.8076416015624 729.1987915039062 0.8081519717261905 
97 2737.06728515625 748.7753967285156 3010.79599609375 1026.7809997558593 0.7827613467261905 2437.3477294921877 502.5183135986328 2770.9545166015623 690.7067230224609 0.8233584449404762 
98 1087.21572265625 118.05463027954102 3042.6734375 661.7449760437012 0.25556873139880953 2380.5451416015626 546.8213806152344 2873.9782958984374 725.0056457519531 0.4072963169642857 
99 2818.286865234375 177.2797004699707 2818.286865234375 300.589608001709 0.23046875 2329.4385986328125 539.1292388916015 2882.0496826171875 753.7797576904297 0.35009765625 
100 1081.8300415039062 187.19905700683594 3040.571081542969 305.91062316894534 0.2639741443452381 2301.6091552734374 485.2072296142578 2881.4694580078126 699.8012542724609 0.27968052455357145 
101 1095.4009765625 178.26827011108398 3041.32705078125 383.8238471984863 0.24392554873511904 2310.4627197265627 466.57313537597656 2648.4874755859373 640.1533660888672 0.3511323474702381 
102 2249.3970336914062 235.0475830078125 2906.1271362304688 636.3825927734375 0.24174572172619047 2288.688720703125 470.7968505859375 2635.296142578125 653.221826171875 0.38607933407738093 
103 2725.9434204101562 754.2128875732421 3030.6515502929688 1013.4422027587891 0.7900855654761905 2205.7356079101564 447.0558547973633 2592.3056518554686 578.9444808959961 0.8170572916666666 
104 2724.878869628906 767.9204864501953 3033.026159667969 1006.0341644287109 0.7814360119047619 2166.227502441406 446.84406127929685 2553.745886230469 572.9042297363281 0.7988746279761905 
105 2054.976354980469 430.5718475341797 2966.981896972656 535.452505493164 0.30624534970238093 2149.3339111328123 478.101383972168 2486.7759521484377 596.6620742797852 0.45029994419642855 
106 2066.2141967773437 454.94286651611327 2444.9823364257813 564.466160583496 0.35053943452380953 2089.382678222656 489.6954574584961 2449.896862792969 571.8378982543945 0.5149158296130952 
107 2029.6243896484375 485.8234893798828 2426.7813720703125 572.5588958740234 0.45576404389880953 2046.3044921875 488.80829467773435 2420.6359375 580.1086975097656 0.5514904203869048 
108 1984.1990356445312 494.85608367919923 2404.0980834960938 563.3178970336915 0.43143136160714285 2017.0255981445312 498.71799926757814 2395.847692871094 594.5645935058594 0.5211007254464286 
109 1933.3002075195313 502.08977966308595 2366.7718139648437 597.9097930908204 0.40043712797619047 1974.1905578613282 496.82493896484374 2357.4704528808593 638.2735717773437 0.5063941592261905 
110 1898.8343017578125 498.11815643310547 2355.1793701171873 598.5140762329102 0.4015531994047619 1953.9466247558594 516.196435546875 2328.149688720703 612.02890625 0.4888509114583333 
111 1882.715234375 483.3577682495117 2320.79111328125 620.2565200805664 0.4547758556547619 1925.1889892578124 477.7414154052734 2299.3788818359376 632.8932891845703 0.5107538132440477 
112 1868.4340087890625 484.84104614257814 2288.1734130859377 608.0254089355469 0.3135986328125 1912.8294555664063 517.655142211914 2282.382702636719 599.7780242919922 0.44567289806547616 
113 1874.9560424804688 500.92381896972654 2276.3967407226564 605.8458953857422 0.4676106770833333 1903.2041809082032 486.1856231689453 2272.7122009277346 627.6022796630859 0.5427362351190477 
114 1855.9556518554687 492.7630187988281 2275.7169555664063 638.7668884277343 0.4180501302083333 1900.879949951172 533.8265716552735 2265.8897033691405 597.7032745361328 0.45569428943452384 
115 1830.8663452148437 484.16897735595705 2273.444934082031 643.8622421264648 0.3821382068452381 1867.718603515625 519.4418853759765 2264.670556640625 647.1964813232422 0.40507579985119047 
116 1981.5464599609375 490.2873565673828 2967.3876220703123 659.1582611083984 0.29774693080357145 1949.2470703125 553.1311798095703 2971.6005859375 694.6176605224609 0.32419549851190477 
117 1771.8748596191406 458.88937225341795 2849.8784362792967 659.8731094360352 0.34047154017857145 1863.4067749023438 535.13671875 2269.942102050781 653.8997802734375 0.33285667782738093 
118 2631.231494140625 409.6377746582031 2923.278271484375 1002.8578308105468 0.24360584077380953 2058.019384765625 535.6531402587891 2998.045068359375 736.4352996826171 0.28513299851190477 
119 2050.278674316406 418.5872573852539 2944.668835449219 934.230583190918 0.2711995442708333 1860.5540832519532 556.5367614746094 2969.4155212402343 789.2607238769531 0.28781273251488093 
120 2618.1243896484375 458.0747955322266 2869.1964111328125 663.4974090576172 0.3032924107142857 1887.206317138672 540.7705749511719 2964.533551025391 668.5890441894531 0.3299153645833333 
121 1794.8625915527343 452.7409896850586 2973.392413330078 653.730598449707 0.33589099702380953 1921.0081909179687 519.3275604248047 2249.900256347656 660.9338531494141 0.3384602864583333 
122 1884.79951171875 474.22990264892576 2272.82158203125 661.3936019897461 0.40246000744047616 1914.6473266601563 528.3072265625 2257.019909667969 642.4314208984375 0.38234747023809523 
123 1889.0502868652343 469.6267425537109 2263.347296142578 665.9044464111328 0.40366908482142855 1924.8648376464844 540.9046508789063 2262.645050048828 636.7612426757812 0.36452520461309523 
124 1826.3512817382812 472.7579971313477 2958.722692871094 673.6626266479492 0.31236049107142855 1842.5078552246093 526.3208404541016 2956.615313720703 658.7352508544922 0.32710193452380953 
125 1873.6703491210938 456.5738296508789 2261.7581176757812 675.7292404174805 0.3863118489583333 1908.440252685547 549.6446258544922 2269.1335998535155 631.8279693603515 0.3652460007440476 
126 1870.2652099609375 458.10721282958986 2267.4437744140623 663.5443069458008 0.38301013764880953 1904.5047485351563 545.7252380371094 2278.856823730469 600.5085266113281 0.3830682663690476 
127 1826.42470703125 460.3656768798828 2935.7271484375 706.8773040771484 0.2830694289434524 1928.9623474121095 538.8490966796875 2271.339532470703 652.9748779296875 0.32724144345238093 
128 1839.8536865234375 393.8757888793945 2930.5593994140627 1124.0554550170898 0.3182779947916667 1941.8330383300781 531.1355560302734 2270.4139099121094 649.7896759033204 0.37064034598214285 
129 1795.0852905273437 456.29166717529296 2940.3773559570313 675.3116348266601 0.41541108630952384 1925.8304809570313 531.7552917480468 2272.6121459960937 613.8877746582032 0.4126092819940476 
130 1885.2987182617187 459.9386734008789 2273.262072753906 679.023942565918 0.45348539806547616 1924.0949768066407 539.4623992919921 2280.108514404297 617.0551177978516 0.4254789806547619 
131 1879.7510375976562 460.96238861083987 2276.8175659179688 670.9056838989258 0.4755975632440476 1924.16220703125 524.3315673828125 2271.0248046875 611.047216796875 0.4576822916666667 
132 1822.7036193847657 439.94048767089845 2940.988153076172 649.9040557861329 0.31870814732142855 1951.0342163085938 528.9467864990235 2261.415246582031 606.5420440673828 0.39779808407738093 
133 1814.9757507324218 441.58883514404295 2937.9984924316404 637.8895889282227 0.35298084077380953 1945.2576293945312 521.4786529541016 2273.9472045898438 603.6510467529297 0.4269438244047619 
134 1887.6195983886719 413.1936309814453 2284.6647033691406 641.3805267333985 0.48611886160714285 1922.9007690429687 506.3992034912109 2287.999865722656 565.7278106689453 0.45569428943452384 
135 1881.7473266601562 403.34727478027344 2283.5961791992186 599.7052764892578 0.47866675967261907 1914.0638427734375 475.18127899169923 2279.3809814453125 566.5105239868165 0.4833403087797619 
136 1817.4549438476563 377.64549407958987 2940.449597167969 560.2462600708008 0.38829985119047616 1937.5500854492188 480.1828353881836 2293.621545410156 534.9630691528321 0.44833519345238093 
137 1820.8400756835938 373.70819396972655 2824.4130981445314 547.0526092529296 0.4001348586309524 1919.6183471679688 450.9061080932617 2279.9922485351562 533.0166519165039 0.5040573846726191 
138 1895.487530517578 374.04748992919923 2292.631976318359 524.6884414672852 0.5362490699404762 1919.7164245605468 393.5360046386719 2289.4716857910157 557.8715881347656 0.5631626674107143 
139 1899.836181640625 359.5593292236328 2292.495849609375 519.3626068115234 0.5254720052083334 1932.1480651855468 389.2370941162109 2288.2812561035157 535.3429229736328 0.5006510416666666 
140 1904.7740417480468 335.9788848876953 2301.8940490722657 486.6105926513672 0.47853887648809523 1944.0998229980469 385.3116424560547 2304.7030334472656 503.99115295410155 0.48390997023809523 
141 1912.9732177734375 329.6813232421875 2305.7401611328123 475.8272216796875 0.5382835751488095 1936.1598083496094 343.20684509277345 2310.6586730957033 493.9198028564453 0.5210193452380952 
142 1903.0373779296874 313.967236328125 2309.6701416015626 437.32774658203124 0.49720982142857145 1931.3294555664063 328.02540283203126 2305.979870605469 451.3859130859375 0.5272507440476191 
143 1836.675518798828 255.9441131591797 2799.053363037109 871.6835113525391 0.4204799107142857 1924.0368041992188 319.2722885131836 2311.7246704101562 446.9812210083008 0.49826776413690477 
144 1842.223876953125 300.55573120117185 2791.642822265625 410.10405883789065 0.44518461681547616 1924.5606384277344 315.65372467041016 2312.544464111328 416.0730514526367 0.47896902901785715 
145 1837.9481689453125 294.2538833618164 2774.3423583984377 403.88048553466797 0.48275902157738093 1922.8033813476563 313.4033950805664 2306.4966674804687 409.326676940918 0.5267508370535714 
146 1840.9159790039062 218.3500747680664 2768.277136230469 862.477897644043 0.43689546130952384 1920.685205078125 302.16048431396484 2308.989111328125 402.66272735595703 0.4530552455357143 
147 1840.087420654297 205.32304840087892 2744.536236572266 872.239909362793 0.462646484375 1904.0383605957031 280.5180938720703 2315.1514587402344 417.5558197021484 0.5395740327380952 
148 2376.4752197265625 754.4143707275391 2668.7752685546875 987.3410614013671 0.4964076450892857 1915.7161987304687 268.008805847168 2303.927111816406 423.29322662353513 0.5568266369047619 
149 1840.403564453125 180.12311859130858 2744.868408203125 1066.3158767700195 0.4436732700892857 1910.5048095703125 264.455500793457 2298.7852294921877 419.76761322021486 0.5080333891369048 
150 1837.7230407714844 172.0503692626953 2723.7985656738283 1067.260726928711 0.42280505952380953 1914.8418029785157 255.31757659912108 2284.801141357422 428.8788040161133 0.47334216889880953 
151 2219.3548583984375 784.4397155761719 2635.0469970703125 999.1379211425781 0.5063825334821429 1894.145068359375 237.32819671630858 2296.133251953125 442.89033966064454 0.5447707403273809 
152 2193.166650390625 793.4770599365235 2595.270361328125 1021.9449981689453 0.5875186011904762 1886.84404296875 241.81497497558593 2293.516796875 438.2973907470703 0.4842006138392857 
153 2168.364147949219 814.4121490478516 2547.136096191406 1033.4609588623048 0.5730561755952381 1894.026678466797 244.8502166748047 2277.3621154785155 441.0814239501953 0.5223098028273809 
154 2124.6010620117186 826.994662475586 2535.2902954101564 1027.7760284423828 0.5435849144345238 1882.926287841797 244.30743713378905 2289.052349853516 445.08880310058595 0.5324242001488095 
155 2097.398828125 835.2074401855468 2517.2125 1040.5511047363282 0.5445033482142857 1892.4061706542968 269.8980545043945 2293.9669982910154 415.9202133178711 0.43179175967261907 
156 2076.4721435546876 824.058462524414 2510.1675048828124 1038.6236053466796 0.5224028087797619 1898.0773864746093 266.57527618408204 2295.251348876953 412.6621810913086 0.43608165922619047 
157 2052.4541748046877 840.7172698974609 2499.7601806640623 1046.1127471923828 0.5255301339285714 1887.2601806640625 256.48108062744143 2275.2295654296877 443.61923065185545 0.5238327752976191 
158 2045.663037109375 845.4056518554687 2479.248583984375 1050.7881958007813 0.536865234375 1880.8303466796874 249.62053985595702 2282.4675048828126 445.87503509521486 0.5337844122023809 
159 2035.8063598632812 843.6491271972657 2472.671423339844 1039.3281677246093 0.48813011532738093 1889.4848022460938 260.2876434326172 2289.9441528320312 415.0105743408203 0.43273344494047616 
160 2026.8911987304687 851.499722290039 2473.1222290039063 1042.7416717529297 0.4894205729166667 1885.5613525390625 264.1138290405273 2281.7052490234373 446.2489944458008 0.5471540178571429 
161 2024.9657958984376 841.9277587890625 2456.9536376953124 1051.1008056640626 0.5308663504464286 1885.7502868652343 272.12355041503906 2281.360186767578 417.63523864746094 0.5104631696428571 
162 2034.356201171875 842.9461029052734 2471.982666015625 1076.8498565673829 0.8315894717261905 1904.635546875 270.95582580566406 2259.2638671875 482.2236785888672 0.7528366815476191 
163 2033.8217651367188 849.5132110595703 2471.5774047851564 1075.9386322021485 0.8366117931547619 1909.8683349609375 277.3535629272461 2264.6013916015627 481.136457824707 0.7561383928571429 
164 2036.2030395507813 843.0022094726562 2473.3816772460937 1076.6667358398438 0.8235212053571429 1914.1524291992187 271.596875 2253.3429321289063 482.64866943359374 0.7396298363095238 
165 2034.1550415039062 842.8718719482422 2479.1616088867186 1076.688980102539 0.8316127232142857 1905.3525085449219 263.55094451904296 2259.8492736816406 489.8254898071289 0.7623697916666666 
166 2035.2006591796876 842.3754638671875 2472.6220947265624 1083.7114501953124 0.8252650669642857 1906.4106323242188 271.5227310180664 2253.3313110351564 482.6918380737305 0.7485584077380952 
167 2035.6110473632812 843.0525695800782 2472.933142089844 1076.7937438964843 0.8234281994047619 1913.520330810547 278.1297271728516 2252.8220764160155 481.7107269287109 0.7341192336309523 
168 2041.6428833007812 850.0892852783203 2471.5775756835938 1076.3706146240233 0.8268229166666666 1912.8365295410156 270.7507843017578 2252.2585632324217 489.48951110839846 0.7542085193452381 
169 2042.451025390625 838.010009765625 2463.498681640625 1086.127197265625 0.8298921130952381 1925.6219177246094 310.54386444091796 2256.445098876953 468.4366958618164 0.7044968377976191 
170 2034.5025634765625 832.4410980224609 2470.6912841796875 1080.6175567626954 0.8291945684523809 1918.5132690429687 310.6344390869141 2256.9357055664063 468.56484069824216 0.7084728422619048 
171 2043.4289916992188 830.7123718261719 2472.936486816406 1079.3746643066406 0.8154761904761905 1914.7505249023438 279.48179016113284 2253.835656738281 482.9328216552734 0.7255161830357143 
172 2045.6596557617188 832.0313781738281 2481.9489868164064 1080.2648864746093 0.8135928199404762 1917.2032348632813 296.7960800170898 2263.225720214844 469.80728302001955 0.7197963169642857 
173 2038.3243774414063 819.136264038086 2474.9888549804687 1075.1120880126953 0.8080124627976191 1922.2086120605468 309.21163482666014 2261.0000061035157 467.31433563232423 0.7106817336309523 
174 2044.4971801757813 819.374234008789 2481.068981933594 1075.2956268310547 0.8237072172619048 1915.0890075683594 302.899430847168 2268.8627746582033 468.49561920166013 0.7222377232142857 
175 2048.3141845703126 821.5292205810547 2492.3879638671874 1062.3827056884766 0.8363792782738095 1914.8606994628906 295.8201202392578 2261.0874206542967 476.46021423339846 0.7368629092261905 
176 2042.5227905273437 814.6789428710938 2483.2884887695313 1068.6794555664062 0.8218005952380952 1909.2011840820312 273.9221221923828 2260.3195678710936 483.09905700683595 0.7594401041666666 
177 2045.0348388671875 816.8762451171875 2492.9705322265627 1055.7753662109376 0.8306129092261905 1913.5253051757813 275.6204544067383 2256.9427124023437 477.1915878295898 0.7466982886904762 
178 2052.767785644531 799.9626281738281 2490.572302246094 1059.6771423339844 0.8485398065476191 1908.0696838378906 274.2548080444336 2264.2495300292967 489.44682159423826 0.7526971726190477 
179 2061.53857421875 806.8516448974609 2498.68896484375 1058.7687774658202 0.8392857142857143 1912.2121948242188 277.08494873046874 2260.450646972656 477.13673095703126 0.7343052455357143 
180 2082.1123046875 809.1802856445313 2511.37890625 1053.4181030273437 0.8302873883928571 1915.8712890625 285.691455078125 2256.3240234375 478.1212890625 0.7162388392857143 
181 2086.9038208007814 802.0133422851562 2515.9714233398436 1053.5357299804687 0.8351236979166666 1914.1954528808594 280.4741775512695 2261.8881652832033 465.41714935302736 0.7341424851190477 
182 2088.6793701171873 800.9885040283203 2516.5945556640627 1066.5910247802735 0.8353097098214286 1909.057147216797 269.49975738525393 2270.571881103516 468.70162811279295 0.7505115327380952 
183 2101.3052978515625 794.5415496826172 2522.8182373046875 1068.155288696289 0.8294735863095238 1903.3478454589845 260.9664611816406 2265.701104736328 475.4204406738281 0.7619977678571429 
184 2112.7453857421874 812.6365509033203 2528.4172119140626 1065.0086517333984 0.8327287946428571 1915.7583129882812 292.761457824707 2257.2028686523436 448.6383529663086 0.7360723586309523 
185 2118.4711059570313 806.5396697998046 2532.7410522460937 1072.8561431884766 0.8226841517857143 1902.5157470703125 260.5341003417969 2265.0018310546875 475.06679077148436 0.7646019345238095 
186 2126.5955810546875 812.1775299072266 2548.1466064453125 1071.0245574951173 0.8141741071428571 1901.028857421875 278.5543441772461 2256.018994140625 478.23633575439453 0.7325148809523809 
187 2135.9749389648437 819.0397155761718 2564.0008911132813 1069.9516174316407 0.8067801339285714 1899.538671875 282.58787994384767 2261.146875 459.7021286010742 0.6874534970238095 
188 2148.8078735351564 843.3927337646485 2532.3119995117186 1057.9723175048828 0.6732003348214286 1879.79326171875 257.9521423339844 2281.55927734375 463.40070190429685 0.6421828497023809 
189 2147.545129394531 825.0253265380859 2577.129431152344 1069.4439727783204 0.8182198660714286 1905.4053161621093 270.9526733398437 2260.923419189453 478.3382202148438 0.7518368675595238 
190 2148.888818359375 826.9564056396484 2584.076513671875 1062.9904327392578 0.7941778273809523 1889.0245300292968 276.8723419189453 2265.2036193847657 461.2738983154297 0.6533900669642857 
191 2158.6656127929687 825.3455078125 2574.9928344726563 1063.24677734375 0.8124767485119048 1903.3219970703126 284.0628356933594 2252.7395263671874 455.0544128417969 0.7306547619047619 
192 2172.9121704101562 829.6891265869141 2549.8312377929688 1059.5178436279298 0.7213309151785714 1884.3886779785157 266.7856109619141 2279.694207763672 441.4554168701172 0.6630394345238095 
193 2174.085986328125 831.768179321289 2544.450146484375 1051.2432342529296 0.6680617559523809 1874.418310546875 257.0531066894531 2281.361474609375 458.23858032226565 0.6405552455357143 
194 2168.433215332031 835.59228515625 2547.692028808594 1054.9228515625 0.7067522321428571 1881.6163757324218 257.74078979492185 2279.1527893066404 458.79375610351565 0.6574590773809523 
195 2161.1500732421873 837.2960754394531 2537.8587158203127 1062.4025329589845 0.7393043154761905 1883.3892639160156 254.9170684814453 2278.4738952636717 443.27146911621094 0.6729910714285714 
196 2159.6265869140625 838.7589233398437 2538.5340576171875 1062.4512817382813 0.7321893601190477 1879.572039794922 258.9846221923828 2281.305523681641 455.2861297607422 0.6848260788690477 
197 2161.4694946289064 835.1789978027343 2540.3461791992186 1058.8531066894532 0.7411644345238095 1886.0025451660156 258.9634307861328 2278.5735046386717 455.24891052246096 0.7014043898809523 
198 2156.7685668945314 823.368197631836 2540.3615600585936 1056.2639434814453 0.7249581473214286 1884.7056396484375 254.47724609375 2281.9984619140623 455.4069091796875 0.6821986607142857 
199 2158.3207885742186 813.0363647460938 2546.3171508789064 1045.8341186523437 0.7512323288690477 1886.3724670410156 255.4454574584961 2288.062469482422 451.7258987426758 0.6962890625 
200 2162.786022949219 814.0483459472656 2546.198107910156 1037.7053161621093 0.7620907738095238 1897.8736267089844 249.99029388427735 2294.979034423828 432.56741485595705 0.6657366071428571 
201 2162.205676269531 811.8511993408204 2572.771130371094 1046.4600189208984 0.7951776413690477 1980.3275024414063 267.9082305908203 2354.235241699219 377.8811370849609 0.35768926711309523 
202 2163.4945434570313 799.1816467285156 2560.7146850585937 1032.0347839355468 0.7499302455357143 1909.568603515625 246.0236373901367 2315.920166015625 433.2193130493164 0.6466471354166666 
203 2171.815625 801.8886169433594 2581.65458984375 1028.763848876953 0.7750186011904762 1955.6366271972656 289.58975677490236 2336.201629638672 370.09386749267577 0.45934477306547616 
204 2180.527783203125 798.2008758544922 2580.172412109375 1016.188833618164 0.7723214285714286 1941.3000610351562 304.65389251708984 2282.8144409179686 391.8490676879883 0.5031622023809523 
205 2190.6796264648438 787.6206665039062 2582.2839965820312 1005.1786499023438 0.7828776041666666 1947.1820373535156 293.9314910888672 2273.519012451172 438.9701202392578 0.6718982514880952 
206 2178.288623046875 768.0240234375 2586.110302734375 1008.34755859375 0.7965494791666666 1938.5252380371094 273.6520538330078 2288.086700439453 477.56297302246094 0.7443033854166666 
207 2185.9755859375 763.8214813232422 2586.7666015625 989.721792602539 0.8008510044642857 1939.6153747558594 286.7961166381836 2289.3964660644533 468.973811340332 0.7480003720238095 
208 2191.836328125 764.6383453369141 2591.88974609375 982.8492645263672 0.7824823288690477 1947.6079162597657 307.7942459106445 2282.198114013672 460.54190521240236 0.69287109375 
209 2191.3731689453125 752.6402923583985 2584.1312255859375 978.1124542236328 0.7832496279761905 1939.8849853515626 294.9821578979492 2281.7297607421874 462.26793365478517 0.7149367559523809 
210 2183.9069946289064 734.9115478515625 2591.4750854492186 967.8076904296875 0.7942243303571429 1937.8543273925782 288.99376525878904 2294.4766052246096 456.3878875732422 0.7382347470238095 
211 2197.6069946289062 735.3946197509765 2582.5304565429688 967.8011199951172 0.7802269345238095 1938.3844299316406 291.25247955322266 2294.257049560547 451.0319137573242 0.7188430059523809 
212 2196.5176513671877 724.0950073242187 2587.9642822265623 963.3124633789063 0.7773670014880952 1937.7837646484375 278.2807327270508 2300.2343017578123 466.7550643920898 0.7154250372023809 
213 2212.1026245117187 733.2334564208984 2587.1383422851563 949.6002227783204 0.7850632440476191 1924.4457885742188 276.08927154541016 2292.2692993164064 463.60717010498047 0.7134719122023809 
214 2198.7114013671876 729.0502227783203 2594.8857666015624 937.9421478271485 0.7739722842261905 1924.1598999023438 278.8522033691406 2298.7246215820314 451.7282409667969 0.6950567336309523 
215 2191.3816650390627 723.4730102539063 2601.6046630859373 932.1829956054687 0.7809244791666666 1929.8021423339844 279.2030975341797 2304.0407531738283 451.9286163330078 0.705078125 
216 2182.813525390625 710.7502593994141 2586.940869140625 927.2469940185547 0.7682756696428571 1931.6219604492187 275.53636322021487 2299.666369628906 463.1668533325195 0.7077520461309523 
217 2181.2154174804687 698.8109313964844 2584.9108032226563 929.4941223144531 0.775390625 1930.2918090820312 292.8972457885742 2297.9432983398438 437.07422027587893 0.6822916666666666 
218 2173.5178955078127 699.3596069335938 2584.0582763671873 922.6358764648437 0.7806454613095238 1954.6738891601562 308.210498046875 2293.1896362304688 416.24744873046876 0.6005626860119048 
219 2177.172216796875 688.3780822753906 2594.487451171875 918.6210632324219 0.7869698660714286 1947.4826599121093 316.7239013671875 2292.847052001953 410.260107421875 0.6410435267857143 
220 2178.755810546875 689.4065002441406 2589.216845703125 912.6397644042969 0.7917829241071429 1948.04462890625 309.4114532470703 2293.69609375 417.4275360107422 0.6608770461309523 
221 2176.852575683594 687.3853088378906 2569.543664550781 915.6941589355469 0.7469773065476191 1913.9459533691406 270.63378753662107 2302.071014404297 457.84707794189455 0.7007068452380952 
222 2182.466833496094 694.929898071289 2580.813684082031 904.9672576904297 0.7937593005952381 1948.7515014648438 302.1544677734375 2296.399621582031 439.76514892578126 0.6579706101190477 
223 2177.5127075195314 693.4174072265625 2569.3893920898436 912.1392333984375 0.7184012276785714 1910.0692199707032 265.9634841918945 2311.0590759277343 452.7883773803711 0.6956612723214286 
224 2175.1503295898438 689.4721801757812 2571.4900512695312 912.6979858398438 0.7020786830357143 1916.355535888672 266.67476654052734 2308.1397033691405 448.89990997314453 0.6699916294642857 
225 2171.748181152344 689.4780822753906 2572.775012207031 912.7770446777344 0.6674339657738095 1913.3944519042968 266.54217529296875 2305.3068420410154 448.8270263671875 0.6458333333333334 
226 2169.2141967773437 689.8505249023438 2570.1420043945313 908.5383911132812 0.69482421875 1910.398583984375 265.96765899658203 2306.770361328125 452.76351165771484 0.6695731026785714 
227 2175.0447998046875 685.6572235107421 2566.5523681640625 908.7255279541016 0.6790132068452381 1915.907452392578 271.21251220703124 2307.415179443359 444.20423583984376 0.6563895089285714 
228 2180.9379760742186 684.6426483154297 2582.9372680664064 899.9995025634765 0.7819707961309523 1938.2472778320312 316.0512130737305 2289.996618652344 423.7296401977539 0.6576450892857143 
229 2174.3864624023436 678.29736328125 2583.7934692382814 900.957275390625 0.7848772321428571 1937.9140258789062 307.8421035766602 2289.860144042969 437.12850799560545 0.6797805059523809 
230 2174.636755371094 684.8025848388672 2584.047570800781 900.281948852539 0.7863653273809523 1938.1617736816406 315.1725311279297 2290.111541748047 430.09486389160156 0.6697358630952381 
231 2167.922473144531 678.8154327392579 2584.130993652344 901.2716644287109 0.7940615699404762 1937.1862487792969 308.6990112304687 2295.9867248535156 437.8671508789063 0.6912899925595238 
232 2166.8284545898437 679.3648742675781 2582.9969848632813 901.7999206542969 0.7877604166666666 1944.1173156738282 325.290185546875 2281.3576599121093 411.3940795898437 0.6431361607142857 
233 2173.3225830078127 673.0197052001953 2582.1046630859373 902.511361694336 0.7803896949404762 1950.7266662597656 319.9556350708008 2280.6208679199217 406.01497650146484 0.6203264508928571 
234 2171.9777587890626 679.6845031738281 2588.2107177734374 894.9774841308594 0.7839471726190477 1949.232159423828 317.5506103515625 2286.524554443359 418.0206787109375 0.6459030877976191 
235 2171.835302734375 678.5446075439453 2589.042626953125 901.5346771240235 0.7855515252976191 1954.9317565917968 323.586442565918 2285.8203186035157 409.90516510009763 0.6162109375 
236 2173.24716796875 672.0520141601562 2583.3451171875 902.2824584960938 0.7879231770833334 1949.104638671875 317.0212142944336 2287.255712890625 410.5523025512695 0.6080031622023809 
237 2170.7726196289063 672.6397979736328 2594.2339721679687 902.3136322021485 0.7858770461309523 1948.8282653808594 310.4617095947266 2286.1616027832033 425.2986663818359 0.6630859375 
238 2172.418981933594 671.6524078369141 2595.718469238281 908.4130828857421 0.7882952008928571 1937.038104248047 295.2637008666992 2295.766217041016 445.92956695556643 0.6901739211309523 
239 2184.8103881835937 685.3835083007813 2593.5521606445313 900.5106567382812 0.7908063616071429 1936.8625610351562 295.67234802246094 2295.4077026367186 446.26136779785156 0.6947312127976191 
240 2177.7258911132812 691.0905395507813 2593.9052124023438 906.3557495117187 0.7819940476190477 1943.141912841797 311.6166198730469 2287.5662170410155 419.2492248535156 0.6220470610119048 
241 2164.0433349609375 691.3871917724609 2587.0035400390625 906.4517364501953 0.7913876488095238 1936.019757080078 314.7485046386719 2280.123187255859 400.7743225097656 0.6480654761904762 
242 2172.0144287109374 691.3182891845703 2595.0876220703126 906.4404388427735 0.7871558779761905 1943.1022705078126 305.7533248901367 2294.4685302734374 420.48510894775393 0.6103283110119048 
243 2179.3639404296873 685.3908203125 2594.5774658203127 907.3153564453125 0.77294921875 1953.8599487304687 283.11827087402344 2318.9615844726563 411.97767639160156 0.44673084077380953 
244 2178.211389160156 698.7133697509765 2593.551550292969 906.3833709716797 0.7692057291666666 1962.8295837402343 285.3013229370117 2335.203253173828 399.8779067993164 0.3905552455357143 
245 2171.735632324219 690.6251586914062 2587.297326660156 912.7356811523438 0.7981770833333334 1942.7356750488282 241.44368896484374 2336.8027770996096 391.9056762695312 0.4982328869047619 
246 2178.01181640625 690.1479278564453 2594.406640625 912.7038177490234 0.7840866815476191 1925.634619140625 199.75180206298828 2327.671044921875 364.87389984130857 0.43738374255952384 
247 2186.9740478515623 683.8570922851562 2588.4893310546877 913.2943969726563 0.7849702380952381 1911.2081787109375 203.74850158691407 2312.7234619140627 339.9769012451172 0.5615931919642857 
248 2172.8050048828127 692.7952209472656 2583.9357177734373 916.3925231933594 0.7918759300595238 1916.195263671875 200.38181915283204 2291.261767578125 315.78685150146487 0.5875651041666666 
249 2181.410009765625 689.1462127685547 2592.853662109375 916.1497467041015 0.7909923735119048 1882.9220092773437 182.20811233520507 2280.178332519531 309.89758529663084 0.7111932663690477 
250 2167.7080932617187 682.1875823974609 2584.1114868164063 919.1067901611328 0.7955729166666666 1897.3770446777344 190.6769157409668 2263.524932861328 284.0087074279785 0.6778738839285714 
251 2168.0694091796877 687.7055541992188 2584.4750244140623 924.6261108398437 0.7924339657738095 1904.9162719726562 189.84116592407227 2256.7075073242186 290.3529106140137 0.6039806547619048 
252 2177.1038818359375 689.0873504638672 2585.7755126953125 918.516958618164 0.7965494791666666 1888.1107177734375 183.0735954284668 2268.1036376953125 304.95809707641604 0.7071707589285714 
253 2169.366345214844 688.7775360107422 2592.254504394531 918.140493774414 0.7996651785714286 1893.138494873047 182.9110008239746 2273.0208068847655 304.76003494262693 0.7161458333333334 
254 2175.8907470703125 689.8337127685547 2591.6463623046875 912.0479400634765 0.8013625372023809 1885.3028747558594 164.07384490966797 2286.7221496582033 307.4378433227539 0.7305850074404762 
255 2178.135217285156 682.7803588867188 2587.508581542969 912.6039184570312 0.7992466517857143 1893.3418762207032 169.54450225830078 2281.1692321777346 298.82027435302734 0.7157040550595238 
256 2174.337365722656 681.3244476318359 2584.408972167969 918.7343292236328 0.7906668526785714 1895.42216796875 176.89757690429687 2276.7169921875 277.6169494628906 0.6294177827380952 
257 2181.04873046875 681.2880920410156 2583.91416015625 918.6909118652344 0.7880626860119048 1902.1420043945313 160.27472534179688 2276.2312866210937 260.9910827636719 0.6407180059523809 
258 2170.36787109375 682.3102172851562 2594.5779296875 912.3902221679688 0.7979910714285714 1893.276220703125 148.03787536621093 2274.346337890625 263.0778778076172 0.7215634300595238 
259 2169.963916015625 687.7168121337891 2594.213330078125 917.8181610107422 0.7982003348214286 1880.124462890625 136.80092391967773 2275.611376953125 251.85161819458008 0.7166573660714286 
260 2174.8846435546875 685.5562957763672 2593.0142822265625 923.4578033447266 0.7968052455357143 1879.5871948242188 134.8891799926758 2261.671350097656 243.0262252807617 0.7237025669642857 
261 2178.04921875 695.5381622314453 2590.89951171875 927.3137054443359 0.8010835193452381 1880.5297302246095 131.14242782592774 2264.407891845703 232.54423294067382 0.7543480282738095 
262 2195.675390625 703.9106811523437 2593.38271484375 928.0730834960938 0.7716006324404762 1885.8529968261719 134.88315505981444 2269.0982971191406 228.886727142334 0.7351190476190477 
263 2181.9641235351564 697.3898071289062 2600.0312377929686 928.0474487304688 0.7873651413690477 1881.9983825683594 136.5479705810547 2256.817169189453 230.25262756347655 0.7157273065476191 
264 2181.343505859375 695.3806976318359 2594.372802734375 927.2566925048828 0.7923642113095238 1883.6951110839843 131.57644653320312 2267.739581298828 225.77606201171875 0.7473725818452381 
265 2181.260852050781 697.4081146240235 2600.122692871094 928.5042999267578 0.7894345238095238 1881.558038330078 135.50011672973633 2249.8676208496095 229.3829246520996 0.7405133928571429 
266 2188.8510986328124 691.7149353027344 2592.6083740234376 929.6433410644531 0.7861328125 1883.2602111816407 137.1033790588379 2243.757733154297 230.8327323913574 0.7557896205357143 
267 2187.697717285156 698.5915832519531 2598.061315917969 928.9710388183594 0.7753441220238095 1876.1871459960937 137.5954559326172 2250.553820800781 238.3864776611328 0.7338169642857143 
268 2196.2753173828123 693.008334350586 2607.3501708984377 923.7871368408203 0.7852957589285714 1865.9175964355468 135.75517044067382 2255.3569396972657 243.93274154663087 0.7562779017857143 
269 2188.11640625 698.2536254882813 2606.79130859375 929.2467407226562 0.7879464285714286 1875.7759338378905 142.14896087646486 2258.358221435547 235.9898941040039 0.7348865327380952 
270 2194.6072021484374 699.0465637207031 2605.0612548828126 929.4771179199219 0.7916666666666666 1870.287176513672 138.75704116821288 2259.1387268066405 232.36943893432618 0.7444661458333334 
271 2194.820703125 704.1962951660156 2605.44931640625 934.7246032714844 0.7942010788690477 1870.3632446289062 138.1274742126465 2259.379675292969 231.77958450317382 0.7313290550595238 
272 2204.1215942382814 706.9183563232422 2616.8312866210936 938.6150299072266 0.7925037202380952 1867.7158203125 130.73994979858398 2251.46337890625 239.34777297973633 0.7423037574404762 
273 2208.407373046875 715.1260375976562 2619.842138671875 938.8888549804688 0.7809942336309523 1865.822491455078 135.17484664916992 2262.820941162109 236.2290382385254 0.7190290178571429 
274 2203.443212890625 714.169888305664 2615.229638671875 945.3481170654297 0.7852027529761905 1860.5658142089844 128.16625747680663 2257.9035461425783 236.53108444213868 0.7380254836309523 
275 2216.9400268554687 716.082485961914 2626.1896118164063 949.9394256591797 0.8110119047619048 1870.9329772949218 128.91052703857423 2258.2585510253907 238.53094024658202 0.7557663690476191 
276 2202.5729248046873 713.0942749023437 2594.5667236328127 943.6789184570313 0.7728329613095238 1877.8031677246095 106.83411102294922 2255.962091064453 272.8550369262695 0.7170061383928571 
277 2210.3542236328126 719.7947052001953 2594.0364013671874 946.3058197021485 0.7767857142857143 1881.255548095703 109.06832351684571 2251.0695251464845 266.23924789428713 0.7298409598214286 
278 2211.7293701171875 718.6715301513672 2605.6744384765625 945.7693267822266 0.7689034598214286 1874.6478759765625 105.82843933105468 2254.6890380859377 268.04112854003904 0.7224469866071429 
279 2215.6128540039062 724.0529907226562 2605.9572143554688 951.7538940429688 0.7659272693452381 1874.0614868164062 107.08005561828614 2250.465124511719 260.4296413421631 0.7223539806547619 
280 2222.3854736328126 718.035855102539 2606.1946044921874 952.0657684326172 0.7701357886904762 1877.2815185546874 103.79744491577148 2256.4098876953126 262.93776931762693 0.7349562872023809 
281 2227.4878784179687 742.1278106689454 2612.3180297851563 951.1714447021484 0.7634161086309523 1885.5992553710937 108.60153007507324 2256.176379394531 265.3842258453369 0.7201683407738095 
282 2229.3894897460937 736.4435791015625 2648.9222778320313 968.6849609375 0.7992466517857143 1880.7391418457032 132.78878479003907 2225.3554626464843 252.65530700683593 0.7725771949404762 
283 2236.2661865234377 740.5263763427735 2650.3993408203123 966.4171661376953 0.7950613839285714 1884.1081481933593 137.8613067626953 2238.003790283203 265.86607971191404 0.7598586309523809 
284 2246.0557250976562 732.188833618164 2642.6906127929688 965.5033660888672 0.7559291294642857 1891.776611328125 117.3152976989746 2279.078857421875 266.6365913391113 0.7304222470238095 
285 2253.7003784179688 742.9053771972656 2677.0239868164062 977.2451354980469 0.7951078869047619 1904.2261657714844 150.3690284729004 2282.193389892578 278.87790451049807 0.7589285714285714 
286 2268.9866577148437 763.1583709716797 2666.9755004882813 986.0321197509766 0.8410063244047619 1915.694873046875 127.80486221313477 2297.764111328125 302.9199760437012 0.8481677827380952 
287 2273.94111328125 766.6149444580078 2674.9822265625 998.7967376708984 0.8404715401785714 1931.9600341796875 152.26689224243165 2306.6171142578123 326.40319747924804 0.8408203125 
288 2285.2316162109373 770.5406921386718 2700.7053955078127 1007.9543029785157 0.7061941964285714 1952.29052734375 184.90869827270507 2331.2392578125 353.83762435913087 0.7034737723214286 
289 2300.038610839844 782.1378753662109 2701.819543457031 1010.4223663330079 0.5836821056547619 1955.5048034667968 211.95338745117186 2329.8913146972654 390.0153015136719 0.5644996279761905 
290 2334.4859619140625 784.0740661621094 2709.2420654296875 1008.0138244628906 0.5015694754464286 1989.6117248535156 267.81753997802736 2336.946746826172 395.78307647705077 0.5431431361607143 
291 2342.715612792969 201.7461700439453 2726.608850097656 1088.3570404052734 0.47863188244047616 1987.2977783203125 268.01346588134766 2343.7700927734377 427.9690475463867 0.5236351376488095 
292 2350.0667358398437 210.84679107666017 2756.6503051757813 1083.4023239135743 0.45371791294642855 1978.8001770019532 292.19861297607423 2344.2685485839843 429.24923248291014 0.5271809895833334 
293 1875.8493225097657 302.69401092529296 2825.409344482422 407.6934097290039 0.4649135044642857 1969.7869689941406 298.47998504638673 2348.6977722167967 440.00094146728514 0.5394694010416666 
294 1872.79189453125 222.6795196533203 2831.64853515625 1099.348373413086 0.4468587239583333 1976.9314270019531 313.12112579345705 2337.6441345214844 436.4026473999023 0.5461542038690477 
295 1870.33212890625 224.08068084716797 2842.8705078125 1118.9984512329102 0.4381626674107143 1980.0895690917969 316.1012680053711 2336.2303771972656 443.9466751098633 0.5434221540178571 
296 1854.5536193847656 315.8711563110352 2950.017059326172 429.98190155029295 0.45445033482142855 1974.457666015625 312.71116333007814 2335.047705078125 454.20851440429686 0.5480492001488095 
297 2409.9497924804687 870.2146881103515 2829.6031860351563 1095.7784149169922 0.8636997767857143 1957.611669921875 291.5769515991211 2345.791162109375 496.1580642700195 0.8279389880952381 
298 2437.1765869140627 876.3425811767578 2852.0651123046873 1107.4195648193358 0.8740931919642857 1955.4296142578125 304.10375213623047 2344.0591552734377 487.9150161743164 0.8410295758928571 
299 2454.020471191406 891.4446472167969 2866.275671386719 1126.2734924316405 0.8623744419642857 1951.245831298828 297.5482833862305 2337.408831787109 495.84823150634764 0.8345424107142857 
