0 2965.854736328125 1886.3205261230469 3187.832275390625 1994.3885803222656 0.2631138392857143 2975.9650634765626 1888.45498046875 3168.7351318359374 2016.968359375 0.2704671223958333 
1 0.0 0.0 0.0 0.0 0.20164271763392858 0.0 0.0 0.0 0.0 0.20164271763392858 
2 0.0 0.0 0.0 0.0 0.20164271763392858 0.0 0.0 0.0 0.0 0.20164271763392858 
3 0.0 0.0 0.0 0.0 0.20390392485119047 0.0 0.0 0.0 0.0 0.20390392485119047 
4 2870.61689453125 1859.6882873535155 3105.43193359375 1924.262518310547 0.2842320033482143 2941.2872314453125 1844.7864624023437 3111.5281982421875 1921.1014770507813 0.27586146763392855 
5 2826.710070800781 1841.6931884765625 3116.492321777344 1951.1007568359375 0.31850469680059523 2915.0776977539062 1832.7085815429687 3089.5382690429688 1921.4173950195313 0.2812616257440476 
6 2816.437451171875 1852.1457580566407 3103.639697265625 1917.2842956542968 0.28208124069940477 2928.0386596679687 1843.3770263671875 3037.5900024414063 1905.5548583984375 0.24052501860119047 
7 0.0 0.0 0.0 0.0 0.20367140997023808 0.0 0.0 0.0 0.0 0.20367140997023808 
8 0.0 0.0 0.0 0.0 0.20390392485119047 0.0 0.0 0.0 0.0 0.20390392485119047 
9 0.0 0.0 0.0 0.0 0.20164271763392858 0.0 0.0 0.0 0.0 0.20164271763392858 
10 0.0 0.0 0.0 0.0 0.20164271763392858 0.0 0.0 0.0 0.0 0.20164271763392858 
11 0.0 0.0 0.0 0.0 0.20164271763392858 0.0 0.0 0.0 0.0 0.20164271763392858 
12 0.0 0.0 0.0 0.0 0.20164271763392858 0.0 0.0 0.0 0.0 0.20164271763392858 
13 0.0 0.0 0.0 0.0 0.20164271763392858 0.0 0.0 0.0 0.0 0.20164271763392858 
14 0.0 0.0 0.0 0.0 0.20175025576636904 0.0 0.0 0.0 0.0 0.20175025576636904 
15 0.0 0.0 0.0 0.0 0.20367140997023808 0.0 0.0 0.0 0.0 0.20367140997023808 
16 0.0 0.0 0.0 0.0 0.20367140997023808 0.0 0.0 0.0 0.0 0.20367140997023808 
17 0.0 0.0 0.0 0.0 0.20367140997023808 0.0 0.0 0.0 0.0 0.20367140997023808 
18 0.0 0.0 0.0 0.0 0.20367140997023808 0.0 0.0 0.0 0.0 0.20367140997023808 
19 0.0 0.0 0.0 0.0 0.20367140997023808 0.0 0.0 0.0 0.0 0.20367140997023808 
20 0.0 0.0 0.0 0.0 0.20129685174851192 0.0 0.0 0.0 0.0 0.20129685174851192 
21 0.0 0.0 0.0 0.0 0.20129685174851192 0.0 0.0 0.0 0.0 0.20129685174851192 
22 0.0 0.0 0.0 0.0 0.20367140997023808 0.0 0.0 0.0 0.0 0.20367140997023808 
23 0.0 0.0 0.0 0.0 0.20367140997023808 0.0 0.0 0.0 0.0 0.20367140997023808 
24 0.0 0.0 0.0 0.0 0.20367140997023808 0.0 0.0 0.0 0.0 0.20367140997023808 
25 0.0 0.0 0.0 0.0 0.20367140997023808 0.0 0.0 0.0 0.0 0.20367140997023808 
26 0.0 0.0 0.0 0.0 0.20367140997023808 0.0 0.0 0.0 0.0 0.20367140997023808 
27 0.0 0.0 0.0 0.0 0.20367140997023808 0.0 0.0 0.0 0.0 0.20367140997023808 
28 0.0 0.0 0.0 0.0 0.20390392485119047 0.0 0.0 0.0 0.0 0.20390392485119047 
29 0.0 0.0 0.0 0.0 0.20390392485119047 0.0 0.0 0.0 0.0 0.20390392485119047 
30 0.0 0.0 0.0 0.0 0.20390392485119047 0.0 0.0 0.0 0.0 0.20390392485119047 
31 0.0 0.0 0.0 0.0 0.20390392485119047 0.0 0.0 0.0 0.0 0.20390392485119047 
32 0.0 0.0 0.0 0.0 0.20390392485119047 0.0 0.0 0.0 0.0 0.20390392485119047 
33 0.0 0.0 0.0 0.0 0.20390392485119047 0.0 0.0 0.0 0.0 0.20390392485119047 
34 0.0 0.0 0.0 0.0 0.20390392485119047 0.0 0.0 0.0 0.0 0.20390392485119047 
35 0.0 0.0 0.0 0.0 0.20390392485119047 0.0 0.0 0.0 0.0 0.20390392485119047 
36 2845.3197021484375 1799.0988891601562 3125.9654541015625 2047.2487670898438 0.26131766183035715 
37 2845.6133666992187 1778.588848876953 3073.1168579101563 2041.0931579589844 0.2657354445684524 2968.339599609375 1941.251708984375 2968.339599609375 1941.251708984375 0.13295491536458334 
38 2856.2587890625 1786.490185546875 3033.89794921875 2098.086474609375 0.2811976841517857 2907.5569702148437 1810.1232116699218 2951.2386840820313 2072.2133361816404 0.2006167457217262 
39 2866.0716796875 1755.3353271484375 2953.35703125 2014.2816162109375 0.20721144903273808 
40 2898.9470947265627 1838.5625915527344 2945.3351318359373 2021.2156066894531 0.18623860677083334 
41 2933.30810546875 1994.8387451171875 2933.30810546875 1994.8387451171875 0.15397716703869047 
42 0.0 0.0 0.0 0.0 0.20390392485119047 0.0 0.0 0.0 0.0 0.20390392485119047 
43 0.0 0.0 0.0 0.0 0.20175025576636904 0.0 0.0 0.0 0.0 0.20175025576636904 
44 0.0 0.0 0.0 0.0 0.20390392485119047 0.0 0.0 0.0 0.0 0.20390392485119047 
45 0.0 0.0 0.0 0.0 0.20367140997023808 0.0 0.0 0.0 0.0 0.20367140997023808 
46 2886.59365234375 1625.5408874511718 3075.46689453125 1865.1565002441407 0.36518787202380953 2921.9395385742187 1670.9702880859375 2992.4147094726563 1930.3190185546875 0.22071329752604166 
47 2875.8926391601562 1607.3303466796874 3042.1012573242188 1862.3747314453126 0.30661156063988093 2895.6218505859374 657.2516998291015 2967.2634033203126 1943.935983276367 0.20834786551339285 
48 0.0 0.0 0.0 0.0 0.20175025576636904 0.0 0.0 0.0 0.0 0.20175025576636904 
49 2646.2810546875 1241.0274475097656 4142.68134765625 1846.857440185547 0.21556454613095238 3769.6298828125 1658.1181640625 3769.6298828125 1658.1181640625 0.14278448195684523 
50 2577.672961425781 1138.7786560058594 4162.199353027344 1759.7849426269531 0.20340401785714285 3762.68212890625 1685.6680908203125 3762.68212890625 1685.6680908203125 0.13608224051339285 
51 2552.001354980469 1063.2743408203125 4058.047229003906 1766.5381591796875 0.3481561569940476 3723.7673828125 1348.6881713867188 3743.67109375 1723.5410766601562 0.17839413597470238 
52 3613.734973144531 1086.8814819335937 3911.426403808594 1394.7215454101563 0.5390973772321429 3651.206677246094 1086.361151123047 4030.086535644531 1759.5496154785155 0.26283482142857145 
53 3576.456982421875 1081.74267578125 3899.402880859375 1377.203857421875 0.7354678199404762 3536.1546630859375 1131.6910034179687 4048.0582275390625 1406.5384887695313 0.25687081473214285 
54 3540.2792358398438 1072.940008544922 3861.9832153320312 1370.4297424316405 0.7333054315476191 3539.2149169921877 1119.6389526367188 3847.0819580078123 1427.5063110351562 0.2791224888392857 
55 3501.4023315429686 1062.0282348632813 3830.4670532226564 1352.5855346679687 0.7501627604166666 3554.7203979492188 1132.9845092773437 3701.7495727539062 1322.0218383789063 0.20897274925595238 
56 3445.004052734375 1043.0958251953125 3792.600439453125 1341.5372314453125 0.7610909598214286 3491.3233154296877 1095.626934814453 3624.7440673828123 1313.3136169433594 0.1930483863467262 
57 3408.190393066406 1029.6384826660155 3763.107214355469 1342.387030029297 0.7301664806547619 3442.9250610351564 1067.0763549804688 3801.3559448242186 1242.7778930664062 0.2337588355654762 
58 3364.810656738281 1022.7088806152344 3726.257946777344 1338.536358642578 0.7025437127976191 3405.5714477539063 1017.0401672363281 4068.8091674804687 1241.6286560058593 0.31069219680059523 
59 3309.7052001953125 1020.5218139648438 3657.0965576171875 1322.2960571289063 0.6476934523809523 3653.8575439453125 1032.1284240722657 4036.3387451171875 1186.5245300292968 0.5606398809523809 
60 3260.6479370117186 995.4219421386719 3593.9401977539064 1314.6809631347655 0.6208147321428571 3606.894079589844 1027.4018615722657 3933.169641113281 1209.8355651855468 0.5764973958333334 
61 3208.1964111328125 992.1101501464843 3530.7366943359375 1300.6270324707032 0.6582728794642857 3566.604357910156 1026.35986328125 3938.226940917969 1201.653564453125 0.6464611235119048 
62 3163.3405029296873 980.001025390625 3482.1966064453127 1298.85712890625 0.6731305803571429 3509.2845947265623 1012.8838745117188 3936.7617919921877 1163.5521606445313 0.6737351190476191 
63 3111.738806152344 978.7377655029297 3444.050988769531 1279.5677154541015 0.6526692708333334 3458.58125 1002.5512542724609 3909.8259765625 1166.9583282470703 0.6746884300595238 
64 3076.324108886719 973.6369598388671 3412.147814941406 1270.980776977539 0.6708286830357143 3426.2749267578124 980.0950866699219 3877.5380615234376 1151.5051330566407 0.6509254092261905 
65 3042.9316162109376 964.8174377441406 3361.4360595703124 1258.821356201172 0.6736421130952381 3392.9362670898436 955.7981384277343 3851.4423950195314 1141.3006164550782 0.6761532738095238 
66 3001.2658203125 959.5431762695313 3326.95390625 1253.7129272460938 0.6698288690476191 3345.6760864257812 931.6616638183593 3814.9472045898438 1117.2688781738282 0.6503557477678571 
67 2967.8396118164064 953.537222290039 3276.1684448242186 1244.3472381591796 0.6740606398809523 3275.629248046875 912.4357940673829 3766.152001953125 1115.652279663086 0.5908319382440477 
68 2931.480712890625 950.6196960449219 3253.719482421875 1237.8325744628905 0.6873139880952381 3258.569128417969 917.7491912841797 3734.922326660156 1092.8790435791016 0.6591680617559523 
69 2910.7990600585936 950.7734558105469 3201.5366333007814 1238.0079162597656 0.7088913690476191 3238.3164672851562 916.8226348876954 3679.6769409179688 1077.9541595458984 0.6716076078869048 
70 2874.6584228515626 954.6223785400391 3164.0080810546874 1243.9717987060546 0.6943126860119048 3199.5396728515625 907.4253997802734 3624.8485107421875 1071.2738800048828 0.6532854352678571 
71 2840.5568725585936 957.4958526611329 3119.3037231445314 1253.664242553711 0.6816173735119048 3155.2192504882814 902.6845703125 3587.2765991210936 1069.9326171875 0.6135835193452381 
72 2803.8750854492187 965.0125244140625 3101.7169555664063 1255.6774169921875 0.7064732142857143 3113.8625610351564 880.821923828125 3548.0654174804686 1063.83310546875 0.6239071800595238 
73 2777.131457519531 976.2524291992188 3071.217419433594 1263.1655395507812 0.7014973958333334 3088.735498046875 902.4550811767579 3479.654638671875 1063.843685913086 0.6315104166666666 
74 2758.7409057617188 985.6213470458985 3021.6528930664062 1287.196829223633 0.7127511160714286 3065.3725830078124 912.1606597900391 3428.8095458984376 1051.3492889404297 0.6533900669642857 
75 2736.842980957031 994.4830871582031 2998.373083496094 1299.6017517089845 0.7396530877976191 3023.215539550781 879.8731567382813 3391.735388183594 1042.3388793945312 0.6707356770833334 
76 2725.362109375 1018.63984375 2971.19794921875 1305.44853515625 0.7347237723214286 2992.3848876953125 887.317269897461 3352.0335693359375 1037.550344848633 0.7099841889880952 
77 2713.3444946289064 1031.2363037109376 2945.2856323242186 1322.2998291015624 0.7337472098214286 2953.33173828125 878.5329681396485 3348.99638671875 1037.708303833008 0.6816173735119048 
78 2704.298059082031 1039.0144836425782 2923.298864746094 1344.7031677246093 0.7661597842261905 2921.0175048828123 867.9201416015625 3299.7066162109377 1013.9206787109375 0.7342587425595238 
79 2687.716015625 1053.4701721191407 2912.03837890625 1360.1966979980468 0.8117094494047619 2890.204736328125 835.8387268066406 3251.867529296875 1014.3809997558594 0.7421875 
80 2678.9951782226562 1062.2831726074219 2884.1911010742188 1376.9166564941406 0.8188011532738095 2856.6562255859376 813.4173614501954 3194.0893798828124 1004.9335296630859 0.7541387648809523 
81 2661.629736328125 1071.2257568359375 2866.876123046875 1381.3760498046875 0.8253115699404762 2811.7927490234374 792.125698852539 3144.7482666015626 997.3721649169922 0.7645321800595238 
82 2643.109484863281 1080.6809509277343 2857.608532714844 1391.0196105957032 0.8316359747023809 2765.2792236328123 780.8741058349609 3107.5645263671877 981.6814971923828 0.7548595610119048 
83 2633.7734985351562 1081.7809753417969 2848.4782104492188 1396.9857482910156 0.8347051711309523 2740.59873046875 780.8079803466796 3064.93984375 963.5353424072266 0.7770879836309523 
84 2627.404821777344 1085.9652404785156 2837.569055175781 1396.6425476074219 0.8156622023809523 2705.601354980469 761.7571533203125 3029.985314941406 958.214892578125 0.7765299479166666 
85 2618.6901611328126 1084.8078063964845 2828.7322021484374 1399.871026611328 0.8162667410714286 2680.8596801757812 758.3293426513671 2991.3568725585938 950.1068756103516 0.79833984375 
86 2614.4669677734373 1074.6654113769532 2810.8831298828127 1389.8444763183593 0.8204520089285714 2660.1451171875 749.9994323730468 2947.9173828125 955.5509826660157 0.8034319196428571 
87 2609.567272949219 1065.4685607910155 2800.994494628906 1379.956365966797 0.8300316220238095 2634.6349853515626 734.5025634765625 2912.6604248046874 939.603271484375 0.8225446428571429 
88 2592.9498046875 1050.7422607421875 2807.2796875 1363.3065673828125 0.8149646577380952 2608.7498168945312 710.6997741699219 2894.5228881835938 933.9600158691406 0.8236839657738095 
89 2598.0501098632812 1033.0640563964844 2809.1937866210938 1334.6975402832031 0.8285900297619048 2589.1005737304686 675.4130126953125 2877.8068969726564 916.7197998046875 0.8252418154761905 
90 2599.1119995117188 1014.3563354492187 2815.8638305664062 1301.9695922851563 0.8307756696428571 2565.7655395507813 661.4930786132812 2849.2102905273437 894.9182983398438 0.8346121651785714 
91 2596.836047363281 986.2140289306641 2820.145642089844 1270.4262908935548 0.8433547247023809 2547.0206787109373 634.8527038574218 2823.1126220703127 878.4632141113282 0.8451218377976191 
92 2592.7390747070312 954.4684539794922 2830.8602905273438 1231.6260894775392 0.8321707589285714 2538.088098144531 615.3032073974609 2807.438513183594 865.1354522705078 0.8384486607142857 
93 2594.703747558594 915.3640838623047 2835.604602050781 1201.4338287353517 0.8325660342261905 2521.304443359375 595.8519500732422 2796.081787109375 840.5168853759766 0.8134300595238095 
94 2596.569445800781 889.6681671142578 2839.994763183594 1169.976303100586 0.8378208705357143 2500.390759277344 578.5772033691406 2765.945910644531 825.6909851074219 0.8293108258928571 
95 2608.3981323242188 870.0949645996094 2839.4131469726562 1149.5484680175782 0.8280784970238095 2466.8086059570314 559.1134307861328 2757.4401733398436 801.306430053711 0.8273809523809523 
96 2608.7768676757814 842.4617980957031 2843.5934936523436 1128.6447692871093 0.8406343005952381 2403.029821777344 559.9477783203125 2733.240930175781 750.73642578125 0.7713681175595238 
97 2605.551171875 831.3799377441406 2858.9166015625 1101.091375732422 0.8396112351190477 2380.162878417969 527.7187469482421 2707.085900878906 732.0455963134766 0.8392159598214286 
98 2609.554553222656 821.5708099365235 2856.890026855469 1094.492971801758 0.841796875 2328.7595458984374 504.3644775390625 2678.4411376953126 683.46962890625 0.8478190104166666 
99 2610.0080688476564 822.712744140625 2860.4335815429686 1090.712060546875 0.8256370907738095 2291.8221435546875 504.1888916015625 2634.5098876953125 662.352490234375 0.8104306175595238 
100 2605.807019042969 817.9755004882812 2864.919299316406 1086.1795288085937 0.8170107886904762 2242.140344238281 506.9357879638672 2592.169470214844 652.4024078369141 0.8055245535714286 
101 2609.6626708984377 835.1657257080078 2873.2548095703123 1089.343734741211 0.8075009300595238 2167.20498046875 493.36517333984375 2562.59287109375 634.5751342773438 0.8051292782738095 
102 2602.1981811523438 835.4881988525391 2876.8533325195312 1090.8694061279298 0.8314732142857143 2128.13056640625 466.87193450927737 2528.0671875 640.3384231567383 0.8263811383928571 
103 2599.0425659179687 829.9841033935547 2882.0245727539063 1103.0367095947265 0.8050130208333334 2082.342980957031 477.68892364501954 2474.545935058594 626.6267196655274 0.81494140625 
104 2590.95712890625 812.4579467773438 2886.09267578125 1107.5938110351562 0.8091982886904762 2035.718212890625 508.1235870361328 2427.536181640625 625.1601654052735 0.7914806547619048 
105 2587.7431762695314 822.830810546875 2883.3068725585936 1102.838623046875 0.8030598958333334 1995.2196655273438 471.2256607055664 2378.9338989257812 652.712174987793 0.8236142113095238 
106 2593.11240234375 847.5962707519532 2883.84267578125 1106.6106384277343 0.7961542038690477 1951.2692016601563 486.72472381591797 2342.4336791992187 666.4488906860352 0.8177083333333334 
107 2582.004284667969 846.7136840820312 2886.686389160156 1097.9428100585938 0.7778552827380952 1934.400701904297 505.2313293457031 2292.5359436035155 686.9715515136719 0.7884812127976191 
108 2578.503125 841.691763305664 2888.080859375 1102.3884979248046 0.7710425967261905 1909.8410400390626 503.70501403808595 2257.4367919921874 688.3652374267579 0.7867373511904762 
109 2579.0298706054687 853.5767272949219 2879.9122680664063 1105.2236877441405 0.7811569940476191 1898.3626647949218 496.0949432373047 2226.5979064941407 709.4478424072265 0.7814825148809523 
110 2578.0475463867188 858.664517211914 2876.8301391601562 1113.1830780029297 0.7658575148809523 1877.4829650878905 503.9133239746094 2198.397772216797 697.5687316894531 0.7961774553571429 
111 2574.650256347656 878.855990600586 2869.834362792969 1129.4839141845703 0.7598353794642857 1849.7572143554687 498.4156494140625 2189.497424316406 704.487548828125 0.8061058407738095 
112 2560.72314453125 891.8963012695312 2858.14892578125 1133.2040405273438 0.7446521577380952 1843.2748107910156 493.0260894775391 2185.595184326172 711.8866912841797 0.7660435267857143 
113 2540.8343017578127 897.5026123046875 2849.7994873046873 1144.6746337890625 0.7164481026785714 1817.6834655761718 504.490478515625 2177.2063049316407 712.3397216796875 0.7712751116071429 
114 2535.742150878906 905.1890411376953 2821.082312011719 1140.1749114990234 0.7355375744047619 1827.7717224121093 516.7736114501953 2169.060919189453 723.785043334961 0.7789248511904762 
115 2509.4490234375 911.6315124511718 2804.841015625 1140.1425354003907 0.7613467261904762 1845.9954040527343 527.064306640625 2169.254718017578 744.428369140625 0.7456984747023809 
116 2486.2558349609376 913.0811187744141 2787.4692626953124 1147.3582733154296 0.7726934523809523 1843.7100830078125 541.2842102050781 2172.8138427734375 725.3591003417969 0.7422107514880952 
117 2478.3978759765623 915.4004577636719 2768.5752685546877 1155.3550354003905 0.7866443452380952 1817.5571411132812 528.6401763916016 2180.2790405273436 735.1126922607422 0.7723911830357143 
118 2462.735217285156 931.4084442138671 2741.707409667969 1154.586245727539 0.7866443452380952 1851.7857604980468 535.4823272705078 2180.9731506347657 730.762973022461 0.7624162946428571 
119 2432.306689453125 932.6153930664062 2716.806103515625 1161.3306518554687 0.7921549479166666 1857.0855773925782 531.8271850585937 2180.6340270996093 738.2288452148438 0.7670665922619048 
120 2407.4927490234377 932.0403411865234 2686.3573486328123 1166.2868682861329 0.7985026041666666 1846.9742614746094 527.6863006591797 2187.1894348144533 734.0463043212891 0.7709495907738095 
121 2390.9103881835936 926.0800872802735 2658.4917114257814 1165.788137817383 0.8167550223214286 1863.2526916503907 533.0703979492188 2169.856072998047 722.6069702148437 0.7705078125 
122 2369.010009765625 926.2353729248047 2630.958740234375 1165.8904205322265 0.8282645089285714 1861.6186462402343 532.0263061523438 2173.727667236328 732.6677856445312 0.76171875 
123 2352.1271484375 926.7086547851562 2613.98955078125 1166.2847534179687 0.8172665550595238 1862.0460388183594 528.3436859130859 2174.0522277832033 728.9190704345704 0.7872023809523809 
124 2340.1732421875 918.336328125 2596.32529296875 1163.351416015625 0.8056873139880952 1856.9965515136719 523.827749633789 2179.9708557128906 735.4317108154297 0.80078125 
125 2328.1102905273438 919.1513092041016 2584.2493286132812 1147.4489715576171 0.8181268601190477 1872.585986328125 539.4405517578125 2178.838818359375 717.6240234375 0.7889927455357143 
126 2317.4880859375 907.4293090820313 2567.55146484375 1135.2647827148437 0.8142671130952381 1859.6797668457032 550.5012817382812 2187.5408142089846 722.7671508789062 0.7635091145833334 
127 2308.1144897460936 893.4002075195312 2547.3725708007814 1121.5302124023438 0.8238932291666666 1871.7567749023438 543.92890625 2183.3489379882812 721.9816162109375 0.7958286830357143 
128 2291.079309082031 881.6206176757812 2535.718298339844 1120.6996948242188 0.8272414434523809 1868.52099609375 553.3680419921875 2179.8798828125 709.0474853515625 0.7871791294642857 
129 2284.409216308594 877.9556884765625 2522.699914550781 1121.7882080078125 0.83056640625 1872.4088928222657 556.3269439697266 2171.657879638672 705.9514373779297 0.8189174107142857 
130 2281.92783203125 866.5197509765625 2509.25771484375 1127.1177001953124 0.8161039806547619 1876.9559265136718 540.4524780273438 2176.3664611816407 706.7915405273437 0.8144066220238095 
131 2273.046337890625 865.9244232177734 2500.218798828125 1115.2599639892578 0.8088960193452381 1857.274188232422 543.0669860839844 2178.639996337891 709.2906799316406 0.8215448288690477 
132 2265.1124633789063 861.676235961914 2490.1016479492187 1119.5907928466797 0.7928292410714286 1886.049822998047 536.0116149902344 2176.889752197266 689.6628234863281 0.7905505952380952 
133 2262.7268798828127 861.7808990478516 2483.5040771484373 1121.1941375732422 0.7733444940476191 1892.9250061035157 526.36943359375 2190.974285888672 675.393994140625 0.7986886160714286 
134 2262.1298950195314 860.129019165039 2476.3039428710936 1118.2359100341796 0.7787155877976191 1908.7642578125 508.8755310058594 2183.34609375 662.6413146972657 0.8035249255952381 
135 2247.922412109375 847.2373962402344 2475.534130859375 1123.6230773925781 0.77197265625 1897.9592163085938 502.48500061035156 2196.0219848632814 659.6454315185547 0.8143601190476191 
136 2249.8392944335938 850.7465179443359 2472.2278442382812 1127.3763458251954 0.7804361979166666 1888.7183532714844 489.6256561279297 2203.316925048828 641.5008697509766 0.8143368675595238 
137 2246.6138549804687 852.1004089355469 2459.3336547851563 1116.7029357910155 0.7752046130952381 1905.185040283203 459.78636169433594 2206.105364990234 630.9997100830078 0.8198474702380952 
138 2240.5430419921877 864.6830261230468 2456.3754150390623 1112.1005432128907 0.7649972098214286 1901.0020629882813 443.9518127441406 2216.854138183594 617.6705017089844 0.8291480654761905 
139 2252.45361328125 865.8951416015625 2450.5322265625 1105.6746826171875 0.7830403645833334 1923.0575866699219 414.8050048828125 2230.6007385253906 602.458544921875 0.8356119791666666 
140 2241.8259399414064 866.2521453857422 2437.0395385742186 1092.2889312744142 0.7723911830357143 1910.8719909667968 391.65417022705077 2234.5153381347654 586.8676498413085 0.8415178571428571 
141 2235.0588500976564 844.3921844482422 2427.6064331054686 1091.248013305664 0.7946196056547619 1917.564471435547 390.1775177001953 2228.602642822266 558.0394622802735 0.8105933779761905 
142 2216.0371215820314 837.0997589111328 2424.3713256835936 1081.003451538086 0.7877371651785714 1913.3071533203124 370.59481658935545 2238.5121826171876 558.6039443969727 0.8475632440476191 
143 2212.215954589844 837.269497680664 2408.911730957031 1069.2697479248047 0.8062220982142857 1914.4562377929688 349.7971420288086 2237.2393188476562 536.406135559082 0.8351702008928571 
144 2201.571252441406 832.4758850097656 2393.169226074219 1054.325994873047 0.7970610119047619 1911.0718383789062 344.5608428955078 2233.7628784179688 526.0745330810547 0.8321242559523809 
145 2185.572961425781 822.9611541748047 2381.525427246094 1049.0601470947265 0.8243117559523809 1907.1039123535156 336.17189636230466 2238.715789794922 527.0999542236328 0.8559802827380952 
146 2162.6865112304686 796.2157287597656 2362.4558227539064 1049.5816345214844 0.8360072544642857 1897.8892028808593 332.3987350463867 2248.703692626953 512.6783218383789 0.8344494047619048 
147 2137.9957885742188 789.9858245849609 2353.3384399414062 1038.8262481689453 0.8307059151785714 1916.027197265625 325.4346588134766 2236.648583984375 516.850375366211 0.8292178199404762 
148 2100.80166015625 779.0757263183593 2344.74716796875 1046.4772521972657 0.853515625 1920.5492309570313 322.2196243286133 2225.4807983398437 514.5611068725586 0.8340773809523809 
149 2075.9343994140627 813.3824920654297 2324.9142333984373 1037.952651977539 0.8502139136904762 1919.5238220214844 309.2261627197266 2222.2053039550783 509.3865692138672 0.8409830729166666 
150 2045.5995971679688 809.7853576660157 2304.5734985351564 1049.2140319824218 0.8420061383928571 1916.4885131835938 311.19485626220705 2219.4389770507814 506.64684906005857 0.8284272693452381 
151 2005.6997131347657 827.8124481201172 2279.955438232422 1053.0938629150392 0.8644670758928571 1916.7926208496094 306.9902618408203 2210.6381652832033 507.7846405029297 0.8539341517857143 
152 1961.9835021972656 830.6520111083985 2266.1696960449217 1072.0694854736328 0.8622116815476191 1918.5283996582032 311.4185104370117 2213.0579040527346 514.2092666625977 0.8473539806547619 
153 1939.0313903808594 846.4427337646484 2246.9433410644533 1084.3747100830078 0.8799758184523809 1914.986883544922 305.80226440429686 2213.5684143066405 501.74631958007814 0.8375186011904762 
154 1900.139910888672 853.4595123291016 2226.920269775391 1098.5448211669923 0.8711170014880952 1910.3055541992187 309.1336181640625 2213.057971191406 530.1909057617188 0.8451915922619048 
155 1845.7628173828125 862.3670776367187 2230.4022216796875 1099.7989379882813 0.89453125 1909.869317626953 311.89062652587893 2213.7819274902345 539.825163269043 0.8395879836309523 
156 1842.2619018554688 852.7553131103516 2221.7803344726562 1105.7675750732421 0.8894159226190477 1905.7020446777344 308.55438842773435 2221.9675109863283 542.1041809082031 0.8342866443452381 
157 1831.6310913085938 877.581997680664 2222.8266723632814 1097.6296112060547 0.9010881696428571 1894.260028076172 306.398664855957 2231.666363525391 521.5563217163086 0.8576543898809523 
158 1822.4474792480469 873.3125427246093 2221.2127990722656 1087.2842590332032 0.9080868675595238 1901.3775329589844 302.4720169067383 2232.061065673828 535.8956893920898 0.8669317336309523 
159 1835.7514709472657 866.0295532226562 2230.968133544922 1092.5561401367188 0.8869977678571429 1899.1493530273438 306.75711517333986 2226.8899536132812 528.4640457153321 0.8384951636904762 
160 1839.2677612304688 866.8139038085938 2223.0391235351562 1097.0767211914062 0.8912295386904762 1897.0179382324218 305.363752746582 2228.0207580566407 540.4236923217774 0.8560035342261905 
161 1846.0374328613282 866.9667602539063 2220.3061950683596 1103.8457397460938 0.8944847470238095 1903.0705261230469 306.29261779785156 2225.2259826660156 538.4339447021484 0.8760928199404762 
162 1836.2657043457032 861.9063537597656 2232.4148376464846 1105.323260498047 0.8977399553571429 1903.2696350097656 304.9479125976562 2227.8254577636717 538.8190551757813 0.8661644345238095 
163 1843.4899597167969 877.8820007324218 2231.6864318847656 1100.3849670410157 0.8976236979166666 1906.8541076660156 313.97725677490234 2219.3049499511717 531.7461013793945 0.8593517485119048 
164 1844.8620727539062 875.5447052001953 2234.9106323242186 1108.6224700927735 0.8766741071428571 1909.6261108398437 320.47571716308596 2214.054309082031 544.0400909423828 0.8412155877976191 
165 1839.5685302734375 882.5994567871094 2243.8196533203127 1101.3706359863281 0.8926478794642857 1909.6264953613281 315.55037994384764 2214.0037536621094 534.3215988159179 0.8582589285714286 
166 1844.1508911132812 892.7472900390625 2234.8215209960936 1097.3843017578124 0.8919270833333334 1908.010546875 324.4502471923828 2210.31513671875 524.436410522461 0.8589099702380952 
167 1845.7884155273437 886.8039306640625 2239.4164184570313 1102.3620849609374 0.8967401413690477 1906.5267456054687 321.954899597168 2211.119982910156 528.141017150879 0.8633045014880952 
168 1841.13720703125 881.7225494384766 2235.3583984375 1104.3415985107422 0.8999488467261905 1904.2839233398438 318.0398803710938 2215.0229614257814 540.6588500976562 0.8555850074404762 
169 1837.4281005859375 884.9394561767579 2235.1373291015625 1102.292172241211 0.8968331473214286 1904.483740234375 319.3244400024414 2214.326806640625 536.677116394043 0.8595145089285714 
170 1842.3540771484375 885.9460693359375 2230.8427001953123 1098.6896728515626 0.8977167038690477 1904.7898376464843 319.7560806274414 2214.655596923828 537.124626159668 0.8608863467261905 
171 1835.9076354980468 881.7050872802735 2234.9738342285154 1099.799368286133 0.8984375 1907.8323547363282 318.8004913330078 2209.4521911621096 527.6141815185547 0.8529110863095238 
172 1835.8782287597655 882.0584503173828 2229.118231201172 1094.870687866211 0.90087890625 1905.9851928710937 315.68579254150393 2215.9510864257813 533.124479675293 0.8588169642857143 
173 1837.560009765625 888.4564727783203 2228.584521484375 1095.4694915771483 0.8992978050595238 1906.7412414550781 318.19786834716797 2219.5608825683594 529.8110733032227 0.8699311755952381 
174 1842.8607849121095 893.937890625 2230.071466064453 1087.543310546875 0.8803013392857143 1904.55927734375 316.3130935668945 2218.0154296875 537.5764022827149 0.8577473958333334 
175 1836.5626037597656 874.0735137939453 2235.0114929199217 1087.1974212646485 0.8796037946428571 1907.306884765625 321.66217651367185 2217.726318359375 534.7860046386719 0.8464704241071429 
176 1843.9433044433595 877.7805023193359 2231.357110595703 1080.7115020751953 0.8694661458333334 1905.6740966796874 320.78453063964844 2219.2946533203126 523.7155303955078 0.8530738467261905 
177 1842.3082275390625 857.151611328125 2241.9598388671875 1082.24267578125 0.8871837797619048 1904.853125 317.03910369873046 2221.81826171875 537.5364883422851 0.8544224330357143 
178 1844.6689392089843 844.3550811767578 2241.963507080078 1081.818441772461 0.8849981398809523 1906.8450866699218 317.0882400512695 2221.9406799316407 527.1519027709961 0.8495163690476191 
179 1851.4253845214844 840.8912017822265 2249.349639892578 1083.3047821044922 0.8984142485119048 1906.6633178710938 319.8251953125 2222.2583129882814 534.7957153320312 0.8625372023809523 
180 1854.9037048339844 829.0606719970704 2256.9577453613283 1087.8540618896484 0.8869280133928571 1900.0503845214844 315.3841918945312 2218.920928955078 527.964501953125 0.8479585193452381 
181 1850.781427001953 833.2721588134766 2263.3595642089845 1080.8190887451171 0.8964146205357143 1904.2049743652344 315.610124206543 2220.5148742675783 526.4833511352539 0.8577241443452381 
182 1866.5723754882813 833.0136962890625 2264.867810058594 1086.4743408203126 0.8954613095238095 1903.8256408691407 317.9106506347656 2220.651287841797 539.6887145996094 0.8501674107142857 
183 1867.6732177734375 840.9871429443359 2273.8819580078125 1089.2258087158202 0.9000883556547619 1905.8638488769532 319.8596664428711 2221.8039978027346 541.0176834106445 0.8385881696428571 
184 1871.9001892089843 856.1331512451172 2275.095538330078 1096.238247680664 0.8995535714285714 1906.748468017578 318.07444458007814 2219.3383239746095 540.0584899902344 0.8557710193452381 
185 1879.783740234375 863.7444061279297 2281.803662109375 1098.6323638916015 0.8862537202380952 1907.5811828613282 319.2629425048828 2219.2595153808593 545.1167572021484 0.8552594866071429 
186 1884.8020629882812 854.8584411621093 2291.2567749023438 1107.7635070800782 0.8998558407738095 1909.6411010742188 320.04069366455076 2221.2561157226564 541.3325668334961 0.8553059895833334 
187 1890.790789794922 863.7552215576172 2296.910504150391 1102.914517211914 0.9025995163690477 1904.1546569824218 317.9235534667969 2224.5378479003907 534.5206604003906 0.8600260416666666 
188 1891.7709594726562 874.0376098632812 2300.592077636719 1103.1572143554688 0.8954380580357143 1902.1383544921875 319.20897064208987 2221.1087158203127 534.8508743286133 0.8519810267857143 
189 1894.3129760742188 877.524057006836 2306.3225219726564 1101.4423126220704 0.8963448660714286 1905.1643920898437 319.96757354736326 2223.1283325195313 539.4075180053711 0.8602120535714286 
190 1898.6967834472657 874.2392578125 2307.357781982422 1103.26904296875 0.8921828497023809 1906.1238159179688 323.082080078125 2220.478479003906 538.639599609375 0.8645135788690477 
191 1897.2655944824219 865.8762237548829 2314.4137268066406 1099.120297241211 0.8940662202380952 1905.7190185546874 322.7900955200195 2219.7013916015626 538.0923202514648 0.8614676339285714 
192 1907.978289794922 861.0854644775391 2315.913433837891 1103.1569061279297 0.8920200892857143 1904.5298828125 318.32138671875 2222.808984375 542.461572265625 0.8607933407738095 
193 1901.7528564453125 863.3963500976563 2323.0347412109377 1105.4093139648437 0.89697265625 1907.268865966797 320.76316833496094 2220.9895568847655 544.8493194580078 0.8660249255952381 
194 1896.5811889648437 868.4036224365234 2318.809191894531 1106.4682647705079 0.9030877976190477 1905.5648010253906 320.0599853515625 2219.9897644042967 549.1411865234375 0.8644438244047619 
195 1913.3626220703125 883.3428497314453 2315.3907958984373 1102.2247161865234 0.8903459821428571 1905.974951171875 323.76787109375 2223.130517578125 538.1828125 0.8626534598214286 
196 1914.7662475585937 878.0214691162109 2324.952746582031 1109.8660430908203 0.8915085565476191 1909.4502258300781 321.0458511352539 2217.0901794433594 535.056169128418 0.8583054315476191 
197 1922.8381286621093 877.3211730957031 2323.477911376953 1104.3503356933593 0.8869977678571429 1905.2031372070312 324.6437362670898 2221.2634155273436 533.866731262207 0.8606305803571429 
198 1924.7988891601562 870.855419921875 2333.0817260742188 1101.623828125 0.8846493675595238 1908.2423461914063 325.3406295776367 2223.3301635742187 520.6062393188477 0.8600027901785714 
199 1922.0365234375 856.8968109130859 2336.63876953125 1086.2511993408202 0.8953218005952381 1906.0903625488281 321.5102066040039 2223.6580505371094 515.579362487793 0.8564918154761905 
200 1919.9466979980468 863.4042877197265 2338.3859436035154 1088.039987182617 0.8703264508928571 1907.91875 315.70652770996094 2225.05146484375 500.7006378173828 0.8557710193452381 
201 1922.0203674316406 855.5697540283203 2339.0551940917967 1079.4516693115233 0.8695824032738095 1900.746484375 315.45070495605466 2238.7642578125 508.60361633300784 0.8470517113095238 
202 1925.4791931152345 821.9367004394531 2341.489190673828 1075.9218200683595 0.8837193080357143 1900.889093017578 319.01917266845703 2238.0761169433595 494.18135833740234 0.8451450892857143 
203 1921.4985046386719 818.1332000732422 2340.1065979003906 1071.042153930664 0.8840215773809523 1910.9326904296875 318.6882797241211 2246.6913330078123 510.550276184082 0.8541201636904762 
204 1928.0035400390625 825.9841064453125 2343.5941162109375 1059.7536865234374 0.8822777157738095 1910.85380859375 326.1431884765625 2244.19208984375 533.9384765625 0.8635370163690477 
205 1931.0741455078125 804.7618988037109 2341.0635498046877 1055.0711700439454 0.8759765625 1917.2971435546874 328.70946197509767 2245.2887939453126 561.7560836791993 0.8287062872023809 
206 1931.945135498047 808.4358825683594 2342.1121154785155 1045.9009094238281 0.8782552083333334 1918.1622619628906 330.68274078369143 2246.295623779297 563.830290222168 0.8505161830357143 
207 1931.3273132324218 792.1147979736328 2342.6000549316404 1038.8784271240233 0.8758603050595238 1917.50732421875 330.7233459472656 2246.525390625 564.4994323730468 0.830078125 
208 1928.4492065429688 797.0199279785156 2343.8357055664064 1030.6747741699219 0.8788364955357143 1918.9632934570313 332.5393798828125 2243.4837280273437 553.213427734375 0.8255440848214286 
209 1931.680517578125 793.3595794677734 2346.945458984375 1022.6203399658203 0.8815104166666666 1915.0433532714844 331.3442321777344 2243.7946594238283 556.2793029785156 0.8348679315476191 
210 1938.1613525390626 789.591683959961 2344.8855224609374 1018.9149688720703 0.8611886160714286 1921.020281982422 335.6048095703125 2245.534527587891 547.620654296875 0.83203125 
211 1937.3813720703124 783.3845642089843 2347.1816162109376 1012.0098449707032 0.8594447544642857 1920.2925354003905 329.2861602783203 2248.132635498047 553.5978118896485 0.8376581101190477 
212 1941.7681945800782 773.5399932861328 2346.5793395996093 1001.7846527099609 0.8728841145833334 1917.0885925292969 331.1296127319336 2248.6893615722656 546.4547683715821 0.8394717261904762 
213 1943.558416748047 774.8820373535157 2353.0906311035155 994.7361267089843 0.8676990327380952 1923.6622314453125 334.34474029541013 2246.9769287109375 549.8880172729492 0.8230329241071429 
214 1948.8104248046875 765.0815490722656 2353.4068603515625 984.5966735839844 0.8724655877976191 1913.7145568847657 331.34882202148435 2249.443524169922 550.8639465332031 0.8490280877976191 
215 1953.5927368164062 757.4670654296875 2353.120886230469 976.5630859375 0.8680710565476191 1915.2591918945313 330.180241394043 2246.0511108398437 557.8682510375977 0.8515857514880952 
216 1958.2608581542968 737.2366088867187 2348.8872131347657 977.6220336914063 0.8603980654761905 1923.2597412109376 324.9821533203125 2245.2046142578124 561.0749755859375 0.8338216145833334 
217 1966.7397338867188 733.9531829833984 2343.8435180664064 973.9284698486329 0.8411458333333334 1919.9313537597657 329.9838500976563 2245.611981201172 557.1033081054687 0.8381231398809523 
218 1962.2600891113282 725.8428527832032 2344.4253356933596 970.6003845214843 0.8565150669642857 1918.6595947265625 331.9516204833984 2249.2969482421877 555.2392364501953 0.8368908110119048 
219 1965.4940490722656 722.101351928711 2347.912567138672 967.0211456298828 0.8571428571428571 1922.8562438964843 331.2544403076172 2245.118975830078 554.6899566650391 0.8378673735119048 
220 1961.0645080566405 722.7597747802735 2347.944158935547 963.4850372314453 0.85302734375 1921.7151733398437 330.7547134399414 2248.4134887695313 558.5838790893555 0.8411690848214286 
221 1968.3648193359375 727.2769226074219 2341.3651611328123 963.0817199707031 0.8520740327380952 1916.7516357421875 332.01527099609376 2251.1658447265627 563.5327026367188 0.8349841889880952 
222 1963.4015808105469 726.547817993164 2345.0472717285156 962.3963348388672 0.8543061755952381 1919.8602355957032 331.70764617919923 2250.0483337402343 558.979884338379 0.8224283854166666 
223 1969.9876831054687 729.572964477539 2347.883654785156 957.1695281982422 0.8452613467261905 1919.282208251953 334.16941833496094 2249.941302490234 553.1774444580078 0.8257998511904762 
224 1974.1717834472656 719.0347564697265 2347.233856201172 954.8785125732422 0.8269391741071429 1919.2515075683593 330.7996078491211 2253.720782470703 558.0672439575195 0.8275204613095238 
225 1972.419610595703 719.8125671386719 2349.6413024902345 955.5761047363281 0.8510044642857143 1921.8046325683595 335.50150299072266 2251.873712158203 558.4052047729492 0.8313104538690477 
226 1973.7092407226562 719.2935028076172 2346.7206909179686 955.1053619384766 0.8405180431547619 1918.7963989257812 330.61624603271486 2253.2204467773436 562.1406204223633 0.830078125 
227 1971.7861938476562 715.9384613037109 2352.3043823242188 951.0901641845703 0.8445172991071429 1921.3024841308593 333.1180252075195 2254.790411376953 551.1678329467774 0.8337053571428571 
228 1972.4963928222655 715.8589599609375 2349.581610107422 951.5372802734375 0.8487490699404762 1917.6145751953125 331.6867950439453 2256.1344482421873 554.5099212646485 0.8330543154761905 
229 1974.2498840332032 719.896435546875 2346.9228454589843 951.2107421875 0.8557710193452381 1915.5975280761718 332.0661193847656 2254.0017150878907 554.8131530761718 0.8380533854166666 
230 1978.186669921875 716.2501831054688 2352.678076171875 950.3073120117188 0.8345889136904762 1913.370867919922 327.19146423339845 2253.817730712891 556.9930450439454 0.8412155877976191 
231 1981.3061828613281 713.6308410644531 2355.4568786621094 951.7268249511719 0.8373325892857143 1916.5492919921876 333.42945251464846 2256.6865478515624 550.2668975830078 0.8329613095238095 
232 1984.3037414550781 720.4821105957031 2354.9314880371094 950.5270446777344 0.8358909970238095 1916.1422607421875 331.5030548095703 2252.6892822265627 553.0277679443359 0.8394019717261905 
233 1988.362744140625 710.632681274414 2354.117236328125 948.7984100341797 0.8381928943452381 1916.0624877929688 329.8291976928711 2256.2990844726564 550.9830886840821 0.8366582961309523 
234 1985.0362060546875 710.7450561523438 2355.6498291015623 949.3010864257812 0.8414713541666666 1913.1088439941407 329.31765899658205 2253.903240966797 550.8339218139648 0.8416806175595238 
235 1982.6718872070312 714.0619995117188 2357.9431030273436 952.8709838867187 0.8520740327380952 1914.4406677246093 327.4735443115234 2255.596563720703 562.0180938720703 0.84326171875 
236 1985.3484497070312 721.3413024902344 2356.0277709960938 955.6788391113281 0.8390531994047619 1913.4085632324218 329.03080596923826 2254.2629455566407 554.8469711303711 0.84326171875 
237 1984.4251586914063 722.7355651855469 2360.103894042969 953.2657775878906 0.8384021577380952 1916.6124450683594 329.6519500732422 2253.8696105957033 551.644009399414 0.8400762648809523 
238 1988.503680419922 732.8800720214844 2361.368023681641 951.4557434082031 0.8288457961309523 1917.1286315917969 329.1908355712891 2251.4208068847656 560.6239227294922 0.8476795014880952 
239 1989.205322265625 734.6632904052734 2362.111083984375 953.2631622314453 0.8279854910714286 1914.0307983398438 329.1160232543945 2252.646203613281 547.7158554077148 0.8507952008928571 
240 1984.8052734375 730.2189575195313 2366.586328125 957.5716918945312 0.8531901041666666 1917.6553955078125 331.9392974853516 2252.2498779296875 550.7126190185547 0.8368908110119048 
241 1988.9926391601562 726.2265319824219 2366.399206542969 957.8168029785156 0.8573288690476191 1914.7650085449218 331.33534088134763 2249.2844299316407 554.3482223510742 0.8436569940476191 
242 1991.1203186035157 731.9308074951172 2371.460614013672 962.6991363525391 0.8394252232142857 1917.1561157226563 326.27827911376954 2254.761608886719 539.9526473999024 0.8442615327380952 
243 1993.8068420410157 729.2964721679688 2366.136395263672 960.3974975585937 0.8582589285714286 1923.0281066894531 324.54059448242185 2252.5611267089844 525.6840148925781 0.8531668526785714 
244 1994.6349548339845 729.1531280517578 2370.553155517578 959.830209350586 0.8447730654761905 1922.1787475585938 309.20255889892576 2242.563684082031 505.7052474975586 0.8617466517857143 
245 1987.7156066894531 728.2867156982422 2364.2911071777344 959.3670318603515 0.8568405877976191 1916.9431640625 276.4950241088867 2250.72578125 486.1790176391602 0.8642345610119048 
246 1991.483203125 720.9020751953125 2363.846875 964.864404296875 0.8649088541666666 1928.7641235351562 257.34064025878905 2245.487097167969 467.06268005371095 0.8408668154761905 
247 1993.8911437988281 719.6563903808594 2360.7039489746094 967.0418518066406 0.8658389136904762 1929.0919372558594 257.8593246459961 2231.9257629394533 441.2657669067383 0.8340541294642857 
248 1992.4580688476562 724.732943725586 2365.8605346679688 965.0840118408203 0.8593052455357143 1932.0401245117187 230.65968399047853 2228.1871704101563 432.3829032897949 0.8297293526785714 
249 1991.8908569335938 728.4188629150391 2363.9292114257814 972.1679901123047 0.8467726934523809 1934.9832580566406 228.25613403320312 2230.0478698730467 416.4133605957031 0.8190801711309523 
250 1993.843572998047 728.4836822509766 2366.0198303222655 972.3232635498047 0.8576543898809523 1941.1926818847655 228.13534545898438 2227.811102294922 416.3623962402344 0.8148251488095238 
251 1994.5000061035157 729.1714813232422 2370.311883544922 968.324429321289 0.8507021949404762 1934.3832397460938 228.69121627807618 2233.3245239257812 420.8677589416504 0.8210797991071429 
252 1997.7844299316407 728.7294830322265 2372.218865966797 971.2608123779297 0.8535621279761905 1934.1240783691405 230.57474746704102 2236.224432373047 422.04681930541994 0.8200334821428571 
253 1994.6088500976562 737.5916259765625 2374.167272949219 967.885546875 0.8561895461309523 1938.8397399902344 226.97556991577147 2233.1042297363283 418.88717727661134 0.8226143973214286 
254 2001.1143615722656 730.030630493164 2377.3147155761717 969.4309783935547 0.8488420758928571 1933.865167236328 224.75776138305665 2237.3905700683595 425.68308029174807 0.8124767485119048 
255 1996.446337890625 746.7444946289063 2372.485302734375 964.6760375976562 0.8455868675595238 1940.073486328125 220.48736648559571 2234.922119140625 412.7799522399902 0.8264043898809523 
256 2003.2490966796875 726.2143737792969 2375.0243408203123 969.7912414550781 0.8326357886904762 1935.5341247558595 208.49028091430665 2238.936700439453 409.33434982299804 0.8377976190476191 
257 2002.6790100097655 725.0159973144531 2374.171942138672 968.4078308105469 0.8473074776785714 1930.2527770996094 194.54659576416014 2246.235137939453 395.238102722168 0.8559337797619048 
258 2001.264111328125 724.8292663574218 2373.797900390625 968.9031555175782 0.8550269717261905 1936.7047241210937 187.76788787841798 2240.726672363281 376.1758071899414 0.837890625 
259 2002.571728515625 720.1756042480469 2369.513232421875 971.9146057128906 0.8579566592261905 1937.2573974609375 179.44550399780275 2244.4642822265623 367.1830513000488 0.8609328497023809 
260 2002.8648986816406 735.2072387695313 2371.686737060547 972.6098999023437 0.85595703125 1957.6996154785156 177.89801330566405 2237.495574951172 355.95000915527345 0.8409830729166666 
261 2001.4740234375 734.3614044189453 2370.77939453125 976.3201751708984 0.8566545758928571 1947.7597534179688 177.30118408203126 2244.9021118164064 351.34169921875 0.8452845982142857 
262 1999.7162475585938 746.3633636474609 2370.2210083007812 976.3318878173828 0.8582821800595238 1949.5948852539063 172.42500915527344 2243.4434448242187 351.2893463134766 0.8525390625 
263 1999.8860900878906 735.6516021728515 2375.8198425292967 974.8821502685547 0.8691638764880952 1953.880126953125 174.54427642822264 2244.374267578125 349.69519500732423 0.8509812127976191 
264 1996.0334533691407 734.4050720214843 2380.516229248047 973.6388732910157 0.8529575892857143 1947.2336547851562 172.79721450805664 2242.0038940429686 352.2225456237793 0.8459588913690477 
265 2002.398388671875 747.3592346191406 2374.500537109375 974.0421325683594 0.8495396205357143 1945.4809204101562 170.9463035583496 2240.596472167969 346.30481033325196 0.8538643973214286 
266 1997.7332153320312 750.259375 2378.9432983398438 972.9887939453125 0.8461449032738095 1940.7330078125 171.5253532409668 2244.844140625 355.7054359436035 0.8435174851190477 
267 2002.654034423828 752.9642608642578 2379.193988037109 975.4652435302735 0.8503766741071429 1942.4207580566406 163.4685386657715 2241.9414245605467 360.2962471008301 0.8541899181547619 
268 1998.52314453125 749.869970703125 2379.62626953125 976.818994140625 0.8504929315476191 1937.750927734375 167.01606674194335 2246.059130859375 363.99072341918946 0.8533993675595238 
269 1998.933172607422 742.3494476318359 2380.2119689941405 982.2552276611328 0.8568405877976191 1938.6272705078125 160.21540908813478 2242.7936279296873 361.5649101257324 0.8579566592261905 
270 2000.1635803222657 760.1084930419922 2386.468133544922 983.306607055664 0.8575613839285714 1941.2273071289062 161.66672439575194 2237.3940307617186 363.40351181030275 0.8593284970238095 
271 2003.280340576172 762.597265625 2386.7554260253905 986.6501708984375 0.8517252604166666 1936.4952514648437 161.86369934082032 2238.105090332031 364.37305603027346 0.8613746279761905 
272 2003.1881958007812 749.8190856933594 2392.744177246094 989.5457824707031 0.8592819940476191 1934.0362670898437 165.32042236328124 2237.975695800781 362.2388427734375 0.8531436011904762 
273 2009.3757934570312 772.2998596191406 2397.7396850585938 992.3726257324219 0.8459821428571429 1936.3501953125 167.8466323852539 2238.41103515625 362.0284591674805 0.8621419270833334 
274 2014.8779418945312 777.824267578125 2400.8893920898436 994.6846435546875 0.8580729166666666 1934.8062866210937 166.4447250366211 2234.073840332031 361.6190872192383 0.8646065848214286 
275 2015.1954711914063 782.2043670654297 2405.6172729492187 1003.4432769775391 0.8650251116071429 1939.4471435546875 164.53725891113282 2234.4322509765625 359.7480804443359 0.8601888020833334 
276 2006.7199096679688 784.5936065673828 2413.2920532226562 1007.5525726318359 0.8642810639880952 1939.1259033203125 161.62002487182616 2232.0327880859377 362.72026138305665 0.8544224330357143 
277 2011.80302734375 781.9459045410156 2419.01533203125 1007.6830017089844 0.8715587797619048 1943.877703857422 162.95621566772462 2231.581890869141 353.2836067199707 0.8557710193452381 
278 2020.0943481445313 779.7187744140625 2420.516247558594 1011.0737060546875 0.8633975074404762 1940.5233642578125 161.4604148864746 2229.7168701171877 352.77312088012695 0.8652576264880952 
279 2020.2924560546876 785.145654296875 2422.8462158203124 1008.7865966796875 0.8568638392857143 1940.8138244628906 159.12303161621094 2227.0742370605467 351.45423889160156 0.8635835193452381 
280 2025.5925903320312 787.3044677734375 2422.9320678710938 1013.06552734375 0.8569568452380952 1936.8511840820313 158.820458984375 2230.340466308594 352.974951171875 0.8608165922619048 
281 2023.67021484375 785.65322265625 2430.1017578125 1018.5522216796875 0.8634672619047619 1934.4449829101563 161.603507232666 2231.2769409179687 353.4026420593262 0.8636532738095238 
282 2022.4503662109375 786.0597747802734 2437.2259033203127 1023.0741973876953 0.8785109747023809 1934.44658203125 159.68951797485352 2230.71455078125 355.6822319030762 0.8670479910714286 
283 2031.38369140625 791.2164825439453 2441.86630859375 1026.4368988037108 0.8831380208333334 1931.15771484375 165.02621154785157 2226.33642578125 354.1250335693359 0.8693266369047619 
284 2035.07763671875 792.2203247070313 2446.22802734375 1035.1727416992187 0.8831845238095238 1936.6029968261719 169.74457015991212 2235.6212463378906 356.6310554504395 0.8517485119047619 
285 2037.0132934570313 790.749722290039 2456.795544433594 1045.4491912841797 0.8757207961309523 1941.7730712890625 183.20814208984376 2243.6390380859375 357.7244140625 0.8329613095238095 
286 2038.7819946289062 793.3193328857421 2471.3471557617186 1050.006411743164 0.8758138020833334 1933.2916870117188 206.63226928710938 2266.0342407226562 382.51043090820315 0.8497953869047619 
287 2042.32958984375 792.7723754882812 2482.70458984375 1063.7725463867187 0.8690941220238095 1947.7773071289062 226.94802551269532 2272.009558105469 401.1623870849609 0.8450753348214286 
288 2059.2651489257814 796.8322967529297 2487.3361694335936 1069.2412506103515 0.8807663690476191 1964.7825317382812 253.13691253662108 2271.2426147460938 437.9858596801758 0.8227074032738095 
289 2063.8562255859374 795.6040191650391 2499.7770751953126 1079.6874237060547 0.8933686755952381 1960.0563598632812 275.6634780883789 2283.323767089844 461.78711395263673 0.8391462053571429 
290 2080.38349609375 798.8164978027344 2510.65556640625 1083.9968566894531 0.9043666294642857 1966.65771484375 311.2004028320313 2281.85693359375 486.3111328125 0.8298456101190477 
291 2088.49130859375 798.6498138427735 2519.60634765625 1102.9662139892578 0.9166434151785714 1963.6436706542968 317.20562133789065 2293.3198303222657 499.79547729492185 0.85302734375 
292 2105.689501953125 813.8741394042969 2534.179150390625 1113.3005432128907 0.9122721354166666 1962.1316284179688 320.2573776245117 2292.533166503906 526.7583389282227 0.8580031622023809 
293 2118.961950683594 837.8230407714843 2548.577355957031 1125.9798156738282 0.90087890625 1975.6896179199218 353.5988739013672 2284.8031799316404 542.2105133056641 0.8188011532738095 
294 2125.6708374023438 854.7164855957031 2561.4041137695312 1138.2055114746095 0.9089471726190477 1978.6766662597656 351.5436065673828 2288.414520263672 551.035922241211 0.8271716889880952 
295 2141.429333496094 882.2018615722657 2577.368273925781 1150.0680358886718 0.9098307291666666 1972.9523376464845 349.90357513427733 2293.341241455078 538.9856155395507 0.8343098958333334 
296 2155.612109375 900.0245422363281 2602.52900390625 1157.6589294433593 0.8868350074404762 1972.5986755371093 349.16422576904296 2288.069415283203 543.7044570922851 0.8352399553571429 
297 2177.537634277344 912.0434387207031 2618.966027832031 1174.7984802246094 0.8882300967261905 1973.1951843261718 349.343603515625 2293.7561096191407 549.0373779296875 0.8474237351190477 
298 2202.506799316406 922.4367553710938 2633.087683105469 1190.2370727539062 0.8822777157738095 1972.8771911621093 353.91651763916013 2293.187384033203 542.9519821166992 0.8417736235119048 
299 2222.2627197265624 930.6126861572266 2657.7455810546876 1198.1985321044922 0.8869280133928571 1973.8476135253907 354.4757598876953 2288.654705810547 543.3598724365235 0.8397042410714286 
