0 598.2701995849609 1195.2141418457031 729.7830841064454 1304.3946228027344 0.8411923363095238 367.3114288330078 1129.5531188964844 498.8243133544922 1228.808087158203 0.8761393229166666 
1 611.2449554443359 1197.7255554199219 743.1104522705078 1305.1715393066406 0.8477957589285714 378.6018829345703 1136.5828247070312 508.0254364013672 1236.7028198242188 0.8890206473214286 
2 622.8842224121094 1205.6600830078125 754.6334777832031 1308.6641357421875 0.8471447172619048 396.5150512695312 1149.3673461914063 525.8688598632813 1245.1848999023437 0.8751860119047619 
3 632.9170745849609 1209.6684326171876 766.1409698486328 1311.9653564453124 0.8508882068452381 414.415283203125 1163.4609802246093 538.1231689453125 1253.8628723144532 0.8856956845238095 
4 647.9142272949218 1215.7443237304688 780.4883605957032 1315.7564086914062 0.8404947916666666 442.79112701416017 1177.009747314453 554.4324752807618 1256.0890075683594 0.8440987723214286 
5 657.1764739990234 1220.2341613769531 791.7714630126953 1316.6939392089844 0.8541666666666666 468.3120422363281 1187.793389892578 564.7718200683594 1266.3070739746095 0.8638857886904762 
6 670.8246948242188 1227.4063354492187 804.8402221679687 1319.6793579101563 0.8421456473214286 502.84051513671875 1194.1136352539063 584.1286010742188 1281.9928100585937 0.8539341517857143 
7 681.0702545166016 1231.068896484375 818.0902069091796 1322.415478515625 0.8449358258928571 535.1833709716797 1194.4297424316405 602.6058746337891 1298.825994873047 0.8415411086309523 
8 693.4930297851563 1232.9679077148437 832.3740356445312 1324.1085083007813 0.8638857886904762 563.4589813232421 1195.1595764160156 628.5595123291016 1310.1703796386719 0.8466564360119048 
9 707.7783355712891 1232.648748779297 844.6945037841797 1326.0994201660155 0.857421875 590.170864868164 1195.2016235351562 659.7155487060547 1323.4245971679688 0.8519577752976191 
10 723.1416290283203 1232.7227416992187 856.296176147461 1326.8492797851563 0.8543294270833334 619.3022583007812 1199.963885498047 688.1752807617188 1333.1185119628906 0.8682570684523809 
11 732.2445831298828 1233.5012451171874 871.8838958740234 1325.0680908203126 0.8371698288690477 644.8158660888672 1202.0690979003907 718.0693267822265 1337.1302429199218 0.8563290550595238 
12 742.8738952636719 1234.4873474121093 882.8662170410156 1322.5469543457032 0.8166620163690477 659.5906219482422 1206.6972290039062 738.6185455322266 1339.9158081054688 0.8546316964285714 
13 757.8136047363281 1232.745831298828 898.5495544433594 1322.1019470214844 0.8002232142857143 680.8299072265625 1208.688458251953 759.0165283203125 1342.7225524902344 0.8444242931547619 
14 769.3466949462891 1232.0089538574218 909.7445526123047 1319.7575256347657 0.7945265997023809 691.807241821289 1211.7592712402343 772.9748016357422 1343.3822082519532 0.8319847470238095 
15 777.3180877685547 1228.8480163574218 921.838589477539 1319.4428771972657 0.7875279017857143 701.324594116211 1214.4126037597657 785.4484161376953 1343.8338562011718 0.8319847470238095 
16 793.8236755371094 1227.4697998046875 935.8402648925781 1319.9957763671875 0.7860863095238095 705.6840148925781 1224.2421447753907 793.9064392089844 1344.7411315917968 0.8388671875 
17 804.9927551269532 1230.131884765625 949.4573181152343 1314.223095703125 0.7882486979166666 706.2228210449218 1223.2485717773438 801.0950500488282 1352.6198364257812 0.8407040550595238 
18 819.4437438964844 1229.2764770507813 962.8180969238281 1313.9976928710937 0.7850399925595238 711.3280731201172 1230.02841796875 806.911001586914 1351.679345703125 0.8442150297619048 
19 829.926416015625 1229.628594970703 972.4570068359375 1315.1469177246095 0.7777390252976191 717.6730163574218 1235.4478576660156 809.7697326660157 1358.243426513672 0.8478655133928571 
20 843.2311553955078 1228.4065979003906 984.5478363037109 1312.313250732422 0.7777855282738095 721.4475372314453 1238.85244140625 814.186557006836 1364.7125 0.8390531994047619 
21 855.0944091796875 1225.030517578125 995.8701904296875 1312.177490234375 0.8108026413690477 722.9989776611328 1244.4537719726563 816.8494720458984 1371.8223510742187 0.8613746279761905 
22 863.764370727539 1221.6234008789063 1005.3184539794922 1313.7459838867187 0.810546875 726.96337890625 1250.5738037109375 825.8265380859375 1376.3995849609375 0.8650018601190477 
23 878.0347869873046 1219.7443542480469 1016.5681793212891 1317.3990783691406 0.8157319568452381 728.4956085205079 1259.0508117675781 830.6923187255859 1379.4158630371094 0.8490513392857143 
24 890.9347106933594 1217.3121704101563 1026.590313720703 1316.1797729492187 0.7956659226190477 729.3683715820313 1262.678155517578 839.7322143554687 1382.2389587402345 0.8395647321428571 
25 901.1975891113282 1216.6975952148437 1033.9459655761718 1314.5121215820313 0.7980375744047619 733.4259674072266 1271.87509765625 845.2139862060546 1388.320947265625 0.8430989583333334 
26 912.2895874023437 1211.6755065917969 1042.8097778320312 1311.3456115722656 0.8014787946428571 732.6645233154297 1279.1262084960938 853.692349243164 1395.4079711914062 0.8490978422619048 
27 923.153076171875 1207.725830078125 1050.061767578125 1308.294921875 0.7784598214285714 737.6710357666016 1289.507257080078 859.7908172607422 1399.6544860839845 0.8327055431547619 
28 933.8691284179688 1206.1036682128906 1056.4096801757812 1307.0195007324219 0.8035714285714286 741.094189453125 1299.2566711425782 868.440234375 1409.7834899902343 0.8328915550595238 
29 940.7090545654297 1203.2509338378907 1065.0659088134767 1306.0843933105468 0.7944103422619048 744.8839294433594 1313.3507080078125 876.4151428222656 1418.5758056640625 0.8389136904761905 
30 959.1408386230469 1200.3943359375 1070.7604064941406 1307.264111328125 0.8186383928571429 754.4439758300781 1325.1671203613282 882.6877380371094 1427.2871032714843 0.8416806175595238 
31 969.1028594970703 1197.28759765625 1077.8148040771484 1303.63623046875 0.8228236607142857 758.3144409179688 1335.722509765625 897.7492797851562 1439.70791015625 0.8323102678571429 
32 983.1365173339843 1195.7864318847655 1084.4119445800782 1306.482733154297 0.8403087797619048 766.8167144775391 1344.6195983886719 905.7758758544921 1452.9606018066406 0.8455868675595238 
33 992.1649230957031 1193.7866760253905 1093.1899353027343 1306.558660888672 0.8377511160714286 774.3015686035156 1353.6373962402345 915.2666687011719 1459.361260986328 0.84716796875 
34 1002.58623046875 1194.0734130859375 1096.3322265625 1304.2249267578125 0.8550734747023809 783.6352172851563 1366.1514038085938 931.2851928710937 1469.2719360351562 0.8607468377976191 
35 1013.1521301269531 1191.021240234375 1104.3497009277344 1305.602783203125 0.8414248511904762 793.6124847412109 1374.3156677246093 947.9467803955079 1474.8668273925782 0.8493536086309523 
36 1021.3607116699219 1185.3550842285156 1114.5961975097657 1299.568621826172 0.8356119791666666 809.1601959228516 1384.7356872558594 969.9914764404297 1480.3020324707031 0.8349609375 
37 1026.8813110351562 1182.2741271972657 1122.2837280273438 1298.6185729980468 0.8296595982142857 822.3834777832031 1390.7992126464844 999.2271179199219 1483.874737548828 0.8337518601190477 
38 1033.586572265625 1177.3540771484375 1126.495947265625 1295.8134033203125 0.8307989211309523 834.8144805908203 1393.457452392578 1009.019320678711 1481.7211364746095 0.8243350074404762 
39 1041.1971069335937 1171.1999084472657 1138.6053833007813 1291.8004577636718 0.8233119419642857 852.6247955322266 1389.7439819335937 1038.1643280029298 1487.1522583007813 0.8317987351190477 
40 1045.3189392089844 1169.7978820800781 1142.4372863769531 1285.4148864746094 0.8175688244047619 870.0258331298828 1390.7151794433594 1052.700668334961 1487.8335266113281 0.8362397693452381 
41 1057.1734375 1155.1845336914062 1142.53798828125 1284.3850463867188 0.8037806919642857 888.0413208007812 1389.360595703125 1070.3063354492188 1488.568115234375 0.8354957217261905 
42 1068.18603515625 1152.1252319335938 1143.923095703125 1278.3537719726562 0.8069428943452381 907.973031616211 1388.3401184082031 1086.9879669189454 1487.0279235839844 0.8359607514880952 
43 1079.2345886230469 1147.6033508300782 1141.0917053222656 1271.3174255371093 0.7951543898809523 927.5879730224609 1386.6605712890625 1097.1220489501952 1485.1736572265625 0.8428896949404762 
44 1083.868896484375 1149.0945861816406 1145.736328125 1268.246600341797 0.7920619419642857 946.29765625 1381.8464477539062 1115.86005859375 1484.9587280273438 0.8493303571428571 
45 1087.9691101074218 1148.478857421875 1149.7043518066407 1265.08974609375 0.8017113095238095 961.5088134765625 1375.1929077148438 1128.4223388671876 1478.0849243164062 0.8516555059523809 
46 1088.007257080078 1146.7074157714844 1154.4699157714845 1261.298321533203 0.7947358630952381 978.1762512207031 1368.6612487792968 1140.8954040527344 1469.5012268066407 0.8479817708333334 
47 1093.886212158203 1149.402276611328 1160.3622009277344 1261.7235778808595 0.7921316964285714 987.2956298828125 1364.6112731933595 1152.3391357421874 1460.886651611328 0.8421456473214286 
48 1095.6408142089845 1143.1359619140626 1166.782647705078 1257.8806396484374 0.7893182663690477 1000.0496490478515 1359.3855895996094 1165.2820770263672 1451.1814270019531 0.8358909970238095 
49 1097.5888977050781 1140.720965576172 1171.0701599121094 1257.8318908691406 0.7878534226190477 1013.332666015625 1350.036798095703 1174.073095703125 1444.1847595214845 0.8251953125 
50 1099.8601989746094 1138.4453186035157 1173.8096008300781 1249.3695007324218 0.7826450892857143 1026.7995300292969 1340.9173767089844 1179.3202209472656 1437.976055908203 0.8281715029761905 
51 1106.4009399414062 1138.1159790039062 1180.4384155273438 1242.2311889648438 0.7818080357142857 1037.346661376953 1332.9094177246093 1185.4217712402344 1430.0836242675782 0.8483770461309523 
52 1112.4943054199218 1133.2620910644532 1186.9318420410157 1233.2873474121093 0.7815290178571429 1044.8565673828125 1327.3182739257813 1193.7313232421875 1420.3650756835937 0.8192894345238095 
53 1117.9265747070312 1128.1029968261719 1194.8268432617188 1228.3063049316406 0.7722516741071429 1054.0222595214843 1320.1743591308593 1203.1621887207032 1418.0474426269532 0.8455868675595238 
54 1126.9449096679687 1125.8305297851562 1204.1485961914063 1221.7502807617188 0.7746233258928571 1063.0582641601563 1316.590399169922 1210.4473510742187 1412.5103088378905 0.8499116443452381 
55 1133.6423706054688 1122.5260986328126 1216.0854125976562 1212.0356689453124 0.7688802083333334 1072.2177856445312 1308.3401245117188 1215.9042846679688 1404.9162231445312 0.8335425967261905 
56 1142.0341247558595 1116.276141357422 1222.672052001953 1204.0291564941406 0.7713913690476191 1084.1099182128905 1301.8163452148438 1224.040350341797 1394.3128051757812 0.8296828497023809 
57 1148.0313720703125 1110.1173095703125 1233.8516845703125 1195.9376220703125 0.7713448660714286 1088.8007568359376 1291.1100341796875 1227.0666748046874 1381.6980712890625 0.7972702752976191 
58 1158.4310974121095 1103.1852478027345 1244.810479736328 1189.564630126953 0.7712053571428571 1098.8144836425781 1284.0651306152345 1237.9812927246094 1370.444512939453 0.8091517857142857 
59 1171.2831420898438 1100.7927856445312 1258.0794067382812 1180.3558959960938 0.7739490327380952 1110.0805908203124 1274.0143493652345 1245.0971435546876 1363.221612548828 0.8281482514880952 
60 1181.7599731445312 1092.3806274414062 1269.1453002929688 1177.3386108398438 0.77587890625 1118.5550109863282 1267.6181274414062 1252.0603454589843 1355.0034545898438 0.8225678943452381 
61 1191.9275268554688 1084.7851928710938 1277.6364379882812 1170.4941040039062 0.7762276785714286 1128.1638061523438 1261.5717346191407 1260.4004028320312 1349.7294128417968 0.8050827752976191 
62 1201.0038696289062 1075.5664306640624 1289.7253784179688 1161.8234619140626 0.7833426339285714 1137.9699768066407 1256.23232421875 1263.6588073730468 1337.560400390625 0.8013625372023809 
63 1205.2137329101563 1061.2607177734376 1296.7237670898437 1150.2973876953124 0.7801339285714286 1149.8511901855468 1240.095068359375 1275.9865783691407 1329.13173828125 0.8124767485119048 
64 1217.0541687011719 1059.555108642578 1306.9710998535156 1141.9789489746095 0.7930385044642857 1160.8559692382812 1231.8960693359375 1288.2385131835938 1319.3153564453125 0.8175223214285714 
65 1223.67451171875 1049.2683898925782 1316.578173828125 1134.6394470214843 0.7882952008928571 1174.1322326660156 1218.6584350585938 1294.6559753417969 1309.0512817382812 0.8334030877976191 
66 1231.154315185547 1041.3990356445313 1316.7586486816406 1124.4857299804687 0.7964332217261905 1186.4152465820312 1209.0248229980468 1307.2685913085938 1299.6647521972657 0.8597702752976191 
67 1233.6679626464843 1032.3913024902345 1324.5865539550782 1115.733331298828 0.8043387276785714 1197.43662109375 1198.8811096191407 1316.135888671875 1287.2742858886718 0.8465401785714286 
68 1237.992742919922 1025.5432739257812 1329.2534729003905 1104.1288452148438 0.8070591517857143 1211.9600891113282 1190.1244873046876 1326.0358825683593 1278.8501220703124 0.8578171502976191 
69 1239.2828735351563 1018.3734313964844 1332.7962280273437 1096.722393798828 0.8024321056547619 1220.8134216308595 1185.2781921386718 1339.600762939453 1266.1547912597657 0.8376116071428571 
70 1240.7119384765624 1015.229150390625 1335.7223876953126 1087.737158203125 0.8055013020833334 1232.6340881347655 1175.9200622558594 1347.646795654297 1255.928936767578 0.8431222098214286 
71 1244.3621459960937 1011.5142700195313 1340.7008422851563 1080.6805541992187 0.8062453497023809 1244.2671020507812 1169.9886840820313 1357.8974487304688 1249.0357299804687 0.8367513020833334 
72 1246.4808166503906 1010.5495971679687 1343.936541748047 1073.8957153320312 0.8076404389880952 1256.6012023925782 1160.6687744140625 1363.8024841308593 1238.6332275390625 0.8230794270833334 
73 1250.561181640625 1007.0641662597657 1349.4849609375 1069.7963073730468 0.8026181175595238 1266.1514465332032 1153.0371032714843 1374.7263610839843 1237.4842590332032 0.8404715401785714 
74 1253.9603698730468 1008.8937072753906 1350.3798400878907 1059.5138854980469 0.8048735119047619 1278.8069458007812 1149.9071105957032 1384.8683471679688 1231.8637634277343 0.83349609375 
75 1259.3756469726563 1007.3012084960938 1350.1944213867187 1055.1006469726562 0.7804594494047619 1291.6402770996094 1141.3232971191405 1389.628887939453 1222.582342529297 0.8438197544642857 
76 1256.717706298828 1008.3999389648437 1350.6339782714845 1053.1220336914062 0.7830868675595238 1301.18173828125 1134.4817993164063 1397.334130859375 1219.4537475585937 0.8302176339285714 
77 1255.0017822265625 1003.3088745117187 1350.9396240234375 1046.9169555664062 0.7748790922619048 1317.8142822265625 1128.179132080078 1407.2108642578125 1208.8541931152345 0.8081287202380952 
78 1256.9234008789062 1003.9112274169922 1347.8678588867188 1041.475308227539 0.7711821056547619 1331.291015625 1126.0323974609375 1410.373291015625 1199.1834228515625 0.7973400297619048 
79 1256.0057739257813 996.2103790283203 1351.8391967773437 1042.0437103271483 0.7277018229166666 1344.467431640625 1117.6046447753906 1423.634130859375 1194.6882019042969 0.7880161830357143 
80 1255.6120361328126 991.2761962890625 1350.0410400390624 1039.5399658203125 0.7095191592261905 1356.2556518554688 1116.6166076660156 1431.7987915039062 1183.7660827636719 0.7726236979166666 
81 1256.179376220703 991.02880859375 1352.1015075683595 1035.79248046875 0.6778971354166666 1372.7616455078125 1113.43203125 1438.8413818359375 1177.380224609375 0.75439453125 
82 1259.7134948730468 989.2668975830078 1348.5786193847657 1031.5836273193358 0.6877790178571429 1382.1064086914062 1107.0211853027345 1454.0447143554688 1172.611993408203 0.7662062872023809 
83 1262.2329833984375 984.4800598144532 1355.9745361328125 1034.4756286621093 0.6021902901785714 1397.717706298828 1096.5693725585938 1456.0458435058595 1161.1469360351562 0.8038504464285714 
84 1278.559747314453 1006.5254272460937 1361.3009704589845 1047.8959594726562 0.22634742373511904 1410.3091186523438 1083.220147705078 1468.2279907226562 1149.4130310058595 0.7563709077380952 
85 1423.3019409179688 1074.7702575683593 1475.4304809570312 1139.4095520019532 0.7556036086309523 
86 1439.7742492675782 1073.4888244628905 1485.5930603027343 1133.886297607422 0.7370721726190477 
87 1469.682861328125 1098.9815673828125 1469.682861328125 1098.9815673828125 0.15835425967261904 1448.2732849121094 1061.7578552246093 1507.3120422363281 1131.3394348144532 0.7403506324404762 
88 1408.6894470214843 1069.8213928222656 1482.9581359863282 1110.138690185547 0.19944545200892858 1449.8228454589844 1055.2124084472657 1507.1159973144531 1123.1153503417968 0.7652064732142857 
89 1392.5086303710937 1052.418438720703 1475.3998168945313 1084.2997009277344 0.20883324032738096 1457.3338317871094 1049.2303161621094 1516.8454895019531 1108.7419738769531 0.7916666666666666 
90 1463.896337890625 1066.2450805664062 1468.12197265625 1078.9216674804688 0.17406354631696427 1461.4586181640625 1049.5054016113281 1529.0675048828125 1108.6631774902344 0.7882021949404762 
91 1488.714599609375 1064.03173828125 1488.714599609375 1064.03173828125 0.1510678245907738 1473.5288391113281 1040.9688720703125 1534.7591247558594 1100.0877685546875 0.76416015625 
92 1490.3985412597656 1037.7618469238282 1515.786151123047 1075.8434997558593 0.17180524553571427 1483.9701843261719 1042.0746215820313 1536.8612365722656 1099.1968627929687 0.7050316220238095 
93 1492.8395751953126 1030.9441955566406 1532.8088623046874 1041.462420654297 0.17031133742559523 1489.926824951172 1025.6041625976563 1555.1399475097655 1082.4026733398437 0.6888020833333334 
94 1478.0954162597657 1009.8051147460938 1541.3321960449218 1045.6392211914062 0.19199916294642858 1499.4176147460937 1009.8861877441407 1560.5464965820313 1073.1229675292968 0.6603422619047619 
95 1488.7166137695312 929.8126281738281 1562.2462768554688 1034.5367370605468 0.22286551339285715 1495.5724487304688 971.6337646484375 1569.1021118164062 1040.7070556640624 0.5311918712797619 
96 1499.7913391113282 1008.735986328125 1567.6428649902343 1053.263525390625 0.2023983909970238 1521.9735778808595 1000.7438781738281 1581.343682861328 1057.9935485839844 0.5949823288690477 
97 1529.2324096679688 979.3694885253906 1575.9502075195312 1034.581561279297 0.2765997023809524 1526.2921203613282 974.4690185546875 1598.4924255371093 1072.1518310546876 0.3069661458333333 
98 1538.8365783691406 966.0819030761719 1545.1596374511719 991.3736633300781 0.15427943638392858 1528.6226928710937 938.4392608642578 1834.2315551757813 1147.0963226318358 0.286376953125 
99 1519.8361022949218 963.4927917480469 1607.5719787597657 1019.3247131347656 0.26393926711309523 1563.3972106933593 964.5664428710937 1619.2291320800782 1024.3864379882812 0.4631928943452381 
100 1522.388201904297 927.4827545166015 1640.9083068847656 1004.5208465576172 0.2515055338541667 1562.3507507324218 942.4497100830079 1637.4135314941407 1021.4631927490234 0.7441173735119048 
101 1568.2541442871093 922.291650390625 1646.6170715332032 1002.613623046875 0.6479957217261905 
102 1203.234326171875 1166.0558227539063 1214.84990234375 1171.8636108398437 0.1278134300595238 1574.9338256835938 912.6717071533203 1656.2431762695312 997.8528900146484 0.4218633742559524 
103 1209.448797607422 1146.507373046875 1236.2395568847655 1171.38447265625 0.19230724516369047 1576.0551208496095 900.9009429931641 1665.995538330078 1000.4094207763671 0.7388160342261905 
104 1210.7079040527344 854.0881195068359 1235.676251220703 1251.6604766845703 0.24046107700892858 1582.2040588378907 884.5967346191406 1678.2360046386718 992.1525329589844 0.7985491071428571 
105 1210.4015869140626 1153.7056579589844 1237.4375244140624 1207.7773742675781 0.26301502046130953 1591.4295288085937 899.5384582519531 1676.3995727539063 980.6461120605469 0.6694103422619048 
106 1209.9930053710937 848.1380645751954 1237.0724243164063 1254.3303802490234 0.21648297991071427 1593.0487182617187 886.4510375976563 1691.6954223632813 973.4923217773437 0.7707170758928571 
107 1209.9409790039062 838.3163330078125 1241.1984252929688 1266.1521728515625 0.21706426711309523 1597.5028686523438 882.497509765625 1695.1821899414062 966.5017578125 0.7949916294642857 
108 1210.0718811035156 839.6404113769531 1245.241229248047 1267.5335388183594 0.2241152808779762 1602.6453918457032 884.5038360595703 1700.3378845214843 962.657846069336 0.7989676339285714 
109 1213.5838256835937 861.8641723632812 1274.7723754882813 1242.8120971679687 0.2011776878720238 1605.0840698242187 881.5265197753906 1707.7228149414063 960.4794616699219 0.7980608258928571 
110 1223.1253540039063 856.1526123046875 1278.3331420898437 1222.8903564453126 0.18947637648809523 1607.2293579101563 880.7230987548828 1711.7298706054687 955.6480560302734 0.7859933035714286 
111 1229.423516845703 1173.0550170898437 1308.7020935058595 1236.4779418945313 0.26518322172619047 1612.8576904296874 883.7641082763672 1711.9560302734376 957.0969146728515 0.7616722470238095 
112 1228.833319091797 1169.8336364746094 1302.2793518066405 1233.354473876953 0.26767113095238093 1617.4403686523438 883.1500396728516 1710.7366333007812 956.5959930419922 0.728515625 
113 1232.8128356933594 1172.6352172851562 1334.6411437988281 1238.5242065429688 0.25436546688988093 1624.306689453125 891.3402069091796 1714.155224609375 959.2257720947266 0.7177501860119048 
114 1237.6848083496093 1168.599951171875 1344.3138488769532 1237.003564453125 0.26586332775297616 1626.9041320800782 905.354605102539 1713.4145935058593 961.6869598388672 0.6847330729166666 
115 1244.6341796875 1161.0051147460938 1341.91708984375 1233.9672973632812 0.22566150483630953 1629.5563415527345 913.6665649414062 1714.678887939453 968.3881225585938 0.6250930059523809 
116 1245.1991882324219 1155.3945373535157 1346.5831604003906 1242.5848327636718 0.2704264322916667 1637.7891845703125 920.8856201171875 1702.6749267578125 985.7713623046875 0.4932221912202381 
117 1248.8205688476562 1149.9001342773438 1342.3034545898438 1239.3186157226562 0.26438104538690477 1636.6654235839844 923.3837310791016 1701.697003173828 984.3508270263671 0.5294945126488095 
118 1247.8038635253906 1152.8576171875 1350.2145690917969 1234.786181640625 0.2142275855654762 1633.9707824707032 917.1555389404297 1707.7065856933593 966.3126617431641 0.6029575892857143 
119 1254.521435546875 1141.9123413085938 1342.8357421875 1172.7197387695312 0.17453438895089285 1633.1354187011718 929.8949310302735 1698.8576232910157 977.1328399658203 0.5400855654761905 
120 1261.9882690429688 1135.6439819335938 1295.0522583007812 1164.5750122070312 0.14178030831473215 1631.7321533203126 922.079556274414 1697.8601318359374 969.6089813232422 0.5171363467261905 
121 1262.2140686035157 1139.410888671875 1295.4296081542968 1162.24658203125 0.15009416852678573 1631.337469482422 920.9550506591797 1703.9963928222655 968.702359008789 0.6014229910714286 
122 1267.8396545410155 1133.3642944335938 1296.990789794922 1162.5155883789062 0.12913004557291666 1629.4265686035155 930.1067901611328 1689.811346435547 971.7513031005859 0.4611118861607143 
123 0.0 0.0 0.0 0.0 0.23285202752976192 0.0 0.0 0.0 0.0 0.23285202752976192 
124 1268.2517517089843 1140.1953247070312 1298.0049621582032 1155.0720092773438 0.15751720610119047 1627.6607421875 910.1801361083984 1702.04384765625 963.3108917236328 0.6007021949404762 
125 1270.177020263672 1119.6135620117188 1300.1663635253906 1151.7450805664062 0.12826392764136904 1624.4468566894532 914.4666198730469 1697.2781188964843 968.0190979003906 0.6037481398809523 
126 1279.2148193359376 1145.4173400878906 1287.7885986328124 1151.847674560547 0.09911964053199404 1624.4796997070312 922.5779388427734 1684.4971069335938 974.0214874267579 0.6237676711309523 
127 1628.7384826660157 911.184213256836 1697.3929870605468 969.4365753173828 0.6550641741071429 
128 1631.751202392578 908.62041015625 1703.5179626464844 967.7224853515625 0.685546875 
129 1632.3362915039063 908.5639404296875 1710.0560424804687 971.57998046875 0.6953590029761905 
130 0.0 0.0 0.0 0.0 0.23414829799107142 0.0 0.0 0.0 0.0 0.23414829799107142 
131 1671.1768798828125 895.5870971679688 1671.1768798828125 895.5870971679688 0.13864862351190477 1630.0637512207031 920.4691314697266 1700.7552185058594 976.1654510498047 0.6320917038690477 
132 1633.66474609375 911.6608764648438 1706.916064453125 974.1399047851562 0.6900111607142857 
133 0.0 0.0 0.0 0.0 0.23330543154761904 0.0 0.0 0.0 0.0 0.23330543154761904 
134 1631.359521484375 942.5416595458985 1683.370947265625 994.5530059814453 0.5442475818452381 
135 0.0 0.0 0.0 0.0 0.24073428199404762 0.0 0.0 0.0 0.0 0.24073428199404762 
136 1640.7409057617188 945.1652313232422 1695.2117309570312 999.6359771728515 0.5597098214285714 
137 1645.4420837402345 928.2553741455079 1718.888116455078 977.9395111083984 0.5584658668154762 
138 1693.604736328125 973.7464599609375 1693.604736328125 973.7464599609375 0.14936174665178573 1659.130108642578 936.3643249511719 1713.1266052246094 1001.1600891113281 0.5876116071428571 
139 1842.0341796875 965.4339599609375 1842.0341796875 965.4339599609375 0.15238153366815477 1673.600146484375 939.8418029785156 1716.1173828125 1005.7436462402344 0.5954473586309523 
140 1702.9908142089844 912.4859771728516 1734.9568176269531 948.7140350341797 0.19822474888392858 1678.8933654785155 919.370962524414 1749.218572998047 981.1718231201172 0.6211867559523809 
141 1698.8926818847656 911.2057708740234 1747.204852294922 944.8143096923828 0.22755068824404762 1676.756365966797 912.9023956298828 1762.8780334472656 973.817758178711 0.6083519345238095 
142 1704.1528442382812 917.2941741943359 1766.8273803710938 959.0772247314453 0.2643926711309524 1689.609130859375 918.0976684570312 1766.90771484375 980.7722045898438 0.6382533482142857 
143 1672.338397216797 914.9674041748046 1791.2615783691406 967.1266510009766 0.35363188244047616 1691.1157348632812 916.9735107421875 1772.4841186523438 979.5645751953125 0.65478515625 
144 1655.890850830078 907.5525115966797 1769.5807067871094 969.5652252197266 0.32117280505952384 1684.6710205078125 915.7414123535157 1769.4217529296875 975.6869323730468 0.6609002976190477 
145 1651.2254272460937 910.0109954833985 1775.4652465820313 974.2015899658203 0.3740234375 1689.214178466797 916.1433563232422 1774.1113830566405 982.4045562744141 0.6496930803571429 
146 1659.4520751953125 913.1001953125 1784.5459716796875 972.5710693359375 0.45388067336309523 1688.0044067382812 917.12275390625 1784.3881713867188 982.7457763671875 0.6753627232142857 
147 1660.6209655761718 912.8842590332031 1782.6145080566407 971.8477966308594 0.4171549479166667 1690.024591064453 916.872525024414 1787.6193298339845 981.9357635498047 0.6937313988095238 
148 1636.8124206542968 912.351708984375 1752.3542053222657 962.154150390625 0.3560384114583333 1682.171075439453 914.0373168945313 1789.7443298339845 975.7923950195312 0.72216796875 
149 1635.4516906738281 910.7028442382813 1752.8619079589844 960.4529174804687 0.3405064174107143 1687.1152648925781 912.6162872314453 1794.5755310058594 972.3163909912109 0.7272135416666666 
150 1654.5172546386718 918.181771850586 1771.7094299316407 950.3151153564453 0.177490234375 1684.6877136230469 913.6743988037109 1792.4288635253906 972.2704864501953 0.7383975074404762 
151 1738.5032836914063 922.3477294921875 1755.5172241210937 933.6903564453125 0.19112141927083334 1690.6605590820313 910.6414978027344 1794.6348510742187 973.0261047363281 0.7188197544642857 
152 1648.12431640625 919.8091430664062 1762.719189453125 949.8668823242188 0.28530157180059523 1693.2108154296875 914.895883178711 1792.7769775390625 975.0112823486328 0.7270275297619048 
153 1661.682147216797 921.4596771240234 1772.3914611816406 959.6353546142578 0.24966866629464285 1694.6453735351563 914.8523315429687 1799.6283081054687 972.1158081054688 0.7092168898809523 
154 1677.088800048828 920.9779266357422 1773.7758239746095 956.9985748291016 0.24697730654761904 1699.401171875 913.7591796875 1792.29658203125 974.425634765625 0.7144717261904762 
155 1649.3453186035156 902.9891784667968 1758.344256591797 942.4543029785157 0.3108491443452381 1693.0026489257812 912.3856506347656 1786.9673217773438 970.6436462402344 0.6669921875 
156 1652.4813232421875 908.1502868652344 1775.9591064453125 941.8260314941406 0.36787341889880953 1693.2808532714844 912.755517578125 1799.9206848144531 968.8818115234375 0.6707356770833334 
157 1658.2715942382813 916.0696533203125 1786.8360717773437 951.471484375 0.30512927827380953 1700.1948303222657 913.4897705078125 1800.8104187011718 971.2505859375 0.70361328125 
158 1657.1843688964843 910.3730010986328 1776.8489562988282 944.0286712646484 0.3840913318452381 1686.5970947265625 913.537222290039 1800.6524169921875 969.6299530029297 0.6531808035714286 
159 0.0 0.0 0.0 0.0 0.23330543154761904 0.0 0.0 0.0 0.0 0.23330543154761904 
160 0.0 0.0 0.0 0.0 0.23330543154761904 0.0 0.0 0.0 0.0 0.23330543154761904 
161 1658.7871154785157 910.2993835449219 1778.7725769042968 940.2957092285156 0.30903552827380953 1699.3110717773438 913.0393859863282 1793.0497680664062 969.2826354980468 0.6487397693452381 
162 0.0 0.0 0.0 0.0 0.23330543154761904 0.0 0.0 0.0 0.0 0.23330543154761904 
163 0.0 0.0 0.0 0.0 0.23330543154761904 0.0 0.0 0.0 0.0 0.23330543154761904 
164 0.0 0.0 0.0 0.0 0.23330543154761904 0.0 0.0 0.0 0.0 0.23330543154761904 
165 0.0 0.0 0.0 0.0 0.23330543154761904 0.0 0.0 0.0 0.0 0.23330543154761904 
166 0.0 0.0 0.0 0.0 0.23330543154761904 0.0 0.0 0.0 0.0 0.23330543154761904 
167 0.0 0.0 0.0 0.0 0.23099772135416666 0.0 0.0 0.0 0.0 0.23099772135416666 
168 0.0 0.0 0.0 0.0 0.23330543154761904 0.0 0.0 0.0 0.0 0.23330543154761904 
169 0.0 0.0 0.0 0.0 0.23330543154761904 0.0 0.0 0.0 0.0 0.23330543154761904 
170 0.0 0.0 0.0 0.0 0.23330543154761904 0.0 0.0 0.0 0.0 0.23330543154761904 
171 0.0 0.0 0.0 0.0 0.23330543154761904 0.0 0.0 0.0 0.0 0.23330543154761904 
172 0.0 0.0 0.0 0.0 0.23330543154761904 0.0 0.0 0.0 0.0 0.23330543154761904 
173 0.0 0.0 0.0 0.0 0.23099772135416666 0.0 0.0 0.0 0.0 0.23099772135416666 
174 0.0 0.0 0.0 0.0 0.23099772135416666 0.0 0.0 0.0 0.0 0.23099772135416666 
175 0.0 0.0 0.0 0.0 0.23099772135416666 0.0 0.0 0.0 0.0 0.23099772135416666 
176 0.0 0.0 0.0 0.0 0.24073428199404762 0.0 0.0 0.0 0.0 0.24073428199404762 
177 0.0 0.0 0.0 0.0 0.23330543154761904 0.0 0.0 0.0 0.0 0.23330543154761904 
178 0.0 0.0 0.0 0.0 0.23330543154761904 0.0 0.0 0.0 0.0 0.23330543154761904 
179 0.0 0.0 0.0 0.0 0.23330543154761904 0.0 0.0 0.0 0.0 0.23330543154761904 
180 0.0 0.0 0.0 0.0 0.23285202752976192 0.0 0.0 0.0 0.0 0.23285202752976192 
181 1718.4354248046875 914.6959503173828 1756.8101806640625 938.4518157958985 0.2331601097470238 1709.8608459472657 917.296484375 1773.8187194824218 979.4270263671875 0.6651785714285714 
182 1736.9750061035156 912.18193359375 1759.0783386230469 941.6531494140625 0.21183268229166666 1713.1004455566406 922.1001007080079 1770.200946044922 988.4103363037109 0.6021205357142857 
183 0.0 0.0 0.0 0.0 0.23285202752976192 0.0 0.0 0.0 0.0 0.23285202752976192 
184 0.0 0.0 0.0 0.0 0.23285202752976192 0.0 0.0 0.0 0.0 0.23285202752976192 
185 0.0 0.0 0.0 0.0 0.23285202752976192 0.0 0.0 0.0 0.0 0.23285202752976192 
186 0.0 0.0 0.0 0.0 0.23917061941964285 0.0 0.0 0.0 0.0 0.23917061941964285 
187 0.0 0.0 0.0 0.0 0.23917061941964285 0.0 0.0 0.0 0.0 0.23917061941964285 
188 0.0 0.0 0.0 0.0 0.23917061941964285 0.0 0.0 0.0 0.0 0.23917061941964285 
189 0.0 0.0 0.0 0.0 0.2315673828125 0.0 0.0 0.0 0.0 0.2315673828125 
190 0.0 0.0 0.0 0.0 0.2315673828125 0.0 0.0 0.0 0.0 0.2315673828125 
191 1896.176513671875 918.8538818359375 1896.176513671875 918.8538818359375 0.12957763671875 1718.0188415527343 922.5141876220703 1785.7342102050782 988.399447631836 0.46651785714285715 
192 0.0 0.0 0.0 0.0 0.23099772135416666 0.0 0.0 0.0 0.0 0.23099772135416666 
193 0.0 0.0 0.0 0.0 0.23330543154761904 0.0 0.0 0.0 0.0 0.23330543154761904 
194 1901.4715576171875 924.3507629394531 1901.4715576171875 940.7748474121094 0.14204188755580358 1718.7715148925781 919.6481964111329 1793.5921325683594 988.9941986083984 0.4470098586309524 
195 1703.1947021484375 939.7424468994141 1926.9908447265625 1016.1606903076172 0.3522832961309524 
196 1710.6981201171875 925.6654571533203 1777.0247802734375 993.834603881836 0.37088448660714285 
197 1733.0738891601563 925.2875396728516 1788.9932495117187 957.7568328857421 0.21591913132440477 1707.1955078125 922.7898986816406 1782.95732421875 976.9054138183594 0.5303664434523809 
198 1744.21962890625 923.5943878173828 1793.780859375 943.7860443115235 0.21117001488095238 1710.1904724121093 921.5470306396485 1785.4500305175782 983.9574249267578 0.44009254092261907 
199 1734.9158630371094 915.0618286132812 1775.5559387207031 942.7709350585938 0.22883533296130953 1703.5831176757813 913.0013549804687 1794.0997436523437 983.1978637695313 0.5020810081845238 
200 1674.8003479003905 922.5376708984375 1797.452459716797 942.9796630859375 0.3832891555059524 1706.0352294921875 910.2438446044922 1793.3783447265625 975.2866119384765 0.6885928199404762 
201 0.0 0.0 0.0 0.0 0.23099772135416666 0.0 0.0 0.0 0.0 0.23099772135416666 
202 0.0 0.0 0.0 0.0 0.24073428199404762 0.0 0.0 0.0 0.0 0.24073428199404762 
203 0.0 0.0 0.0 0.0 0.24073428199404762 0.0 0.0 0.0 0.0 0.24073428199404762 
204 0.0 0.0 0.0 0.0 0.23414829799107142 0.0 0.0 0.0 0.0 0.23414829799107142 
205 0.0 0.0 0.0 0.0 0.23414829799107142 0.0 0.0 0.0 0.0 0.23414829799107142 
206 1723.2607055664062 927.7330474853516 1953.1413940429688 1010.1069793701172 0.3818359375 
207 1728.0000793457032 923.8984680175781 1954.2795837402343 1008.2738952636719 0.3743373325892857 
208 1727.2494567871095 926.4488189697265 1804.024835205078 1005.1436492919922 0.4052036830357143 
209 1718.663311767578 918.9042816162109 1806.5213806152344 999.1223907470703 0.3644903273809524 
210 1720.7526062011718 926.1878021240234 1791.7179748535157 1000.9891387939454 0.3991001674107143 
211 1727.4325012207032 927.6633819580078 1804.4125915527343 1006.568002319336 0.4059477306547619 
212 0.0 0.0 0.0 0.0 0.23414829799107142 0.0 0.0 0.0 0.0 0.23414829799107142 
213 0.0 0.0 0.0 0.0 0.23414829799107142 0.0 0.0 0.0 0.0 0.23414829799107142 
214 0.0 0.0 0.0 0.0 0.2315673828125 0.0 0.0 0.0 0.0 0.2315673828125 
215 0.0 0.0 0.0 0.0 0.2315673828125 0.0 0.0 0.0 0.0 0.2315673828125 
216 0.0 0.0 0.0 0.0 0.23414829799107142 0.0 0.0 0.0 0.0 0.23414829799107142 
217 0.0 0.0 0.0 0.0 0.23414829799107142 0.0 0.0 0.0 0.0 0.23414829799107142 
218 0.0 0.0 0.0 0.0 0.24140276227678573 0.0 0.0 0.0 0.0 0.24140276227678573 
219 0.0 0.0 0.0 0.0 0.23330543154761904 0.0 0.0 0.0 0.0 0.23330543154761904 
220 0.0 0.0 0.0 0.0 0.23330543154761904 0.0 0.0 0.0 0.0 0.23330543154761904 
221 0.0 0.0 0.0 0.0 0.23330543154761904 0.0 0.0 0.0 0.0 0.23330543154761904 
222 0.0 0.0 0.0 0.0 0.23330543154761904 0.0 0.0 0.0 0.0 0.23330543154761904 
223 0.0 0.0 0.0 0.0 0.23330543154761904 0.0 0.0 0.0 0.0 0.23330543154761904 
224 0.0 0.0 0.0 0.0 0.23099772135416666 0.0 0.0 0.0 0.0 0.23099772135416666 
225 0.0 0.0 0.0 0.0 0.23330543154761904 0.0 0.0 0.0 0.0 0.23330543154761904 
226 0.0 0.0 0.0 0.0 0.23330543154761904 0.0 0.0 0.0 0.0 0.23330543154761904 
227 0.0 0.0 0.0 0.0 0.23330543154761904 0.0 0.0 0.0 0.0 0.23330543154761904 
228 0.0 0.0 0.0 0.0 0.23285202752976192 0.0 0.0 0.0 0.0 0.23285202752976192 
229 0.0 0.0 0.0 0.0 0.23285202752976192 0.0 0.0 0.0 0.0 0.23285202752976192 
230 0.0 0.0 0.0 0.0 0.23285202752976192 0.0 0.0 0.0 0.0 0.23285202752976192 
231 0.0 0.0 0.0 0.0 0.23917061941964285 0.0 0.0 0.0 0.0 0.23917061941964285 
232 0.0 0.0 0.0 0.0 0.23285202752976192 0.0 0.0 0.0 0.0 0.23285202752976192 
233 0.0 0.0 0.0 0.0 0.23285202752976192 0.0 0.0 0.0 0.0 0.23285202752976192 
234 0.0 0.0 0.0 0.0 0.23414829799107142 0.0 0.0 0.0 0.0 0.23414829799107142 
235 0.0 0.0 0.0 0.0 0.23330543154761904 0.0 0.0 0.0 0.0 0.23330543154761904 
236 0.0 0.0 0.0 0.0 0.23330543154761904 0.0 0.0 0.0 0.0 0.23330543154761904 
237 0.0 0.0 0.0 0.0 0.23330543154761904 0.0 0.0 0.0 0.0 0.23330543154761904 
238 0.0 0.0 0.0 0.0 0.23330543154761904 0.0 0.0 0.0 0.0 0.23330543154761904 
239 0.0 0.0 0.0 0.0 0.24073428199404762 0.0 0.0 0.0 0.0 0.24073428199404762 
240 0.0 0.0 0.0 0.0 0.23330543154761904 0.0 0.0 0.0 0.0 0.23330543154761904 
241 0.0 0.0 0.0 0.0 0.23330543154761904 0.0 0.0 0.0 0.0 0.23330543154761904 
242 0.0 0.0 0.0 0.0 0.23330543154761904 0.0 0.0 0.0 0.0 0.23330543154761904 
243 0.0 0.0 0.0 0.0 0.23330543154761904 0.0 0.0 0.0 0.0 0.23330543154761904 
244 0.0 0.0 0.0 0.0 0.23330543154761904 0.0 0.0 0.0 0.0 0.23330543154761904 
245 0.0 0.0 0.0 0.0 0.23285202752976192 0.0 0.0 0.0 0.0 0.23285202752976192 
246 0.0 0.0 0.0 0.0 0.23285202752976192 0.0 0.0 0.0 0.0 0.23285202752976192 
247 0.0 0.0 0.0 0.0 0.23285202752976192 0.0 0.0 0.0 0.0 0.23285202752976192 
248 1750.0357971191406 923.6726806640625 1798.9421081542969 944.363818359375 0.19719005766369047 1728.5488830566405 914.4123291015625 1813.194403076172 965.199609375 0.5196010044642857 
249 1689.625958251953 923.7004241943359 1837.0599548339844 955.8334503173828 0.2503022693452381 1736.2988586425781 920.7197662353516 1819.4666442871094 966.0840057373047 0.5462472098214286 
250 1694.1671081542968 922.3630859375 1841.0783752441407 950.98212890625 0.27238537016369047 1746.2684509277344 918.2536712646485 1835.941632080078 969.7679962158203 0.5422828311011905 
251 1743.0798034667969 927.0822082519531 1829.6293029785156 982.8585876464844 0.5474562872023809 
252 1757.9622497558594 917.323861694336 1832.8415832519531 969.1635040283203 0.5510021391369048 
253 0.0 0.0 0.0 0.0 0.23330543154761904 0.0 0.0 0.0 0.0 0.23330543154761904 
254 1798.36826171875 933.9116424560547 1847.20205078125 943.6783843994141 0.189697265625 1752.6897888183594 922.7174194335937 1832.7773742675781 977.4113647460938 0.6207217261904762 
255 1715.800830078125 924.6466247558594 1852.50458984375 951.9874084472656 0.24510556175595238 1755.1595581054687 919.5390625 1837.1817504882813 978.1263427734375 0.6466936383928571 
256 1724.2755310058594 926.0422302246094 1851.057110595703 957.2500061035156 0.31661551339285715 1756.6835815429688 918.6153381347656 1836.6535766601562 975.1794616699219 0.6685500372023809 
257 1749.910986328125 924.8049896240234 1845.68251953125 963.1136505126954 0.23668271019345238 1761.6245849609375 913.3123992919922 1832.4955322265625 974.6062408447266 0.67333984375 
258 1777.0052429199218 927.602261352539 1847.7446350097657 954.3685028076172 0.23349725632440477 1755.45986328125 917.5281494140625 1847.229833984375 980.6200439453125 0.7294456845238095 
259 1751.178045654297 922.4384033203125 1852.3474670410155 977.795361328125 0.7733677455357143 
260 1810.8228088378905 934.2470489501953 1841.744940185547 941.9776214599609 0.17592366536458334 1758.8646850585938 925.6988800048828 1853.5637817382812 981.7452728271485 0.7758091517857143 
261 1834.2614135742188 933.3180786132813 1842.0674438476562 939.1725219726562 0.15788922991071427 1761.0804504394532 922.7349395751953 1856.7036071777343 981.2797698974609 0.7758324032738095 
262 1822.4645080566406 929.8477294921875 1843.9933776855469 939.63359375 0.18365478515625 1760.7382873535157 922.4707214355469 1860.5540710449218 983.1430480957031 0.7803431919642857 
263 1752.8184326171875 929.6884490966797 1854.8055908203125 972.836880493164 0.22481282552083334 1760.1354675292969 921.3906921386719 1864.0838928222656 984.1520324707031 0.7973400297619048 
264 0.0 0.0 0.0 0.0 0.23414829799107142 0.0 0.0 0.0 0.0 0.23414829799107142 
265 0.0 0.0 0.0 0.0 0.23414829799107142 0.0 0.0 0.0 0.0 0.23414829799107142 
266 0.0 0.0 0.0 0.0 0.23414829799107142 0.0 0.0 0.0 0.0 0.23414829799107142 
267 0.0 0.0 0.0 0.0 0.23414829799107142 0.0 0.0 0.0 0.0 0.23414829799107142 
268 1738.5839111328125 927.8774017333984 1860.7610595703125 960.3306671142578 0.25099400111607145 1756.4258911132813 921.195834350586 1876.6939819335937 986.1024444580078 0.8102678571428571 
269 1814.4617614746094 924.5835693359375 1864.3567199707031 941.8549072265625 0.18019321986607142 1756.0789001464843 920.3026641845703 1876.9781066894532 987.468881225586 0.8409365699404762 
270 1742.4154479980468 932.2945068359375 1856.5956604003907 957.4528076171875 0.26511928013392855 1755.143505859375 923.5858215332031 1875.129443359375 985.5140319824219 0.8107328869047619 
271 1739.460186767578 933.3162231445312 1856.4413024902344 958.2466430664062 0.27760532924107145 1755.2445678710938 921.5148468017578 1876.0610961914062 984.7997894287109 0.8178245907738095 
272 0.0 0.0 0.0 0.0 0.23414829799107142 0.0 0.0 0.0 0.0 0.23414829799107142 
273 1749.0243774414062 934.2209716796875 1861.9844116210938 959.11044921875 0.2965204148065476 1757.198193359375 922.8807647705078 1875.901904296875 982.232699584961 0.8032691592261905 
274 1756.3495483398438 935.4587310791015 1870.5645141601562 967.2891326904297 0.27804129464285715 1755.4853820800781 923.7923980712891 1877.1897888183594 981.8360809326172 0.7844819568452381 
275 0.0 0.0 0.0 0.0 0.23099772135416666 0.0 0.0 0.0 0.0 0.23099772135416666 
276 1819.9990783691405 934.0785461425781 1866.784002685547 952.7925476074219 0.1976376488095238 1758.7466979980468 923.7858154296875 1874.7734436035157 981.799267578125 0.8139880952380952 
277 1822.1300964355469 937.0015991210937 1869.9652404785156 949.8803588867188 0.18072509765625 1758.4441772460937 925.0428466796875 1879.8719848632813 980.2373046875 0.8436802455357143 
278 1809.367205810547 936.7133911132812 1873.4910705566406 953.2023803710938 0.21069045293898808 1760.95712890625 923.6067779541015 1878.2123046875 980.4021942138672 0.8201497395833334 
279 1760.5062255859375 923.0628784179687 1881.6004638671875 980.8989135742188 0.8427501860119048 
280 1822.4856994628906 927.9524749755859 1863.923358154297 936.9606719970703 0.16088576543898808 1760.8834716796875 922.3396789550782 1879.7915771484375 979.9921081542968 0.8526553199404762 
281 1856.2469482421875 934.1871948242188 1856.2469482421875 934.1871948242188 0.15454973493303573 1757.3951599121094 923.3578643798828 1880.126934814453 981.1139984130859 0.8416108630952381 
282 1796.6411926269532 932.8710113525391 1861.7187927246093 942.1678680419922 0.1937197730654762 1752.3740539550781 923.002099609375 1878.8106384277344 980.6423095703125 0.8184756324404762 
283 1778.6244262695313 929.2791687011719 1936.2110229492187 940.4029602050781 0.18776448567708334 1752.3125610351562 919.0111389160156 1878.3817749023438 982.0457458496094 0.8318219866071429 
284 1780.2906127929687 925.3258819580078 1933.8819946289063 938.4373626708984 0.17213948567708334 1745.0626159667968 918.049771118164 1866.8117736816407 981.7339813232422 0.8193591889880952 
285 1771.4242065429687 926.7943695068359 1857.5247680664063 954.8706085205079 0.30180431547619047 1734.2772705078125 916.9317047119141 1842.8386962890625 980.5711639404296 0.7330496651785714 
286 1723.2747192382812 918.3503570556641 1810.0138549804688 959.8342742919922 0.20096261160714285 1723.782421875 912.185757446289 1831.2634765625 981.9541961669922 0.7936895461309523 
287 1674.5014953613281 919.6231292724609 1808.0188903808594 970.3973175048828 0.32309105282738093 1716.017803955078 912.5349670410156 1815.6856872558594 974.5923522949219 0.7431640625 
288 1740.9383728027344 922.3926696777344 1767.385723876953 946.9509582519531 0.18820626395089285 1700.46806640625 916.1441497802734 1800.590283203125 982.2625274658203 0.7357003348214286 
289 1653.7144409179687 918.4031646728515 1775.6532348632813 960.3196746826172 0.34793526785714285 1692.3332641601562 917.2307098388671 1797.1244995117188 982.0106842041016 0.7409551711309523 
290 1728.1076904296874 921.7985382080078 1776.7389892578126 947.9846038818359 0.21196637834821427 1690.8429626464845 925.539404296875 1788.105401611328 981.6523681640625 0.6798967633928571 
291 1678.4024169921875 919.5869659423828 1787.2640869140625 965.423471069336 0.38145228794642855 1683.5443237304687 932.368276977539 1773.3074829101563 982.0244842529297 0.5157528831845238 
292 1714.1194091796874 938.0305236816406 1862.9992431640626 945.2054382324219 0.16783505394345238 1693.9743347167969 930.0967102050781 1778.2799377441406 982.1149597167969 0.6818963913690477 
293 1726.035302734375 922.33837890625 1790.653173828125 952.746826171875 0.19021461123511904 1691.2410827636718 939.7355285644531 1778.6652893066407 996.7512878417969 0.47123790922619047 
294 1722.7905395507812 921.4364929199219 1776.1086303710938 949.0829162597656 0.18449183872767858 1680.7131896972655 936.7027709960937 1769.576727294922 990.0208618164063 0.5141717819940477 
295 1683.3965393066405 939.2014282226562 1770.533514404297 992.6718627929688 0.5459681919642857 
296 1316.8803833007812 969.3476013183594 1330.6176635742188 973.2725158691406 0.1429385230654762 1688.5433532714844 936.4383209228515 1765.080059814453 1042.4122039794922 0.48710704985119047 
297 1320.7862365722656 976.3954315185547 1347.862322998047 978.3294830322266 0.1278134300595238 1684.7513854980468 936.5251831054687 1767.9137756347657 1000.3473754882813 0.5698590959821429 
298 1678.323974609375 938.4756622314453 1767.9814453125 988.0734710693359 0.5098818824404762 
299 1282.730975341797 913.4689453125 1294.4136779785156 948.51689453125 0.17366536458333334 1679.4171142578125 928.7462738037109 1770.9312744140625 987.1595489501954 0.49228050595238093 
