0 2164.0771484375 516.1656494140625 2164.0771484375 516.1656494140625 0.14327857607886904 2514.849365234375 494.1404083251953 2514.849365234375 525.954623413086 0.16612316313244047 
1 2025.94189453125 31.516616535186767 2576.20751953125 34.16850118637085 0.22121465773809523 2512.71533203125 490.13930053710936 2512.71533203125 557.7623107910156 0.20248267764136904 
2 2004.1381469726562 0.0 2574.519812011719 627.0414385795593 0.21732584635416666 2508.70654296875 493.2159820556641 2508.70654296875 590.2739471435547 0.25380743117559523 
3 2054.1347412109376 8.151318550109863 2086.0171142578124 40.03373622894287 0.3512602306547619 1974.3775451660156 0.0 2573.5012390136717 640.2304987430573 0.2530633835565476 
4 2041.4221313476562 27.32584180831909 2085.2758666992186 60.548450565338136 0.33476329985119047 1965.316748046875 500.56908721923827 2571.297021484375 569.6720932006835 0.22282482328869047 
5 2017.8199584960937 28.04059772491455 2075.121203613281 62.68787593841553 0.33993094308035715 2025.6617309570313 519.0478393554688 2068.304333496094 527.0433471679687 0.15524437313988096 
6 2021.2702087402345 0.0 2199.744561767578 602.7927465438843 0.2518891834077381 2021.3726806640625 518.4734497070312 2021.3726806640625 518.4734497070312 0.13925025576636904 
7 2021.6240661621093 0.0 2149.585040283203 585.698716545105 0.22198776971726192 
8 2020.1393188476563 50.03465347290039 2061.6241088867187 96.87228317260742 0.3108723958333333 
9 2018.602313232422 60.16558418273926 2053.517437744141 100.45234336853028 0.27065313430059523 
10 1985.2142578125 72.58720703125 2045.747412109375 110.25225524902343 0.31547619047619047 
11 2007.154296875 44.67213020324707 2057.732421875 123.95690574645997 0.31863839285714285 
12 1991.7407836914062 81.24676933288575 2027.8065795898438 129.7968479156494 0.29160853794642855 
13 1998.7559448242187 87.29350280761719 2037.9911254882813 141.9424591064453 0.21037946428571427 
14 2010.5540344238282 133.54290084838868 2017.6013610839843 156.09419937133788 0.16521054222470238 
15 1991.8662231445312 143.6812385559082 2009.0185424804688 166.55083236694335 0.17098272414434523 
17 2008.5421875 186.51570816040038 2039.073779296875 244.67128829956056 0.17254638671875 
19 1986.502734375 181.72906112670898 2015.47724609375 187.52397537231445 0.15737769717261904 
20 1990.0504821777345 198.70856323242188 2007.484796142578 201.6142822265625 0.14891124906994047 
21 2070.0275390625 544.4688446044922 2084.44560546875 547.352505493164 0.15107363746279762 
23 2072.8310546875 540.7176513671875 2072.8310546875 540.7176513671875 0.13302176339285715 
26 2074.156530761719 548.7872711181641 2087.905236816406 579.0345672607422 0.15085565476190477 2175.156982421875 526.89501953125 2175.156982421875 526.89501953125 0.14206949869791666 
27 2086.580603027344 559.713134765625 2090.674523925781 559.713134765625 0.14254615420386904 
28 2021.197802734375 502.5683166503906 2108.767529296875 576.6659362792968 0.19670468284970238 2098.1969604492188 540.8089019775391 2102.2388305664062 552.9339569091796 0.16483270554315477 
29 2021.9291748046876 294.40844268798827 2114.5903564453124 600.5932357788085 0.22066824776785715 2080.139501953125 345.4908920288086 2106.997705078125 379.06376495361326 0.1732235863095238 
32 1953.4598693847656 82.13803787231446 2004.9369812011719 83.52930526733398 0.17679268973214285 1911.079522705078 48.1588228225708 1995.9472106933595 167.80845851898192 0.26750255766369047 
33 1975.603009033203 81.04620018005372 2000.5843688964844 131.0088306427002 0.16012137276785715 
34 1886.6865173339843 0.0 1933.8729309082032 28.0509090423584 0.3664667038690476 
35 1861.9653198242188 0.0 1925.1743286132812 31.995585250854493 0.47862025669642855 2393.53466796875 161.53193130493165 2393.53466796875 180.76947555541992 0.16053699311755953 
36 1864.5492553710938 0.0 1915.8811645507812 33.132462692260745 0.5207635788690477 
37 1857.456494140625 0.0 1913.43583984375 38.196364641189575 0.5382486979166666 
38 1828.7672729492188 0.0 1905.5501098632812 40.18174934387207 0.6756882440476191 
39 1821.3925842285157 0.0 1904.8155456542968 38.713431644439694 0.6642252604166666 
40 1812.245538330078 0.0 1907.3488220214845 51.61218338012695 0.599609375 2062.058972167969 97.8758316040039 2072.774768066406 175.56578826904297 0.15720331101190477 
41 1812.8192260742187 0.0 1906.7242309570313 56.89980027675629 0.5334588913690477 2014.3854675292969 75.7020221710205 2101.3856506347656 170.98785057067872 0.18051292782738096 
42 1802.3666687011719 0.0 1905.4264221191406 56.12854137420654 0.5887044270833334 1969.6512756347656 52.05757064819336 2127.026336669922 180.1859443664551 0.37146577380952384 
43 1801.7084228515625 0.0 1906.0200927734375 58.9083936214447 0.6782459077380952 1998.6702392578125 28.577784538269043 2139.1432373046873 180.17734622955322 0.30344354538690477 
44 1799.9239440917968 0.0 1920.3400939941407 69.93623999357223 0.3060709635416667 2024.7570007324218 27.622167778015136 2167.0668518066404 175.40563755035402 0.25161016555059523 
45 1797.5698303222657 0.0 1916.9141784667968 79.71992444992065 0.6697358630952381 1986.5767700195313 34.790293502807614 2190.164196777344 175.19540138244628 0.34312220982142855 
46 1790.7368713378905 0.0 1919.232000732422 97.16725690364838 0.77392578125 2044.0603637695312 21.069215774536133 2187.7538452148438 156.4727077484131 0.3760579427083333 
47 1791.8907165527344 0.0 1923.1308898925781 107.85325585603714 0.8135695684523809 1812.187762451172 0.0 1924.0872619628906 101.15841636657714 0.29458472842261907 
48 1791.8047424316405 0.0 1927.453680419922 119.65047683715821 0.8080357142857143 1811.113946533203 0.0 1928.5831970214845 114.70213928222657 0.3168829055059524 
49 1794.5228942871095 0.6480239868164066 1929.090509033203 130.96608123779296 0.8187779017857143 1812.2291870117188 0.0 1925.5491333007812 130.8571119785309 0.35573614211309523 
50 1795.1301635742188 6.1092475891113285 1934.8512817382812 141.41805038452148 0.8074311755952381 1690.3677917480468 0.0 1953.6315979003907 114.32234869003295 0.30110095796130953 
51 1792.418505859375 14.241456604003908 1937.44404296875 150.0100082397461 0.8009207589285714 1677.2408081054687 6.4086566925048825 1863.9225219726563 117.49201622009278 0.32009161086309523 
52 1790.1372375488281 21.815058898925784 1939.8125915527344 160.46179656982423 0.8133603050595238 1694.6962890625 0.0 1694.6962890625 58.84003677368164 0.41059802827380953 
53 1790.815447998047 26.433480072021485 1936.5860412597656 170.52851028442382 0.8173595610119048 1703.5593200683593 0.0 1778.9578918457032 68.57934188842773 0.6176990327380952 
54 1788.6035278320312 44.85672378540039 1937.7521850585938 182.27445602416992 0.8298688616071429 1708.4218139648438 0.0 1770.4273071289062 87.0746473312378 0.70263671875 
55 1787.5776245117188 58.016176605224615 1936.2736938476562 198.35847244262695 0.8305199032738095 1712.972589111328 0.0 1773.1193298339845 104.02583093643189 0.7566266741071429 
56 1787.1833129882812 80.17523498535157 1937.2580932617188 212.1091278076172 0.8244745163690477 1713.731640625 0.0 1774.751025390625 119.12110557556153 0.7997349330357143 
57 1783.5733276367187 101.52650566101075 1937.1012329101563 225.33931617736818 0.8064778645833334 1712.2063720703125 0.0 1779.8907958984375 143.11490907669068 0.8189174107142857 
58 1783.8964965820312 111.49623374938965 1937.1393920898438 241.419575881958 0.8291248139880952 1715.5393493652343 0.0 1783.8323547363282 156.982213306427 0.8180571056547619 
59 1784.4200500488282 125.33255233764649 1934.7949157714843 258.999097442627 0.80810546875 1719.7074462890625 0.0 1784.8699462890625 171.5374701976776 0.8035714285714286 
60 1786.2992126464844 152.49547882080077 1933.428204345703 272.56619720458986 0.7977585565476191 1721.3206176757812 0.0 1788.9660034179688 185.79785852432252 0.814453125 
61 1782.054248046875 169.72232971191406 1937.061474609375 294.06886901855466 0.7961542038690477 1721.322216796875 6.6567124366760275 1789.45732421875 204.24848279953002 0.7919456845238095 
62 1780.9174743652343 189.0594711303711 1935.0968078613282 312.40296173095703 0.8080124627976191 1720.7611755371095 22.427190017700195 1790.998468017578 219.43413047790528 0.8140345982142857 
63 1780.2940673828125 197.80888824462892 1935.4117431640625 331.0076705932617 0.8068731398809523 1724.4596069335937 37.95740032196045 1790.2159301757813 230.16827487945557 0.7941778273809523 
64 1784.5073974609375 213.72878875732422 1934.1273681640625 344.6463027954102 0.8110816592261905 1723.4954772949218 50.83395271301269 1789.8042053222657 244.6598445892334 0.8009905133928571 
65 1782.5443237304687 233.83001022338868 1934.6954223632813 360.33766860961913 0.8020833333333334 1722.7095581054687 65.8983112335205 1789.3824829101563 257.36938133239744 0.8048037574404762 
66 1780.355401611328 244.66946868896486 1940.1000427246095 376.63244171142577 0.8137323288690477 1715.5760925292968 76.77727851867675 1788.5028869628907 274.7217678070068 0.8001069568452381 
67 1783.5172973632812 260.5195510864258 1942.1931518554688 389.5526840209961 0.8134533110119048 1712.6966369628906 91.71679077148437 1787.675311279297 288.7539123535156 0.8033156622023809 
68 1787.2343872070312 264.3154663085937 1941.9848510742188 403.23916015625 0.8126860119047619 1711.5500854492188 101.44870452880859 1783.6496215820312 303.67943878173827 0.7961774553571429 
69 1789.0026794433593 278.07556915283203 1949.1900695800782 417.1394271850586 0.8066173735119048 1706.8777465820312 119.51293487548828 1780.8104858398438 318.4270980834961 0.8033389136904762 
70 1792.4864990234375 291.82923583984376 1950.5501220703125 428.58092041015624 0.8104073660714286 1703.3452270507812 138.683748626709 1781.4890014648438 335.8193183898926 0.8086635044642857 
71 1796.5019470214843 308.72310638427734 1957.5081848144532 439.3172073364258 0.7962937127976191 1701.6181396484376 152.0515281677246 1778.5434814453124 352.41503982543946 0.8024786086309523 
72 1801.957373046875 323.4764770507812 1964.350732421875 455.1955810546875 0.7713448660714286 1698.4835510253906 172.60325393676757 1783.2890319824219 372.8884910583496 0.8055943080357143 
73 1809.3936096191405 337.36702117919924 1970.633123779297 466.35865631103513 0.7936895461309523 1699.557794189453 187.35910720825194 1785.5521911621095 386.221199798584 0.8047805059523809 
74 1816.0130126953125 355.4969055175781 1977.6014892578125 471.6953552246094 0.7955729166666666 1700.9318420410157 202.00883407592772 1782.6339538574218 401.7248847961426 0.7945498511904762 
75 1813.20087890625 364.4890441894531 1984.748828125 475.8126525878906 0.798828125 1701.3859802246093 223.47443313598632 1783.5098937988282 413.27207260131837 0.8250325520833334 
76 1819.8157531738282 377.2910675048828 1994.2856872558593 483.80957946777346 0.7866443452380952 1696.980450439453 235.7373077392578 1785.1336853027344 430.4090545654297 0.8373325892857143 
77 1833.5967163085938 384.3022827148437 1997.8451782226562 485.8041625976563 0.7766927083333334 1692.8426940917968 254.6211898803711 1785.1171447753907 446.5520584106445 0.8286830357142857 
78 1833.0347778320313 391.4641815185547 2003.7000854492187 493.4923614501953 0.7873418898809523 1685.8431091308594 273.8107192993164 1784.1611633300781 455.60636444091796 0.8318219866071429 
79 1829.499334716797 393.7355422973633 2015.5464416503905 498.97432708740234 0.7776460193452381 1686.458428955078 294.20680084228513 1784.1801208496095 472.73689422607424 0.8469819568452381 
80 1834.7763305664062 398.6130645751953 2026.1267456054688 504.7083465576172 0.7792271205357143 1681.8272827148437 309.71456146240234 1784.1334106445313 491.59217071533203 0.8421921502976191 
81 1841.9242370605468 401.87027130126955 2026.9189025878907 507.85680999755857 0.7751813616071429 1674.421124267578 326.4938446044922 1782.3346130371094 507.6344512939453 0.8316359747023809 
82 1845.6351196289063 409.0935317993164 2031.4713256835937 513.8735397338867 0.7686011904761905 1670.2920715332032 345.4499221801758 1781.0029724121093 527.3322128295898 0.8363327752976191 
83 1849.0868041992187 414.61138916015625 2040.6282836914063 520.5704345703125 0.7477678571428571 1667.2635437011718 362.0236877441406 1777.2981018066407 543.3767028808594 0.84130859375 
84 1862.9930603027344 417.02599639892577 2038.134259033203 521.2767684936523 0.7443266369047619 1666.760919189453 381.3401412963867 1777.2667907714845 558.5665054321289 0.8437034970238095 
85 1867.9114318847655 417.2010162353516 2038.700994873047 533.1692840576172 0.7582542782738095 1663.8721008300781 397.41343383789064 1775.6233825683594 572.4200622558594 0.8374720982142857 
86 1866.57451171875 419.666569519043 2034.78486328125 536.1198379516602 0.7530459449404762 1655.4822082519531 411.2892349243164 1769.7789001464844 585.969157409668 0.8423549107142857 
87 1865.1373229980468 419.2157150268555 2031.8120178222657 542.0287002563476 0.7425827752976191 1651.3954284667968 420.81837158203126 1769.8222229003907 602.8447143554688 0.8335425967261905 
88 1865.3454040527345 416.12074584960936 2022.720147705078 549.1135070800781 0.7534644717261905 1644.1171630859376 439.4797302246094 1768.2436767578124 621.2364562988281 0.8341471354166666 
89 1856.571795654297 416.17405853271487 2012.3716857910156 554.4189895629883 0.7531622023809523 1636.5445617675782 450.43990020751954 1768.2065368652343 628.1833602905274 0.8367047991071429 
90 1843.5255432128906 415.5056488037109 2001.3861999511719 558.0187042236328 0.7507905505952381 1626.804510498047 466.1863388061523 1762.7400451660155 637.2019973754883 0.8325427827380952 
91 1831.0962951660156 417.8234664916992 1984.411395263672 560.1875503540039 0.7390485491071429 1615.0229553222657 474.263671875 1757.3870788574218 638.5299072265625 0.8571893601190477 
92 1818.9256103515625 421.9263000488281 1968.9677001953125 563.2703552246094 0.7222377232142857 1606.0732055664062 483.2311309814453 1745.2427124023438 644.145883178711 0.8634905133928571 
93 1800.9020568847657 424.4654907226562 1950.6320007324218 563.3455444335938 0.7193312872023809 1596.838555908203 495.6581970214844 1735.7184509277345 654.0682434082031 0.8535853794642857 
94 1783.8137268066407 424.6416702270508 1934.5980163574218 558.1933822631836 0.7363513764880952 1588.1256896972657 509.2299438476563 1725.9855163574218 670.7844604492187 0.8619094122023809 
95 1767.7768188476562 425.07200927734374 1920.6667846679688 560.4887817382812 0.732421875 1581.6207153320313 519.2421447753907 1717.0374877929687 683.0527770996093 0.8813709077380952 
96 1756.4965209960938 424.875715637207 1906.3662719726562 559.5411239624024 0.7588820684523809 1574.714990234375 529.4669952392578 1707.208349609375 698.8847503662109 0.8708147321428571 
97 1745.278582763672 424.11321716308595 1896.7430236816406 564.7587921142579 0.7510695684523809 1566.101141357422 537.9612457275391 1698.0916076660155 730.5374725341796 0.8976934523809523 
98 1742.8209106445313 421.066748046875 1890.0411499023437 563.95693359375 0.7491629464285714 1558.0461303710938 548.2190582275391 1690.1113403320312 758.2243621826171 0.9216889880952381 
99 1738.1714660644532 420.3731948852539 1887.1809509277343 567.2230880737304 0.7569521949404762 1551.9512084960938 564.980502319336 1688.0033813476562 783.0957305908203 0.8971586681547619 
100 1736.5289489746094 412.92729034423826 1886.254132080078 577.6250473022461 0.7333984375 1543.120184326172 582.7255310058594 1686.4285217285155 815.8690734863281 0.9089471726190477 
101 1739.2202392578124 417.0552124023437 1881.7936767578126 574.5243774414063 0.7280040922619048 1536.9000854492188 603.0063842773437 1687.9854125976562 837.0822387695313 0.9080868675595238 
102 1741.6575439453125 412.96400756835936 1880.3722412109375 568.7512023925781 0.732421875 1539.1669860839843 624.4833160400391 1697.0882629394532 867.7674774169922 0.9155738467261905 
103 1746.1649597167968 410.9821411132813 1879.9784729003907 572.4081176757812 0.7086821056547619 1542.9936401367188 649.7716217041016 1695.9235961914062 894.0345916748047 0.8993210565476191 
104 1746.85654296875 408.3578842163086 1882.27236328125 577.6276199340821 0.7054268973214286 1545.3604675292968 667.6335510253906 1706.1667541503907 917.3063903808594 0.8919270833333334 
105 1747.1724487304687 410.25902557373047 1884.7264770507813 576.9911270141602 0.70068359375 1552.6249633789062 695.867919921875 1708.9363159179688 943.8819580078125 0.9104352678571429 
106 1755.9529174804688 411.27353820800784 1881.3632446289062 573.6901458740234 0.7203543526785714 1560.641748046875 718.4733917236329 1706.611181640625 973.4058197021484 0.9337565104166666 
107 1762.1455810546875 411.29703521728516 1883.1757080078125 569.2515182495117 0.7161225818452381 1566.3198852539062 741.8810760498047 1716.0690307617188 1002.4034088134765 0.9285481770833334 
108 1760.6576538085938 409.6294647216797 1883.8037719726562 578.694448852539 0.7277715773809523 1574.333026123047 763.2530242919922 1712.0897033691406 1026.2430084228515 0.9099469866071429 
109 1766.7357543945313 412.18049774169924 1883.9163452148437 578.3638442993164 0.7208891369047619 1576.5427612304688 782.7332183837891 1708.6371704101562 1046.9221160888671 0.8866954985119048 
110 1765.775653076172 411.47808837890625 1888.8724182128906 585.1325073242188 0.7346772693452381 1578.5095581054688 799.1991516113281 1712.5971313476562 1056.3834899902345 0.8896251860119048 
111 1773.6862854003907 413.86251068115234 1891.6881042480468 585.2990188598633 0.7426525297619048 1580.3277648925782 812.910595703125 1711.6882263183593 1073.405078125 0.8426339285714286 
112 1782.0309143066406 422.6162536621094 1894.3598327636719 582.1234924316407 0.7323521205357143 1579.4066345214844 822.248324584961 1725.434307861328 1082.8515899658203 0.8767903645833334 
113 1791.0445129394532 431.0782409667969 1895.3474548339843 582.9978088378906 0.7545572916666666 1574.2408142089844 830.6737091064454 1728.4277648925781 1086.8962982177734 0.8815801711309523 
114 1796.285955810547 432.99136505126955 1903.0825744628905 594.3223251342773 0.7473958333333334 1568.9718811035157 838.24150390625 1737.1195495605468 1092.735546875 0.8950892857142857 
115 1803.011785888672 439.45677490234374 1905.6189514160155 601.3480346679687 0.7611142113095238 1571.40029296875 842.8694854736328 1735.571630859375 1095.967123413086 0.8843005952380952 
116 1809.76455078125 447.916552734375 1912.642919921875 607.9495361328125 0.75732421875 1572.528790283203 845.3611419677734 1734.8480407714844 1096.8415557861329 0.89013671875 
117 1817.6030822753905 455.0814498901367 1915.880194091797 612.7821060180664 0.7564174107142857 1574.371405029297 845.3773132324219 1738.9285217285155 1094.4985412597657 0.8975771949404762 
118 1821.1694763183593 464.1858596801758 1919.4234191894532 621.8491439819336 0.7797619047619048 1571.9315063476563 845.8645751953125 1743.3045776367187 1092.6417724609375 0.8711402529761905 
119 1824.97431640625 471.5774749755859 1923.025927734375 628.9161163330078 0.8042922247023809 1573.2674621582032 845.4541412353516 1739.7272888183593 1091.7232879638673 0.8873000372023809 
120 1823.970928955078 484.69290924072266 1927.0221130371094 638.1246871948242 0.7851795014880952 1573.2129333496093 843.7866607666016 1742.6748840332032 1091.1095184326173 0.8937174479166666 
121 1823.8545532226562 490.86378479003906 1931.0045776367188 650.4490203857422 0.7533947172619048 1576.4973510742188 843.8803649902344 1745.2018676757812 1090.0975402832032 0.8550037202380952 
122 1827.3699951171875 503.7529266357422 1932.0777587890625 663.0907623291016 0.7936430431547619 1573.3923645019531 844.228237915039 1739.5589294433594 1087.7875701904297 0.8631882440476191 
123 1827.4140869140624 514.4667144775391 1934.3866943359376 671.5116180419922 0.7785063244047619 1575.2141662597655 843.8759613037109 1743.639227294922 1089.6853790283203 0.8429361979166666 
124 1825.5896911621094 526.6973358154297 1936.9426574707031 676.6828521728515 0.7862723214285714 1574.5650268554687 842.0514678955078 1740.4581665039063 1092.027328491211 0.8874627976190477 
125 1822.2502380371093 534.9062561035156 1940.6319641113282 682.8832946777344 0.7920619419642857 1576.8185424804688 842.3306915283204 1743.0081176757812 1088.2002532958984 0.8517485119047619 
126 1818.5820251464843 542.0729675292969 1936.8844055175782 685.4006652832031 0.8077101934523809 1575.0649169921876 843.7787200927735 1741.1430908203124 1087.2084014892578 0.8860444568452381 
127 1811.75048828125 547.2808441162109 1941.12841796875 694.8171173095703 0.7989676339285714 1577.6130859375 843.3135803222656 1738.768017578125 1088.450701904297 0.8943917410714286 
128 1807.5087768554688 552.7460784912109 1941.0593383789062 699.8780059814453 0.7789481026785714 1577.2342590332032 840.480419921875 1744.7382751464843 1089.47294921875 0.8930199032738095 
129 1805.3465942382813 558.4780944824219 1941.2845092773437 705.7441955566406 0.7590913318452381 1575.1236083984375 841.769189453125 1742.7804443359375 1086.457373046875 0.9064360119047619 
130 1803.8254638671874 560.9776153564453 1944.4819091796876 712.9774017333984 0.7474423363095238 1573.5572509765625 839.9346496582032 1743.7061767578125 1084.9492614746093 0.9107840401785714 
131 1799.63955078125 569.3666564941407 1941.981298828125 713.9676940917968 0.7757859002976191 1571.3541870117188 837.4520935058594 1734.0303344726562 1083.725762939453 0.8927176339285714 
132 1801.5047424316406 572.3740020751953 1943.908221435547 717.0378021240234 0.7756928943452381 1565.643621826172 833.6208526611329 1732.9111877441405 1080.001400756836 0.9028552827380952 
133 1802.8203735351562 574.7585327148438 1947.3644409179688 723.8195922851562 0.7752976190476191 1557.2518676757813 836.3103454589843 1722.1223999023437 1082.4868957519532 0.9116443452380952 
134 1804.2042114257813 577.5823699951172 1946.1305053710937 726.2669342041015 0.7925502232142857 1548.5984985351563 833.0148498535157 1713.0526245117187 1080.8224304199218 0.9342680431547619 
135 1803.1364685058593 579.6618713378906 1947.0357727050782 730.3065124511719 0.7946196056547619 1540.1568542480468 831.6587158203125 1699.7951721191407 1076.7372802734376 0.9311058407738095 
136 1803.676513671875 583.2289978027344 1945.095947265625 731.3828186035156 0.7857375372023809 1530.50712890625 827.1301788330078 1689.884716796875 1076.2979827880858 0.9434756324404762 
137 1801.551318359375 588.8390808105469 1942.2541015625 729.5420227050781 0.7796223958333334 1523.1519775390625 823.3439849853515 1679.4884033203125 1075.715768432617 0.9348958333333334 
138 1800.5825439453124 591.7339721679688 1941.5658935546876 732.7173217773437 0.7819707961309523 1509.062109375 823.5215728759765 1670.1859375 1074.1585418701172 0.9446382068452381 
139 1795.9817932128906 597.6356140136719 1938.905780029297 736.0933898925781 0.7782505580357143 1498.1945495605469 821.8134216308594 1661.2174377441406 1071.930596923828 0.9437313988095238 
140 1796.199609375 601.4597412109375 1936.640234375 741.9003662109375 0.7878999255952381 1487.6245727539062 818.1224761962891 1657.0451049804688 1072.2531951904298 0.9406156994047619 
141 1794.4060546875 607.3024688720703 1930.6876953125 743.5841888427734 0.7885044642857143 1476.3008666992187 819.0288757324219 1643.8602661132813 1071.4851623535155 0.9473586309523809 
142 1790.5314636230469 612.5440460205078 1926.8148498535156 748.8273529052734 0.7973865327380952 1465.5483276367188 816.883023071289 1633.1096313476562 1073.8105194091797 0.9394066220238095 
143 1787.1094604492187 618.5851684570313 1922.1625122070313 753.6382202148437 0.7968517485119048 1459.9522583007813 815.7971893310547 1624.2667358398437 1072.3979400634767 0.9384998139880952 
144 1786.2477416992188 624.9271850585938 1916.8523559570312 760.0354614257812 0.8102678571428571 1452.9808288574218 815.0314331054688 1619.6142639160157 1073.9888305664062 0.9373139880952381 
145 1783.7419555664062 628.7190155029297 1915.5392944335938 765.0611968994141 0.8270786830357143 1448.217791748047 813.5675445556641 1609.5560119628906 1074.8901580810548 0.9345005580357143 
146 1786.0923583984375 632.1093109130859 1913.0797607421875 774.9702178955079 0.8302641369047619 1441.2377685546876 817.357455444336 1609.0425048828124 1078.1352813720703 0.9339890252976191 
147 1788.6620483398438 638.8573913574219 1910.2656860351562 782.9801330566406 0.8261253720238095 1436.7565124511718 821.86904296875 1605.6503479003907 1076.335791015625 0.9255254836309523 
148 1792.1712707519532 648.34384765625 1913.6643005371093 794.585595703125 0.8442615327380952 1432.9705871582032 822.2763061523438 1592.7114196777343 1081.0115356445312 0.9228283110119048 
149 1795.5018737792968 654.4481170654296 1920.0858947753907 808.4793121337891 0.8642578125 1424.3633239746093 827.646109008789 1594.2505676269532 1081.3445526123046 0.9335472470238095 
150 1796.7306884765626 666.3513610839843 1930.6294189453124 825.2143127441407 0.8837193080357143 1422.7044799804687 831.935400390625 1590.6453735351563 1083.84658203125 0.9374069940476191 
151 1806.4075927734375 675.1831817626953 1938.3499755859375 843.5234222412109 0.9191080729166666 1412.6803649902345 833.1990631103515 1590.120050048828 1087.9842254638672 0.9457077752976191 
152 1825.7728759765625 689.2419342041015 1948.1499755859375 881.8727508544922 0.9671921502976191 1411.0500610351562 836.1120513916015 1592.3495971679688 1085.398873901367 0.9494047619047619 
153 1827.7414001464845 702.0634216308594 1961.509210205078 908.3833557128906 0.9796549479166666 1413.1829895019532 836.0928924560546 1587.7614685058593 1090.0250885009766 0.9442661830357143 
154 1833.2583557128905 720.0008697509766 1967.882147216797 925.3590545654297 0.9776088169642857 1412.8006652832032 839.6176361083984 1586.2143493652343 1088.3292022705077 0.9680292038690477 
155 1833.7255920410157 725.4339782714844 1973.1761413574218 942.6109436035156 0.9501953125 1410.7139099121093 841.0565216064454 1589.0276672363282 1092.5247161865234 0.9444986979166666 
156 1830.0537170410157 732.5832000732422 1976.0963073730468 958.493032836914 0.9516369047619048 1411.0584655761718 842.2907928466797 1598.1757873535157 1091.0198150634765 0.9610537574404762 
157 1828.810284423828 741.0924468994141 1973.0990173339844 965.5415252685547 0.9608212425595238 1414.8832641601562 839.8394287109375 1588.9458374023438 1094.0624267578125 0.9264090401785714 
158 1822.6811950683593 741.0367401123046 1969.3931457519532 972.5664703369141 0.9597284226190477 1412.6107666015625 836.6111022949219 1598.2930419921875 1095.6492736816406 0.9516136532738095 
159 1814.8229675292969 744.1119934082031 1968.2386779785156 975.3804382324219 0.9644949776785714 1412.7893310546874 840.106900024414 1600.5517333984376 1094.2731658935547 0.9191545758928571 
160 1811.9696472167968 743.7415893554687 1965.2895080566407 974.8654663085938 0.9677036830357143 1413.4439758300782 839.6764984130859 1603.3774353027343 1093.6839141845703 0.9325241815476191 
161 1807.857177734375 745.0528686523437 1965.6376953125 976.0069458007813 0.9701218377976191 1413.9336242675781 839.1582885742188 1601.4410095214844 1092.9791625976563 0.9342912946428571 
162 1808.9569580078125 747.2160522460938 1964.4307373046875 973.5677612304687 0.9683314732142857 1413.06142578125 841.0456298828125 1600.54453125 1092.5473876953124 0.9518926711309523 
163 1811.2417541503905 746.9910339355469 1964.619696044922 975.9133850097656 0.9679827008928571 1415.646502685547 841.2013641357422 1594.2059143066406 1093.0159820556642 0.9369652157738095 
164 1811.1756530761718 749.1723937988281 1966.8752502441407 975.8527526855469 0.9758649553571429 1415.4977478027345 841.3768920898438 1596.384210205078 1093.2439575195312 0.9411039806547619 
165 1812.4020935058593 749.1637908935547 1965.7562316894532 973.4727447509765 0.9809802827380952 1415.3716857910156 840.8065399169922 1591.614520263672 1094.870767211914 0.9550316220238095 
166 1811.3930786132812 749.4890441894531 1964.8137084960938 973.8953552246094 0.9797247023809523 1415.9517456054687 841.4357727050781 1592.2709106445313 1093.3204528808594 0.9551246279761905 
167 1812.7616577148438 751.88857421875 1963.9675903320312 974.115576171875 0.9798642113095238 1416.8592041015625 841.5900115966797 1593.2662841796875 1095.8910064697266 0.9496837797619048 
168 1812.3681213378907 752.4517333984375 1963.6341979980468 972.475146484375 0.9801897321428571 1418.0713439941405 840.1613555908203 1594.548406982422 1094.5634368896485 0.9528227306547619 
169 1813.1466857910157 751.3459503173829 1963.9430358886718 975.2557952880859 0.9847237723214286 1418.3165588378906 841.0680389404297 1594.2458190917969 1094.6803131103516 0.9601469494047619 
170 1810.6395568847656 750.8377685546875 1964.2821960449219 973.2755126953125 0.9796549479166666 1418.1541137695312 840.8889190673829 1594.7284545898438 1093.137875366211 0.9541480654761905 
171 1811.5183410644531 748.1860229492188 1964.7261657714844 974.5678833007812 0.9777018229166666 1418.6480773925782 840.005258178711 1592.4362731933593 1093.8273223876954 0.9585193452380952 
172 1812.090234375 749.4205139160156 1965.1373046875 973.2802917480469 0.9773530505952381 1417.6121154785155 840.8797180175782 1593.502020263672 1094.4351013183593 0.9516136532738095 
173 1812.7185974121094 748.0592803955078 1963.6142883300781 974.4028167724609 0.9732375372023809 1417.8924499511718 839.8629333496094 1591.6511291503907 1093.642071533203 0.9485909598214286 
174 1810.846856689453 748.7456085205079 1962.1300720214845 971.0859954833984 0.9706566220238095 1418.5334838867188 840.5205596923828 1592.7382446289062 1092.6590667724608 0.9464983258928571 
175 1811.0496704101563 746.9040710449219 1960.0250366210937 969.2210510253906 0.9702613467261905 1418.513006591797 840.4323608398438 1592.6995178222655 1092.5444458007812 0.9458240327380952 
176 1809.8957580566407 743.8094940185547 1959.0106140136718 968.6287994384766 0.9725399925595238 1416.4621032714845 839.1900299072265 1595.399835205078 1093.8323699951172 0.9517299107142857 
177 1809.1906311035157 740.2185485839843 1955.7023132324218 966.8538391113282 0.9694475446428571 1416.5851318359375 838.9202484130859 1592.8570068359375 1095.3156524658202 0.9563802083333334 
178 1807.473388671875 741.0760314941406 1954.05029296875 963.2314636230469 0.9702613467261905 1418.216973876953 839.557275390625 1594.5670837402345 1093.77646484375 0.9574730282738095 
179 1811.2650207519532 737.3694732666015 1953.2768493652343 961.8398162841797 0.9776553199404762 1417.6489318847657 837.88779296875 1596.3089538574218 1092.134912109375 0.9586356026785714 
180 1812.1171630859376 731.6907043457031 1953.4236083984374 957.3252868652344 0.9747488839285714 1419.2289184570313 840.738656616211 1592.4434448242187 1093.7228302001954 0.9597749255952381 
181 1811.2443908691407 730.0732452392579 1952.4754577636718 951.0314300537109 0.96484375 1418.5660095214844 840.289517211914 1591.6880187988281 1093.1386444091797 0.9606352306547619 
182 1811.0329040527345 726.5275024414062 1952.256036376953 947.4732299804688 0.9645879836309523 1418.3769775390624 837.9640106201172 1591.4889892578126 1095.354409790039 0.9628208705357143 
183 1808.8375 720.5607269287109 1952.949609375 944.7351104736329 0.9644717261904762 1418.5558166503906 840.3022155761719 1590.1178894042969 1094.2140197753906 0.9569614955357143 
184 1809.8881286621095 717.3895812988281 1955.643487548828 940.5774597167969 0.9654250372023809 1419.8349548339843 837.8304473876954 1590.6419738769532 1095.1797454833984 0.9619838169642857 
185 1812.1443420410155 715.3347290039062 1957.784490966797 936.0706665039063 0.9606119791666666 1418.373223876953 839.1814361572266 1593.5966247558595 1094.0516571044923 0.9725167410714286 
186 1815.425311279297 711.0180419921875 1958.9456604003906 931.9939208984375 0.9530087425595238 1419.9994506835938 840.2565032958985 1588.5789184570312 1095.4039581298828 0.966796875 
187 1815.3820495605469 710.0228759765625 1960.9837951660156 928.425732421875 0.9471261160714286 1416.4643676757812 841.099609375 1591.6415893554688 1091.352783203125 0.9663783482142857 
188 1815.2508239746094 703.0488677978516 1962.5061340332031 922.7990936279297 0.9414992559523809 1418.5330383300782 840.2838287353516 1590.7082946777343 1094.0159149169922 0.9581473214285714 
189 1813.9652770996095 700.4317047119141 1963.173760986328 917.4622772216796 0.9318963913690477 1418.5974487304688 840.5972686767578 1588.1525512695312 1093.799642944336 0.9561941964285714 
190 1814.8643310546875 700.3037567138672 1961.4437744140625 912.2801666259766 0.9326171875 1418.2324645996093 841.0720611572266 1589.6177551269532 1095.8946746826173 0.9613095238095238 
191 1813.7139770507813 697.6057678222656 1960.4010131835937 909.7376159667969 0.9225725446428571 1418.5274291992187 842.2095672607422 1590.0382446289063 1094.962368774414 0.9652622767857143 
192 1814.90732421875 696.8316986083985 1959.403466796875 904.5447052001953 0.9210611979166666 1417.2828002929687 840.9803833007812 1591.1295532226563 1093.8484741210937 0.9684942336309523 
193 1813.5316101074218 697.0898986816406 1959.9541076660157 904.3340515136719 0.9185965401785714 1421.050067138672 840.653271484375 1589.9991271972656 1095.203173828125 0.9628208705357143 
194 1810.9718505859375 698.1353088378906 1959.0220458984375 904.5082458496094 0.9189685639880952 1418.1557312011719 841.0951690673828 1590.8810119628906 1094.574935913086 0.9593331473214286 
195 1811.116387939453 699.3256622314453 1958.6925720214845 905.0380462646484 0.9220842633928571 1417.579571533203 841.827880859375 1591.9879333496094 1094.496337890625 0.9585658482142857 
196 1813.4651733398437 699.021630859375 1956.3702758789063 908.9135498046875 0.9145042782738095 1418.2430847167968 841.5832733154297 1592.4086486816407 1096.1330963134765 0.9551943824404762 
197 1806.1255920410156 700.4495269775391 1955.156024169922 907.3127410888671 0.9144577752976191 1418.5778381347657 842.2081756591797 1589.8517272949218 1095.7823638916016 0.9590773809523809 
198 1803.4439331054687 700.7607666015625 1947.7169555664063 907.1821044921875 0.9143647693452381 1419.3705444335938 840.2530853271485 1592.4981079101562 1095.5052764892578 0.9612397693452381 
199 1802.6081237792969 699.0668670654297 1942.3160705566406 905.302456665039 0.9221075148809523 1421.0979248046874 838.6895751953125 1585.1994384765626 1091.4945068359375 0.9670293898809523 
200 1800.6234375 697.793490600586 1938.39169921875 906.6681182861328 0.9207356770833334 1421.7603759765625 836.501919555664 1583.9715576171875 1087.5959197998047 0.9617978050595238 
201 1799.671453857422 695.6344757080078 1938.3745666503905 904.7901458740234 0.9182245163690477 1420.6507141113282 833.3215423583985 1585.7737243652343 1082.106741333008 0.9659830729166666 
202 1795.2895385742188 694.9435882568359 1935.7717407226562 901.2769317626953 0.9192475818452381 1422.9776123046875 828.5875 1585.4103271484375 1076.626611328125 0.9622860863095238 
203 1791.7625854492187 694.1367492675781 1934.3287231445313 902.5025329589844 0.9341750372023809 1425.0557189941405 827.9295227050782 1587.361639404297 1075.7751892089843 0.9721214657738095 
204 1783.9209350585938 690.4332916259766 1928.5265747070312 900.7686737060546 0.9354306175595238 1427.9686706542968 827.7074584960938 1590.1022521972657 1075.2898559570312 0.9695405505952381 
205 1778.9425720214845 689.3971527099609 1925.399346923828 897.0596954345704 0.9337332589285714 1428.3544311523438 827.7827697753906 1596.6704711914062 1074.791815185547 0.9694242931547619 
206 1774.440362548828 689.5209686279297 1922.9496520996095 899.181118774414 0.9346865699404762 1428.7026672363281 828.0344055175781 1603.4195251464844 1074.8219177246094 0.9726097470238095 
207 1774.4973388671874 688.7025390625 1918.6291259765626 896.164892578125 0.9394763764880952 1427.5229187011719 824.7709259033203 1608.7794494628906 1075.9096771240233 0.97998046875 
208 1768.8813537597657 686.8788970947265 1914.4796081542968 897.6703582763672 0.9352213541666666 1427.20185546875 828.0473571777344 1607.569873046875 1075.7816223144532 0.9732142857142857 
209 1764.9124450683594 688.9310119628906 1911.3489074707031 895.6648132324219 0.9380580357142857 1428.4730590820313 828.3272399902344 1605.0581909179687 1075.9770812988281 0.9750511532738095 
210 1760.8356567382812 687.9568084716797 1909.2917846679688 896.6559234619141 0.9346168154761905 1426.3544982910157 829.3790008544922 1604.9320007324218 1074.654263305664 0.9720982142857143 
211 1758.9658996582032 685.1960510253906 1903.1003845214843 896.0196472167969 0.9326404389880952 1427.3406555175782 828.0066741943359 1605.8953063964843 1077.5529571533202 0.9718656994047619 
212 1755.66767578125 687.3771789550781 1899.517626953125 897.7846862792969 0.9366629464285714 1428.00009765625 826.3551452636718 1606.202294921875 1077.5558654785157 0.9715866815476191 
213 1747.1373046875 685.6234344482422 1895.35 896.1284576416016 0.9368722098214286 1428.0751525878907 826.5659973144532 1606.3600280761718 1075.7351501464843 0.9647042410714286 
214 1742.29404296875 685.1082763671875 1892.3158203125 897.2818603515625 0.9402204241071429 1429.3915222167968 825.7330718994141 1605.1313049316407 1076.4836639404298 0.96142578125 
215 1742.4941711425781 684.0852996826172 1885.9583435058594 898.2110260009765 0.9337100074404762 1429.1293212890625 824.584716796875 1604.7124755859375 1077.253173828125 0.9582635788690477 
216 1736.380517578125 682.5679443359375 1881.861181640625 898.649462890625 0.9304082961309523 1428.4683349609375 822.9469207763672 1603.9010498046875 1077.538003540039 0.9535667782738095 
217 1734.71435546875 681.9864349365234 1877.977783203125 897.9507598876953 0.9233630952380952 1428.1206665039062 822.5359313964843 1605.5963745117188 1074.8506652832032 0.9602864583333334 
218 1732.0986938476562 682.4344512939454 1875.2208862304688 898.1859710693359 0.9185500372023809 1429.5864562988281 820.7093627929687 1602.6148376464844 1077.0477172851563 0.9622628348214286 
219 1728.1801513671876 683.6060150146484 1871.3369384765624 899.4094268798829 0.9220377604166666 1428.8822998046876 822.1606872558593 1601.9524169921874 1076.4241516113282 0.9644717261904762 
220 1721.8028442382813 685.1873718261719 1871.1305053710937 898.5125793457031 0.9249209449404762 1428.3986755371093 821.633432006836 1603.3253234863282 1075.4904083251954 0.9616350446428571 
221 1719.946337890625 684.7758178710938 1869.1486328125 900.0534057617188 0.9191545758928571 1428.4280639648437 821.3532653808594 1603.2079223632813 1074.9971984863282 0.9606119791666666 
222 1718.3697937011718 685.8382873535156 1867.7826721191407 901.4197692871094 0.9286644345238095 1429.9701049804687 822.6085876464844 1602.8621704101563 1076.610528564453 0.9641694568452381 
223 1716.043603515625 686.6591094970703 1867.65927734375 900.202279663086 0.9242699032738095 1427.2673767089843 821.6019592285156 1604.5083801269532 1075.7184753417969 0.9581705729166666 
224 1717.92255859375 687.1930541992188 1864.933642578125 902.3833618164062 0.9216424851190477 1429.8002502441407 822.0762603759765 1602.3785827636718 1075.6172821044922 0.9578683035714286 
225 1716.3104614257813 687.2331146240234 1863.3504272460937 902.4655548095703 0.9261765252976191 1429.7710815429687 822.1427429199218 1602.3832153320313 1075.7333557128907 0.9586588541666666 
226 1714.3798217773438 687.1808868408203 1861.4629516601562 902.4766448974609 0.9203404017857143 1427.5101196289063 820.2444946289063 1602.3045776367187 1076.0413940429687 0.9624488467261905 
227 1714.1767028808595 687.5626892089844 1861.258721923828 902.8566223144531 0.9259440104166666 1427.3093383789062 820.8711212158203 1602.1025268554688 1074.5343353271485 0.9642392113095238 
228 1712.0211975097657 687.7248413085938 1861.1798522949218 902.9395874023437 0.9292689732142857 1427.1444091796875 820.9842529296875 1601.8731689453125 1074.5540771484375 0.9636346726190477 
229 1712.3645446777343 687.8123291015625 1859.4414855957032 903.0988037109375 0.9331752232142857 1429.0324401855469 821.3621124267578 1601.6878967285156 1072.8848968505858 0.96435546875 
230 1709.8584533691405 688.5327056884765 1858.923162841797 901.4823699951172 0.9308268229166666 1428.6829772949218 821.2166809082031 1601.1721252441407 1076.7563415527343 0.9685407366071429 
231 1710.0583740234374 686.8391845703125 1856.9260009765626 901.819384765625 0.9311290922619048 1428.521240234375 823.4735931396484 1603.0595703125 1074.6385284423827 0.9605189732142857 
232 1709.9388244628906 687.9334075927734 1856.687274169922 900.6121856689454 0.9325241815476191 1428.6302429199218 822.3300415039063 1603.0268615722657 1075.4177612304688 0.9664248511904762 
233 1711.9019409179687 686.2167236328125 1856.6066040039063 901.1458251953125 0.9278738839285714 1428.549090576172 820.6906311035157 1603.0460021972656 1076.0519226074218 0.9615652901785714 
234 1710.017999267578 687.0517333984375 1856.8197692871095 901.93544921875 0.9255719866071429 1426.7249633789063 821.4972717285157 1603.3126342773437 1076.8046081542968 0.9629603794642857 
235 1711.7451965332032 686.4100616455078 1856.4065368652343 901.2748138427735 0.9311755952380952 1428.4771118164062 822.725619506836 1602.9218139648438 1075.8830841064453 0.9614955357142857 
236 1709.56298828125 687.1146697998047 1856.390625 899.9083404541016 0.9325009300595238 1428.1025390625 823.4662963867188 1602.59326171875 1074.5627563476562 0.9671223958333334 
237 1711.721014404297 685.0982635498046 1858.5840393066405 900.0717193603516 0.9351283482142857 1428.8009094238282 821.2372161865235 1601.2053161621093 1076.6512725830078 0.9675874255952381 
238 1713.6911315917969 686.4385986328125 1858.4200744628906 899.2755126953125 0.9347098214285714 1428.653369140625 822.5723815917969 1603.179638671875 1075.8481506347657 0.9646344866071429 
239 1713.4390563964844 684.2916656494141 1858.0156555175781 899.0304168701172 0.9341517857142857 1428.7016906738281 821.9174774169921 1603.0440368652344 1077.052554321289 0.9626813616071429 
240 1713.4423095703125 682.943081665039 1860.0103271484375 899.6089813232422 0.9291062127976191 1429.211358642578 822.5667877197266 1603.3937438964845 1075.3435516357422 0.9606119791666666 
241 1714.9422302246094 684.437158203125 1859.2173156738281 898.7280029296875 0.9251302083333334 1427.28984375 823.6527618408203 1603.39033203125 1076.1340423583983 0.9574962797619048 
242 1713.5805114746095 684.5495361328125 1860.113458251953 899.039697265625 0.9296875 1428.0292175292968 824.1396850585937 1600.0460998535157 1074.7321411132812 0.9642857142857143 
243 1714.5622985839843 683.8380493164062 1861.5471984863282 898.9899536132813 0.9330357142857143 1426.9830078125 823.8588256835938 1595.270166015625 1075.2244262695312 0.9708193824404762 
244 1714.7613342285156 686.9642974853516 1859.522967529297 897.7202117919921 0.9365001860119048 1412.137432861328 825.2574615478516 1582.4452087402344 1072.2039031982422 0.9516834077380952 
245 1714.864520263672 685.179165649414 1859.4068420410156 897.7413055419922 0.9415922619047619 1397.0023071289063 824.897915649414 1575.5545776367187 1073.5956756591797 0.9504510788690477 
246 1716.741522216797 682.5330291748047 1862.3540588378905 898.8102935791015 0.9469168526785714 1380.218603515625 825.6746704101563 1572.941064453125 1071.9310424804687 0.9507998511904762 
247 1717.7593933105468 680.6612030029297 1863.5534729003907 899.352163696289 0.9525437127976191 1365.9737182617187 828.9290954589844 1558.9364379882813 1077.636456298828 0.9573335193452381 
248 1719.3016052246094 680.8834045410156 1863.6560363769531 898.4923278808594 0.9543340773809523 1356.7582153320313 835.0990417480468 1554.9761596679687 1080.7169982910157 0.9655645461309523 
249 1718.9781921386718 680.0809051513672 1865.5663635253907 897.807339477539 0.9529854910714286 1341.480780029297 843.665902709961 1554.8958068847655 1080.7936309814454 0.9674246651785714 
250 1719.9408752441407 681.6152130126953 1866.9571960449218 897.8155120849609 0.9564732142857143 1337.100115966797 847.3410552978515 1544.6524475097656 1082.999459838867 0.9442429315476191 
251 1717.8017028808595 682.0182647705078 1865.007501220703 898.4975433349609 0.9580078125 1334.2170166015626 847.7081573486328 1544.2019287109374 1085.835482788086 0.9507300967261905 
252 1719.701727294922 680.5876251220703 1865.3555236816405 900.1553558349609 0.9567754836309523 1335.9180053710938 845.5560943603516 1546.7900024414062 1084.6892059326171 0.9632859002976191 
253 1717.9681030273437 681.0191253662109 1863.8026489257813 898.6827178955078 0.9546595982142857 1335.3824401855468 844.0156829833984 1546.5161193847657 1085.6223175048829 0.9552408854166666 
254 1715.8240234375 678.9742736816406 1863.56953125 898.4198913574219 0.9539388020833334 1334.6773193359375 843.0988922119141 1541.0865966796875 1088.6171112060547 0.9532412574404762 
255 1715.0923217773438 678.0674285888672 1862.6877075195312 899.4605865478516 0.9537295386904762 1337.505224609375 842.0252960205078 1530.68154296875 1089.464633178711 0.9469866071428571 
256 1712.8903747558593 680.8158966064453 1862.7025207519532 897.9350189208984 0.9559616815476191 1335.9380920410156 840.7324981689453 1524.831805419922 1090.4195404052734 0.9507300967261905 
257 1715.8444580078126 678.2785614013671 1863.6667724609374 897.8381988525391 0.9610770089285714 1329.0651000976563 838.8932006835937 1524.7122436523437 1086.7130004882813 0.9690755208333334 
258 1719.1076599121093 679.8699768066406 1862.3848937988282 896.9568054199219 0.9557524181547619 1322.5902770996095 840.2637603759765 1515.797540283203 1085.5718719482422 0.9661923363095238 
259 1720.5416870117188 678.450650024414 1863.9622192382812 895.7544891357422 0.9563337053571429 1310.0046264648438 846.693978881836 1505.5781372070312 1083.5551055908204 0.9627046130952381 
260 1721.05068359375 675.8734558105468 1864.76669921875 895.8024475097657 0.9528459821428571 1305.3966003417968 847.562109375 1494.8403381347657 1089.266259765625 0.9565197172619048 
261 1723.2189453125 674.673471069336 1865.28837890625 895.4274200439453 0.9501720610119048 1303.3998046875 849.86435546875 1484.811376953125 1096.84658203125 0.9573800223214286 
262 1721.7894470214844 674.4550506591797 1866.179425048828 895.4156158447265 0.9508463541666666 1302.3345153808593 851.7451538085937 1479.5406066894532 1096.7707153320312 0.9652157738095238 
263 1723.1887573242188 673.7488067626953 1865.6869750976562 895.1691009521485 0.9505208333333334 1303.3671447753907 851.1548675537109 1474.3649108886718 1098.8825469970702 0.9684942336309523 
264 1722.2316833496093 674.993295288086 1866.9688781738282 894.2920440673828 0.9525437127976191 1302.021435546875 850.2635772705078 1477.460498046875 1100.264193725586 0.9744233630952381 
265 1721.3637573242188 673.3066131591797 1868.1682250976562 896.7998931884765 0.9525669642857143 1299.5748596191406 852.3035186767578 1479.2460632324219 1102.0902191162108 0.9814220610119048 
266 1720.9305480957032 672.2457305908204 1867.4968200683593 895.3764007568359 0.9488699776785714 1300.0785766601562 852.6349700927734 1477.2705444335938 1102.0162139892577 0.9783063616071429 
267 1720.671453857422 671.7397338867188 1869.2197814941405 894.5621459960937 0.9420107886904762 1294.6033203125 853.5601501464844 1480.28876953125 1102.5969543457031 0.9814685639880952 
268 1722.9174743652343 670.8399688720704 1868.9115051269532 893.0994232177734 0.9461495535714286 1292.1431457519532 855.8047576904297 1481.7173278808593 1102.0334381103517 0.9846772693452381 
269 1724.227850341797 672.9076446533203 1872.3191467285155 892.8667083740235 0.9522646949404762 1290.3404235839844 858.0217315673829 1481.9880676269531 1099.758969116211 0.9924665178571429 
270 1724.483172607422 671.4588256835938 1872.3865783691406 891.1388305664062 0.9529157366071429 1287.2982055664063 857.7601928710938 1483.0526245117187 1101.3657836914062 0.9894670758928571 
271 1728.8588806152343 670.9818542480468 1873.4786437988282 888.9906799316407 0.9531715029761905 1288.3581115722657 857.2773315429688 1480.4650085449218 1101.1882446289062 0.9928850446428571 
272 1729.7263916015625 670.0538665771485 1873.6461669921875 887.0074737548828 0.9575892857142857 1287.8053283691406 860.6525024414062 1481.1303405761719 1101.2347045898437 0.9937918526785714 
273 1734.4495422363282 667.4435516357422 1876.7717712402343 885.2394927978515 0.9515206473214286 1289.1538024902343 858.7822052001953 1481.0731262207032 1100.2985443115235 0.9903738839285714 
274 1735.671240234375 666.6820831298828 1877.742578125 884.0944671630859 0.9466378348214286 1289.503839111328 859.3395965576171 1481.0851501464845 1100.430484008789 0.9876999627976191 
275 1737.0889953613282 663.2528686523438 1879.1833435058593 882.8532104492188 0.9519159226190477 1289.4420654296875 859.0051940917969 1478.9011962890625 1104.4409729003905 0.9863978794642857 
276 1736.8102172851563 661.0668151855468 1879.5083862304687 881.6004211425782 0.9543805803571429 1289.1735900878907 857.4015594482422 1477.2757507324218 1106.0423492431642 0.9843982514880952 
277 1737.9278259277344 659.7266845703125 1881.5935363769531 877.402099609375 0.9453357514880952 1288.9302185058593 857.1415252685547 1478.3079406738282 1105.2916412353516 0.9821428571428571 
278 1740.4572998046874 657.6116424560547 1882.9291748046876 876.7993072509765 0.94677734375 1288.593438720703 856.3980102539062 1474.9030212402345 1106.2719116210938 0.9833751860119048 
279 1739.85283203125 656.5910247802734 1885.906689453125 875.6717315673828 0.94091796875 1287.562646484375 857.2873413085938 1473.44931640625 1107.3491333007812 0.9787713913690477 
280 1744.0724731445312 654.8456085205078 1886.3174194335938 870.435580444336 0.9501953125 1290.0682739257813 859.8355987548828 1470.0970092773437 1106.541781616211 0.9843982514880952 
281 1746.4246337890625 651.3882049560547 1890.3507568359375 869.5262847900391 0.9507998511904762 1290.7737731933594 857.0711303710938 1470.6814270019531 1106.6930297851563 0.9852120535714286 
282 1749.711474609375 647.1075134277344 1893.0548828125 863.2602844238281 0.9471028645833334 1289.9272766113281 856.9595031738281 1474.2259216308594 1104.9664001464844 0.9923502604166666 
283 1753.0561889648438 640.1575531005859 1896.8112426757812 861.4948516845703 0.9420340401785714 1292.7414001464845 852.8941009521484 1470.723809814453 1101.6132843017579 0.9859328497023809 
284 1758.1333435058593 636.0270843505859 1896.8821594238282 861.2097930908203 0.9480096726190477 1305.05595703125 847.3873779296875 1473.37421875 1090.7666748046875 0.9877697172619048 
285 1761.41123046875 630.2492889404297 1903.584130859375 855.9204498291016 0.9405459449404762 1315.6238342285155 838.7347412109375 1484.877264404297 1077.9461669921875 0.9827473958333334 
286 1766.1790161132812 624.2486846923828 1905.0292358398438 845.960971069336 0.9414992559523809 1328.6976745605468 830.6288818359375 1496.6615783691407 1070.2573486328124 0.9812593005952381 
287 1764.8979614257812 621.0682220458984 1909.3652221679688 841.1029815673828 0.9421270461309523 1348.3365234375 823.920751953125 1517.252099609375 1063.958642578125 0.9878627232142857 
288 1767.7469848632813 615.7244750976563 1912.0384155273437 834.3479125976562 0.9511951264880952 1364.7230041503906 814.2513946533203 1533.063006591797 1061.2959075927733 0.9859328497023809 
289 1772.257568359375 605.514535522461 1916.400146484375 830.4642852783203 0.9468703497023809 1382.8374816894532 807.4485046386719 1553.1877868652343 1058.6060607910156 0.9940243675595238 
290 1776.3772338867188 600.8370727539062 1917.5487915039062 820.1958862304688 0.9385928199404762 1397.2189086914063 804.7422332763672 1566.6248413085937 1052.3353424072266 0.9895600818452381 
291 1780.919921875 596.2825317382812 1921.783935546875 812.9962768554688 0.9486374627976191 1413.0902465820313 798.9932250976562 1577.7925659179687 1050.3810424804688 0.9897693452380952 
292 1783.2349182128905 587.3447418212891 1925.809149169922 807.6865692138672 0.9566127232142857 1427.7966369628907 796.8024230957031 1583.3321472167968 1045.2269958496095 0.9851655505952381 
293 1785.5023071289063 577.2989166259765 1930.7706420898437 800.6219207763672 0.9424525669642857 1431.8379821777344 794.2007568359375 1592.2837219238281 1045.7101318359375 0.9723074776785714 
294 1791.9559814453125 571.026577758789 1934.9534423828125 787.6893035888672 0.9535202752976191 1436.629248046875 793.9391876220703 1596.959619140625 1043.1012786865235 0.9787946428571429 
295 1798.4914672851562 561.2783599853516 1939.5182983398438 782.5821746826172 0.9454055059523809 1439.0813903808594 792.8462646484375 1599.6350402832031 1046.6947509765625 0.9682152157738095 
296 1801.521954345703 552.6935729980469 1944.7664978027344 771.9011535644531 0.9510323660714286 1440.0716491699218 792.436181640625 1605.0197814941407 1046.3697265625 0.9701915922619048 
297 1809.741387939453 542.6964233398437 1950.8207458496095 761.9120971679688 0.9424990699404762 1441.5993225097657 792.21494140625 1604.3832214355468 1048.328271484375 0.9727492559523809 
298 1817.295831298828 532.7653137207031 1953.9921325683595 749.7435974121094 0.9356398809523809 1437.7506408691406 793.8903564453125 1609.1635437011719 1047.755029296875 0.9724469866071429 
299 1825.3498229980469 523.4769500732422 1959.9986877441406 738.4808746337891 0.9372209821428571 1438.5264831542968 792.6913116455078 1610.0952209472657 1048.9586517333985 0.9691452752976191 
