0 370.02214965820315 521.6065338134765 517.2373107910156 638.5126678466797 0.7272832961309523 354.36802673339844 561.7409271240234 492.92347717285156 648.3381134033203 0.2562779017857143 
1 373.76766204833984 538.0253295898438 530.0808792114258 655.2601928710938 0.7232607886904762 352.22448883056643 554.391390991211 434.72311248779295 645.5741241455078 0.19614374069940477 
2 381.5232162475586 539.9874542236328 529.268684387207 666.005648803711 0.7652994791666666 357.12181854248047 600.6567169189453 426.64908599853516 635.4203704833984 0.17338634672619047 
3 398.08968048095704 564.5241882324219 534.0719100952149 688.5080383300781 0.7843889508928571 391.47515869140625 503.4552734375 531.4568481445312 623.4396240234375 0.28852771577380953 
4 405.9394226074219 572.6475372314453 550.9936828613281 705.6138763427734 0.8082449776785714 404.2347213745117 534.21435546875 537.2011001586914 651.0635986328125 0.31007603236607145 
5 416.59949645996096 587.993603515625 562.4939483642578 721.7301513671875 0.7787155877976191 404.44163665771487 546.6880340576172 574.6517776489258 660.1615142822266 0.27865745907738093 
6 424.0313385009766 596.6012573242188 579.9073211669922 740.4867553710938 0.7840634300595238 410.04248046875 563.8581237792969 553.927978515625 671.7722473144531 0.285400390625 
7 430.4923583984375 609.8863800048828 594.2736328125 749.6996185302735 0.7917829241071429 425.26857299804686 574.5489471435546 581.0605285644531 674.4155914306641 0.26119559151785715 
8 449.598681640625 611.7629943847656 601.4971435546875 754.9815124511719 0.7311197916666666 432.90654296875 565.0250183105469 584.8050048828125 708.2435363769531 0.28287179129464285 
9 453.121565246582 621.2740905761718 611.1209579467774 771.1709777832032 0.7762276785714286 479.4547973632813 613.4831726074219 625.3004516601562 722.8674133300781 0.2803548177083333 
10 471.8724838256836 640.7984802246094 622.428694152832 775.5066955566406 0.7968982514880952 475.6821029663086 613.5215698242188 646.0483963012696 720.4957641601562 0.30888439360119047 
11 486.70458068847654 651.5705627441406 636.5172821044922 780.5760437011719 0.7479538690476191 487.6649139404297 600.3525543212891 629.1547271728516 729.3579559326172 0.30531529017857145 
12 495.08051147460935 654.7378082275391 650.4160705566406 797.1288299560547 0.7750186011904762 527.1101867675782 621.2145385742188 634.9820983886718 737.7162475585938 0.35486421130952384 
13 511.4230194091797 663.8577697753906 661.1289215087891 809.5175964355469 0.7843656994047619 521.6938873291016 638.6473815917968 663.3076385498047 760.0305969238282 0.31425548735119047 
14 517.2252166748046 678.7804168701172 678.2277252197266 812.2947174072266 0.7729957217261905 533.6879119873047 641.7770050048828 682.9098052978516 755.6568939208985 0.25716727120535715 
15 531.9784423828125 692.9899749755859 686.003369140625 825.0113067626953 0.8059895833333334 105.27858390808106 145.94756851196288 202.0942569732666 207.55754318237305 0.414794921875 
16 544.8410583496094 699.1642395019531 707.7436584472656 831.2473815917969 0.79736328125 566.5162536621094 710.6792175292969 658.9744689941406 772.3179748535156 0.31295340401785715 
17 553.5388916015625 709.9327575683594 717.9996826171875 843.2794006347656 0.8062686011904762 572.5150909423828 717.1129638671875 661.4128265380859 788.23115234375 0.3224283854166667 
18 566.0533508300781 713.563931274414 731.1404968261719 847.4183074951172 0.7908993675595238 577.7227416992188 702.5809997558594 671.4208129882812 782.8936096191406 0.3629673549107143 
19 575.4088836669922 716.9452606201172 744.859487915039 859.640493774414 0.8216378348214286 589.9871307373047 704.4251190185547 692.5493072509765 806.9872955322265 0.4338262648809524 
20 584.7191040039063 725.8346801757813 753.7863891601562 872.6562866210937 0.8134533110119048 581.8100067138672 648.1458923339844 657.445425415039 786.0691955566406 0.45561290922619047 
21 598.8533996582031 742.9910064697266 763.4025817871094 880.8564666748047 0.8312639508928571 579.3538208007812 663.795297241211 646.0629272460938 806.1080841064453 0.5383649553571429 
22 596.3710540771484 744.23623046875 773.8365264892578 890.6452392578125 0.8428664434523809 582.3785949707031 691.1672546386719 644.4915222167969 824.2663391113281 0.61865234375 
23 598.891488647461 745.70283203125 785.4680694580078 901.1832763671875 0.8687918526785714 574.6297058105469 668.6460083007812 645.7064758300781 810.7995483398438 0.70361328125 
24 606.9810028076172 759.5567901611328 797.3626861572266 905.6637298583985 0.8355189732142857 568.1553527832032 658.746435546875 652.2775085449218 822.5632568359375 0.6642717633928571 
25 613.0123565673828 769.7846099853516 807.699496459961 906.9505584716796 0.8422619047619048 560.0860229492188 650.3175476074218 653.0049194335937 849.4294006347657 0.7325381324404762 
26 618.5888244628907 783.8850921630859 813.1205261230468 907.6779571533203 0.8199172247023809 562.3038116455078 669.2746063232422 655.1485198974609 872.6486724853515 0.7480701264880952 
27 616.7240264892578 792.4176940917969 823.7811614990235 915.7709045410156 0.8175688244047619 550.9808624267578 681.0948059082032 652.306674194336 888.1520202636718 0.7197498139880952 
28 625.2827545166016 791.1374481201171 836.4811004638672 927.5364410400391 0.8294503348214286 533.8988616943359 697.8920684814453 657.0979034423829 909.0904144287109 0.7696475074404762 
29 638.672738647461 795.7108215332031 849.8449005126953 927.6933532714844 0.8070126488095238 520.5652587890625 732.9344512939454 670.145556640625 939.7072113037109 0.7967819940476191 
30 652.3371032714844 798.3640380859375 854.5421691894531 939.02841796875 0.8035016741071429 511.50367736816406 764.2123474121094 674.1468963623047 966.4174133300781 0.8092215401785714 
31 660.8207214355468 804.07626953125 867.5069152832032 944.79873046875 0.8038736979166666 505.89064331054686 795.1119689941406 677.3962219238281 984.2078552246094 0.8112211681547619 
32 671.3455535888672 813.8985076904297 873.5948150634765 950.196890258789 0.8018275669642857 490.74175415039065 813.0529602050781 675.4041198730469 1015.3021423339844 0.8363095238095238 
33 675.6340606689453 813.9376800537109 878.009799194336 959.1202423095704 0.8242420014880952 479.3498809814453 845.0724182128906 681.725619506836 1043.0486755371094 0.8544224330357143 
34 684.4873016357421 818.5326995849609 886.6162750244141 967.9323272705078 0.8252650669642857 467.14806060791017 866.0228332519531 678.0651657104493 1072.5458923339843 0.8636300223214286 
35 677.7655242919922 810.0400421142579 897.0525299072266 985.4696624755859 0.8140578497023809 462.3582077026367 902.9840026855469 677.2594985961914 1091.5708068847657 0.8709542410714286 
36 674.6820007324219 804.452670288086 902.0006164550781 992.4276397705078 0.8098260788690477 456.1064743041992 929.377001953125 683.4250503540039 1112.980419921875 0.8750930059523809 
37 677.9249664306641 799.8214813232422 900.7077850341797 1000.762808227539 0.8206147693452381 447.41368560791017 949.1834381103515 687.6696578979493 1137.0198699951172 0.8778366815476191 
38 679.9394348144531 792.4599304199219 906.8095886230469 1010.6042785644531 0.8118954613095238 449.20972900390626 973.8553680419922 697.8943969726563 1161.459634399414 0.8731863839285714 
39 682.7376861572266 786.7175354003906 904.8997039794922 1013.2357116699219 0.8083612351190477 451.8634262084961 1000.5023803710938 700.1621170043945 1174.7471313476562 0.8551664806547619 
40 684.6340118408203 786.0760162353515 906.3250335693359 1016.4607879638672 0.8193824404761905 456.08828887939455 1020.4733276367188 716.9013046264648 1190.0017700195312 0.8454008556547619 
41 689.4463195800781 780.1729553222656 910.5359802246094 1009.9328796386719 0.8130347842261905 464.35502166748046 1044.9470947265625 728.7956436157226 1205.3453857421875 0.8406808035714286 
42 708.2327331542969 770.0904022216797 914.5526672363281 1002.200308227539 0.8323567708333334 478.7679611206055 1067.6672302246093 753.8612197875976 1213.8104309082032 0.8527715773809523 
43 717.610205078125 771.0801666259765 927.249169921875 1006.3891326904297 0.8270321800595238 488.22508850097654 1077.1463745117187 774.8742156982422 1226.8885375976563 0.8353329613095238 
44 729.0295318603515 763.3110809326172 943.5470672607422 990.6996002197266 0.8350539434523809 493.7203125 1089.5426391601563 802.6255126953125 1235.4146362304687 0.8266834077380952 
45 747.8378723144531 754.9088836669922 955.0540954589844 983.710073852539 0.8385881696428571 506.2516784667969 1100.767333984375 821.3929748535156 1238.911376953125 0.8391694568452381 
46 772.4499328613281 752.5658447265625 967.5215026855469 982.3167236328125 0.8336588541666666 514.0218231201172 1098.8594909667968 839.141079711914 1246.2468322753907 0.8530505952380952 
47 789.4299255371094 746.9823852539063 987.0732482910156 979.7623657226562 0.8191034226190477 528.1014007568359 1102.233660888672 853.1149688720703 1242.7801330566406 0.8451218377976191 
48 817.259634399414 741.4953155517578 1004.4933563232422 988.0958099365234 0.8522832961309523 549.0552490234375 1105.9512634277344 868.7225830078125 1238.3847961425781 0.8409598214285714 
49 832.6303863525391 732.6000152587891 1016.0986785888672 981.9287322998047 0.8260323660714286 564.6653686523438 1104.9647399902344 875.1501831054687 1231.981182861328 0.8253813244047619 
50 839.0945983886719 728.5764343261719 1033.0864318847657 971.0662658691406 0.8447730654761905 577.2055572509765 1094.7360717773438 906.9917694091797 1235.3801391601562 0.8466331845238095 
51 852.908349609375 714.3005340576171 1044.9570068359376 975.2897369384766 0.8057803199404762 598.9267974853516 1097.0721252441406 923.9322723388672 1225.104510498047 0.8413550967261905 
52 871.4227416992187 711.2803771972656 1061.3138305664063 956.1397888183594 0.8341471354166666 623.1037628173829 1093.5608520507812 932.9259613037109 1223.4862670898438 0.8395182291666666 
53 896.5843170166015 705.0086822509766 1072.3094207763672 956.0446014404297 0.8261486235119048 640.913949584961 1081.3693908691407 957.2191680908203 1216.9288269042968 0.8452845982142857 
54 909.6837127685546 698.7732177734375 1095.9975006103516 950.5485595703125 0.8234747023809523 666.0426544189453 1076.2425109863282 983.2795501708985 1212.2012145996093 0.8444475446428571 
55 928.0559204101562 697.3008178710937 1120.1210815429688 955.0724731445313 0.8287760416666666 688.5576171875 1059.4642822265625 1001.9271240234375 1211.0945556640625 0.8519577752976191 
56 952.4314849853515 677.6212219238281 1144.7081024169922 950.8565612792969 0.7830636160714286 704.8849182128906 1045.8271850585938 1018.5995788574219 1197.6247192382812 0.8436337425595238 
57 973.5404876708984 671.1321472167969 1160.0005889892577 943.2629943847656 0.8108026413690477 739.2055389404297 1037.8497741699218 1041.573208618164 1189.0336486816407 0.8226143973214286 
58 991.3147552490234 657.8635528564453 1192.7121612548829 939.819857788086 0.8008045014880952 752.7363800048828 1020.9596618652344 1074.9720550537108 1177.042657470703 0.8148251488095238 
59 1019.8750122070312 674.1439392089844 1211.3530151367188 926.0886047363281 0.8155226934523809 776.0701049804687 1010.1994201660157 1098.5592895507812 1171.4440124511718 0.8360305059523809 
60 1048.3328796386718 664.9123352050781 1239.2270568847657 929.2273132324219 0.7930385044642857 800.7729553222656 1000.5772521972656 1114.0350280761718 1162.103045654297 0.8240094866071429 
61 1075.7159912109375 652.9345123291016 1264.9910400390625 919.8608367919921 0.8178245907738095 821.6693328857422 988.9257171630859 1141.980874633789 1158.7879669189454 0.8505626860119048 
62 1105.01572265625 650.6672302246094 1286.85830078125 909.0750793457031 0.8057803199404762 844.9514587402343 985.6403564453125 1175.1392395019532 1148.3415771484374 0.8515625 
63 1120.5021362304688 649.669677734375 1297.8159790039062 905.7896728515625 0.8078264508928571 862.10888671875 978.7232513427734 1177.33349609375 1141.2609405517578 0.8477492559523809 
64 1145.852606201172 639.5815460205079 1325.0283752441405 875.3392913818359 0.7993396577380952 887.607177734375 974.7202209472656 1198.807373046875 1135.0355163574218 0.8405645461309523 
65 1156.1357788085938 624.9637329101563 1336.8468872070312 891.0105102539062 0.7787620907738095 906.1136993408203 955.3018646240234 1212.3183685302733 1136.0128936767578 0.8359142485119048 
66 1174.7869873046875 611.6871734619141 1360.3035888671875 872.4131072998047 0.8115699404761905 930.0672088623047 958.2290069580079 1230.9047760009767 1123.689633178711 0.8326357886904762 
67 1200.3987915039063 599.0398712158203 1381.5440795898437 865.7259368896484 0.8035016741071429 954.2270599365235 946.8155364990234 1256.135794067383 1117.8971710205078 0.8412853422619048 
68 1214.0862548828125 588.4608795166016 1378.7819091796875 862.9536102294921 0.7799479166666666 962.0520080566406 938.3911254882812 1281.4617858886718 1108.0776245117188 0.8341471354166666 
69 1236.1447448730469 577.6459716796875 1400.1134338378906 831.0520263671875 0.80859375 991.9117309570313 926.4137603759766 1285.0677612304687 1105.2885711669921 0.8483770461309523 
70 1252.8678039550782 568.6840393066407 1422.7966247558593 833.5731628417968 0.8131045386904762 1009.892578125 925.0732696533203 1319.762939453125 1100.0001556396485 0.8510509672619048 
71 1277.1144165039063 549.1018859863282 1435.6975952148437 816.7109802246093 0.8268229166666666 1028.9470275878907 913.3475677490235 1356.0247741699218 1096.7093780517578 0.8484468005952381 
72 1298.2915832519532 540.7005950927735 1433.2441833496093 805.6075714111328 0.8019903273809523 1063.3741333007813 895.9604187011719 1368.2669799804687 1080.8954162597656 0.8298688616071429 
73 1317.263653564453 533.2984222412109 1436.1554138183594 780.9896026611328 0.8178943452380952 1081.5759338378907 896.832861328125 1393.6668640136718 1065.262841796875 0.8468191964285714 
74 1329.0418701171875 530.3952484130859 1452.5863037109375 757.7171173095703 0.8288225446428571 1108.1823486328126 889.6245910644532 1399.7473388671874 1067.5286071777343 0.8498418898809523 
75 1345.9768676757812 518.583740234375 1445.2907104492188 747.0057373046875 0.8262183779761905 1128.2501647949218 889.4830596923828 1426.1918518066407 1048.385287475586 0.8564685639880952 
76 1349.9108459472657 519.7685485839844 1469.8036315917968 735.5756896972656 0.8234979538690477 1163.1546508789063 874.8358154296875 1462.8868530273437 1050.6785888671875 0.8168247767857143 
77 1355.1110107421875 519.3447418212891 1477.6753662109375 732.8437957763672 0.8351469494047619 1191.3372619628906 877.1532897949219 1468.095233154297 1047.1617736816406 0.8410063244047619 
78 1354.4178283691406 518.2377075195312 1480.060321044922 722.4065795898438 0.8220796130952381 1215.9393005371094 871.7579650878906 1494.7085266113281 1048.4425964355469 0.833984375 
79 1358.052783203125 516.9125244140625 1482.413525390625 718.99873046875 0.8262881324404762 1246.6961181640625 853.0751556396484 1507.0763427734375 1043.5025421142577 0.8515392485119048 
80 1355.9937377929687 513.0413848876954 1491.0213989257813 709.7959564208984 0.8220563616071429 1274.3836242675782 873.1646392822265 1525.1492126464843 1035.1978485107422 0.8435407366071429 
81 1339.9813354492187 504.5789276123047 1499.7274047851563 699.269400024414 0.8618629092261905 1300.6208923339843 878.4076446533203 1535.2478820800782 1028.1695648193358 0.8776506696428571 
82 1361.6558654785156 509.08995666503904 1504.529071044922 702.1619354248047 0.8091052827380952 1328.833642578125 865.6790252685547 1575.965673828125 1031.7209381103517 0.8590494791666666 
83 1363.2728576660156 499.9582977294922 1511.5168151855469 701.4182281494141 0.8029203869047619 1355.2318542480468 864.4282531738281 1598.5043518066407 1024.0757751464844 0.8931594122023809 
84 1339.8986572265626 504.6584930419922 1528.2920166015624 693.0517730712891 0.8492606026785714 1392.526788330078 859.5166290283203 1620.5817321777345 1013.205844116211 0.9064825148809523 
85 1362.46064453125 510.3541290283203 1532.00908203125 699.1693695068359 0.8146623883928571 1413.7402221679688 854.3416564941406 1652.6491821289062 1016.1832458496094 0.9034365699404762 
86 1364.473699951172 521.5136688232421 1537.0161682128905 694.0562164306641 0.8211495535714286 1440.4218994140624 836.6620086669922 1670.4787353515626 1013.0388580322266 0.9096447172619048 
87 1366.4267150878907 533.5224029541016 1543.5594909667968 695.2521942138671 0.8320079985119048 1464.7679504394532 834.7664031982422 1688.1091247558593 1004.1976470947266 0.9102957589285714 
88 1368.384033203125 543.681884765625 1551.548828125 696.3192138671875 0.8306129092261905 1491.0809936523438 832.5187072753906 1704.7732543945312 1000.4197692871094 0.9026227678571429 
89 1376.8615661621093 561.1783843994141 1557.0758117675782 697.2585662841797 0.8241257440476191 1518.6000427246095 828.9536315917969 1720.881280517578 998.1343811035156 0.9118071056547619 
90 1375.3423095703124 571.9477081298828 1563.2792724609376 706.1883392333984 0.8331938244047619 1526.5473999023438 828.037548828125 1733.6615844726562 992.96171875 0.9149693080357143 
91 1382.2210632324218 584.3801666259766 1568.2338928222657 712.2639373779297 0.8396809895833334 1547.8142028808593 824.3485229492187 1745.4527648925782 990.9849731445313 0.9109933035714286 
92 1382.5316284179687 598.716421508789 1571.9402954101563 726.2774139404297 0.830078125 1565.9933349609375 819.7924072265625 1763.1331298828125 989.87373046875 0.9052269345238095 
93 1388.0869750976562 615.7153137207031 1578.2802124023438 736.0416442871094 0.8292178199404762 1590.6710998535157 821.8823913574219 1784.7457702636718 992.6681457519531 0.9043433779761905 
94 1390.4939758300782 636.4412841796875 1582.6706970214843 742.33447265625 0.8023158482142857 1605.4483642578125 811.4215789794922 1817.2347412109375 995.754263305664 0.9004371279761905 
95 1389.0625854492187 645.4812316894531 1588.9188598632813 757.4007263183594 0.8024786086309523 1623.0480346679688 795.2196472167968 1846.8870239257812 995.0757629394532 0.9063895089285714 
96 1395.634100341797 644.8729797363281 1594.1670471191405 760.6839050292969 0.7886439732142857 1640.4595336914062 789.0003265380859 1867.9452514648438 979.2610870361328 0.9000883556547619 
97 1389.733837890625 647.7304046630859 1592.97880859375 764.4881622314454 0.7859933035714286 1656.01474609375 768.9788421630859 1915.47646484375 959.2507110595703 0.9015066964285714 
98 1382.2943542480468 654.2882476806641 1597.2118713378907 770.7018035888672 0.7699962797619048 1695.5434631347657 760.1970245361329 1941.8028503417968 943.7722747802734 0.9104817708333334 
99 1385.6873107910155 662.1724822998046 1598.441229248047 763.9243804931641 0.7390485491071429 1720.8280212402344 752.1837890625 1989.082989501953 937.1871826171875 0.8775576636904762 
100 1386.189630126953 664.4326904296875 1600.0893005371095 766.732470703125 0.7288411458333334 1758.367724609375 737.5806610107422 2032.717236328125 918.9302642822265 0.896484375 
101 1382.029803466797 663.8061614990235 1605.5845764160156 768.4487823486328 0.7205868675595238 1787.24580078125 708.8098083496094 2082.14775390625 899.0692199707031 0.9119466145833334 
102 1381.3938903808594 662.40576171875 1602.4280090332031 748.8973388671875 0.7207496279761905 1819.2115600585937 691.4210998535157 2121.932238769531 878.8196228027343 0.88623046875 
103 1392.194354248047 669.8735565185547 1599.3816955566406 743.8690582275391 0.6975446428571429 1842.0489929199218 684.4829406738281 2162.6962463378904 862.0721130371094 0.8806501116071429 
104 1395.8495300292968 666.8041137695312 1598.9667541503907 760.9316040039063 0.6959867931547619 1874.8708557128907 668.5189910888672 2186.977655029297 846.865835571289 0.8142671130952381 
105 1389.3287719726563 662.2758148193359 1596.1128784179687 760.7443878173829 0.7252836681547619 1897.7675720214843 656.4055419921875 2227.637335205078 838.5724853515625 0.8134998139880952 
106 1404.1676513671875 665.5606079101562 1591.6050537109375 754.3468627929688 0.7091238839285714 1936.3155578613282 643.3640991210938 2247.0671325683593 825.8690551757812 0.8074311755952381 
107 1399.5862121582031 662.7979278564453 1599.6429138183594 762.8262786865234 0.6722935267857143 1973.9799072265625 648.1784301757813 2264.0620849609377 808.2237915039062 0.7450939360119048 
108 1416.25810546875 670.1366607666016 1595.95771484375 754.9947479248046 0.63720703125 1983.194805908203 636.1549560546875 2307.652239990234 815.8545654296875 0.7458147321428571 
109 1424.2441650390624 669.2132232666015 1588.7424072265626 743.9852020263672 0.6371140252976191 2004.0146362304688 621.4741973876953 2328.0266235351564 810.8965911865234 0.8181036086309523 
110 1433.3770385742187 672.3153076171875 1592.1227172851563 741.7666015625 0.5269717261904762 2017.41630859375 632.4381317138672 2339.868359375 815.9878326416016 0.7869698660714286 
111 1436.9882507324219 658.5854919433593 1590.5943908691406 727.9560119628907 0.5189732142857143 2031.783447265625 639.5276153564453 2348.906005859375 807.9989349365235 0.7466517857142857 
112 1454.1184936523437 655.62109375 1601.8002075195313 724.5391845703125 0.44430106026785715 2049.9571166992187 641.0423034667969 2350.2428344726563 803.4919982910156 0.7552315848214286 
113 1475.611151123047 657.374545288086 1611.5466857910155 725.3423126220703 0.3696870349702381 2057.258581542969 634.4073974609375 2363.113732910156 804.32685546875 0.7791108630952381 
114 1495.2247985839845 665.2594940185547 1610.470147705078 722.8821685791015 0.26216052827380953 2042.8250122070312 649.9303527832031 2374.1552124023438 808.3927673339844 0.7209356398809523 
115 1497.7749633789062 633.0048248291016 1612.0343627929688 704.4169891357421 0.45789155505952384 2051.6769775390626 648.2027984619141 2380.1726318359374 810.0703338623047 0.8051292782738095 
116 1479.9510070800782 621.1421997070313 1621.7717712402343 696.7799194335937 0.47035435267857145 2056.1430786132814 671.6885559082032 2372.8762084960936 813.5093200683593 0.7902483258928571 
117 1504.9462341308595 620.4587097167969 1636.143243408203 681.3716125488281 0.29723539806547616 2055.8652954101562 668.9367279052734 2379.1720581054688 809.5048614501953 0.8023623511904762 
118 1500.0994873046875 599.9817321777343 1654.3602294921875 674.7747375488282 0.46822684151785715 2052.956652832031 646.7273468017578 2370.827282714844 815.0117279052735 0.8187779017857143 
119 1500.354510498047 593.4718414306641 1675.5179260253906 671.8343719482422 0.4986049107142857 2054.7431762695314 667.5794525146484 2372.8029663085936 810.4759063720703 0.7993396577380952 
120 1507.233642578125 593.6957275390625 1687.1484375 662.89375 0.44780040922619047 2060.1079223632814 666.797216796875 2369.1921264648436 809.8064208984375 0.7762044270833334 
121 1523.0484436035156 583.0610504150391 1708.717547607422 660.0458221435547 0.5516880580357143 2055.3232177734376 641.757601928711 2367.7910400390624 813.8412139892578 0.7798549107142857 
122 1552.679913330078 580.4172637939453 1719.9789001464844 652.7628509521485 0.5335751488095238 2054.2291625976563 646.5021728515625 2366.2193237304687 809.2795654296875 0.8071056547619048 
123 1560.2448303222657 567.2690124511719 1731.1949890136718 652.7441711425781 0.6111421130952381 2060.810510253906 656.3777252197266 2362.222937011719 809.3331512451172 0.7841331845238095 
124 1571.06826171875 573.7104522705079 1748.2935546875 650.9624603271484 0.5707542782738095 2046.640234375 663.7212768554688 2373.82509765625 809.1368774414062 0.8002232142857143 
125 1591.3093505859374 562.392626953125 1749.7328857421876 652.920361328125 0.520263671875 2045.5148315429688 656.0540435791015 2371.4146118164062 809.9511444091797 0.7937127976190477 
126 1581.8703002929688 555.7184783935547 1767.0869750976562 646.068081665039 0.6386253720238095 2048.7345947265626 656.6668060302734 2373.9929443359374 805.7436553955079 0.8001767113095238 
127 1588.2448181152345 545.8388458251953 1763.078790283203 648.9461273193359 0.6115606398809523 2054.4688354492187 653.9462921142579 2372.7565063476563 806.3656585693359 0.7839471726190477 
128 1603.4613647460938 554.7893157958985 1774.3862915039062 644.7498077392578 0.5658947172619048 2059.49189453125 642.8468139648437 2356.36162109375 809.2737915039063 0.7633928571428571 
129 1591.043280029297 550.2228302001953 1774.7925354003905 646.4724212646485 0.6419038318452381 2051.9308837890626 665.3184814453125 2353.8044677734374 814.06787109375 0.7434663318452381 
130 1618.3710388183595 552.8647674560547 1782.715509033203 646.1412750244141 0.6363467261904762 2052.4657470703123 662.8831848144531 2363.3872802734377 809.4605651855469 0.7999441964285714 
131 1617.0514099121094 547.5626098632813 1783.194805908203 643.7508666992187 0.6867559523809523 2057.802282714844 663.0893981933593 2368.227746582031 807.3717834472657 0.7591378348214286 
132 1619.8278076171875 545.341928100586 1789.2949951171875 645.2841094970703 0.6929640997023809 2042.9942260742187 682.2192779541016 2368.8927368164063 812.5786346435547 0.7677176339285714 
133 1620.0475158691406 532.5057800292968 1794.2724304199219 637.0407287597657 0.7016136532738095 2051.9244140625 682.6072662353515 2374.240625 821.9872772216797 0.7739722842261905 
134 1628.1229919433595 543.5866149902344 1796.964776611328 634.5013977050781 0.6861979166666666 2050.2274658203123 709.4312377929688 2370.5943115234377 834.9802612304687 0.7406994047619048 
135 1625.4774597167968 542.5554595947266 1805.0956604003907 636.6411346435547 0.6975678943452381 2054.2911743164063 712.9624206542969 2366.4844604492187 841.2610900878906 0.7184477306547619 
136 1625.1717102050782 531.4492553710937 1808.7568786621093 636.3550659179688 0.7120535714285714 2052.360388183594 721.0866821289062 2380.191125488281 843.4767944335938 0.7433268229166666 
137 1630.3022521972657 543.110385131836 1809.9429870605468 643.8844268798828 0.7193080357142857 2045.3631713867187 728.8177124023438 2395.881701660156 855.8806518554687 0.7364908854166666 
138 1637.3960266113281 537.1315277099609 1816.1341247558594 646.1181671142579 0.7450009300595238 2049.0301147460937 751.7513397216796 2380.3495239257813 860.7379791259766 0.7481863839285714 
139 1646.69931640625 540.5423919677735 1825.00625 644.9171417236328 0.7368629092261905 2055.834924316406 760.331576538086 2399.402136230469 873.4042022705078 0.7742047991071429 
140 1654.5796875 542.1856567382813 1832.27724609375 646.2037475585937 0.7254929315476191 2053.149206542969 771.7256072998047 2417.212365722656 880.0777984619141 0.7551850818452381 
141 1657.7792541503907 542.5112121582031 1835.9403503417968 642.4552185058594 0.7317940848214286 2056.886853027344 766.2988983154297 2426.245227050781 896.6606353759765 0.8276599702380952 
142 1663.3296142578124 546.3804229736328 1842.4052490234376 642.4697357177735 0.7377697172619048 2080.9487548828124 772.3247100830079 2425.9965576171876 890.2524993896484 0.7750418526785714 
143 1667.9262817382812 538.8938720703125 1847.5786010742188 648.4379150390625 0.7413969494047619 2080.6544677734373 789.3284545898438 2422.4319580078127 890.1089233398437 0.7055431547619048 
144 1678.4989135742187 539.0151275634765 1860.3189575195313 636.5770965576172 0.7394670758928571 2089.384912109375 769.7866333007812 2435.286474609375 907.2603637695313 0.76904296875 
145 1677.4951965332032 534.8562561035156 1870.3289001464843 626.8904479980469 0.7397693452380952 2091.312060546875 772.0213409423828 2437.536083984375 912.2639984130859 0.7700660342261905 
146 1691.5352294921875 520.1227478027344 1880.8947021484375 617.0043273925781 0.7842494419642857 2095.660363769531 786.5472198486328 2452.360876464844 923.0622161865234 0.8110584077380952 
147 1705.4582824707031 507.89659118652344 1899.8306579589844 596.2476348876953 0.7728097098214286 2104.5673583984376 787.2218658447266 2462.3891845703124 928.5836151123046 0.7696242559523809 
148 1710.0877685546875 479.3102340698242 1924.1402587890625 581.8770523071289 0.7729259672619048 2126.872509765625 778.091748046875 2474.707568359375 907.415087890625 0.62158203125 
149 1724.6379150390626 460.9741943359375 1938.4441162109374 558.9686767578125 0.7438616071428571 2122.2693725585937 772.9461303710938 2483.0672973632813 928.8464721679687 0.6489490327380952 
150 1735.3663269042968 452.25702209472655 1960.4362854003907 551.2878387451171 0.7236328125 2120.40908203125 784.8412292480468 2489.5240234375 942.3902160644532 0.6973353794642857 
151 1753.8865356445312 433.53681640625 1981.9371948242188 545.3263427734375 0.7751813616071429 2137.9264892578126 785.5877838134766 2495.6531005859374 946.5647430419922 0.7246326264880952 
152 1766.3877685546875 416.07359313964844 2011.4860107421875 536.3946075439453 0.7884812127976191 2126.6651245117187 799.3182098388672 2487.6280883789063 955.2898834228515 0.7626255580357143 
153 1777.1732177734375 422.8013671875 2038.3475341796875 537.895166015625 0.7836449032738095 2123.475927734375 807.9227752685547 2482.037255859375 949.5766754150391 0.7568126860119048 
154 1799.0080200195312 421.99576263427736 2054.149206542969 536.3693801879883 0.7790178571428571 2146.0204467773438 803.6923980712891 2502.3381958007812 953.2578582763672 0.7832728794642857 
155 1810.345928955078 422.16490936279297 2074.986224365234 541.2530899047852 0.7894345238095238 2142.842736816406 803.0095489501953 2495.696569824219 944.1510345458985 0.7422107514880952 
156 1813.8223876953125 433.53896484375 2090.4056396484375 538.9040283203125 0.7899693080357143 2142.919287109375 814.9808807373047 2494.136376953125 951.0774078369141 0.7862258184523809 
157 1824.4366333007813 445.48968200683595 2085.298962402344 549.8345977783204 0.7689964657738095 2141.651806640625 817.0512634277344 2493.815966796875 947.4824279785156 0.7527204241071429 
158 1823.7339782714844 454.4037689208984 2092.464385986328 558.4284454345703 0.7767857142857143 2140.475866699219 814.3224853515625 2495.893518066406 948.6877685546875 0.7939685639880952 
159 1825.4086608886719 460.54492950439453 2093.8058166503906 573.0985946655273 0.8004324776785714 2130.7689575195313 813.3574249267579 2494.4036499023437 956.2140472412109 0.8171735491071429 
160 1825.6125549316407 468.68421630859376 2096.148553466797 577.7712280273438 0.8081287202380952 2138.2729248046876 810.3783660888672 2491.7148681640624 954.3732818603515 0.8453311011904762 
161 1842.5959228515626 473.872412109375 2078.5364013671874 583.104150390625 0.7660667782738095 2139.7063842773437 805.9368957519531 2480.5091918945313 950.1227966308594 0.7523484002976191 
162 1837.7621276855468 473.37427520751953 2074.7218811035154 583.0778427124023 0.7841796875 2139.0250854492188 826.7884826660156 2485.6880493164062 945.2682800292969 0.7783900669642857 
163 1841.2080810546875 468.89891052246094 2082.1010009765623 595.9151153564453 0.7608119419642857 2147.798937988281 812.0449066162109 2476.289196777344 943.4409942626953 0.7321428571428571 
164 1838.9663635253905 473.70161590576174 2088.654119873047 600.7357925415039 0.7730422247023809 2146.611462402344 818.4124206542969 2475.148059082031 936.6856018066406 0.7032645089285714 
165 1835.3992980957032 476.6745208740234 2095.3823181152343 600.0563751220703 0.7810872395833334 2133.17646484375 818.0082916259765 2485.69609375 950.2030731201172 0.7686244419642857 
166 1844.6184509277343 474.36981201171875 2092.416827392578 602.6940307617188 0.7664388020833334 2132.922326660156 813.22060546875 2478.070104980469 954.819677734375 0.7756231398809523 
167 1840.12587890625 474.2455261230469 2097.0650390625 607.1449768066407 0.7662760416666666 2142.046350097656 807.6868835449219 2469.865026855469 945.0163635253906 0.7310965401785714 
168 1839.5206604003906 474.83237609863284 2096.693572998047 612.2868255615234 0.7638811383928571 2141.716027832031 812.4997344970703 2469.833044433594 949.9541839599609 0.7020554315476191 
169 1843.19638671875 477.5664398193359 2089.6390625 603.0281036376953 0.7771344866071429 2135.136096191406 809.3160919189453 2480.155651855469 957.1816497802735 0.8105701264880952 
170 1842.0960815429687 478.8847900390625 2083.365100097656 599.519140625 0.7767857142857143 2128.216101074219 813.1210876464844 2481.183557128906 956.0952209472656 0.8110584077380952 
171 1844.4635681152345 464.0060806274414 2093.631768798828 601.9384689331055 0.7773204985119048 2131.9652709960938 820.9874877929688 2470.1223754882812 950.0210571289062 0.6985677083333334 
172 1839.0599304199218 473.6905578613281 2088.9206604003907 598.6208435058594 0.7776460193452381 2138.171984863281 809.0117401123047 2472.806774902344 942.8656402587891 0.7456752232142857 
173 1839.4679138183594 464.7160919189453 2084.4428527832033 598.3387786865235 0.7687174479166666 2133.6092529296875 822.0712249755859 2472.1202392578125 946.7857696533204 0.7297247023809523 
174 1834.8104370117187 464.976872253418 2088.400256347656 596.1440078735352 0.7791806175595238 2138.5128540039063 817.6146270751954 2470.8028198242187 953.1539886474609 0.7442336309523809 
175 1831.84638671875 460.36175537109375 2091.22685546875 592.2501831054688 0.7720191592261905 2141.6149291992188 806.6533264160156 2471.3359985351562 956.1268249511719 0.767578125 
176 1830.9952758789063 459.2842132568359 2091.0616088867187 587.1135528564453 0.7664620535714286 2143.108996582031 814.7988647460937 2460.478161621094 947.0360961914063 0.7144019717261905 
177 1835.287890625 456.46730651855466 2082.44404296875 588.8723541259766 0.7789481026785714 2137.95224609375 811.9239074707032 2468.96474609375 953.1559265136718 0.7705310639880952 
178 1823.3908203125 459.5116333007812 2077.69951171875 586.6659790039063 0.7714146205357143 2128.797412109375 807.7525482177734 2483.952587890625 956.8300323486328 0.8127557663690477 
179 1819.6974365234375 462.7801040649414 2078.2635009765627 589.8719650268555 0.7673688616071429 2126.4707275390624 814.2210296630859 2472.6864990234376 963.2251983642578 0.7641136532738095 
180 1815.1353332519532 460.64707336425784 2069.3540466308596 587.7564300537109 0.7663457961309523 2132.5716796875 816.5196228027344 2470.0689453125 956.7782287597656 0.7875511532738095 
181 1817.493426513672 458.94840240478516 2063.439556884766 595.0970993041992 0.7479306175595238 2139.453088378906 817.0567047119141 2464.453405761719 953.2054412841796 0.7120768229166666 
182 1812.020770263672 461.3632446289063 2047.9979064941406 592.4617065429687 0.7588123139880952 2144.808935546875 817.1778747558594 2468.185205078125 952.6462219238281 0.72265625 
183 1806.439227294922 462.8201599121094 2041.2547424316406 593.2732238769531 0.7799246651785714 2130.7321533203126 812.5346588134765 2482.9553466796874 956.0330291748047 0.7922944568452381 
184 1804.838848876953 469.3821502685547 2035.7572204589844 595.733755493164 0.7794596354166666 2130.269580078125 823.1331298828125 2474.468701171875 962.5555908203125 0.7620210193452381 
185 1799.9843627929688 467.2601043701172 2029.5463989257812 601.5323150634765 0.7635556175595238 2134.998498535156 819.9328216552734 2464.181921386719 958.5363555908203 0.7382579985119048 
186 1805.9550415039062 462.8407348632812 2022.6453002929688 610.1901489257813 0.7511393229166666 2139.6579467773436 809.0451507568359 2469.0273559570314 960.7283477783203 0.7605561755952381 
187 1792.7140197753906 468.5746276855469 2021.2939147949219 602.2722961425782 0.7739025297619048 2140.5603271484374 823.0559967041015 2459.7096923828126 961.0665008544922 0.7342587425595238 
188 1795.73125 466.45494689941404 2015.57978515625 604.3991180419922 0.7535574776785714 2132.301867675781 820.7658386230469 2481.472790527344 963.0207824707031 0.7738327752976191 
189 1791.4885864257812 469.60032348632814 2010.9413452148438 611.5991394042969 0.7621140252976191 2134.073107910156 816.6533233642579 2482.615612792969 962.9551361083984 0.7703915550595238 
190 1788.1349670410157 466.080061340332 2009.9171569824218 606.8265243530274 0.7805524553571429 2135.2439086914064 816.6338104248047 2476.4472534179686 961.6453033447266 0.7632533482142857 
191 1793.3756164550782 459.8643341064453 2003.1835876464843 622.5726165771484 0.7568359375 2133.778466796875 821.3468078613281 2476.322119140625 962.6461120605469 0.7433733258928571 
192 1794.71591796875 463.2289749145508 1999.559228515625 621.1290267944336 0.7317243303571429 2141.537890625 820.2275634765625 2470.1408203125 956.7897705078125 0.6997767857142857 
193 1805.3052795410156 467.389697265625 2004.882098388672 632.9959228515625 0.7391648065476191 2133.9046630859375 819.3438171386719 2486.3487548828125 963.7185607910156 0.7695545014880952 
194 1796.973370361328 475.88486938476564 2009.1756774902344 624.4265319824219 0.7523251488095238 2135.3544067382813 819.6526550292969 2470.6341186523437 959.7062316894531 0.7544410342261905 
195 1790.4675659179688 478.2944091796875 2015.1552368164062 630.9123779296875 0.7389322916666666 2135.9777709960936 821.1957366943359 2475.1289184570314 969.5743438720704 0.7812732514880952 
196 1795.78427734375 485.84893188476565 2011.545556640625 642.3816589355469 0.7402808779761905 2132.1181396484376 815.0232391357422 2479.0283447265624 967.3253326416016 0.7903180803571429 
197 1799.5876159667969 498.48134765625 2010.4210510253906 646.0646728515625 0.7595331101190477 2135.299353027344 820.5698333740235 2472.632531738281 959.7199005126953 0.7881324404761905 
198 1796.6814453125 496.42580261230466 2011.50263671875 648.0642486572266 0.7647879464285714 2126.8515869140624 818.1714660644532 2484.8866943359376 961.3855407714843 0.8003859747023809 
199 1804.2935913085937 495.22477569580076 2005.7881958007813 637.9501205444336 0.7258417038690477 2130.107775878906 818.6171295166016 2474.327526855469 957.1446502685546 0.7558826264880952 
200 1795.9313659667969 494.8345031738281 2013.0458068847656 649.3197937011719 0.771484375 2128.3477294921877 803.6445098876953 2470.7206298828123 953.9545501708984 0.7841099330357143 
201 1791.7096008300782 492.7590957641602 2008.7856384277343 644.3027633666992 0.7531156994047619 2109.1321044921874 807.031005859375 2469.5602783203126 938.0958251953125 0.7536737351190477 
202 1792.1080444335937 490.8060928344727 2008.5196411132813 658.2189010620117 0.7513485863095238 2104.16181640625 813.696044921875 2447.15361328125 932.1099853515625 0.6910807291666666 
203 1793.940087890625 492.35625 2017.2525390625 666.94599609375 0.7282831101190477 2106.1088989257814 802.6512512207031 2439.0475952148436 940.6989685058594 0.6648297991071429 
204 1793.744207763672 497.3042266845703 2009.3586975097655 647.8275482177735 0.7445591517857143 2109.1860107421876 824.3247161865235 2438.7099853515624 934.1660675048828 0.7077520461309523 
205 1796.6495971679688 497.34857482910155 2010.3132934570312 666.6669891357421 0.7327473958333334 2105.9811767578126 824.9765686035156 2460.7434326171874 949.9497009277344 0.7060314360119048 
206 1797.8347900390625 497.3085113525391 2014.4225341796875 669.7766326904297 0.7254696800595238 2107.444201660156 823.2701049804688 2448.369519042969 951.6184448242187 0.7004510788690477 
207 1804.7564636230468 495.99559020996094 2020.6604064941407 687.9102325439453 0.7087983630952381 2107.2373291015624 823.6960327148438 2447.0864013671876 947.6410034179687 0.6570172991071429 
208 1795.6523498535157 503.605859375 2019.3870788574218 663.416357421875 0.7249813988095238 2107.59033203125 827.8368103027344 2451.1826171875 947.6946838378906 0.7374906994047619 
209 1791.6461853027345 510.06182556152345 2024.085137939453 670.3645050048829 0.7241675967261905 2110.4020874023436 823.4227630615235 2439.0224731445314 939.6422393798828 0.7112165178571429 
210 1803.8774536132812 508.6186126708984 2018.9750854492188 675.9167266845703 0.6991954985119048 2103.5434326171876 833.7162445068359 2430.1728759765624 945.2482940673829 0.6808965773809523 
211 1799.1817260742187 507.7226226806641 2029.4178833007813 682.3844940185547 0.7288876488095238 2104.381945800781 829.1065490722656 2441.797009277344 944.2246276855469 0.6839425223214286 
212 1800.0712463378907 515.8811492919922 2032.4318054199218 689.1670074462891 0.7134486607142857 2104.230322265625 835.18759765625 2431.110498046875 945.4603515625 0.6889183407738095 
213 1812.4974731445313 518.9916473388672 2033.5860229492187 708.4960845947265 0.6845238095238095 2105.561145019531 827.8474243164062 2445.089978027344 946.2877075195313 0.7171456473214286 
214 1804.8624755859375 521.3163055419922 2030.2556884765625 703.2124420166016 0.6835704985119048 2109.797265625 825.7946563720703 2434.04697265625 952.3311370849609 0.7083565848214286 
215 1817.7983642578124 524.6492218017578 2034.4045166015626 713.6872650146485 0.6934291294642857 2104.5363647460936 819.7183197021484 2435.3530395507814 945.7436553955079 0.6735956101190477 
216 1804.1386596679688 538.5836578369141 2037.8806274414062 693.0910858154297 0.6990094866071429 2106.1443725585937 822.1520477294922 2442.8910278320313 948.927359008789 0.7250511532738095 
217 1814.806622314453 530.0319000244141 2046.1471130371094 726.0831512451172 0.6632952008928571 2106.0182983398436 825.6168609619141 2427.5420043945314 943.2475799560547 0.6407412574404762 
218 1818.6742736816407 534.9748992919922 2046.1090515136718 731.0393218994141 0.6654575892857143 2101.61025390625 827.5632720947266 2438.84091796875 945.2019256591797 0.7031715029761905 
219 1797.2739318847657 543.6443237304687 2047.9988952636718 716.0177856445313 0.6887555803571429 2101.187451171875 823.2991363525391 2434.181689453125 948.6616180419921 0.7128441220238095 
220 1805.864324951172 542.1221618652344 2042.0737854003905 735.0266418457031 0.6599934895833334 2102.9431030273436 821.9396484375 2441.5102661132814 951.8549072265625 0.69873046875 
221 1793.75810546875 552.9034210205078 2045.141796875 710.0181488037109 0.7076590401785714 2107.081335449219 822.4156127929688 2444.877893066406 948.1074584960937 0.7133091517857143 
222 1797.2395874023437 549.6159942626953 2045.3126586914063 711.0604583740235 0.6912434895833334 2105.740930175781 819.8006927490235 2436.504919433594 949.7438018798828 0.7030784970238095 
223 1800.3256958007812 550.5258026123047 2037.3481323242188 708.5407867431641 0.6926385788690477 2102.8330810546877 817.6318908691406 2430.7142822265623 951.9446472167969 0.7095424107142857 
224 1816.2629150390626 548.2233825683594 2047.4775634765624 732.4112609863281 0.6828264508928571 2099.4782592773436 812.8992858886719 2436.5029418945314 950.0605529785156 0.71826171875 
225 1812.6201171875 549.7168640136719 2057.242919921875 743.0479064941406 0.6754557291666666 2106.5621337890625 818.0129516601562 2434.0408935546875 948.2154418945313 0.7127046130952381 
226 1794.8732788085938 554.9996551513672 2043.4909790039062 708.9058013916016 0.6891508556547619 2103.596325683594 818.7954284667969 2439.032824707031 949.0237854003906 0.7137044270833334 
227 1801.2338745117188 552.9977600097657 2042.2724731445312 711.0558288574218 0.6912434895833334 2109.5992797851563 817.5931243896484 2417.8125854492187 947.9910430908203 0.6957077752976191 
228 1801.4714477539062 564.7026275634765 2048.1613647460936 713.4997039794922 0.6790364583333334 2112.6199462890627 816.5131134033203 2429.7926513671873 949.647348022461 0.7073102678571429 
229 1790.8739624023438 565.4451599121094 2057.0073852539062 698.5118713378906 0.7291899181547619 2102.31630859375 825.7079925537109 2434.9830078125 947.0335235595703 0.7403273809523809 
230 1809.5187133789063 565.2725646972656 2052.1956420898437 733.5808288574219 0.6442522321428571 2103.23017578125 818.7887573242188 2435.932421875 955.7838745117188 0.7041248139880952 
231 1801.8355102539062 564.2547576904296 2056.0892944335938 720.7186920166016 0.6943591889880952 2102.7275634765624 819.7121856689453 2435.2133544921876 952.7064544677735 0.7625093005952381 
232 1802.5506713867187 569.4332733154297 2057.051379394531 722.1336822509766 0.6898484002976191 2099.819445800781 821.6751251220703 2440.459118652344 954.7985687255859 0.7432338169642857 
233 1797.6527099609375 573.5160278320312 2056.6085205078125 718.6881958007813 0.7125186011904762 2106.4078002929687 816.7775268554688 2435.9879516601563 946.2554321289062 0.6989397321428571 
234 1803.7120666503906 572.3357604980469 2054.876922607422 725.3893371582031 0.6820359002976191 2101.6684692382814 820.0288848876953 2439.1711303710936 945.6113128662109 0.7012648809523809 
235 1801.633251953125 561.6034301757812 2057.70341796875 734.9433227539063 0.6702473958333334 2105.129504394531 820.7041137695312 2436.050915527344 954.6485473632813 0.68212890625 
236 1808.222021484375 570.4119659423828 2052.37001953125 743.6783050537109 0.6727353050595238 2099.3215942382812 821.6784545898438 2445.8544311523438 943.7524536132812 0.7221912202380952 
237 1805.5876342773438 569.7496215820313 2058.0044067382814 739.3421752929687 0.6951497395833334 2109.8835327148436 813.5199371337891 2433.2924926757814 947.6164764404297 0.7094959077380952 
238 1795.2990478515626 575.6426971435546 2059.4643798828124 721.5250885009766 0.7051246279761905 2106.47431640625 816.151513671875 2433.72392578125 954.148291015625 0.6953822544642857 
239 1801.9796569824218 571.4478454589844 2054.0119201660154 732.9060363769531 0.6929640997023809 2100.056359863281 823.9345306396484 2446.600622558594 949.9506622314453 0.7016136532738095 
240 1796.5126037597656 572.8177551269531 2048.642303466797 706.7617126464844 0.7103329613095238 2105.1594482421874 811.3107971191406 2440.0192626953126 953.1337829589844 0.7077287946428571 
241 1793.6084411621093 574.2207641601562 2048.160723876953 711.2872924804688 0.7035900297619048 2108.2591064453127 818.6812377929688 2429.3864013671873 951.8315795898437 0.7053803943452381 
242 1803.0291137695312 573.5131866455079 2043.2958374023438 707.4323089599609 0.6999860491071429 2105.40751953125 815.4462219238281 2455.96064453125 953.3041442871094 0.7746233258928571 
243 1803.3264953613282 572.5514282226562 2048.2109802246096 721.0878540039063 0.7297014508928571 2104.8771118164063 810.3332885742187 2466.1822143554687 958.8697143554688 0.7741582961309523 
244 1793.631768798828 563.5746673583984 2042.8847106933595 696.2415557861328 0.7197033110119048 2107.05341796875 811.2813751220704 2480.93291015625 968.0695159912109 0.7805059523809523 
245 1802.384588623047 573.9362762451171 2032.4749084472655 715.2197906494141 0.7186337425595238 2119.729113769531 818.3102172851562 2478.992810058594 967.6670776367188 0.7779250372023809 
246 1803.0489135742187 574.7069702148438 2038.0743774414063 708.4282836914062 0.7340727306547619 2131.429895019531 821.2654602050782 2492.072302246094 979.2997253417968 0.8061988467261905 
247 1795.4632385253906 573.8815826416015 2036.458514404297 696.4215789794922 0.7348865327380952 2144.3880004882812 833.572119140625 2520.1771850585938 992.874169921875 0.8520275297619048 
248 1815.4494689941407 570.2090850830078 2039.1873718261718 740.0841888427734 0.6698056175595238 2149.622204589844 844.3039337158203 2543.234973144531 1014.1790374755859 0.8189406622023809 
249 1810.9160522460938 577.1758178710937 2032.5441528320312 706.8073364257813 0.6984281994047619 2159.602331542969 854.4521057128907 2565.223596191406 1034.2635925292968 0.8316359747023809 
250 1820.9154052734375 576.068701171875 2025.4368896484375 734.6772705078125 0.6742234002976191 2157.8782470703127 867.2791381835938 2558.5734130859373 1034.2355102539063 0.8355887276785714 
251 1794.5198547363282 580.0893127441407 2031.9648864746093 692.5632751464843 0.7263299851190477 2158.538049316406 872.3294128417969 2545.948522949219 1034.7918029785155 0.8680943080357143 
252 1796.3892456054687 582.0593444824219 2033.7887329101563 707.0064514160156 0.7191220238095238 2160.3379150390624 879.8499267578125 2547.6738037109376 1033.9513427734375 0.85888671875 
253 1809.7607849121093 588.3979248046875 2027.5474426269532 701.4795166015625 0.6960332961309523 2163.6640380859376 876.2565124511718 2553.1670166015624 1035.4082824707032 0.8494233630952381 
254 1803.6455505371093 588.8317779541015 2021.7019836425782 702.0534149169922 0.7045665922619048 2164.4386596679688 876.5631896972657 2554.4243774414062 1040.1056335449218 0.8619094122023809 
255 1803.0933227539062 583.66767578125 2023.0602416992188 714.8016845703125 0.6934523809523809 2163.30537109375 872.6181579589844 2560.93779296875 1037.5932678222657 0.8507021949404762 
256 1817.5668701171876 574.62685546875 2026.1521240234374 732.12998046875 0.6987072172619048 2172.5219970703124 878.6635070800781 2568.4081787109376 1040.4235290527345 0.8736281622023809 
257 1816.4830017089844 582.6160095214843 2020.2419738769531 717.0103332519532 0.6815941220238095 2173.644921875 883.0856018066406 2576.827734375 1043.4916687011719 0.8477725074404762 
258 1811.0157104492187 579.3718780517578 2024.3258422851563 731.7363372802735 0.6421595982142857 2175.8531860351563 884.9379089355468 2593.7666870117187 1059.0685607910157 0.8231026785714286 
259 1811.7063598632812 573.8164276123047 2024.3068237304688 725.6738677978516 0.6791062127976191 2182.505651855469 899.3921600341797 2594.690393066406 1064.2661041259767 0.8805106026785714 
260 1828.0922241210938 576.0202545166015 2023.7761840820312 736.9159637451172 0.7060081845238095 2188.1842651367188 902.8291748046875 2596.9463500976562 1072.4220458984375 0.8863234747023809 
261 1820.18974609375 586.0030212402344 2029.428173828125 729.8544006347656 0.6637137276785714 2188.8717407226563 907.740609741211 2602.9893432617187 1082.1058868408204 0.9030877976190477 
262 1839.2996826171875 576.6460968017578 2026.9871826171875 742.5094818115234 0.6244419642857143 2189.660852050781 908.540771484375 2599.954626464844 1078.76904296875 0.8839285714285714 
263 1847.5474975585937 568.7102722167969 2017.4149047851563 755.9999328613281 0.6389741443452381 2191.30283203125 904.7595916748047 2605.082421875 1083.3381256103517 0.8919038318452381 
264 1814.7093872070313 569.9374847412109 2028.9297729492187 718.5801544189453 0.6289760044642857 2195.564489746094 902.7020935058594 2606.517785644531 1081.947686767578 0.8953218005952381 
265 1817.8630676269531 572.3545837402344 2023.1883239746094 729.6249084472656 0.6409040178571429 2193.0602783203126 898.6569305419922 2612.4480224609374 1082.1390289306642 0.87646484375 
266 1834.3136291503906 567.4167572021485 2030.9235534667969 733.4428009033203 0.5807524181547619 2192.2443603515626 899.9730194091796 2607.3093505859374 1096.5827056884766 0.9060639880952381 
267 1805.3280822753907 575.4080810546875 2023.0731628417968 710.4100341796875 0.6731073288690477 2195.2592041015623 900.5183166503906 2604.6201904296877 1092.1339050292968 0.9103887648809523 
268 1806.4298156738282 575.2223083496094 2028.1237731933593 718.6712463378906 0.6912434895833334 2192.30419921875 900.2395904541015 2605.263671875 1095.8519012451172 0.9277111235119048 
269 1803.4865234375 573.965576171875 2025.127001953125 708.688232421875 0.7063337053571429 2196.4553344726564 905.0891326904297 2604.9692260742186 1096.3083892822265 0.9345703125 
270 1784.9425537109375 573.3443939208985 2024.0784423828125 695.0863311767578 0.7028227306547619 2196.8248901367188 894.4219329833984 2605.5298461914062 1103.1223175048829 0.9403831845238095 
271 1781.8274475097655 575.2593719482422 2021.625555419922 692.978482055664 0.7230747767857143 2195.35361328125 901.5861877441406 2600.83046875 1097.7847839355468 0.9338960193452381 
272 1781.1589233398438 568.2942443847656 2016.6433227539062 699.1189636230469 0.7415597098214286 2201.4752807617188 902.9036560058594 2602.6709594726562 1099.1406555175781 0.9375232514880952 
273 1774.257305908203 571.0476745605469 2010.3204528808594 702.1939025878906 0.6880347842261905 2198.9691650390623 903.1166168212891 2601.1509521484377 1099.8359588623048 0.9312453497023809 
274 1784.9479370117188 580.8669036865234 2008.5838012695312 703.6473175048828 0.69580078125 2199.331982421875 902.8281982421875 2602.753466796875 1100.1539794921875 0.93603515625 
275 1771.2248291015626 576.1835083007812 2004.7849365234374 703.9805541992188 0.7153087797619048 2202.75185546875 907.5406127929688 2603.7701171875 1101.4396118164063 0.9351515997023809 
276 1773.3950073242188 585.3408508300781 1999.4245727539062 691.7077331542969 0.6903366815476191 2206.8740844726562 909.7256652832032 2605.7496948242188 1100.2996032714843 0.9398018973214286 
277 1768.5672973632813 581.3638763427734 1990.8015991210937 696.9257354736328 0.7238653273809523 2206.197900390625 898.8170227050781 2606.219580078125 1107.7172790527343 0.9507765997023809 
278 1766.98037109375 575.0090545654297 1990.38486328125 709.0517974853516 0.6977306547619048 2211.383654785156 895.6805236816406 2604.575573730469 1110.148944091797 0.9480096726190477 
279 1757.2376281738282 577.7079956054688 1995.9363220214843 690.3017700195312 0.7197963169642857 2209.6913452148438 903.3638000488281 2610.5252075195312 1106.0325622558594 0.9480329241071429 
280 1752.6767578125 579.4369506835938 1980.719482421875 693.4583129882812 0.7131928943452381 2206.832470703125 897.644253540039 2603.627001953125 1112.0043670654297 0.9548921130952381 
281 1757.0322814941405 574.833251953125 1978.203192138672 694.6341552734375 0.7479306175595238 2203.0957885742187 902.5135345458984 2613.1832641601563 1100.6457061767578 0.9459170386904762 
282 1752.9908935546875 574.1598754882813 1976.8987548828125 695.4432739257812 0.7425362723214286 2197.397668457031 899.2567718505859 2612.560095214844 1095.1761505126954 0.9444056919642857 
283 1733.9308227539063 573.6304595947265 1968.3557983398437 690.8428680419922 0.7300269717261905 2192.5021240234373 893.1697174072266 2609.7786376953127 1085.3980926513673 0.9278971354166666 
284 1738.2828308105468 561.8583099365235 1955.9482482910157 699.0821807861328 0.7053571428571429 2173.431604003906 893.4523498535157 2594.567175292969 1059.0673034667968 0.9135277157738095 
285 1739.8406982421875 558.0814147949219 1946.4093017578125 686.6130432128906 0.7381649925595238 2158.4511840820314 871.6419677734375 2562.4074584960936 1036.8968505859375 0.9172944568452381 
286 1736.2386413574218 554.9968048095703 1940.1772521972657 681.8919281005859 0.6962658110119048 2143.2443603515626 858.1157196044921 2505.8015380859374 1016.7346832275391 0.9089704241071429 
287 1729.351983642578 550.5011749267578 1924.8339294433595 679.3415374755859 0.6869419642857143 2124.4168334960937 840.8190948486329 2479.8382934570313 1000.7588470458984 0.9153645833333334 
288 1711.2753112792968 550.2465606689453 1920.9718811035157 659.4634613037109 0.7048456101190477 2108.4889526367188 837.5710723876953 2457.9829711914062 990.4747650146485 0.9000883556547619 
289 1690.6745727539062 544.4927520751953 1917.0265991210938 657.6686859130859 0.7394903273809523 2100.016638183594 820.2335784912109 2435.191613769531 981.2916290283204 0.8845098586309523 
290 1678.3619506835937 546.1753082275391 1905.3201782226563 646.5607147216797 0.73583984375 2082.08564453125 827.5229309082031 2418.15849609375 962.8249694824219 0.8850446428571429 
291 1670.1004821777344 535.0739501953125 1895.089825439453 658.5974365234375 0.7358863467261905 2075.284765625 829.2907043457031 2406.15126953125 961.6372741699219 0.8830915178571429 
292 1656.6976135253906 531.9476593017578 1894.312762451172 657.480258178711 0.7575567336309523 2071.058483886719 823.5350219726563 2393.856799316406 962.5175903320312 0.8671875 
293 1651.6896545410157 527.4767150878906 1882.4982116699218 660.6354675292969 0.7049153645833334 2051.507434082031 816.1581024169922 2397.720349121094 962.6327301025391 0.8489583333333334 
294 1640.1810119628906 531.9726013183594 1867.151141357422 657.0377746582031 0.7158668154761905 2059.5592407226563 821.4753173828125 2388.4341674804687 969.7007080078125 0.8557245163690477 
295 1629.552752685547 535.7850738525391 1839.9551818847656 647.9996551513672 0.6780831473214286 2056.831335449219 832.1466339111328 2398.150842285156 963.0636322021485 0.8270089285714286 
296 1607.7797302246095 537.9413024902344 1833.229913330078 655.3632629394531 0.7268880208333334 2061.3899047851564 827.8832336425781 2394.8681518554686 968.7896179199219 0.8388439360119048 
297 1584.5296142578125 546.6097900390625 1820.0111572265625 650.221630859375 0.68896484375 2061.6514282226562 824.8402557373047 2400.7448120117188 966.1291656494141 0.8292178199404762 
298 1570.8425659179688 547.6779174804688 1782.6159301757812 648.7516479492188 0.6014462425595238 2056.2182739257814 833.1278106689454 2393.1306030273436 963.0796478271484 0.8067801339285714 
299 1557.6968078613281 559.4193572998047 1767.8748474121094 642.5129547119141 0.5279599144345238 2058.13857421875 827.6876922607422 2395.4009765625 964.5478424072265 0.83740234375 
