0 1640.7968383789062 862.2767150878906 1770.0449584960938 1004.0327331542969 0.8015718005952381 1462.399188232422 875.9872955322265 1581.2239807128906 1023.9972625732422 0.8235444568452381 
1 1640.6799743652343 860.8970123291016 1769.7517883300782 1000.3779510498047 0.8132672991071429 1461.164306640625 870.9056854248047 1577.745361328125 1020.7956695556641 0.8401460193452381 
2 1644.6060424804687 862.1077301025391 1768.3602661132813 998.2374237060546 0.8008277529761905 1461.2752075195312 873.6105316162109 1578.8417358398438 1020.0531036376954 0.8610723586309523 
3 1645.822039794922 859.8606781005859 1771.1912658691406 997.5612579345703 0.8153599330357143 1460.2187194824219 873.140625 1577.3670959472656 1019.0621337890625 0.8580729166666666 
4 1643.7474731445313 861.106900024414 1770.9637084960937 998.5826141357422 0.7998511904761905 1458.6839172363282 869.3933380126953 1575.6409118652343 1017.128451538086 0.8488653273809523 
5 1643.9496520996095 862.79765625 1770.642999267578 1001.75166015625 0.8073614211309523 1459.8827758789062 868.1420623779297 1574.3154663085938 1015.2698638916015 0.8463541666666666 
6 1642.241748046875 862.9015167236328 1770.579296875 1001.424594116211 0.7770879836309523 1458.9808654785156 868.4644348144532 1573.0585632324219 1013.0987976074218 0.86865234375 
7 1637.7494384765625 865.3808074951172 1772.3140380859375 1004.023062133789 0.7782040550595238 1460.2121337890626 869.144808959961 1570.3103271484374 1015.9425323486328 0.8566080729166666 
8 1640.945867919922 864.9253723144532 1771.5874572753905 1005.7733581542968 0.7959681919642857 1459.5864685058593 872.7764556884765 1569.8152648925782 1013.6243621826172 0.8297991071428571 
9 1642.3503723144531 865.629052734375 1770.8372497558594 1002.273779296875 0.7655319940476191 1459.3468383789063 873.0025146484375 1569.4783569335937 1013.7262451171875 0.8270321800595238 
10 1643.929180908203 863.1787109375 1772.9549743652344 1002.4447021484375 0.7671828497023809 1457.0070190429688 872.1585418701172 1567.6006469726562 1015.5205963134765 0.8258928571428571 
11 1638.6042419433593 865.2309112548828 1773.1788391113282 1007.9615325927734 0.7988746279761905 1458.1518798828124 873.3084594726563 1566.2194580078126 1014.0001342773437 0.8294735863095238 
12 1637.964404296875 867.3018493652344 1772.874951171875 1004.2565002441406 0.7699265252976191 1457.0615661621093 871.3113677978515 1565.3987609863282 1014.3984100341797 0.8366350446428571 
13 1639.609552001953 865.0670227050781 1771.3261169433595 1005.0158630371094 0.7866675967261905 1456.9954162597655 870.924673461914 1566.073065185547 1014.9895721435547 0.8484235491071429 
14 1637.49736328125 865.6594421386719 1771.954052734375 1002.1846740722656 0.7859235491071429 1455.7820678710937 872.6607849121094 1565.4159301757813 1017.4601867675781 0.8607933407738095 
15 1642.49482421875 864.9554260253906 1771.027880859375 1001.7809020996094 0.78564453125 1454.8780151367187 871.493701171875 1564.7530883789063 1020.7578857421875 0.8397507440476191 
16 1639.09541015625 861.6959625244141 1771.767138671875 1000.5865692138672 0.7998279389880952 1455.1570678710937 870.3068878173829 1565.0257934570313 1017.4894378662109 0.8373093377976191 
17 1641.3841979980468 862.5148742675781 1771.5033752441407 1001.0288269042969 0.7936197916666666 1454.6810424804687 871.2325256347656 1565.9119750976563 1018.1412536621094 0.8289853050595238 
18 1644.344482421875 860.1602416992188 1769.780517578125 1002.3210815429687 0.7957356770833334 1456.0296142578125 874.1511840820312 1568.9220458984375 1020.4932250976562 0.8367047991071429 
19 1644.0496154785155 862.8818634033203 1769.878729248047 1005.488070678711 0.7779017857142857 1457.2419128417969 870.2219024658203 1566.2938537597656 1019.1195892333984 0.8493768601190477 
20 1642.8208557128905 862.9339111328125 1769.614813232422 1008.746875 0.7877371651785714 1456.20634765625 872.443505859375 1566.09443359375 1020.3696044921875 0.8371000744047619 
21 1648.4995666503905 863.4404418945312 1770.894598388672 1006.9380981445313 0.7896670386904762 1453.3006530761718 874.8034271240234 1565.1442932128907 1018.3010040283203 0.8177548363095238 
22 1648.331231689453 863.1322479248047 1769.1710876464845 1009.4120025634766 0.7991768973214286 1451.9869384765625 874.7922119140625 1564.3468017578125 1018.9519287109375 0.806640625 
23 1644.3690551757813 863.2724975585937 1769.3731323242187 1007.3449340820313 0.77734375 1454.0108215332032 872.8067199707032 1562.0652282714843 1018.9978454589843 0.8211960565476191 
24 1649.091290283203 861.5615203857421 1770.4522888183594 1008.4722320556641 0.7831798735119048 1454.029296875 875.1552825927735 1562.615478515625 1017.8076690673828 0.830078125 
25 1650.6558349609375 863.7503356933594 1770.0355712890625 1006.5797424316406 0.7865280877976191 1453.4660400390626 871.7035186767578 1562.1867919921874 1016.6647064208985 0.8047572544642857 
26 1646.8416381835937 862.8499786376954 1770.8910278320313 1010.4260833740234 0.7983165922619048 1452.5413330078125 872.9680358886719 1563.7579833984375 1018.4053771972656 0.8049665178571429 
27 1647.9051452636718 861.4102355957032 1770.5398010253907 1009.8627136230468 0.7986188616071429 1454.1060607910156 871.3401672363282 1563.831805419922 1019.7926452636718 0.8210797991071429 
28 1651.2448791503907 864.5690948486329 1769.1895690917968 1010.3916595458984 0.7948753720238095 1450.4914489746093 870.4251129150391 1564.1473449707032 1022.6810272216796 0.8423549107142857 
29 1648.2840759277344 864.3170135498046 1770.482647705078 1007.9539215087891 0.7954334077380952 1446.4336791992187 874.2115966796875 1560.0570434570313 1017.848583984375 0.8271251860119048 
30 1648.2989868164063 864.4930297851563 1770.5354858398437 1008.1744506835937 0.78466796875 1446.6336242675782 876.04033203125 1558.1475036621093 1019.7217529296875 0.8113374255952381 
31 1650.126446533203 864.9329620361328 1771.9539978027344 1010.2712005615234 0.7772042410714286 1445.8473083496094 878.3323486328125 1556.988262939453 1021.533251953125 0.8125 
32 1645.8255187988282 866.3358032226563 1771.6819274902343 1007.1242797851562 0.7698335193452381 1440.3038696289063 877.3297393798828 1555.4944702148437 1022.384555053711 0.8094540550595238 
33 1644.9439208984375 866.3193817138672 1770.2745849609375 1006.5196685791016 0.7861095610119048 1438.6468627929687 873.7542938232422 1553.3563110351563 1020.3273101806641 0.8650716145833334 
34 1645.2140563964845 867.1140228271485 1770.555352783203 1009.4506134033203 0.7950613839285714 1435.3859741210938 871.2811004638672 1552.2295043945312 1019.9910552978515 0.8414248511904762 
35 1642.4298217773437 865.0735748291015 1772.0340454101563 1007.4258758544922 0.7851329985119048 1434.7033569335938 870.6303771972656 1551.5595825195312 1021.4813171386719 0.8546781994047619 
36 1642.7806518554687 866.1619415283203 1771.9564086914063 1008.0435638427734 0.7654854910714286 1432.238818359375 870.0714111328125 1550.8263671875 1020.423583984375 0.8475864955357143 
37 1639.9629516601562 865.1957305908203 1773.1320190429688 1008.933724975586 0.7819940476190477 1430.5348876953126 867.2282531738281 1546.7934814453124 1021.5351745605469 0.8481212797619048 
38 1643.5189208984375 864.9963195800781 1772.1414794921875 1008.3789245605469 0.7848074776785714 1427.633966064453 865.4017883300781 1543.6051696777345 1019.3272155761719 0.8630022321428571 
39 1642.3139099121095 867.496615600586 1770.245050048828 1005.9138458251953 0.7936197916666666 1423.8792724609375 865.5607055664062 1543.4215087890625 1020.7558227539063 0.8625139508928571 
40 1639.5303833007813 861.5899871826172 1773.7982299804687 1010.5433746337891 0.8090355282738095 1423.8464599609374 865.7051513671875 1539.2328857421876 1020.9523193359375 0.8805106026785714 
41 1639.8774475097657 863.1543121337891 1773.7960144042968 1007.5353240966797 0.7806454613095238 1421.7769470214844 865.166293334961 1534.7707824707031 1020.0096710205078 0.8742559523809523 
42 1638.0252807617187 862.4153594970703 1774.0184204101563 1006.7773284912109 0.7944800967261905 1421.8040405273437 866.0364349365234 1534.7831176757813 1020.8595001220704 0.8769298735119048 
43 1638.7071594238282 864.8760864257813 1774.5934997558593 1007.0340698242187 0.7855747767857143 1422.8970703125 866.8861663818359 1533.6966796875 1019.4970733642579 0.8816731770833334 
44 1637.7762268066406 865.0370178222656 1773.911395263672 1007.4554138183594 0.8042224702380952 1423.4237854003907 865.4398071289063 1532.3319519042968 1018.3300903320312 0.8731863839285714 
45 1636.6636779785156 862.8353424072266 1772.967059326172 1005.4294891357422 0.7676013764880952 1423.659619140625 864.8516815185546 1532.702197265625 1017.9307281494141 0.8514694940476191 
46 1637.0824462890625 862.2568511962891 1769.2952392578125 1002.8641815185547 0.7746233258928571 1423.4269714355469 867.5033782958984 1532.5550842285156 1018.6038604736328 0.8583984375 
47 1630.8652221679688 861.2053497314453 1767.1452758789062 1001.678744506836 0.7911318824404762 1424.590185546875 866.4468658447265 1531.517724609375 1017.4034149169922 0.8600027901785714 
48 1631.1855529785157 858.8664794921875 1761.5970397949218 1001.89853515625 0.7599748883928571 1423.5140808105468 865.7430023193359 1530.7880432128907 1019.2920928955078 0.8603980654761905 
49 1629.91015625 856.2511596679688 1754.0703125 1001.4553833007812 0.7705078125 1423.5162963867188 864.9925415039063 1526.6323852539062 1018.6143920898437 0.8370768229166666 
50 1620.5266479492188 858.4976257324219 1748.8378540039062 997.3261047363281 0.7646949404761905 1424.1765197753907 863.2708404541015 1529.3497253417968 1016.8235809326172 0.8240792410714286 
51 1608.8210815429688 856.6828369140625 1745.7492309570312 997.8242431640625 0.7447916666666666 1424.4945434570313 863.5697967529297 1529.8240600585937 1015.244107055664 0.8193359375 
52 1595.156494140625 854.28193359375 1738.715087890625 995.729296875 0.7865978422619048 1427.6445373535157 861.1837738037109 1531.0911804199218 1013.1868927001954 0.7939685639880952 
53 1587.232489013672 854.7835479736328 1732.3594299316405 995.7038177490234 0.7629743303571429 1426.3310852050781 858.181118774414 1535.7019958496094 1011.7211639404297 0.8073614211309523 
54 1581.4605834960937 856.9066864013672 1727.1910278320313 994.1889556884765 0.7569289434523809 1424.5201232910156 858.2063842773438 1536.458026123047 1012.3849243164062 0.8025948660714286 
55 1577.4149597167968 857.1490234375 1722.7653381347657 996.179833984375 0.7480933779761905 1427.365460205078 860.5519378662109 1539.0113708496094 1012.2218048095704 0.7928524925595238 
56 1573.3638244628905 859.8850891113282 1719.181707763672 997.2497985839843 0.771484375 1423.9695190429688 862.8111785888672 1540.2011352539062 1017.0823150634766 0.7995489211309523 
57 1572.5392456054688 862.8896911621093 1717.4927368164062 995.2384826660157 0.7561151413690477 1423.7881958007813 862.0816802978516 1541.4315307617187 1015.4382781982422 0.8092680431547619 
58 1569.8450927734375 860.6261016845704 1716.4251708984375 996.5844085693359 0.7674153645833334 1424.3272766113282 863.5675048828125 1543.2907653808593 1016.5206298828125 0.82470703125 
59 1574.9478637695313 862.2123718261719 1714.2906616210937 997.3325500488281 0.7525111607142857 1422.8565185546875 861.8875396728515 1543.1979248046875 1013.8977996826172 0.8470749627976191 
60 1572.5256591796874 862.7442962646485 1715.4355224609376 999.3492706298828 0.7634626116071429 1426.7059753417968 862.1784912109375 1544.3964416503907 1017.6979736328125 0.8389601934523809 
61 1578.8807312011718 864.0812927246094 1715.7563537597657 1000.9569152832031 0.7370256696428571 1425.5638427734375 862.1375 1543.4874267578125 1015.859326171875 0.8349376860119048 
62 1582.3052307128905 862.6428863525391 1714.840643310547 1001.4893768310546 0.7420247395833334 1427.033465576172 860.7009796142578 1544.8426330566406 1016.377328491211 0.8326822916666666 
63 1583.3453308105468 864.3486999511719 1718.4912170410157 1001.6061340332031 0.7692754836309523 1424.4839965820313 860.7750885009766 1542.7367065429687 1014.9257781982421 0.8537481398809523 
64 1584.7628601074218 865.2931701660157 1720.5917541503907 1005.3667419433593 0.7848772321428571 1423.7108276367187 860.3138458251954 1540.4388305664063 1015.2437103271484 0.8465401785714286 
65 1589.1056396484375 863.7637481689453 1723.1433837890625 1006.3118743896484 0.7713913690476191 1422.744854736328 859.0175384521484 1537.6344177246094 1014.3312774658203 0.8564220610119048 
66 1591.081103515625 865.4001190185547 1722.75751953125 1007.695767211914 0.7837146577380952 1421.5026000976563 858.7836090087891 1536.1885620117187 1015.9459442138672 0.8614676339285714 
67 1593.733203125 867.8373565673828 1719.04609375 1008.0178070068359 0.7796921502976191 1418.2625671386718 861.2204315185547 1535.0795959472657 1016.268521118164 0.8529808407738095 
68 1592.5857543945312 868.4459350585937 1717.8202514648438 1010.6613647460938 0.7663457961309523 1416.979803466797 860.2003814697266 1535.8464904785155 1017.2741668701171 0.8606770833333334 
69 1590.0477478027344 865.6070495605469 1719.469952392578 1009.8808654785156 0.7567894345238095 1415.2545349121094 861.1188385009766 1531.946514892578 1016.0010955810546 0.8694661458333334 
70 1589.7120727539063 866.7645599365235 1719.0293823242187 1008.8015411376953 0.7639276413690477 1413.4296142578125 862.0354217529297 1530.0271728515625 1016.7921539306641 0.8586077008928571 
71 1589.7170776367188 867.2432250976562 1720.2087036132812 1010.5701293945312 0.7553943452380952 1411.8338134765625 862.7179992675781 1529.4901611328125 1016.7408630371094 0.8483072916666666 
72 1584.1033508300782 864.8439300537109 1724.9973571777343 1010.0074493408204 0.7903645833333334 1411.3521362304687 860.0817810058594 1526.6290649414063 1018.0538391113281 0.8550269717261905 
73 1586.5130310058594 866.2810729980469 1726.1575012207031 1008.0739074707031 0.7940383184523809 1409.106884765625 861.2406799316407 1525.119189453125 1018.0720642089843 0.8529575892857143 
74 1585.4180908203125 868.4929626464843 1727.1961669921875 1010.2711975097657 0.7445824032738095 1408.2779541015625 861.8006439208984 1524.2781982421875 1018.6159210205078 0.8545619419642857 
75 1582.944354248047 868.7445190429687 1728.3118713378906 1007.6988403320313 0.7292364211309523 1407.1547302246095 861.8379119873047 1522.593682861328 1017.8943267822266 0.8495163690476191 
76 1579.2424743652343 864.335482788086 1729.0933410644532 1007.7641876220703 0.7310500372023809 1406.9963439941407 861.2067779541015 1522.5955749511718 1017.4798065185547 0.8459123883928571 
77 1579.4329162597655 865.6049163818359 1727.231268310547 1006.9772979736329 0.7386067708333334 1403.5412170410157 862.4742858886718 1519.2096374511718 1016.6986877441407 0.8412620907738095 
78 1577.8508911132812 866.5254119873047 1727.3810424804688 1007.5109039306641 0.7521391369047619 1402.9334777832032 861.7601654052735 1516.1491638183593 1015.5625274658203 0.8373093377976191 
79 1581.6605041503906 867.0183654785156 1724.397235107422 1007.6248229980469 0.7414202008928571 1401.313720703125 860.3813293457031 1516.35546875 1015.9006530761719 0.8424944196428571 
80 1581.3810302734375 862.6885864257813 1726.4129150390625 1007.7204711914062 0.7317243303571429 1401.321600341797 859.8174835205078 1514.3611389160155 1015.5135101318359 0.82958984375 
81 1586.9537353515625 866.4104827880859 1725.2279052734375 1006.8119903564453 0.7572544642857143 1399.8334411621095 859.7830963134766 1514.707452392578 1015.0757293701172 0.8394484747023809 
82 1587.481103515625 865.3844116210937 1723.49423828125 1005.6479370117188 0.7795293898809523 1398.9100524902344 858.763540649414 1511.545880126953 1013.9035125732422 0.8426804315476191 
83 1587.4176635742188 865.2954467773437 1723.5003051757812 1005.6307006835938 0.7701125372023809 1396.869122314453 860.5521484375 1511.6888610839844 1013.6452392578125 0.8392857142857143 
84 1587.05078125 864.5895965576171 1725.337646484375 1007.1315338134766 0.7640206473214286 1395.0037414550782 859.8437133789063 1509.8882263183593 1015.1505493164062 0.8440755208333334 
85 1586.12109375 862.6661926269531 1726.75341796875 1005.4292663574219 0.7559523809523809 1396.1528686523438 859.5519927978515 1506.9540649414062 1015.0998016357422 0.8344494047619048 
86 1589.9258972167968 865.0408447265625 1724.0561584472657 1005.5582763671875 0.7756928943452381 1394.2169677734375 860.2914398193359 1507.0567138671875 1013.5831329345704 0.8482375372023809 
87 1586.4649230957032 860.5667236328125 1727.1621520996093 1005.5275146484375 0.7584635416666666 1395.0148864746093 859.3368499755859 1503.7354797363282 1014.9565460205079 0.8339378720238095 
88 1587.2632385253905 862.7259490966796 1725.673406982422 1005.3948394775391 0.7395135788690477 1392.260675048828 856.0921173095703 1502.9887145996095 1013.6667327880859 0.8329845610119048 
89 1587.7020202636718 860.9155029296875 1728.1577209472657 1005.6274658203125 0.7249813988095238 1391.4241577148437 855.9226593017578 1502.0863403320313 1015.531381225586 0.8417038690476191 
90 1590.3179626464844 864.4569763183594 1724.0146789550781 1004.5200744628906 0.7443963913690477 1388.7119262695312 854.090951538086 1501.1869995117188 1013.2535919189453 0.8313802083333334 
91 1586.9833374023438 864.4476837158203 1726.5571899414062 1004.021615600586 0.7440941220238095 1390.555108642578 856.2326538085938 1498.4076599121095 1010.6098754882812 0.8222888764880952 
92 1586.2872314453125 867.201040649414 1726.0054931640625 1004.8024383544922 0.7512555803571429 1385.6661376953125 855.2321685791015 1499.9810791015625 1011.8860565185547 0.8221493675595238 
93 1586.6659118652344 865.0103759765625 1727.736065673828 1003.974853515625 0.7584867931547619 1385.7504760742188 854.9685974121094 1499.4487426757812 1010.7773742675781 0.8276134672619048 
94 1586.9485961914063 864.4985748291016 1726.6690795898437 1004.2191375732422 0.7463727678571429 1386.5685241699218 856.2749847412109 1498.7682678222657 1010.8143096923828 0.8120582217261905 
95 1589.7660095214844 866.7886169433593 1727.551251220703 1002.4540588378907 0.7533482142857143 1387.9800231933593 856.6789520263671 1493.9685852050782 1009.3025543212891 0.7986421130952381 
96 1589.1320190429688 865.5251647949219 1726.7412719726562 1001.0173156738281 0.7428385416666666 1387.6036560058594 857.3011871337891 1493.457012939453 1007.6128143310547 0.7810407366071429 
97 1588.8690063476563 864.4077728271484 1726.8724487304687 1002.4111358642579 0.7179827008928571 1388.3966857910157 856.4051971435547 1494.5531433105468 1007.1473541259766 0.7945033482142857 
98 1586.4215087890625 864.7708404541015 1726.2603759765625 1002.4909393310547 0.7635091145833334 1385.627423095703 854.9104187011719 1500.0409118652344 1007.4618957519531 0.8052455357142857 
99 1587.7013427734375 865.7099853515625 1729.7688720703125 1005.657080078125 0.7424665178571429 1386.9964782714844 852.5798126220703 1501.498516845703 1007.3697113037109 0.8252883184523809 
100 1585.824932861328 863.6844055175782 1730.1231872558594 1005.8606384277343 0.7497674851190477 1386.5985595703125 852.4212982177735 1503.3103759765625 1007.3297393798828 0.8515857514880952 
101 1588.881658935547 865.1454528808594 1726.5723205566405 1002.8361145019531 0.7690197172619048 1387.3971252441406 851.7837768554688 1506.0229187011719 1006.4209350585937 0.8450055803571429 
102 1589.245623779297 864.8218658447265 1727.3482482910156 1002.9244110107422 0.7737397693452381 1385.5240295410156 849.5406616210937 1504.504656982422 1006.7651245117188 0.8534458705357143 
103 1586.2338317871095 864.3048400878906 1728.161553955078 1004.1143493652344 0.7644856770833334 1388.49619140625 850.9430847167969 1507.1224609375 1007.6992492675781 0.8494931175595238 
104 1585.9747985839845 865.3299957275391 1728.807061767578 1001.8608612060547 0.7540457589285714 1388.7724670410157 851.838491821289 1504.2986999511718 1007.2736297607422 0.8553292410714286 
105 1587.824462890625 863.633755493164 1729.135986328125 1002.8360321044922 0.7590215773809523 1386.078594970703 850.3299957275391 1504.1895935058594 1006.4052947998047 0.8565848214285714 
106 1590.8823791503905 867.0776916503906 1727.743719482422 1003.9390319824219 0.7214471726190477 1384.1328979492187 853.7965240478516 1502.0441040039063 1007.5022430419922 0.8362630208333334 
107 1590.649591064453 864.2267364501953 1727.4633239746095 1003.1452728271485 0.7078915550595238 1384.2147033691406 854.4311553955079 1499.980242919922 1008.0835540771484 0.8491908482142857 
108 1587.6400329589844 865.1283874511719 1728.910137939453 1002.1814270019531 0.7388160342261905 1381.0873474121095 851.5852691650391 1499.163751220703 1007.6148651123046 0.8484002976190477 
109 1586.2151428222655 863.7491851806641 1727.646795654297 1003.0698455810547 0.7287946428571429 1381.0500366210938 850.4341857910156 1499.2614868164062 1006.6422302246094 0.8567243303571429 
110 1587.451220703125 863.0978210449218 1728.61103515625 1000.0439025878907 0.7450474330357143 1379.439031982422 851.1859313964844 1497.4233947753905 1007.0937316894531 0.8541666666666666 
111 1587.4522033691405 863.7811950683594 1730.734197998047 1000.7418762207031 0.7532319568452381 1379.9039794921875 850.0040435791016 1495.7937744140625 1008.0356903076172 0.8570033482142857 
112 1587.497003173828 863.8477630615234 1728.6937927246095 1000.8297882080078 0.7553478422619048 1378.2954467773438 850.0685363769531 1492.0959106445312 1008.1247009277344 0.8646065848214286 
113 1587.224786376953 862.4710540771484 1728.3104919433595 1001.4510040283203 0.7464425223214286 1376.3251403808595 852.67119140625 1492.141778564453 1006.3914306640625 0.8617699032738095 
114 1586.6305603027345 858.873257446289 1731.979669189453 1002.1158172607422 0.7251209077380952 1374.5212890625 850.9333374023438 1490.379345703125 1006.8149536132812 0.8518415178571429 
115 1587.1779479980469 864.0114440917969 1730.2660217285156 1000.7867736816406 0.7575799851190477 1372.0603759765625 850.2530395507813 1485.6891357421875 1008.0706909179687 0.8479817708333334 
116 1585.69443359375 863.8552886962891 1731.003076171875 1002.8461883544921 0.7609979538690477 1372.2674133300782 850.3288391113281 1485.9871032714843 1008.2729675292969 0.8408203125 
117 1588.4005310058594 865.2111968994141 1729.448468017578 1004.1538543701172 0.7590913318452381 1369.460546875 850.0699493408204 1485.246240234375 1007.9594085693359 0.8312406994047619 
118 1586.8296813964844 864.6051300048828 1727.9912414550781 1003.6598236083985 0.7279808407738095 1367.7132263183594 849.6947875976563 1483.5920715332031 1005.6046508789062 0.8489815848214286 
119 1583.2788208007812 865.2585845947266 1728.6252319335938 1004.2856658935547 0.7159365699404762 1364.2059692382813 850.3512603759766 1484.2747436523437 1006.2300994873046 0.8415876116071429 
120 1587.2833190917968 864.3414733886718 1730.7922424316407 999.4086486816407 0.7257254464285714 1362.9290954589844 850.7861236572265 1481.112774658203 1004.8469940185547 0.8321242559523809 
121 1589.4346496582032 863.5238677978516 1728.7607849121093 1000.7390106201171 0.7244931175595238 1361.0404174804687 850.4518829345703 1481.3675415039063 1002.4440521240234 0.8312639508928571 
122 1587.945458984375 863.641567993164 1727.275244140625 1000.8602020263672 0.7204706101190477 1361.4127868652345 850.5692321777344 1479.632012939453 1002.5652893066406 0.81982421875 
123 1588.1765502929688 865.1186340332031 1727.5136352539062 1000.2334167480469 0.7226097470238095 1360.0078979492187 848.3104827880859 1478.2333129882813 1002.4257843017579 0.8178013392857143 
124 1586.3273132324218 864.5362854003906 1728.0404846191407 999.9040222167969 0.7169828869047619 1359.3586730957031 849.5677551269531 1479.9205017089844 1001.8564392089844 0.8317754836309523 
125 1588.670166015625 864.8077392578125 1727.956787109375 1004.0943603515625 0.7113095238095238 1360.5842529296874 850.1160614013672 1478.7668212890626 1004.175503540039 0.8204287574404762 
126 1588.6228637695312 864.8048797607422 1727.9364624023438 1004.1183990478515 0.7134254092261905 1360.7365600585938 850.1103607177735 1476.8310668945312 1004.1996368408203 0.8220098586309523 
127 1590.093359375 866.9257507324219 1727.4515625 1000.0575256347656 0.7278180803571429 1356.58447265625 851.7270050048828 1474.923828125 1003.8775482177734 0.7971540178571429 
128 1583.8928527832031 867.1001159667969 1727.5061950683594 1004.3775451660156 0.7321428571428571 1357.9941284179688 850.5293334960937 1474.1521118164062 1004.7024780273438 0.8180338541666666 
129 1589.1158142089844 866.9261779785156 1728.4714660644531 1002.0590515136719 0.7350027901785714 1359.7797058105468 851.9836181640625 1473.7980529785157 1004.0080810546875 0.8107793898809523 
130 1589.247088623047 866.3055450439454 1728.6668518066406 1001.5005462646484 0.7268415178571429 1357.9370361328124 851.3561065673828 1474.1200927734376 1003.450473022461 0.8152436755952381 
131 1587.4936584472657 866.1931793212891 1728.8897644042968 1001.2580535888671 0.7320731026785714 1360.3832214355468 851.0146179199219 1472.2338439941407 1005.0730285644531 0.8195452008928571 
132 1587.814990234375 866.8519592285156 1727.321240234375 1002.1308288574219 0.7235165550595238 1360.100927734375 851.4054718017578 1472.12880859375 1007.8216400146484 0.8174990699404762 
133 1586.1071533203126 866.0728698730469 1727.7341552734374 1001.3584045410156 0.7146112351190477 1360.4959533691406 852.4955352783203 1470.415301513672 1006.805551147461 0.8240559895833334 
134 1587.732666015625 866.2099975585937 1727.254150390625 1001.5036254882813 0.7405831473214286 1359.9938049316406 850.5179260253906 1472.0339050292969 1009.0650817871094 0.8182663690476191 
135 1582.4458618164062 867.04345703125 1728.4276733398438 1002.4468994140625 0.7498372395833334 1359.8927795410157 851.582763671875 1474.1393249511718 1008.1429443359375 0.8170805431547619 
136 1587.9244995117188 866.9799682617188 1727.5173950195312 1002.3427856445312 0.7380952380952381 1360.3132873535155 851.7679565429687 1470.295477294922 1006.1661254882813 0.8228004092261905 
137 1589.4994995117188 867.733364868164 1727.0776489257812 1001.0783416748047 0.7304920014880952 1357.977520751953 852.2660034179687 1470.1566345214844 1006.7768432617188 0.8076869419642857 
138 1589.9556884765625 866.8407165527344 1727.4617919921875 1002.2313049316406 0.7330264136904762 1356.6834350585937 851.6254913330079 1470.9193481445313 1006.0554779052734 0.8213355654761905 
139 1584.1031555175782 867.7765106201172 1727.8764587402343 1000.9781890869141 0.7466052827380952 1358.684832763672 852.3257446289062 1468.6292541503906 1006.6705932617188 0.8174990699404762 
140 1586.5146362304688 866.7813873291016 1728.3584106445312 1002.2740936279297 0.7430245535714286 1357.3007446289062 853.1832977294922 1467.3884643554688 1007.729605102539 0.8195684523809523 
141 1586.4114135742188 866.6058715820312 1728.2082153320312 1002.0534301757813 0.7455124627976191 1357.518017578125 853.0122894287109 1465.4529296875 1007.5071807861328 0.8178943452380952 
142 1582.9576354980468 867.7012390136719 1728.9834045410157 1005.2617736816406 0.75 1357.8142456054688 852.7242156982422 1465.7463012695312 1007.215298461914 0.8195219494047619 
143 1582.9276184082032 867.7158477783203 1728.9257751464843 1005.250277709961 0.7542085193452381 1355.9552856445312 852.7417022705079 1465.9827026367188 1007.2034271240234 0.8256138392857143 
144 1583.9568237304688 866.5802429199218 1727.8388305664062 999.8827697753907 0.7532784598214286 1357.2286071777344 854.3730590820312 1463.0242004394531 1008.8347045898438 0.8296130952380952 
145 1585.7493408203125 867.3361206054688 1727.5743896484375 1000.6940307617188 0.7349330357142857 1357.0544677734374 853.4955352783203 1462.8940185546876 1008.021371459961 0.8322172619047619 
146 1584.2460388183595 868.0401824951172 1728.192315673828 1001.4021392822266 0.7267020089285714 1355.7883361816407 853.9549041748047 1461.6312194824218 1010.6022857666015 0.8219866071428571 
147 1585.2122619628906 869.1622985839844 1727.212664794922 1000.5656066894531 0.7369094122023809 1354.604443359375 853.429736328125 1460.574755859375 1008.1465576171875 0.8078962053571429 
148 1585.319024658203 869.841943359375 1727.2711853027345 1001.2006591796875 0.7406063988095238 1356.908056640625 854.1147521972656 1458.605126953125 1008.7790466308594 0.8133138020833334 
149 1582.6529235839844 869.0021667480469 1728.7846984863281 1000.3089904785156 0.7320033482142857 1354.3322875976562 853.2811645507812 1460.2248413085938 1007.8843627929688 0.8162434895833334 
150 1584.413262939453 868.1697631835938 1728.4284118652345 999.4776977539062 0.7438151041666666 1356.3350830078125 854.322134399414 1457.9927978515625 1006.8087860107422 0.8099888392857143 
151 1583.102392578125 869.1086029052734 1727.10341796875 1002.5213409423828 0.7443498883928571 1354.8020874023437 853.633413696289 1458.5675415039063 1008.2227264404297 0.8299386160714286 
152 1582.2653015136718 869.142333984375 1728.3678771972657 1000.4229736328125 0.7302594866071429 1354.2342956542968 853.4244964599609 1457.9884826660157 1007.9968292236329 0.8033854166666666 
153 1584.074639892578 869.6788696289062 1728.0263122558595 1000.9290405273438 0.7264462425595238 1352.8398803710938 853.9647064208984 1454.4528442382812 1008.5011749267578 0.7996419270833334 
154 1582.3207763671876 869.4281127929687 1728.3943115234374 1000.6827270507813 0.7328171502976191 1351.322509765625 851.840689086914 1452.93896484375 1008.4993377685547 0.8193591889880952 
155 1584.3930114746095 869.6982360839844 1726.368341064453 1001.0783752441406 0.7314220610119048 1351.2992126464844 852.0938934326172 1450.893780517578 1008.9025054931641 0.8264043898809523 
156 1583.1410827636719 869.6106170654297 1729.4759826660156 1001.1000152587891 0.74951171875 1348.7115295410156 853.8677520751953 1448.388934326172 1008.6858978271484 0.8186848958333334 
157 1585.7617126464843 869.7572570800781 1727.5440734863282 998.8427185058594 0.7313523065476191 1348.1011901855468 853.8047424316406 1447.5605529785157 1008.2840026855469 0.8102213541666666 
158 1584.3420471191407 869.8736450195313 1726.1761413574218 1001.1231811523437 0.7524879092261905 1346.5948181152344 852.2868804931641 1446.0903625488281 1008.9394989013672 0.8194986979166666 
159 1586.0494873046875 870.3734405517578 1728.4439208984375 1000.016146850586 0.7418852306547619 1346.2187438964843 854.8425170898438 1441.8568176269532 1005.7380493164062 0.8139183407738095 
160 1584.0332092285157 868.8300689697265 1728.5460144042968 1000.5916229248047 0.7458844866071429 1347.9741516113281 853.5450805664062 1441.4822692871094 1004.4333129882813 0.8061058407738095 
161 1581.82861328125 868.6876098632813 1730.405029296875 1002.4063842773437 0.7439313616071429 1346.3103881835937 853.4218048095703 1441.8238891601563 1006.243295288086 0.7953171502976191 
162 1586.130548095703 869.8547058105469 1728.3239196777345 999.3143615722656 0.7484654017857143 1345.2506958007812 854.590542602539 1438.6313842773438 1003.1508514404297 0.791015625 
163 1585.967431640625 867.9274780273438 1728.30283203125 1001.7652709960937 0.7553245907738095 1350.2398193359375 854.2822814941406 1439.4650146484375 1007.2396911621094 0.8066871279761905 
164 1586.1284484863281 868.2094116210938 1728.4024353027344 1001.9894409179688 0.7517438616071429 1348.378857421875 854.815054321289 1441.812548828125 1005.5830780029297 0.8074776785714286 
165 1585.871630859375 869.2217193603516 1728.259716796875 1000.9839080810547 0.7473493303571429 1349.0756896972657 853.6914459228516 1446.8348327636718 1006.7055877685547 0.8212425595238095 
166 1586.1642944335938 868.9970184326172 1728.6047485351562 1000.8076080322265 0.7468145461309523 1347.155419921875 851.8257110595703 1449.20224609375 1004.896029663086 0.8397739955357143 
167 1586.172869873047 868.4996307373046 1728.6585510253906 1000.3521148681641 0.7312593005952381 1347.088067626953 851.5682250976563 1449.1674255371095 1002.5605590820312 0.8411458333333334 
168 1585.0450012207032 868.1339050292969 1727.5513122558593 1002.1324523925781 0.7444196428571429 1345.9254760742188 847.6823486328125 1448.0195922851562 1002.9504638671875 0.84423828125 
169 1585.2128479003907 868.8141143798828 1727.7731140136718 1000.735629272461 0.7411411830357143 1346.2481811523437 848.1092712402344 1446.2532836914063 1003.4362609863281 0.8418201264880952 
170 1586.3686645507812 867.1822204589844 1728.7634155273438 1001.0757141113281 0.7346540178571429 1342.2867614746094 846.7466766357422 1446.426251220703 1001.8931549072265 0.8301711309523809 
171 1584.8563415527344 868.4795288085937 1727.332501220703 1000.3232055664063 0.7333751860119048 1338.5082702636719 847.7869689941406 1446.9603576660156 1003.0222351074219 0.8294038318452381 
172 1586.6722534179687 867.0283325195312 1726.9500610351563 1000.9299194335938 0.7328404017857143 1335.0550903320313 846.8368560791016 1445.5769897460937 999.8671844482421 0.8354027157738095 
173 1584.9315673828125 867.1884399414063 1727.3037841796875 1001.0608276367187 0.7284923735119048 1333.6143737792968 846.7561584472656 1444.1123107910157 1001.8781188964844 0.8351934523809523 
174 1584.8888549804688 866.9540832519531 1727.1731567382812 1000.7437927246094 0.7305152529761905 1333.7267578125 844.6557739257812 1444.156298828125 1001.8056518554688 0.8275669642857143 
175 1585.1239440917968 868.4480194091797 1727.4814025878907 1000.1818023681641 0.7283063616071429 1332.1984741210938 846.1382659912109 1442.6848266601562 1001.2441192626953 0.8239629836309523 
176 1586.9508117675782 867.8230255126953 1727.0742126464843 999.454135131836 0.7215866815476191 1332.5892395019532 847.4087829589844 1440.8664489746093 1000.2706604003906 0.8338216145833334 
177 1583.427099609375 867.4860260009766 1729.78310546875 1003.2364471435546 0.7369094122023809 1333.30048828125 847.3355255126953 1441.476611328125 1002.1758880615234 0.8244512648809523 
178 1585.3286865234375 868.1859405517578 1727.2616455078125 1001.6451751708985 0.7304222470238095 1333.646502685547 849.9351440429688 1439.5665100097656 1000.3415893554687 0.8245907738095238 
179 1584.8363830566407 869.244873046875 1728.9137390136718 1000.609619140625 0.7243768601190477 1334.0861938476562 846.9976654052734 1433.6691772460938 1001.6690216064453 0.81689453125 
180 1585.5768615722657 867.6995422363282 1727.5975769042968 1001.2413757324218 0.7362816220238095 1334.9617004394531 845.6871307373046 1430.3487243652344 1000.4260894775391 0.8022228422619048 
181 1586.2231018066407 868.4674468994141 1728.7897155761718 1000.3946746826172 0.7265159970238095 1335.3813049316407 842.8513000488281 1424.7513854980468 998.1849548339844 0.8002464657738095 
182 1579.3179138183593 867.6915924072266 1728.9942199707032 1004.5385711669921 0.7438151041666666 1335.3123840332032 841.0459075927735 1418.7036071777343 994.9987091064453 0.7911551339285714 
183 1582.3237609863281 867.5092498779297 1728.0318298339844 1002.5035064697265 0.7464657738095238 1328.8179504394532 837.5104949951171 1414.5286071777343 989.6469146728516 0.7782738095238095 
184 1581.453564453125 867.7152313232422 1729.0359375 1004.6033111572266 0.7573474702380952 1331.2873046875 836.6193023681641 1408.2869140625 986.3405975341797 0.7478841145833334 
185 1584.2579528808594 865.5648834228516 1730.187237548828 1002.9101531982421 0.7481166294642857 1325.8275268554687 830.3205688476562 1422.3985473632813 986.9800903320313 0.7722051711309523 
186 1590.3410522460938 863.3684051513671 1730.2138793945312 1001.0892974853516 0.7353283110119048 1319.0375183105468 828.4415924072266 1428.7838928222657 996.2889373779296 0.7843424479166666 
187 1589.4710510253906 863.7390106201171 1729.424334716797 1001.5392486572266 0.7473958333333334 1319.7502502441407 823.0780029296875 1414.4879089355468 997.4814453125 0.7803199404761905 
188 1592.4011779785155 858.4822631835938 1732.937811279297 1001.1810668945312 0.7462797619047619 1319.6436889648437 814.3255096435547 1416.9383422851563 993.7800201416015 0.7895972842261905 
189 1596.8512145996094 854.6802459716797 1734.030255126953 994.0366119384765 0.7339332217261905 1322.493212890625 807.111459350586 1398.70380859375 981.3069366455078 0.8061290922619048 
190 1604.0108154296875 851.1800506591796 1736.9078857421875 988.4343902587891 0.7163783482142857 1326.6533447265624 803.0824401855468 1394.1911376953126 979.5522033691407 0.8042224702380952 
191 1603.4073852539063 843.7068542480469 1739.1993041992187 986.0693908691406 0.6854073660714286 1328.2012512207032 803.3568084716796 1396.0972106933593 974.1918365478516 0.7975492931547619 
192 1606.3590209960937 842.0067932128907 1742.7393676757813 982.7865417480468 0.662109375 1329.283624267578 799.7898590087891 1388.6749938964845 969.1654022216796 0.8161504836309523 
193 1607.7287963867188 839.6684814453125 1744.2062622070312 982.7497314453125 0.6703404017857143 1328.0007690429688 793.780892944336 1394.0382934570312 967.6796173095703 0.8294038318452381 
194 1614.3750549316405 835.4936309814453 1747.567449951172 977.4200042724609 0.6942429315476191 1326.071466064453 793.0837371826171 1395.9428161621095 967.7622711181641 0.8351469494047619 
195 1614.6045166015624 832.1755981445312 1749.1037353515626 975.4945678710938 0.7025902157738095 1325.1680053710938 793.7593933105469 1395.7250610351562 961.3322814941406 0.8314732142857143 
196 0.0 0.0 0.0 0.0 0.19895426432291666 0.0 0.0 0.0 0.0 0.19895426432291666 
197 0.0 0.0 0.0 0.0 0.19895426432291666 0.0 0.0 0.0 0.0 0.19895426432291666 
198 0.0 0.0 0.0 0.0 0.19895426432291666 0.0 0.0 0.0 0.0 0.19895426432291666 
199 0.0 0.0 0.0 0.0 0.19895426432291666 0.0 0.0 0.0 0.0 0.19895426432291666 
200 0.0 0.0 0.0 0.0 0.19895426432291666 0.0 0.0 0.0 0.0 0.19895426432291666 
201 1582.6360656738282 830.8010528564453 1735.8857849121093 968.941683959961 0.7183547247023809 1326.4449890136718 792.1980926513672 1397.6737854003907 962.7154205322265 0.8472144717261905 
202 1573.6312744140625 827.0802276611328 1731.6853759765625 969.9784271240235 0.7187732514880952 1326.890203857422 790.273080444336 1400.5044494628905 963.4830841064453 0.8333565848214286 
203 0.0 0.0 0.0 0.0 0.19895426432291666 0.0 0.0 0.0 0.0 0.19895426432291666 
204 0.0 0.0 0.0 0.0 0.19889904203869047 0.0 0.0 0.0 0.0 0.19889904203869047 
205 0.0 0.0 0.0 0.0 0.19889904203869047 0.0 0.0 0.0 0.0 0.19889904203869047 
206 0.0 0.0 0.0 0.0 0.19889904203869047 0.0 0.0 0.0 0.0 0.19889904203869047 
207 0.0 0.0 0.0 0.0 0.19889904203869047 0.0 0.0 0.0 0.0 0.19889904203869047 
208 0.0 0.0 0.0 0.0 0.19889904203869047 0.0 0.0 0.0 0.0 0.19889904203869047 
209 0.0 0.0 0.0 0.0 0.19889904203869047 0.0 0.0 0.0 0.0 0.19889904203869047 
210 1527.7148193359376 842.2696929931641 1678.3205810546874 980.4969696044922 0.8014555431547619 1328.864324951172 791.0890899658203 1401.0725646972655 960.2627777099609 0.8358444940476191 
211 1515.9273254394532 847.6982208251953 1670.8972595214843 986.1381439208984 0.8154064360119048 1328.373846435547 789.3659881591797 1400.6931701660155 964.9985748291016 0.8206147693452381 
212 0.0 0.0 0.0 0.0 0.19913736979166666 0.0 0.0 0.0 0.0 0.19913736979166666 
213 1498.3249389648438 854.0903991699219 1656.1648071289062 989.0848937988281 0.8003859747023809 1327.6247253417969 792.5040832519531 1400.3141174316406 962.8048767089844 0.8197312127976191 
214 1490.5690612792969 856.4388610839844 1652.5541076660156 991.4263732910156 0.76513671875 1329.7021850585938 791.6608001708985 1404.4645629882812 961.9527862548828 0.8111281622023809 
215 1488.2033569335938 859.5518249511719 1646.1067016601562 992.5230041503906 0.7775297619047619 1327.2635620117187 792.6666595458985 1397.9044067382813 965.1136749267578 0.8026413690476191 
216 1483.1706787109374 864.6103668212891 1643.4001220703126 995.7073211669922 0.7720889136904762 1327.903253173828 794.6600128173828 1404.8966735839845 963.2132171630859 0.8065941220238095 
217 1476.9001586914062 867.1406280517579 1641.0292846679688 1000.1060150146484 0.7855282738095238 1329.471533203125 794.58505859375 1400.109521484375 960.7917724609375 0.8190336681547619 
218 1480.7270263671876 867.3123809814454 1640.9050537109374 998.3671234130859 0.7788783482142857 1328.9499755859374 796.2643646240234 1403.8383544921876 960.6028839111328 0.8120582217261905 
219 1480.0060302734375 869.8796356201171 1641.1704833984375 999.6485015869141 0.7911783854166666 1329.6287231445312 796.7840454101563 1398.6991577148438 960.0416381835937 0.8061058407738095 
220 1482.7249389648437 869.9159881591797 1642.0101684570313 999.859097290039 0.8002697172619048 1330.533544921875 800.9138641357422 1397.6009765625 956.0073394775391 0.8146856398809523 
221 1483.2784545898437 871.5289245605469 1640.2728149414063 1001.3110412597656 0.7978283110119048 1328.699151611328 800.7606842041016 1401.9633239746095 957.7551239013671 0.8136625744047619 
222 1481.3925537109376 869.4468627929688 1642.5132080078124 1003.3652709960937 0.7997581845238095 1327.354052734375 800.3146728515625 1400.590771484375 961.4353271484375 0.8177780877976191 
223 1484.6459106445313 870.9840545654297 1641.6231323242187 1000.7519683837891 0.7884579613095238 1329.1980346679688 799.7405334472656 1396.1750122070312 960.9038757324219 0.8236607142857143 
224 1483.295098876953 869.4789611816407 1642.9286560058595 1001.8068054199218 0.7999674479166666 1331.0129943847655 801.6993347167969 1396.126776123047 961.3328918457031 0.8220098586309523 
225 1483.8198791503905 869.2907409667969 1643.485174560547 1001.6449279785156 0.8003394717261905 1331.5074829101563 801.4976043701172 1396.6341186523437 961.1629791259766 0.82861328125 
226 1484.172216796875 870.468374633789 1642.76650390625 1001.9347625732422 0.7956426711309523 1329.4302673339844 801.5248168945312 1396.2068176269531 960.1191040039063 0.8261951264880952 
227 1485.1590759277344 868.5097259521484 1643.859844970703 1002.1525665283203 0.8071754092261905 1329.18896484375 801.1261352539062 1391.833984375 961.9151245117188 0.82763671875 
228 1485.1556396484375 869.202279663086 1644.6563720703125 1003.5186065673828 0.8138718377976191 1324.6056823730469 801.963427734375 1406.4547424316406 959.3653076171875 0.8058268229166666 
229 1488.3800842285157 869.7984161376953 1645.2098815917968 1003.6264495849609 0.8045247395833334 1323.9904724121093 802.3214263916016 1413.9061340332032 963.3332977294922 0.7991071428571429 
230 1487.208184814453 869.9712554931641 1646.9813903808595 1004.5172088623046 0.8094308035714286 1321.4514953613282 803.5068420410156 1418.1562927246093 967.4847351074219 0.7850864955357143 
231 1486.8889099121093 870.3782775878906 1648.5076965332032 1004.7107116699219 0.8091052827380952 1324.866522216797 808.8630340576171 1421.4180236816405 972.5807525634766 0.8068963913690477 
232 1485.5186584472656 869.748828125 1646.761981201172 1003.7691162109375 0.80126953125 1333.1350708007812 813.4506225585938 1418.9918823242188 974.6937866210938 0.8173363095238095 
233 1484.083807373047 869.347866821289 1645.4004455566405 1003.4291717529297 0.7971772693452381 1334.6122192382813 821.0818634033203 1422.6031127929687 982.3984222412109 0.8250790550595238 
234 1485.0682067871094 869.1886627197266 1644.2475891113281 1001.1400115966796 0.7884812127976191 1341.5974914550782 824.5604888916016 1431.6594665527343 994.2121551513671 0.8272414434523809 
235 1485.9039123535156 869.7421234130859 1642.668963623047 1001.4248077392579 0.7705310639880952 1345.4584045410156 828.6615783691407 1437.4272155761719 995.8777282714843 0.8308686755952381 
236 1487.5227111816407 869.3069305419922 1641.9505554199218 1000.7791900634766 0.7748790922619048 1347.0609313964844 829.6565063476562 1438.882794189453 998.6923706054688 0.8305896577380952 
237 1487.0734802246093 871.42734375 1641.8653625488282 999.026025390625 0.7618582589285714 1347.6482238769531 831.4421691894531 1441.7784118652344 998.7846374511719 0.8280552455357143 
238 1487.1087524414063 870.4177185058594 1642.2921264648437 1000.4362854003906 0.7596028645833334 1347.0887451171875 832.1864685058594 1443.5540771484375 999.9523254394531 0.8266369047619048 
239 1488.620263671875 871.6678344726563 1641.51181640625 1001.5208862304687 0.7598586309523809 1346.9257934570312 833.2435516357422 1443.2682983398438 1002.8902984619141 0.8360770089285714 
240 1488.9126770019532 870.6907958984375 1639.5662048339843 1002.5125732421875 0.7585332961309523 1348.7212707519532 834.395541381836 1444.9722106933593 1001.7882354736328 0.8359142485119048 
241 1487.3106567382813 871.0610046386719 1640.0184448242187 1004.9418029785156 0.7527901785714286 1347.1541931152344 833.1657012939453 1445.472882080078 1002.608529663086 0.8305199032738095 
242 1490.3367736816406 870.6620574951172 1641.208026123047 1006.8652252197265 0.7734840029761905 1349.9426391601562 835.0396270751953 1446.3327514648438 1000.5789642333984 0.8373790922619048 
243 1491.8401428222655 872.2348876953125 1640.381170654297 1006.1310791015625 0.7512788318452381 1347.7245971679688 834.3351318359375 1448.1467407226562 1003.79755859375 0.8286830357142857 
244 1494.8773803710938 873.2326568603515 1639.4595336914062 1003.1470428466797 0.7341192336309523 1347.3133422851563 837.1274261474609 1443.7015502929687 1000.5680694580078 0.8438197544642857 
245 1497.7565124511718 875.8720703125 1640.2155334472657 1003.666259765625 0.7487909226190477 1346.2728454589844 836.3090576171875 1446.832257080078 999.7180419921875 0.8397274925595238 
246 1495.799542236328 875.5900238037109 1644.3856384277344 1005.3414337158204 0.7632533482142857 1348.9036071777343 836.3105163574219 1445.1707336425782 999.5460510253906 0.8380068824404762 
247 1493.5166015625 875.8880645751954 1644.31787109375 1005.7446868896484 0.7788318452380952 1346.2599060058594 834.4821807861329 1446.793927001953 1002.0391204833984 0.8441452752976191 
248 1492.1070190429687 874.5045501708985 1645.0223754882813 1006.4725616455078 0.7735537574404762 1347.1678283691406 835.1880737304688 1443.525408935547 1000.6717895507812 0.8366117931547619 
249 1493.6232177734375 875.897006225586 1646.4881103515625 1005.7274444580078 0.7803664434523809 1348.7317932128906 834.4994476318359 1445.057635498047 1002.0225860595704 0.8420991443452381 
250 1495.471630859375 875.3840270996094 1644.6091796875 1005.6168273925781 0.7527204241071429 1346.4148803710937 833.8581848144531 1443.0392211914063 1001.9004821777344 0.8424014136904762 
251 1493.3726989746094 874.734765625 1646.040020751953 1006.488623046875 0.7828543526785714 1348.9099487304688 835.4820556640625 1443.0199829101562 1000.697265625 0.8336821056547619 
252 1493.643243408203 874.4409454345703 1646.1452087402345 1008.141390991211 0.7659505208333334 1347.7296875 833.3827056884766 1441.737841796875 1002.5973358154297 0.8347749255952381 
253 1493.3543090820312 874.9887481689453 1647.5372924804688 1006.2526458740234 0.7664155505952381 1348.0664306640624 833.7984466552734 1441.8263916015626 1002.5663604736328 0.8330543154761905 
254 1495.7380004882812 875.5188446044922 1646.5300659179688 1005.3676910400391 0.7596028645833334 1344.3819152832032 835.9680999755859 1438.6269958496093 1001.4206329345703 0.8389601934523809 
255 1494.2557189941406 876.8337615966797 1647.272479248047 1004.6970611572266 0.7752046130952381 1343.0126647949219 835.1532836914063 1437.3380432128906 1002.8428100585937 0.8343796502976191 
256 1496.4117919921875 876.1377258300781 1647.3343017578125 1004.0025329589844 0.7570684523809523 1341.4582763671874 834.4566955566406 1437.8810791015626 1002.1482849121094 0.8352632068452381 
257 1495.9997802734374 875.743994140625 1646.9838623046876 1005.757958984375 0.7736002604166666 1340.983172607422 834.2879150390625 1437.4451721191406 1002.047900390625 0.8351934523809523 
258 1495.755926513672 876.2338348388672 1648.8333068847655 1006.2448638916015 0.7684151785714286 1344.4528015136718 834.7787109375 1438.8156311035157 1002.5348876953125 0.8367513020833334 
259 1497.4908142089844 876.9940063476563 1648.2912902832031 1004.7555053710937 0.7702985491071429 1341.051513671875 835.5883239746094 1437.396240234375 1001.0499816894531 0.8375186011904762 
260 1494.8030517578125 876.1623687744141 1647.5714599609375 1008.0035858154297 0.77734375 1343.8054809570312 837.1252075195313 1437.9777221679688 1000.3570922851562 0.8255440848214286 
261 1500.9449096679687 876.0847229003906 1647.5253051757813 1003.8190856933594 0.7620210193452381 1341.075634765625 838.3926391601562 1435.30595703125 999.6310424804688 0.8334030877976191 
262 1498.899676513672 877.0446044921875 1649.3516662597656 1004.5109375 0.7646949404761905 1341.6966186523437 835.7346160888671 1433.6395629882813 1000.8139068603516 0.8422386532738095 
263 1498.2795349121093 875.7415130615234 1648.9517883300782 1007.5797149658204 0.7674851190476191 1344.307196044922 834.6124145507813 1434.2920471191405 1002.0261352539062 0.8470517113095238 
264 1502.6822265625 875.847705078125 1648.790673828125 1005.2580078125 0.7399088541666666 1339.8755432128905 832.7376525878906 1435.889715576172 1001.8060485839844 0.8560732886904762 
265 1501.79794921875 876.7896301269532 1649.874169921875 1008.1811950683593 0.7878301711309523 1341.449041748047 832.1101043701171 1433.2144104003905 1003.1276275634766 0.8590262276785714 
266 1502.611865234375 875.7535614013672 1653.493115234375 1007.7745758056641 0.7901088169642857 1340.3662902832032 834.8093170166015 1430.4758728027343 1000.3594451904297 0.8528645833333334 
267 0.0 0.0 0.0 0.0 0.19895426432291666 0.0 0.0 0.0 0.0 0.19895426432291666 
268 1517.218731689453 872.8468597412109 1660.1300231933594 1005.2500030517579 0.7595331101190477 1337.8520812988281 837.8465118408203 1424.0191345214844 993.3676605224609 0.8297758556547619 
269 1519.7521911621093 873.8897705078125 1664.4100402832032 1005.9686279296875 0.7822033110119048 1338.5671020507812 841.3134857177735 1418.2336791992188 990.1643585205078 0.8101283482142857 
270 1530.6417846679688 876.718960571289 1663.4141235351562 1005.2762176513672 0.7628115699404762 1334.0771850585938 841.3778564453125 1414.1620727539062 995.225048828125 0.8093843005952381 
271 1535.0853210449218 879.779183959961 1663.8010314941407 1006.3846954345703 0.7559988839285714 1331.2992126464844 841.6351684570312 1411.482647705078 989.3416381835938 0.8059198288690477 
272 1542.0118469238282 879.6006652832032 1664.7521911621093 1008.6896179199218 0.7993861607142857 1328.7627258300781 841.3460754394531 1409.1788024902344 991.5971618652344 0.8092447916666666 
273 1549.4120361328125 876.1375579833984 1663.6958740234375 1011.5850372314453 0.7698567708333334 1328.6586547851562 839.9964874267578 1409.0806030273438 992.3749114990235 0.8249627976190477 
274 1548.2897399902345 877.2969573974609 1662.221124267578 1016.5463653564453 0.7612769717261905 1327.7305480957032 841.7543365478516 1412.1240661621093 993.6627166748046 0.8190569196428571 
275 1541.61845703125 882.8974151611328 1657.622509765625 1017.8838958740234 0.8141741071428571 1327.13271484375 841.7687194824218 1417.8267578125 995.7376281738282 0.8078962053571429 
276 1538.629833984375 883.9190856933594 1655.0896484375 1015.2011535644531 0.7931315104166666 1327.943341064453 842.3844421386718 1421.1112243652344 994.8410217285157 0.8060128348214286 
277 1531.6445434570312 882.3388641357421 1649.8261596679688 1021.6244537353516 0.7697870163690477 1328.64140625 843.2966705322266 1419.388134765625 997.3550018310547 0.8134533110119048 
278 1517.5589111328125 883.100717163086 1648.9357177734375 1025.072317504883 0.7691127232142857 1327.5027282714843 842.5140930175781 1424.9759094238282 997.1996520996094 0.8187313988095238 
279 1502.3515991210938 887.3189727783204 1647.9189086914062 1022.3378265380859 0.7766694568452381 1326.4375366210938 840.8250885009766 1421.3727661132812 999.0503387451172 0.8114769345238095 
280 1491.4209228515624 892.7344268798828 1645.7851318359376 1021.7236419677735 0.7835751488095238 1328.1917602539063 838.4060913085938 1417.0040405273437 1001.2285522460937 0.8158947172619048 
281 1484.4708740234375 891.156283569336 1647.3047607421875 1028.6134307861328 0.8158017113095238 1328.2252502441406 836.4173950195312 1421.2731628417969 997.1365600585938 0.8180803571428571 
282 1488.5594299316406 893.0038208007812 1648.917254638672 1028.0419555664062 0.8065941220238095 1329.4189880371093 834.4115661621094 1420.1477844238282 998.9893127441406 0.8179408482142857 
283 1495.2025756835938 896.1273742675781 1651.1152954101562 1026.756903076172 0.7994559151785714 1327.4586853027345 837.8626647949219 1420.163507080078 995.8823303222656 0.8228701636904762 
284 1500.3980529785156 892.7356323242187 1656.093524169922 1025.2870727539062 0.7931780133928571 1328.5180908203124 834.3093383789062 1416.8857177734376 996.3167602539063 0.8120582217261905 
285 1507.5979370117188 891.7129028320312 1658.5067993164062 1025.8541137695313 0.8003394717261905 1329.1996948242188 835.6057922363282 1419.3259399414062 994.8984802246093 0.8124302455357143 
286 1519.7227783203125 889.5497436523438 1662.5101318359375 1021.8380737304688 0.8313569568452381 1328.9626403808593 834.7122833251954 1417.1549133300782 994.2981536865234 0.8256603422619048 
287 1525.6973876953125 887.0940460205078 1666.4915771484375 1017.3813568115235 0.8267996651785714 1327.3567993164063 837.0643768310547 1421.9200561523437 994.6699371337891 0.83154296875 
288 1533.7949951171875 879.9991973876953 1674.4774658203125 1014.3823333740235 0.8277762276785714 1329.3937561035157 837.1968414306641 1421.7821472167968 992.5773895263671 0.83056640625 
289 1539.9377807617188 873.6571502685547 1676.5295043945312 1010.2487945556641 0.8186151413690477 1330.2817810058593 835.670132446289 1420.6424133300782 993.2758514404297 0.8286597842261905 
290 1545.0798034667969 867.57578125 1682.4422912597656 1002.8249755859375 0.8222888764880952 1331.7210754394532 837.7461639404297 1416.2517028808593 992.014761352539 0.8338681175595238 
291 1552.0425354003905 859.4835784912109 1688.945135498047 1002.7047149658204 0.8154529389880952 1331.9454528808594 834.8573333740235 1424.617901611328 994.9280059814453 0.8296828497023809 
292 1562.3088317871093 848.1988922119141 1696.0899719238282 992.5976776123047 0.7855980282738095 1331.0911376953125 835.2945098876953 1416.0316650390625 992.4343109130859 0.8074311755952381 
293 1566.4396118164063 840.4206512451171 1702.2378784179687 986.9965240478516 0.7645786830357143 1328.4195678710937 837.7677124023437 1414.6407348632813 992.9656860351563 0.8129417782738095 
294 1567.4230590820312 839.2359191894532 1701.7080444335938 977.9971130371093 0.7966192336309523 1330.4445068359375 837.1699951171875 1399.8250244140625 993.8358642578125 0.7880161830357143 
295 1563.0824645996095 834.0970794677735 1704.784844970703 973.5140655517578 0.7888764880952381 1330.1347534179688 836.2947448730469 1403.2714965820312 987.1393371582031 0.8080124627976191 
296 1557.3045654296875 830.389535522461 1701.5677490234375 965.4929718017578 0.8171968005952381 1334.48076171875 825.9858764648437 1410.0470703125 983.9882446289063 0.7961774553571429 
297 1556.5021423339845 817.4287933349609 1697.455499267578 963.9097686767578 0.7876674107142857 1340.6074462890624 822.5311889648438 1417.9936279296876 980.0673217773438 0.7656017485119048 
298 1552.6808166503906 819.3329071044922 1691.7238464355469 951.4237457275391 0.8411225818452381 1347.3249450683593 810.508984375 1412.2117980957032 972.72587890625 0.8309849330357143 
299 1543.9173583984375 816.231494140625 1682.9849853515625 948.3458984375 0.8064778645833334 1354.5711853027344 802.5921752929687 1419.469464111328 960.2022583007813 0.8350306919642857 
