0 1932.4097412109375 1216.1385131835937 2115.5072509765623 1318.6058715820313 0.8470284598214286 1838.2767395019532 1145.8457153320312 1918.9067321777343 1275.1896850585938 0.8951357886904762 
1 1933.8082092285156 1216.7041259765624 2115.2243835449217 1317.4909423828126 0.8436337425595238 1838.1898803710938 1144.7319458007812 1918.8193969726562 1275.7548706054688 0.9013206845238095 
2 1939.2518249511718 1216.7502380371093 2114.4895080566407 1318.5550598144532 0.8429129464285714 1838.53818359375 1143.9591674804688 1918.646875 1275.8047485351562 0.8902064732142857 
3 1937.6707397460937 1214.9369567871095 2113.6249145507813 1318.140802001953 0.8359142485119048 1837.7856384277343 1143.7484069824218 1920.6871398925782 1277.4057678222657 0.9019484747023809 
4 1936.9258361816405 1217.077783203125 2114.992987060547 1317.134619140625 0.8328450520833334 1838.3039672851562 1142.5244567871093 1921.4020874023438 1278.1946594238282 0.9032970610119048 
5 1936.415087890625 1217.0411804199218 2114.318310546875 1317.0058166503907 0.8431222098214286 1837.884100341797 1142.5564453125 1920.9055725097655 1278.1017578125 0.9019717261904762 
6 1934.227069091797 1218.5634338378907 2113.944927978516 1316.8995788574218 0.8444475446428571 1835.8256896972657 1141.2248046875 1918.9027038574218 1276.860888671875 0.9078776041666666 
7 1935.5787841796875 1218.4503356933594 2113.9485595703127 1316.978497314453 0.8324497767857143 1834.175732421875 1139.4579650878907 1917.415087890625 1277.0575378417968 0.9075288318452381 
8 1938.9389099121095 1219.3497924804688 2114.810723876953 1318.3843383789062 0.8330543154761905 1833.9936584472657 1140.3453308105468 1917.6610046386718 1275.2373107910157 0.9036225818452381 
9 1937.08701171875 1219.033673095703 2113.10244140625 1318.1493103027344 0.8349609375 1833.3706909179687 1139.964825439453 1917.1061157226563 1274.9669372558594 0.9033203125 
10 1935.9690246582031 1218.9911376953125 2112.8536071777344 1318.5960205078125 0.8323335193452381 1833.2596557617187 1140.8527465820312 1915.6912719726563 1276.5215209960938 0.9040643601190477 
11 1939.3405212402345 1219.5626403808594 2111.651300048828 1317.779766845703 0.8251720610119048 1833.2368713378905 1140.7637084960938 1914.222967529297 1278.6122680664062 0.9080868675595238 
12 1939.5253540039062 1219.5593017578126 2112.061315917969 1317.9048095703124 0.8296130952380952 1833.2831481933595 1140.856427001953 1914.374932861328 1277.1598083496094 0.9052269345238095 
13 1938.3012329101562 1217.3046447753907 2112.360632324219 1318.2591979980468 0.8227074032738095 1832.2588195800781 1142.7269287109375 1915.8074645996094 1275.0120849609375 0.8963216145833334 
14 1937.1184387207031 1216.7252319335937 2116.0088806152344 1318.4473754882813 0.8243582589285714 1831.8211853027344 1143.536688232422 1917.758770751953 1271.5662170410155 0.8936941964285714 
15 1945.8088745117188 1216.332257080078 2113.665979003906 1317.7457458496094 0.8096168154761905 1831.5505920410155 1143.1638061523438 1917.227606201172 1272.5534790039062 0.9003441220238095 
16 1941.600927734375 1218.8095825195312 2113.217431640625 1318.6274291992188 0.8189639136904762 1831.8146362304688 1143.9799072265625 1915.8718872070312 1273.5679443359375 0.89111328125 
17 1942.0735595703125 1219.3609497070313 2113.0978271484373 1318.8341186523437 0.8240559895833334 1832.8678649902345 1141.5005432128905 1914.889581298828 1275.876776123047 0.8892066592261905 
18 1939.5801635742187 1220.0834167480468 2114.3663696289063 1319.7116271972657 0.8258696056547619 1834.8428833007813 1141.1607604980468 1915.2445190429687 1272.2504943847657 0.88427734375 
19 1937.3384521484375 1219.7725769042968 2115.5863525390623 1321.8757385253907 0.8367978050595238 1833.8376037597657 1138.7689331054687 1916.9044616699218 1273.7527954101563 0.8858351934523809 
20 1936.2979858398437 1218.9463500976562 2117.156359863281 1322.2941284179688 0.8449358258928571 1835.2027893066406 1138.5206787109375 1916.1584167480469 1272.8726318359375 0.8824637276785714 
21 1936.4272888183593 1218.755224609375 2116.877032470703 1323.588037109375 0.8321475074404762 1830.999737548828 1138.9078002929687 1916.9281188964844 1271.2377075195313 0.8869977678571429 
22 1935.850567626953 1220.0936279296875 2115.981341552734 1324.7410888671875 0.8198939732142857 1830.8073791503907 1142.3008544921875 1914.8682800292968 1269.2501708984375 0.8732096354166666 
23 1936.0303527832032 1219.5886291503907 2115.1213806152346 1323.6319519042968 0.8164760044642857 1828.575830078125 1143.5570434570313 1915.562841796875 1269.7735229492187 0.8830450148809523 
24 1935.009588623047 1220.32080078125 2116.8513732910155 1323.987548828125 0.8190104166666666 1828.3361572265626 1143.4530456542968 1915.0083251953124 1267.5133850097657 0.8784412202380952 
25 1934.3210571289062 1221.3911071777343 2116.5410034179686 1323.5704406738282 0.8141043526785714 1827.2293395996094 1142.85712890625 1915.7846984863281 1267.175341796875 0.8795572916666666 
26 1936.3467651367187 1221.487744140625 2116.9728149414063 1323.72880859375 0.806640625 1826.1754577636718 1141.398779296875 1916.4884826660157 1267.496240234375 0.8792782738095238 
27 1935.0115966796875 1221.095458984375 2117.4273681640625 1323.384765625 0.8185453869047619 1824.984881591797 1141.165545654297 1915.3404357910156 1265.6175354003906 0.8766973586309523 
28 1938.1229736328125 1221.9479370117188 2117.2100341796877 1324.2832641601562 0.8107561383928571 1823.7171142578125 1138.9643310546876 1914.1134521484375 1266.8835693359374 0.8755812872023809 
29 1937.5426696777345 1222.0414123535156 2116.550225830078 1324.3315124511719 0.8136160714285714 1823.384259033203 1137.5865356445313 1912.0357849121094 1267.1539428710937 0.8870675223214286 
30 1941.1397033691405 1221.6570617675782 2115.055487060547 1323.9604919433593 0.8148251488095238 1824.146795654297 1136.9945556640625 1909.3994689941405 1268.2837646484375 0.8947870163690477 
31 1934.9307800292968 1222.5546264648438 2116.8208068847657 1322.8491821289062 0.8227771577380952 1824.6983032226562 1135.3364379882812 1907.9938354492188 1266.2292358398438 0.8825567336309523 
32 1937.6508056640625 1222.7300903320313 2115.7412841796877 1322.7999389648437 0.8110816592261905 1823.3598510742188 1134.5980651855468 1906.4687622070312 1263.5016662597657 0.8870210193452381 
33 1941.09248046875 1221.7013610839845 2115.573046875 1323.340509033203 0.8085239955357143 1824.1423461914062 1133.483740234375 1905.4536010742188 1265.6146484375 0.8995535714285714 
34 1934.763897705078 1221.3983032226563 2116.786273193359 1322.5218627929687 0.8305199032738095 1821.9724060058593 1134.9247314453125 1902.8712219238282 1266.3853271484375 0.8924153645833334 
35 1938.6171020507813 1221.9176513671875 2114.4563842773437 1323.3633544921875 0.8062453497023809 1820.5887573242187 1132.5673095703125 1903.4361450195313 1264.4468505859375 0.9007393973214286 
36 1939.3044189453126 1220.974951171875 2115.0056396484374 1324.030419921875 0.8140113467261905 1820.4591552734375 1134.6837463378906 1899.8626220703125 1264.7702331542969 0.8951590401785714 
37 1935.3160522460937 1221.5327392578124 2115.641223144531 1322.6496337890626 0.8134300595238095 1818.4481079101563 1133.7683715820312 1899.3416870117187 1265.2203979492188 0.8999953497023809 
38 1936.6261901855469 1220.938330078125 2114.2899475097656 1324.152490234375 0.8112444196428571 1818.8994689941405 1131.7160217285157 1900.117254638672 1263.6947448730468 0.8893926711309523 
39 1937.8390991210938 1220.0888366699219 2113.4555786132814 1323.0946350097656 0.8206147693452381 1817.7521423339845 1133.8392944335938 1897.117364501953 1263.8630981445312 0.8967168898809523 
40 1937.587225341797 1221.0186279296875 2113.8748107910155 1324.4181396484375 0.8191499255952381 1817.0413696289063 1131.636053466797 1896.7098510742187 1263.8518615722655 0.8948567708333334 
41 1941.5593017578126 1218.4723388671875 2114.6770263671874 1322.3428466796875 0.8259858630952381 1816.3153015136718 1129.849383544922 1897.6806701660157 1263.1500061035156 0.9085286458333334 
42 1940.5758422851563 1218.460009765625 2113.9141479492187 1323.149365234375 0.8131277901785714 1816.8100219726562 1130.6025939941405 1895.7561401367188 1264.467840576172 0.9056454613095238 
43 1936.7218139648437 1220.7362060546875 2113.720812988281 1322.8509521484375 0.8405877976190477 1814.5768920898438 1132.1057434082031 1892.8647583007812 1264.8550720214844 0.9075288318452381 
44 1938.8033752441406 1217.994140625 2114.656463623047 1322.14013671875 0.8411225818452381 1816.0741149902344 1130.592950439453 1894.610333251953 1263.7631286621095 0.9096214657738095 
45 1936.461444091797 1215.7530334472656 2116.261822509766 1321.920916748047 0.8435407366071429 1814.882061767578 1132.4388244628906 1895.3641540527344 1264.292498779297 0.9036690848214286 
46 1937.264892578125 1215.6558044433593 2115.818115234375 1318.6673156738282 0.8476795014880952 1815.3679138183593 1133.0485046386718 1894.3433898925782 1265.2465393066407 0.9072963169642857 
47 1937.288885498047 1213.332342529297 2108.7839904785155 1314.5144592285155 0.8348679315476191 1816.0549011230469 1133.6529602050782 1894.9427795410156 1262.2744079589843 0.9084821428571429 
48 1932.9129943847656 1210.9016967773437 2106.290496826172 1310.4650024414063 0.8408435639880952 1815.9194702148438 1133.984356689453 1893.1669555664062 1259.2967712402344 0.9056687127976191 
49 1932.880029296875 1205.157861328125 2104.417822265625 1304.649755859375 0.8343098958333334 1816.1682739257812 1132.65009765625 1889.9296264648438 1254.441943359375 0.8949265252976191 
50 1925.197900390625 1198.4757385253906 2102.315283203125 1299.9311218261719 0.8365187872023809 1816.9303039550782 1132.9991577148437 1889.1528259277343 1251.6505004882813 0.8835797991071429 
51 1922.4910827636718 1195.7610778808594 2095.7419494628907 1294.5139465332031 0.8173595610119048 1817.9409606933593 1134.3904357910155 1892.4388000488282 1245.270819091797 0.8630022321428571 
52 1918.1696228027345 1191.594744873047 2091.711846923828 1291.2527893066406 0.8045014880952381 1820.3619995117188 1133.3728454589843 1890.8098754882812 1245.0584289550782 0.8600725446428571 
53 1913.3408508300781 1192.3723205566407 2088.6131286621094 1290.3187194824218 0.8070359002976191 1822.5322509765624 1132.4282165527343 1891.2665771484376 1245.8397277832032 0.8610723586309523 
54 1903.2787536621095 1195.22607421875 2085.898126220703 1291.7041015625 0.8049200148809523 1821.9085083007812 1132.2766418457031 1894.2670288085938 1245.9830017089844 0.8537946428571429 
55 1898.224871826172 1197.2261962890625 2082.227398681641 1293.5264892578125 0.7926199776785714 1821.1714477539062 1130.7552612304687 1893.3966674804688 1252.8502075195313 0.8621419270833334 
56 1895.008154296875 1197.6294189453124 2078.723291015625 1298.9303955078126 0.7958519345238095 1823.555889892578 1129.9413146972656 1893.9515563964844 1256.9967956542969 0.8662341889880952 
57 1893.6974548339845 1198.6182434082032 2075.897882080078 1298.3127868652343 0.7915736607142857 1824.4136047363281 1130.6566040039063 1896.6062927246094 1257.8531616210937 0.8617466517857143 
58 1892.2573608398438 1199.565362548828 2074.199914550781 1300.8353942871095 0.7880394345238095 1822.8735900878905 1131.8980712890625 1896.680487060547 1258.9146728515625 0.8578636532738095 
59 1887.642559814453 1202.391534423828 2074.711322021484 1303.6488708496095 0.7977585565476191 1824.3401184082031 1131.8941162109375 1896.4217224121094 1260.6112548828125 0.8587472098214286 
60 1889.488720703125 1205.6172912597656 2076.588427734375 1305.970721435547 0.7997814360119048 1824.1346008300782 1133.1324157714844 1897.2737243652343 1260.7004699707031 0.8734188988095238 
61 1893.8387878417968 1208.7412536621093 2080.3791076660154 1308.7947570800782 0.7969215029761905 1823.266534423828 1133.146875 1897.8827575683595 1255.245947265625 0.8849516369047619 
62 1893.2039978027344 1212.4091918945312 2080.4470031738283 1307.7328979492188 0.8025948660714286 1823.6752868652343 1131.4234008789062 1898.5723937988282 1259.0890502929688 0.8794875372023809 
63 1903.284197998047 1212.750018310547 2079.974224853516 1309.5897033691406 0.7895740327380952 1823.368505859375 1132.1156127929687 1899.820947265625 1259.5362426757813 0.8834867931547619 
64 1901.2920043945312 1212.8631774902344 2078.1926147460936 1310.759747314453 0.7985258556547619 1821.6272277832031 1129.8296325683593 1898.9139099121094 1260.3582336425782 0.8897879464285714 
65 1907.1186584472657 1213.4697021484376 2077.882196044922 1310.0632568359374 0.8004557291666666 1816.628466796875 1130.0781005859376 1897.698193359375 1259.4446044921874 0.8743024553571429 
66 1902.5513061523438 1215.2288879394532 2076.610070800781 1309.0842224121093 0.7918991815476191 1817.7534423828124 1128.1996154785156 1896.2504638671876 1259.5968933105469 0.8887881324404762 
67 1899.8741271972656 1216.435772705078 2078.6369812011717 1310.0733825683594 0.7927362351190477 1815.6656188964844 1128.4947875976563 1895.6833801269531 1257.8850952148437 0.8855794270833334 
68 1898.8464782714843 1216.6312866210938 2077.169757080078 1310.0386352539062 0.7802036830357143 1815.2369812011718 1130.6049377441407 1891.6613342285157 1256.2804382324218 0.8855561755952381 
69 1896.884588623047 1216.042950439453 2077.0378967285155 1309.5186950683594 0.7964099702380952 1814.717352294922 1128.450213623047 1891.1975646972655 1255.9173400878906 0.8857421875 
70 1903.9991577148437 1212.6755859375 2076.313586425781 1309.922314453125 0.8161504836309523 1810.9521362304688 1125.8622924804688 1891.1379516601562 1258.9367797851562 0.8955775669642857 
71 1893.9702453613281 1216.2894958496095 2080.2366638183594 1309.422784423828 0.7642996651785714 1811.1922973632813 1126.2173156738281 1890.7788940429687 1254.9104919433594 0.8879045758928571 
72 1898.6298461914062 1213.666943359375 2081.417272949219 1311.15361328125 0.8005022321428571 1808.9099060058593 1127.2278137207031 1887.2474426269532 1254.3086853027344 0.8884858630952381 
73 1891.7828002929687 1214.7077880859374 2085.2692016601563 1310.5116943359376 0.8116861979166666 1806.3108703613282 1129.308056640625 1888.9651306152343 1251.4109375 0.8942289806547619 
74 1892.0192443847657 1212.7573974609375 2082.882000732422 1310.0599853515625 0.8273809523809523 1806.8795227050782 1129.3448791503906 1887.3413024902343 1250.9731140136719 0.9019717261904762 
75 1890.5728454589844 1216.8544067382813 2082.788604736328 1309.1934448242187 0.7913643973214286 1804.6120239257812 1129.9514221191407 1887.5286010742188 1246.7884460449218 0.8921130952380952 
76 1890.0558654785157 1215.4070251464843 2083.514813232422 1309.3191711425782 0.8004324776785714 1804.5957763671875 1129.0079162597656 1887.2384521484375 1245.459002685547 0.8905087425595238 
77 1893.0233459472656 1215.5188903808594 2083.983856201172 1309.1269836425781 0.7734840029761905 1803.0875 1130.8394897460937 1887.33486328125 1246.9136840820313 0.8865327380952381 
78 1889.1225891113281 1216.4192626953125 2082.2698669433594 1310.1798583984375 0.8023390997023809 1803.8003479003905 1130.1593383789063 1886.309881591797 1246.4226928710937 0.88525390625 
79 1891.7502502441407 1217.9931274414062 2081.461541748047 1310.0312866210938 0.7825753348214286 1802.7464111328125 1132.0233276367187 1887.2711669921875 1242.8448364257813 0.8825567336309523 
80 1888.2221435546876 1216.6668823242187 2082.8711181640624 1310.2481567382813 0.7992001488095238 1803.06318359375 1128.9164428710938 1887.28642578125 1246.8289184570312 0.8859514508928571 
81 1890.328662109375 1216.22900390625 2082.971142578125 1311.615234375 0.7958751860119048 1801.9202270507812 1127.5328857421875 1887.9547729492188 1243.4925048828125 0.8808826264880952 
82 1893.6599609375 1214.2863342285157 2082.54462890625 1311.5338562011718 0.7779482886904762 1802.16669921875 1129.1227966308593 1886.323291015625 1241.3314270019532 0.8791620163690477 
83 1890.1921630859374 1216.0986206054688 2082.0519775390626 1309.2876098632812 0.7906203497023809 1801.6415771484376 1126.4235778808593 1883.8672119140624 1241.5394348144532 0.8928803943452381 
84 1887.177734375 1214.5503295898438 2084.9833984375 1309.7902465820312 0.8153134300595238 1800.250341796875 1124.4529357910155 1884.50087890625 1243.502752685547 0.8934616815476191 
85 1898.6467041015626 1215.7007446289062 2082.4729248046874 1312.0756225585938 0.8157087053571429 1799.1828979492188 1128.318096923828 1881.2799926757812 1244.3248474121094 0.8757672991071429 
86 1892.0250732421875 1214.8755187988281 2080.6907470703127 1312.8365173339844 0.8269624255952381 1797.692333984375 1123.0546325683595 1884.76884765625 1242.784600830078 0.8903924851190477 
87 1898.6306579589843 1217.036798095703 2080.534014892578 1313.1366638183595 0.8233119419642857 1797.712664794922 1124.5011413574218 1881.7999084472656 1244.6259338378907 0.8822079613095238 
88 1900.9518981933593 1218.6811889648438 2080.471075439453 1312.7150512695312 0.7967122395833334 1797.7776916503906 1123.8581970214843 1879.843524169922 1241.8279602050782 0.88134765625 
89 1900.6531921386718 1217.7010070800782 2079.9089416503907 1311.5969665527343 0.8014090401785714 1795.923114013672 1123.0172119140625 1881.2830627441406 1240.8138427734375 0.8838588169642857 
90 1900.3505065917968 1218.1873107910155 2080.2892639160154 1313.249334716797 0.7935732886904762 1796.4090270996094 1122.5377258300782 1881.2859191894531 1243.0627380371093 0.88720703125 
91 1901.1257446289062 1218.9784851074219 2081.4604370117186 1314.2496643066406 0.7901553199404762 1795.6470153808593 1122.2023376464845 1880.7105285644532 1239.590020751953 0.8833705357142857 
92 1903.4024719238282 1217.9149841308595 2082.0021911621093 1313.168389892578 0.7968982514880952 1796.6350341796874 1120.960760498047 1879.9816650390626 1240.0273986816405 0.8878348214285714 
93 1898.2248962402343 1219.1456176757813 2081.423175048828 1314.1373413085937 0.7906668526785714 1794.751727294922 1121.3485168457032 1879.5657775878906 1238.3918395996093 0.8896949404761905 
94 1900.29892578125 1219.5103454589844 2081.45595703125 1314.3213195800781 0.7943870907738095 1796.110772705078 1121.8990905761718 1875.6845153808595 1238.7199279785157 0.8855096726190477 
95 1900.875067138672 1217.9265380859374 2081.6885314941405 1314.2477783203126 0.7913643973214286 1795.5846069335937 1120.6954040527344 1875.0074340820313 1237.2947082519531 0.8867420014880952 
96 1902.5547424316405 1217.9273315429687 2082.500799560547 1312.1046508789063 0.8069661458333334 1796.6699157714843 1119.4810729980468 1874.0299133300782 1237.2026428222657 0.8962983630952381 
97 1899.6291625976562 1219.071600341797 2080.6430541992186 1312.1160217285155 0.7902250744047619 1797.0198974609375 1121.7326232910157 1874.8389892578125 1235.0778015136718 0.88232421875 
98 1903.2188049316405 1217.3733642578125 2083.799627685547 1311.8829833984375 0.7895740327380952 1798.4535339355468 1118.3851501464844 1874.3986389160157 1238.209698486328 0.8929966517857143 
99 1899.9635009765625 1217.9562683105469 2083.6043701171875 1312.3038635253906 0.7887602306547619 1798.1640380859376 1118.9432006835937 1875.6638427734374 1240.2472290039063 0.8957635788690477 
100 1903.7034057617188 1218.6695739746094 2083.183068847656 1311.795880126953 0.7829938616071429 1797.8131896972657 1117.2727355957031 1879.0868347167968 1242.5699157714844 0.8981352306547619 
101 1905.1886779785157 1218.1172790527344 2080.740887451172 1310.1543273925781 0.7883882068452381 1798.0087951660157 1119.06591796875 1879.8194519042968 1240.07763671875 0.8914388020833334 
102 1903.8996520996093 1215.5938903808594 2080.505255126953 1309.897686767578 0.7916434151785714 1796.999951171875 1118.586199951172 1882.73076171875 1242.0384338378906 0.9020647321428571 
103 1904.5329833984374 1215.1269836425781 2080.9870361328126 1311.0630798339844 0.7991303943452381 1797.9226623535155 1119.9155822753905 1881.866766357422 1241.548895263672 0.9013439360119048 
104 1903.3429931640626 1217.5793823242188 2082.4465576171874 1309.6899047851562 0.7912946428571429 1796.2744201660157 1118.4491943359376 1879.8560729980468 1239.5573974609374 0.8867652529761905 
105 1903.460693359375 1218.4039794921875 2080.414306640625 1310.2837646484375 0.7938755580357143 1796.6601623535157 1118.0167419433594 1878.3311706542968 1240.523175048828 0.8919968377976191 
106 1905.3466918945312 1216.309326171875 2082.8122436523436 1308.521728515625 0.8058965773809523 1794.1965637207031 1119.8140930175782 1879.4495544433594 1236.3845153808593 0.8960193452380952 
107 1904.095770263672 1217.0521057128906 2082.8335510253905 1310.845233154297 0.7898065476190477 1795.3282897949218 1115.7718078613282 1878.5033752441407 1237.8799255371093 0.8943917410714286 
108 1903.419989013672 1220.2411743164062 2083.0591369628905 1310.0608276367188 0.77978515625 1793.1334716796875 1115.9514099121093 1877.8689697265625 1239.6651672363282 0.9010881696428571 
109 1905.0315368652343 1215.8338562011718 2084.776690673828 1311.9353088378907 0.7985026041666666 1794.4876098632812 1115.5571594238281 1876.3517456054688 1238.3533630371094 0.8994373139880952 
110 1904.801953125 1216.7496826171875 2083.90361328125 1310.7337158203125 0.7984095982142857 1789.9476257324218 1117.24111328125 1876.8386291503907 1234.2779296875 0.8964611235119048 
111 1903.6337341308595 1216.9474731445312 2083.447442626953 1310.3122924804688 0.7916899181547619 1792.4471862792968 1116.8661315917968 1875.4381896972657 1236.1657287597657 0.8956473214285714 
112 1907.2463623046874 1217.4678039550781 2082.3674072265626 1310.9790954589844 0.7818312872023809 1791.1746765136718 1117.352032470703 1872.7844299316407 1239.7667419433594 0.8971121651785714 
113 1905.4357421875 1218.548046875 2080.71611328125 1310.442431640625 0.7844819568452381 1789.0622924804688 1118.5374450683594 1872.4479614257812 1237.6599426269531 0.8990885416666666 
114 1905.0421020507813 1217.952880859375 2081.975720214844 1311.523681640625 0.7777157738095238 1788.8966979980469 1116.8572204589843 1872.2596740722656 1235.9473449707032 0.8951125372023809 
115 1905.4575805664062 1216.1929870605468 2082.3429565429688 1312.5166076660157 0.8046875 1787.9830749511718 1116.9728088378906 1873.7987854003907 1232.5612487792969 0.8989955357142857 
116 1895.8512268066406 1217.5791748046875 2083.860076904297 1312.5331298828125 0.7986653645833334 1788.1148559570313 1115.3940002441407 1871.6744506835937 1235.0360534667968 0.8823939732142857 
117 1894.4605773925782 1213.641796875 2086.2761169433593 1311.42998046875 0.7980375744047619 1788.4268676757813 1114.1175354003906 1871.1707885742187 1234.472430419922 0.8801618303571429 
118 1889.3119506835938 1214.4517761230468 2087.5984497070312 1311.7243713378907 0.8034319196428571 1787.578662109375 1113.366015625 1869.886181640625 1238.69794921875 0.8849283854166666 
119 1901.7244873046875 1215.6294189453124 2084.4259033203125 1312.3537353515626 0.7768089657738095 1784.745947265625 1113.7382934570312 1870.723046875 1233.7480346679688 0.90234375 
120 1905.0438842773438 1216.902032470703 2081.8880004882812 1312.2592224121095 0.7999441964285714 1784.7472534179688 1114.2765014648437 1871.4356079101562 1232.1724731445313 0.8949265252976191 
121 1903.75634765625 1216.4339599609375 2085.064453125 1311.5758056640625 0.7865048363095238 1783.5516357421875 1112.9376586914063 1869.7178955078125 1231.4163452148437 0.8976469494047619 
122 1895.1863342285155 1214.900701904297 2085.447332763672 1311.8965393066405 0.8011532738095238 1785.9225952148438 1113.0982421875 1866.1306274414062 1234.342919921875 0.8786504836309523 
123 1905.7994812011718 1216.2665771484376 2082.4755432128904 1313.6186767578124 0.8166155133928571 1783.069384765625 1112.3273803710938 1869.604443359375 1233.1159790039062 0.9055059523809523 
124 1897.4099548339843 1214.2906066894532 2085.337237548828 1312.9060485839843 0.8240327380952381 1785.3404907226563 1114.6017150878906 1865.3492065429687 1233.6845397949219 0.8816964285714286 
125 1900.1462097167969 1217.4015808105469 2084.3544006347656 1314.2533264160156 0.8189406622023809 1784.8883239746094 1113.9763549804688 1866.547589111328 1233.6166625976562 0.8787202380952381 
126 1897.3377685546875 1215.3041259765625 2085.0665283203125 1313.9092529296875 0.8148716517857143 1783.9273254394532 1113.927685546875 1867.3623474121093 1231.495166015625 0.8804873511904762 
127 1899.9271911621095 1217.9642456054687 2082.997247314453 1313.3133422851563 0.8116164434523809 1783.9680114746093 1112.2001586914062 1865.9681457519532 1234.2468627929688 0.8865094866071429 
128 1897.2494812011719 1218.1390625 2081.3941955566406 1314.047705078125 0.8218470982142857 1783.560791015625 1111.754083251953 1866.042236328125 1234.5172790527345 0.8844168526785714 
129 1897.4076232910156 1217.9647399902344 2083.004364013672 1313.633282470703 0.8093377976190477 1782.7525817871094 1115.2316162109375 1865.027569580078 1233.8604248046875 0.8829287574404762 
130 1894.6404357910155 1218.8239990234374 2082.571844482422 1314.7072509765626 0.8045014880952381 1781.2029968261718 1114.384814453125 1865.5803283691407 1233.280224609375 0.884765625 
131 1896.01484375 1219.6713256835938 2082.04814453125 1313.6467895507812 0.8149181547619048 1782.5657287597655 1113.5247436523437 1865.034002685547 1232.4325317382813 0.8790922619047619 
132 1899.7620788574218 1217.3025695800782 2083.1565002441407 1314.7309997558593 0.8211495535714286 1781.907452392578 1113.7021911621093 1865.9632751464844 1230.2342102050782 0.8729073660714286 
133 1900.9065063476562 1217.1804443359374 2084.4213745117186 1314.6728271484376 0.8251488095238095 1783.1952575683595 1114.9826904296874 1865.394708251953 1231.5910400390626 0.8692801339285714 
134 1897.120343017578 1217.223126220703 2086.182269287109 1314.6185485839844 0.8287527901785714 1781.6559814453126 1117.0364868164063 1863.7737060546874 1229.7096069335937 0.8650948660714286 
135 1900.8464599609374 1217.8033447265625 2082.7594970703126 1315.4620361328125 0.8148251488095238 1781.2404907226562 1113.7373107910157 1863.5800659179688 1232.4595886230468 0.8733491443452381 
136 1897.6604553222655 1218.9243591308593 2083.636785888672 1314.7884094238282 0.8071986607142857 1781.2961791992188 1116.6447509765626 1863.7392211914062 1229.7644287109374 0.8706984747023809 
137 1901.3943786621094 1217.7864013671874 2083.180938720703 1315.3771728515626 0.8178013392857143 1782.0922790527343 1115.70625 1862.4610656738282 1230.51884765625 0.86767578125 
138 1892.0455505371094 1216.5777587890625 2085.3315246582033 1313.2208251953125 0.8100120907738095 1781.0444763183593 1113.5938781738282 1862.5279113769532 1231.0815368652343 0.8748372395833334 
139 1898.4873291015624 1219.8253845214845 2084.6025146484376 1315.761163330078 0.8087565104166666 1780.5603149414062 1117.912127685547 1863.0649291992188 1227.2789123535156 0.8733258928571429 
140 1896.6689514160157 1218.8567199707031 2082.901727294922 1314.8531188964844 0.8095703125 1779.9225952148438 1116.8791381835938 1864.3994262695312 1226.3149536132812 0.8664202008928571 
141 1899.9039245605468 1218.8523803710937 2082.5493225097657 1314.9816040039063 0.8207310267857143 1779.8162353515625 1116.0681030273438 1862.4874755859375 1231.4231079101562 0.8689081101190477 
142 1894.995654296875 1217.832501220703 2084.451611328125 1315.4310485839844 0.8201497395833334 1779.2905212402343 1117.6577880859375 1861.5794738769532 1228.6522705078125 0.8663736979166666 
143 1899.29794921875 1217.7527893066406 2083.1146484375 1315.405291748047 0.8151506696428571 1780.1410705566407 1117.522528076172 1860.5609558105468 1228.5784240722655 0.8659086681547619 
144 1892.8294189453125 1219.6199584960937 2083.3346435546873 1315.8348754882813 0.8055013020833334 1779.4439880371094 1115.4860534667969 1862.188702392578 1229.0194396972656 0.8743722098214286 
145 1893.1702087402343 1221.0715209960938 2084.245928955078 1315.6442993164062 0.7968284970238095 1777.960693359375 1118.1104431152344 1860.953125 1230.0537414550781 0.8725353422619048 
146 1894.4291442871095 1220.1127136230468 2083.326348876953 1314.5612365722657 0.8061058407738095 1779.3708435058593 1117.2867004394532 1860.3267883300782 1229.0830505371093 0.8729771205357143 
147 1895.479180908203 1220.173565673828 2082.7345642089845 1314.7664978027344 0.8018043154761905 1778.5374877929687 1116.9678344726562 1859.6170532226563 1230.8654174804688 0.8690941220238095 
148 1895.3384704589844 1221.4802307128907 2082.685577392578 1316.1195007324218 0.8040829613095238 1778.339288330078 1116.7381225585937 1859.4586853027345 1230.6915649414063 0.8709774925595238 
149 1895.1903503417968 1222.2775817871093 2082.3019592285154 1314.8687805175782 0.7947591145833334 1778.3383666992188 1117.2220153808594 1859.3557250976562 1232.9612121582031 0.8722098214285714 
150 1894.1393798828126 1221.3270141601563 2082.8279052734374 1315.6712768554687 0.8065476190476191 1777.505078125 1118.6148071289062 1860.296923828125 1230.2875366210938 0.8694428943452381 
151 1893.1321105957031 1220.7504943847657 2083.8164978027344 1315.1295104980468 0.8075009300595238 1776.6769592285157 1119.4818725585938 1859.4994323730468 1231.1958618164062 0.8671642485119048 
152 1891.3930908203124 1220.2309814453124 2082.2118896484376 1314.6764892578126 0.8141973586309523 1778.0436218261718 1119.113262939453 1858.9970275878907 1228.9786560058594 0.8662341889880952 
153 1892.308416748047 1219.9893432617187 2081.3801818847655 1314.5253051757813 0.8173363095238095 1777.1436950683594 1118.7751098632812 1858.174542236328 1228.7453979492188 0.8641648065476191 
154 1894.8011962890625 1221.624609375 2082.1846435546877 1316.28212890625 0.8128022693452381 1776.293408203125 1120.2800170898438 1857.428515625 1230.3918579101562 0.8639322916666666 
155 1896.274395751953 1222.0997497558594 2081.991107177734 1313.023419189453 0.8011532738095238 1775.8859985351562 1120.6102600097656 1857.1369506835938 1227.0104675292969 0.8638857886904762 
156 1893.3268005371094 1221.2098388671875 2082.8740051269533 1315.9835205078125 0.8212425595238095 1774.896795654297 1123.1629211425782 1856.1314025878905 1229.5415466308593 0.8626302083333334 
157 1893.9074157714845 1220.1270446777344 2084.416925048828 1316.3440246582031 0.8089657738095238 1774.5984497070312 1122.5778869628907 1857.3449096679688 1230.3409362792968 0.8525623139880952 
158 1896.7266357421875 1218.8725036621095 2084.6356689453123 1316.661798095703 0.8200334821428571 1773.1993225097656 1121.8942016601563 1855.649188232422 1229.2708374023437 0.8531203497023809 
159 1894.7641296386719 1221.381170654297 2084.9835510253906 1315.5300842285155 0.8058500744047619 1774.3805908203126 1117.4034301757813 1855.0796142578124 1228.8451049804687 0.8644903273809523 
160 1891.0121826171876 1220.81923828125 2082.1001220703124 1315.398046875 0.8188011532738095 1772.602960205078 1121.4891784667968 1857.5309509277345 1227.6491271972657 0.8571428571428571 
161 1889.509783935547 1221.4312683105468 2080.355084228516 1313.9621643066407 0.8208705357142857 1772.9563781738282 1120.5220764160156 1855.8486755371093 1226.547137451172 0.8634905133928571 
162 1893.4261596679687 1221.0775817871095 2082.212756347656 1315.470880126953 0.8139183407738095 1773.7675720214843 1120.4606079101563 1856.6024230957032 1226.4121948242187 0.8562825520833334 
163 1892.24931640625 1220.4921508789062 2082.94306640625 1314.8757690429688 0.8054547991071429 1774.5291259765625 1121.3671264648438 1855.4293701171875 1227.3079223632812 0.8607235863095238 
164 1891.7193786621094 1221.078955078125 2082.4980285644533 1315.50478515625 0.8187081473214286 1775.428759765625 1120.4272033691407 1856.365185546875 1226.4154479980468 0.8471214657738095 
165 1892.4466674804687 1220.9452758789062 2081.195178222656 1315.3193725585938 0.8163364955357143 1774.5160217285156 1123.5339477539062 1855.4081726074219 1227.5380737304688 0.8380068824404762 
166 1897.357275390625 1219.8457092285157 2083.605126953125 1315.8497253417968 0.8159412202380952 1773.4380249023438 1122.7338073730468 1856.0016723632812 1228.3383361816407 0.8462379092261905 
167 1891.0101318359375 1218.6827758789063 2084.2740478515625 1316.2713256835937 0.8203357514880952 1772.593896484375 1123.81728515625 1856.787939453125 1227.146337890625 0.85107421875 
168 1893.5003295898437 1218.6115417480469 2082.7147583007813 1315.9742736816406 0.7952008928571429 1772.5387329101563 1116.7973205566407 1858.8792358398437 1227.0194519042968 0.8600725446428571 
169 1891.5406921386718 1218.6812866210937 2085.3300354003904 1315.5760375976563 0.8176850818452381 1772.9433532714843 1119.6674743652343 1854.6388000488282 1226.0616516113282 0.8716052827380952 
170 1891.046697998047 1221.2781921386718 2082.0291076660155 1313.8757385253907 0.8224283854166666 1772.7027221679687 1120.2963500976562 1857.5838989257813 1226.3977416992188 0.8503534226190477 
171 1883.292578125 1222.9562133789063 2082.50869140625 1313.8606811523437 0.8288690476190477 1771.4844848632813 1118.7358093261719 1856.5865600585937 1223.1793518066406 0.8429827008928571 
172 1891.0823303222655 1221.1085815429688 2082.320867919922 1313.8303833007812 0.8081287202380952 1771.093768310547 1120.4371215820313 1856.0887268066406 1222.8175170898437 0.8576078869047619 
173 1892.7912719726562 1221.5461730957031 2081.8095581054686 1312.1978454589844 0.8100120907738095 1771.2796264648437 1120.8057434082032 1856.1449340820313 1223.0298278808593 0.8543759300595238 
174 1893.1770874023437 1219.7807189941407 2081.9471801757813 1316.0919616699218 0.8106398809523809 1770.3434020996094 1121.098858642578 1855.097149658203 1225.1148864746094 0.8519577752976191 
175 1894.3333740234375 1220.7067260742188 2083.4078369140625 1315.2439575195312 0.8104073660714286 1769.8172241210937 1121.8654418945312 1854.7079223632813 1224.1201538085938 0.8488188244047619 
176 1893.2007873535156 1220.9293212890625 2082.1325866699217 1315.3951416015625 0.8064778645833334 1770.2617736816405 1120.457342529297 1855.088201904297 1224.5625549316405 0.8423316592261905 
177 1893.521173095703 1221.1678649902344 2082.1730407714845 1315.493878173828 0.8106398809523809 1772.6892578125 1119.586181640625 1853.539990234375 1221.612060546875 0.8527483258928571 
178 1887.0210083007812 1220.2130310058594 2083.4787475585936 1314.589825439453 0.8245675223214286 1771.235302734375 1117.3171997070312 1854.055712890625 1217.4721069335938 0.8469354538690477 
179 1884.563427734375 1220.5398193359374 2083.209521484375 1313.1127685546876 0.8394484747023809 1768.6246337890625 1117.5078369140624 1853.4832763671875 1215.8666748046876 0.84521484375 
180 1891.9825744628906 1221.305975341797 2084.155487060547 1315.4707580566405 0.8243117559523809 1770.3222534179688 1115.0935119628907 1851.0349243164062 1207.3365417480468 0.8426804315476191 
181 1892.2403991699218 1221.3573486328125 2084.6078674316404 1315.6175048828125 0.8260788690476191 1769.1992126464843 1115.4812561035155 1848.0699523925782 1203.970281982422 0.8558640252976191 
182 1893.6634704589844 1220.2442626953125 2085.4260070800783 1316.1256103515625 0.8065243675595238 1767.6166198730468 1115.143817138672 1850.0744201660157 1201.4368713378906 0.8534691220238095 
183 1895.4926147460938 1219.8349304199219 2084.2512817382812 1314.2142639160156 0.8222191220238095 1768.4435424804688 1114.269384765625 1851.2661743164062 1199.018212890625 0.8500046502976191 
184 1890.671435546875 1219.9839111328124 2082.120556640625 1312.8075927734376 0.8140113467261905 1767.57578125 1111.0201049804687 1852.664208984375 1194.1747192382813 0.8408203125 
185 1896.274188232422 1216.6429138183594 2084.859722900391 1313.7929992675781 0.8331705729166666 1772.089208984375 1108.722900390625 1855.904931640625 1188.728759765625 0.8361700148809523 
186 1900.200421142578 1218.0542846679687 2084.704730224609 1312.2284301757813 0.8189871651785714 1765.9615905761718 1104.5131896972657 1858.2138244628907 1183.3118835449218 0.83056640625 
187 1904.7292907714843 1215.3364624023438 2086.448565673828 1308.1293579101562 0.8444707961309523 1765.614306640625 1101.129864501953 1864.20673828125 1178.4571716308594 0.8271251860119048 
188 1911.794287109375 1211.2627563476562 2088.057275390625 1308.1105346679688 0.8486328125 1765.3306640625 1100.260400390625 1867.989404296875 1177.738623046875 0.8314732142857143 
189 1916.352032470703 1209.221435546875 2092.077532958984 1303.8427734375 0.8651878720238095 1770.7805541992188 1096.403564453125 1869.2641235351562 1177.507568359375 0.8244280133928571 
190 1924.4896118164063 1204.6015625 2100.877331542969 1303.171142578125 0.8035714285714286 1777.3001953125 1099.6468505859375 1868.952734375 1174.0064697265625 0.8481677827380952 
191 1929.1252075195312 1202.6292907714844 2104.441442871094 1301.570050048828 0.8215215773809523 1778.3105773925781 1102.0862243652343 1872.0440368652344 1169.7825500488282 0.8446800595238095 
192 1928.2205505371094 1202.2789672851563 2107.696563720703 1296.3731323242187 0.8091517857142857 1781.4496215820313 1099.2043518066407 1873.8013549804687 1168.9036804199218 0.8354957217261905 
193 1933.3119018554687 1199.3605895996093 2112.411975097656 1297.6900695800782 0.8337053571428571 1780.9552368164063 1099.54541015625 1875.7730346679687 1173.29248046875 0.8321242559523809 
194 1936.6961608886718 1200.5820617675781 2115.1774963378907 1298.4034118652344 0.8388206845238095 1782.9014526367187 1099.8563537597656 1875.5743774414063 1166.7868347167969 0.8421921502976191 
195 1939.1812622070313 1198.5192810058593 2115.334118652344 1297.7120422363282 0.8406575520833334 1783.090838623047 1103.602117919922 1875.4427307128906 1170.3005920410155 0.8468656994047619 
196 1938.7674377441406 1198.9471435546875 2115.7529479980467 1295.9488525390625 0.8320079985119048 1782.1377197265624 1105.6107788085938 1875.7358154296876 1171.9802856445312 0.8453078497023809 
197 1936.0593688964843 1197.3564575195312 2115.804522705078 1296.6442749023438 0.8138485863095238 1784.1646057128905 1105.1793212890625 1876.605047607422 1170.2301025390625 0.8440057663690477 
198 1935.9016174316407 1195.6127380371095 2109.991326904297 1292.329278564453 0.8307524181547619 1781.3581176757812 1105.727099609375 1876.3161987304688 1172.54951171875 0.8380766369047619 
199 1931.2889892578125 1194.0229431152343 2110.7442138671877 1294.8597473144532 0.8013392857142857 1782.0715270996093 1108.7652954101563 1876.0719055175782 1173.7110229492187 0.8512369791666666 
200 1929.4554931640625 1191.1978271484375 2108.5615966796877 1291.0839111328125 0.8123604910714286 1783.0705505371093 1107.5398986816406 1876.0679992675782 1174.704608154297 0.8540736607142857 
201 1926.5587280273437 1191.6257873535155 2104.979602050781 1290.182196044922 0.8087797619047619 1780.4235595703126 1107.7745300292968 1877.2805419921874 1174.0451721191407 0.8505161830357143 
202 1923.5596435546875 1188.7078430175782 2101.8519775390623 1284.7112243652343 0.8110584077380952 1782.9172485351562 1109.1884460449219 1877.2062866210938 1174.3336486816406 0.8506324404761905 
203 1923.5404663085938 1189.1327514648438 2093.6433715820312 1282.6892700195312 0.8170805431547619 1781.7008850097657 1108.5301818847656 1876.9584167480468 1174.8703308105469 0.8534458705357143 
204 1916.4817504882812 1188.476171875 2092.7640991210938 1280.007470703125 0.7988513764880952 1782.2490661621093 1106.4631958007812 1878.8653137207032 1174.2640991210938 0.8485863095238095 
205 1910.7767761230468 1184.4813903808595 2086.9450256347654 1279.341241455078 0.8230096726190477 1784.6446166992187 1106.6259521484376 1879.5043090820313 1176.0769287109374 0.8527948288690477 
206 1905.2435607910156 1184.2645446777344 2081.725067138672 1275.899151611328 0.8116164434523809 1784.1082885742187 1109.273095703125 1879.1368286132813 1172.05966796875 0.8492373511904762 
207 1899.0491149902343 1181.9031494140625 2073.481280517578 1273.3531982421875 0.8305896577380952 1784.4762145996094 1109.6681640625 1879.313214111328 1172.32841796875 0.8474469866071429 
208 1894.2437561035156 1179.1708984375 2066.7922546386717 1270.52001953125 0.8212658110119048 1783.5057373046875 1109.2275390625 1878.2381591796875 1175.201904296875 0.8443545386904762 
209 1886.584912109375 1177.6015747070312 2061.008349609375 1269.0468627929688 0.8208705357142857 1785.239678955078 1109.9945861816407 1878.3783630371095 1177.7318542480468 0.84716796875 
210 1877.7620971679687 1177.9205810546875 2050.825549316406 1264.4524658203125 0.8079892113095238 1785.1612976074218 1111.0966430664062 1878.4799377441407 1177.2681030273438 0.8467494419642857 
211 1866.291015625 1176.5296630859375 2043.365234375 1265.0667724609375 0.7973400297619048 1782.5343139648437 1111.1744812011718 1879.5845825195313 1175.8747131347657 0.8433779761904762 
212 1859.9280090332031 1176.0100891113282 2036.9109802246094 1262.7998474121093 0.7804129464285714 1782.9560302734376 1111.9977172851563 1878.2546630859374 1174.9629760742187 0.8359375 
213 1854.4984008789063 1173.5476379394531 2029.2484252929687 1265.1641540527344 0.7773670014880952 1784.2852294921875 1111.6216735839844 1877.5983154296875 1174.3960266113281 0.8323800223214286 
214 1848.8056091308595 1172.3849304199218 2024.896417236328 1262.1234924316407 0.7935267857142857 1782.4460021972657 1111.3001220703125 1878.9571960449218 1177.3341552734375 0.8304036458333334 
215 1847.1084899902344 1173.3744262695313 2020.6462707519531 1261.8445678710937 0.7995954241071429 1782.8497985839845 1111.7985107421875 1878.125421142578 1178.1511962890625 0.8317057291666666 
216 1839.369891357422 1174.9735107421875 2017.1041076660156 1263.8406982421875 0.7781808035714286 1781.7903564453125 1112.0040710449218 1877.4933349609375 1176.9455139160157 0.8251255580357143 
217 1838.1905212402344 1176.3961242675782 2014.2292785644531 1263.5610290527343 0.7856910342261905 1781.723944091797 1113.2246948242187 1877.4343811035155 1178.1710571289063 0.8275669642857143 
218 1835.50712890625 1177.8509582519532 2015.23212890625 1265.1459899902343 0.7957821800595238 1781.9845458984375 1112.3467834472656 1877.8379638671875 1173.966815185547 0.8207775297619048 
219 1837.6268737792968 1180.0141296386719 2013.8649475097657 1267.2777404785156 0.7966657366071429 1780.8990417480468 1113.020086669922 1878.4287170410157 1176.3289123535155 0.8290318080357143 
220 1837.0353576660157 1180.6588073730468 2015.2472351074218 1268.0512756347657 0.80224609375 1780.4214782714844 1112.2475830078124 1878.0952453613281 1175.6498779296876 0.8217075892857143 
221 1836.8656188964844 1182.3867736816405 2015.212384033203 1268.130438232422 0.8008045014880952 1780.208966064453 1112.6047119140626 1877.9566833496094 1174.3401123046874 0.8210565476190477 
222 1836.9025268554688 1182.5143188476563 2016.5713500976562 1268.0708862304687 0.8108026413690477 1779.0530822753906 1113.8058166503906 1878.298846435547 1178.8288269042969 0.8314499627976191 
223 1836.8299987792968 1182.3641967773438 2014.7057678222657 1267.8814086914062 0.7982235863095238 1780.3228454589844 1113.8846618652344 1877.8125305175781 1177.167462158203 0.8263113839285714 
224 1834.4403381347656 1182.6442321777345 2015.5238952636719 1269.769464111328 0.7954799107142857 1781.219091796875 1113.1282348632812 1876.885888671875 1176.3366088867188 0.8236374627976191 
225 1834.63994140625 1182.9980773925781 2015.3361328125 1268.2320251464844 0.7898763020833334 1780.024658203125 1111.926025390625 1877.19140625 1176.703857421875 0.8346121651785714 
226 1837.531103515625 1180.7266540527344 2016.917138671875 1267.8569641113281 0.7984793526785714 1778.6557006835938 1112.3233642578125 1876.0366821289062 1177.2440185546875 0.8225446428571429 
227 1838.6127807617188 1180.783837890625 2016.4826782226562 1266.298193359375 0.8019438244047619 1777.9634216308593 1110.9908569335937 1877.1599914550782 1174.2715942382813 0.8189639136904762 
228 1839.334521484375 1181.1346435546875 2019.161083984375 1265.9583740234375 0.7916201636904762 1779.9579528808595 1111.7095458984375 1874.960626220703 1176.1757080078125 0.8286830357142857 
229 1844.4511596679688 1181.3120727539062 2020.3342407226562 1267.5624389648438 0.7875279017857143 1776.868798828125 1112.4939392089843 1873.2662109375 1175.0677062988282 0.8358909970238095 
230 1843.1557983398438 1180.1616455078124 2018.2904907226562 1266.8788818359376 0.791015625 1774.8152770996094 1112.082763671875 1873.4348449707031 1176.695556640625 0.8265206473214286 
231 1843.0949340820312 1181.0218627929687 2019.5981811523438 1267.5762817382813 0.7769019717261905 1775.470233154297 1111.7652099609375 1870.5103576660156 1176.2567626953125 0.8262648809523809 
232 1838.4126525878905 1181.3337158203126 2018.917303466797 1271.5859619140624 0.7847609747023809 1778.091650390625 1112.7603149414062 1868.343896484375 1184.2809448242188 0.8181966145833334 
233 1840.9864318847656 1179.433349609375 2017.740252685547 1269.509765625 0.7964332217261905 1781.1750122070312 1113.7389343261718 1864.4534057617188 1195.3175842285157 0.8384021577380952 
234 1834.8403259277343 1183.8361022949218 2017.6729797363282 1267.1064025878907 0.7605561755952381 1783.875537109375 1109.965069580078 1865.33564453125 1205.9068786621094 0.8273344494047619 
235 1836.5503295898438 1180.9378662109375 2018.1596313476562 1269.1480712890625 0.7675316220238095 1783.3315734863281 1109.9572814941407 1861.1641540527344 1213.7340026855468 0.8314732142857143 
236 1830.195623779297 1184.4735534667968 2015.1128479003905 1267.8676330566407 0.7572777157738095 1785.7792358398438 1109.2375793457031 1860.1087036132812 1216.1995544433594 0.8294503348214286 
237 1834.9874938964845 1181.0975341796875 2018.041680908203 1270.8978271484375 0.7791341145833334 1783.5780883789062 1111.1570129394531 1859.5630249023438 1219.9534606933594 0.8252650669642857 
238 1830.1223937988282 1182.6789916992188 2016.8655212402343 1269.0036254882812 0.7725771949404762 1786.4179809570312 1108.9574462890625 1858.6489135742188 1223.4697998046875 0.8362630208333334 
239 1838.9184692382812 1181.2082397460938 2014.7590209960938 1268.2749145507812 0.7845052083333334 1782.2528869628907 1113.5772766113282 1857.3693054199218 1217.7158142089843 0.8319382440476191 
240 1831.4865844726562 1182.978826904297 2016.0995971679688 1271.8020568847655 0.7859468005952381 1785.4002258300782 1110.5001281738282 1858.5488708496093 1223.7062927246093 0.8166155133928571 
241 1828.249774169922 1185.365478515625 2017.8065002441406 1270.214599609375 0.7559291294642857 1787.6304870605468 1111.0009460449219 1859.8425354003907 1226.5401916503906 0.8319614955357143 
242 1831.5204040527344 1186.2718505859375 2015.202374267578 1270.7655029296875 0.7699265252976191 1784.6815307617187 1117.9563049316407 1859.9910766601563 1218.9813171386718 0.8116164434523809 
243 1833.681982421875 1185.8578857421876 2014.49306640625 1268.8833251953124 0.7719029017857143 1783.1569213867188 1116.5988891601562 1860.6475219726562 1221.7646362304688 0.8099888392857143 
244 1830.4429870605468 1187.2614501953126 2016.4113830566407 1270.1186767578124 0.7707868303571429 1783.4906188964844 1114.8853515625 1860.823956298828 1223.52041015625 0.8287760416666666 
245 1830.10498046875 1185.9308044433594 2015.9072265625 1274.232891845703 0.7754603794642857 1785.034197998047 1116.3081420898438 1858.6192443847656 1219.3271118164062 0.8240559895833334 
246 1830.8090087890625 1187.7686950683594 2016.9451416015625 1270.700665283203 0.7752743675595238 1782.183984375 1115.53994140625 1861.430029296875 1222.430029296875 0.8140345982142857 
247 1835.0260192871094 1189.5335876464844 2016.870343017578 1266.679669189453 0.7739490327380952 1785.3613891601562 1115.7078857421875 1858.8339233398438 1220.4061279296875 0.8237537202380952 
248 1832.5348571777345 1187.2852294921875 2017.978936767578 1273.5809814453125 0.7980375744047619 1786.3504333496094 1115.5369201660155 1857.9575500488281 1223.865545654297 0.8280552455357143 
249 1831.8410522460938 1188.0590942382812 2017.1250122070312 1274.2802612304688 0.7933175223214286 1785.6964233398437 1114.749853515625 1857.2418090820313 1224.819482421875 0.8279157366071429 
250 1832.982733154297 1188.3500244140625 2017.9316955566405 1274.4153564453125 0.7846214657738095 1787.1328552246093 1115.1733276367188 1856.7176086425782 1225.0439575195312 0.8229399181547619 
251 1834.0242614746094 1186.9005798339845 2018.8291320800781 1276.558526611328 0.8000372023809523 1786.5914306640625 1114.2032165527344 1857.9517822265625 1223.9883117675781 0.8379603794642857 
252 1831.39697265625 1186.8391174316407 2020.052490234375 1273.2327819824218 0.7717168898809523 1784.9452087402344 1113.4654541015625 1858.996807861328 1224.5430908203125 0.8062918526785714 
253 1831.0537414550781 1186.620379638672 2020.7828063964844 1275.1605041503906 0.7659272693452381 1786.227783203125 1112.8136413574218 1858.50537109375 1226.6510803222657 0.8274507068452381 
254 1830.1279235839843 1186.9621887207031 2018.4068664550782 1273.1831970214844 0.7611142113095238 1785.122412109375 1112.381573486328 1859.02626953125 1223.2372009277344 0.8078962053571429 
255 1831.6184143066407 1186.177197265625 2020.1903015136718 1275.12626953125 0.7778785342261905 1784.749090576172 1115.4969055175782 1857.6873107910155 1224.0146911621093 0.8205450148809523 
256 1831.7945129394532 1187.205810546875 2021.0068786621093 1273.8544921875 0.7773670014880952 1783.8452697753905 1113.8197875976562 1858.115545654297 1223.4568237304688 0.8251488095238095 
257 1827.16953125 1185.6225830078124 2022.586572265625 1277.0561279296876 0.7677873883928571 1784.9005126953125 1115.564764404297 1856.6131591796875 1228.5122619628905 0.8194289434523809 
258 1829.97333984375 1188.1348571777344 2019.68193359375 1275.1572570800781 0.7740187872023809 1779.9018920898438 1116.308038330078 1858.2221313476562 1222.4752868652345 0.8125465029761905 
259 1829.8045837402344 1187.2953002929687 2019.650128173828 1276.1221801757813 0.7819242931547619 1779.6971496582032 1115.4167358398438 1858.0737243652343 1223.4021118164062 0.8084077380952381 
260 1829.1766235351563 1186.00400390625 2022.0142944335937 1276.230859375 0.7862258184523809 1782.7703674316406 1114.149267578125 1858.844012451172 1225.605859375 0.8199869791666666 
261 1829.3510803222657 1186.2687683105469 2019.8621765136718 1276.3285217285156 0.7822498139880952 1777.9930541992187 1118.2575927734374 1859.3931762695313 1220.4408935546876 0.8069428943452381 
262 1835.5345397949218 1187.2765869140626 2019.1447814941407 1275.6816650390624 0.7807384672619048 1777.9927673339844 1115.807275390625 1859.5974426269531 1222.91318359375 0.8111514136904762 
263 1836.3895751953125 1186.4016235351562 2020.2278564453125 1276.6186401367188 0.8010602678571429 1777.2706481933594 1116.545703125 1860.678692626953 1222.082470703125 0.8279157366071429 
264 1834.7834777832031 1184.7841491699219 2024.2173767089844 1276.8941955566406 0.7909923735119048 1776.1619201660155 1116.5371826171875 1859.582342529297 1220.8126708984375 0.8191499255952381 
265 1834.6600769042968 1185.7840209960937 2024.9962951660157 1279.2218383789063 0.7968517485119048 1776.494384765625 1118.234600830078 1859.55029296875 1220.3241149902344 0.8134998139880952 
266 1845.574560546875 1184.934130859375 2025.804833984375 1277.6740234375 0.7896670386904762 1775.7167114257813 1116.624200439453 1861.4573608398437 1218.1132263183595 0.8316824776785714 
267 1853.7870361328125 1189.4317321777344 2026.1424072265625 1281.1101379394531 0.7914109002976191 1776.706591796875 1121.9423828125 1859.217236328125 1211.787109375 0.8397972470238095 
268 1861.4852600097656 1187.2428344726563 2029.6925964355469 1284.3521362304687 0.8235444568452381 1773.5131713867188 1121.0137145996093 1860.2180297851562 1202.5161926269532 0.8475632440476191 
269 1871.2330383300782 1190.1231201171875 2030.5231872558593 1285.3309814453125 0.8309849330357143 1774.0534423828126 1125.6887451171874 1860.1067138671874 1193.4328369140626 0.8387044270833334 
270 1869.2571960449218 1192.2322875976563 2034.7480529785157 1287.8492553710937 0.8462379092261905 1769.0430969238282 1126.1067016601562 1859.1437927246093 1194.1418334960938 0.8452380952380952 
271 1875.0616577148437 1191.1740966796874 2031.6212036132813 1289.4789794921876 0.8697219122023809 1767.5845458984375 1123.8870849609375 1860.4279052734375 1198.5260009765625 0.8467261904761905 
272 1880.5621276855468 1188.0987731933594 2028.8857482910157 1289.959454345703 0.8804640997023809 1764.4051208496094 1125.6213012695312 1859.1177062988281 1197.1025756835938 0.8307989211309523 
273 1884.8048278808594 1185.1561767578125 2026.201885986328 1291.2039306640625 0.8541434151785714 1760.7425231933594 1123.362860107422 1857.9529113769531 1199.3638244628905 0.8362397693452381 
274 1872.3981628417969 1187.067315673828 2027.2420959472656 1284.9572204589845 0.8178943452380952 1759.6537109375 1124.0207214355469 1859.32333984375 1198.7731018066406 0.8354724702380952 
275 1863.458477783203 1184.2463134765626 2024.2511169433594 1277.1487060546874 0.8128022693452381 1759.355535888672 1123.2962585449218 1857.6177307128905 1196.5461486816407 0.8374255952380952 
276 1876.8249755859374 1178.8719421386718 2016.6974853515626 1272.7104553222657 0.8300316220238095 1758.9478942871094 1122.1466125488282 1858.098126220703 1200.0502868652343 0.8485863095238095 
277 1871.0407958984374 1173.234112548828 2012.9350341796876 1267.8302185058594 0.8264276413690477 1761.7567138671875 1120.9502563476562 1858.1046142578125 1201.5321655273438 0.8474237351190477 
278 1864.8842895507812 1168.362078857422 2009.0119506835938 1265.6048400878906 0.8395182291666666 1760.7623474121094 1119.6070251464844 1858.005108642578 1199.4851379394531 0.84619140625 
279 1858.08525390625 1164.9557067871094 2005.789501953125 1267.479718017578 0.8596540178571429 1760.9748107910157 1119.2408813476563 1858.2858093261718 1200.9126831054687 0.8461449032738095 
280 1852.9139709472656 1164.9188415527344 2003.4906921386719 1269.972393798828 0.8753487723214286 1760.8574279785157 1119.4630310058594 1857.1566101074218 1198.253155517578 0.8406575520833334 
281 1851.1287414550782 1167.2193969726563 2002.3884704589843 1271.5364624023437 0.8730933779761905 1762.5929321289063 1119.2067565917969 1858.2168823242187 1199.1832580566406 0.8444940476190477 
282 1853.0265808105469 1166.8790954589845 2003.3160705566406 1276.017999267578 0.8725818452380952 1764.8760131835938 1121.0491577148437 1856.1232543945312 1197.9830688476563 0.8274042038690477 
283 1856.9964172363282 1170.7875366210938 2004.3840759277343 1274.3098754882812 0.8787202380952381 1760.087664794922 1121.1859497070313 1858.3460510253906 1198.3890014648437 0.8360072544642857 
284 1859.5773498535157 1171.9714477539062 2010.2784851074218 1277.1118041992188 0.8838123139880952 1760.502880859375 1119.5361755371093 1858.633837890625 1200.1436340332032 0.8448660714285714 
285 1862.8122253417969 1175.1777893066405 2014.0379943847656 1281.395819091797 0.8790457589285714 1764.2108459472656 1119.9222839355468 1857.8268737792969 1200.9359924316407 0.8412853422619048 
286 1870.9131164550781 1179.787774658203 2018.7000427246094 1282.5177673339845 0.8889741443452381 1763.261572265625 1121.4909545898438 1858.782373046875 1200.7912719726562 0.8474237351190477 
287 1880.4238342285157 1182.4415161132813 2026.3934265136718 1283.3587768554687 0.8909737723214286 1764.4661254882812 1122.7645202636718 1858.1749877929688 1200.2546447753907 0.8432849702380952 
288 1888.2508972167968 1183.5537109375 2031.5985900878907 1287.480712890625 0.8859514508928571 1765.854150390625 1123.8715515136719 1859.030126953125 1195.5453186035156 0.8443080357142857 
289 1893.461669921875 1182.200830078125 2039.692626953125 1290.046240234375 0.8877185639880952 1765.7907348632812 1122.7242797851563 1860.8408569335938 1197.6675659179687 0.8405180431547619 
290 1897.6548767089844 1185.1123657226562 2045.7544250488281 1292.4845581054688 0.8690011160714286 1765.7180786132812 1124.448504638672 1860.1315307617188 1202.2007873535156 0.8424014136904762 
291 1904.6511535644531 1187.5382873535157 2051.0987243652344 1291.3492858886718 0.8455171130952381 1766.6168212890625 1123.7260009765625 1861.1588134765625 1199.7302978515625 0.8366582961309523 
292 1912.247247314453 1188.1254821777343 2058.0873474121095 1292.8311828613282 0.8084309895833334 1765.4003051757813 1125.4171752929688 1862.6270385742187 1200.2068481445312 0.8312872023809523 
293 1919.0806396484375 1188.6165893554687 2061.7911865234373 1291.8939086914063 0.8107793898809523 1765.175762939453 1122.5335571289063 1864.6976501464844 1197.6444213867187 0.8237072172619048 
294 1918.6262084960938 1184.5997253417968 2066.3193481445314 1283.6623596191407 0.8392159598214286 1769.685968017578 1121.2136779785155 1863.3451599121095 1193.259100341797 0.8381463913690477 
295 1921.4914306640626 1180.8175842285157 2070.7356201171874 1281.4706237792968 0.8487258184523809 1771.312921142578 1119.0107360839843 1868.4950622558595 1188.4266418457032 0.8481677827380952 
296 1922.8003845214844 1177.1422546386718 2071.090362548828 1274.8788635253907 0.8231259300595238 1778.8530151367188 1115.8301025390624 1871.5341918945312 1183.2345947265626 0.8397972470238095 
297 1921.197998046875 1174.9060119628907 2072.684814453125 1269.1644226074218 0.8151739211309523 1785.5720336914062 1114.1817626953125 1878.1472045898438 1184.8756103515625 0.8390997023809523 
298 1913.7151245117188 1167.3866149902344 2070.743127441406 1261.941143798828 0.8241489955357143 1792.5345642089844 1110.7576904296875 1885.400616455078 1178.2967529296875 0.8293108258928571 
299 1895.494140625 1163.3942565917969 2071.248046875 1261.4107971191406 0.7918991815476191 1802.937255859375 1108.2110778808594 1890.814208984375 1177.498760986328 0.8047340029761905 
