0 2413.3248901367188 393.2698974609375 2659.0156860351562 638.960693359375 0.6429501488095238 2288.904736328125 0.0 2520.945849609375 294.57361526489257 0.6752232142857143 
1 2405.009875488281 388.9845336914062 2678.910290527344 644.6249633789063 0.6409621465773809 2310.5494018554687 0.0 2520.5397094726563 269.24086875915526 0.6700613839285714 
2 2394.9368286132812 396.48426818847656 2659.1596069335938 642.4849090576172 0.6553199404761905 2313.287072753906 0.0 2495.509558105469 263.3215217590332 0.6770833333333334 
3 2395.564807128906 399.8625961303711 2650.295300292969 645.495588684082 0.6443452380952381 2323.48447265625 0.0 2505.4349609375 251.85294914245605 0.6275111607142857 
4 2394.0677490234375 401.27137145996096 2662.9893798828125 647.4032501220703 0.6516694568452381 2333.0607177734373 0.0 2492.5906494140627 265.05737495422363 0.6482514880952381 
5 2401.051513671875 401.7755828857422 2652.431396484375 653.155386352539 0.640625 2316.4964233398437 0.0 2508.4593872070313 253.58451652526855 0.6217680431547619 
6 2397.1146240234375 398.2574035644531 2652.9410400390625 654.0836608886718 0.6310221354166666 2329.819775390625 0.0 2498.847705078125 278.42668571472166 0.6462751116071429 
7 2392.48125 396.31003723144534 2648.6955078125 652.5243743896484 0.6396833147321429 2301.6798828125 0.0 2521.29228515625 276.29757766723634 0.6767810639880952 
8 2388.4507690429687 400.97982635498045 2653.7926391601563 652.5972305297852 0.6202566964285714 2312.2616455078123 0.0 2536.4297607421877 269.36453399658205 0.6463448660714286 
9 2385.9385375976562 402.1738983154297 2664.7418823242188 648.9833892822265 0.65087890625 2312.4581909179688 0.0 2527.2739868164062 270.6827507019043 0.6606677827380952 
10 2390.426025390625 401.1813568115234 2668.739013671875 656.6817413330078 0.6361607142857143 2308.827282714844 0.0 2564.327746582031 285.71482162475587 0.6676199776785714 
11 2381.472375488281 403.3215393066406 2665.701696777344 655.4604431152344 0.6472981770833334 2315.704724121094 0.0 2558.674914550781 301.4080535888672 0.6728748139880952 
12 2399.15419921875 405.7716781616211 2650.55185546875 652.5983474731445 0.6424153645833334 2324.4382202148436 0.0 2552.9814575195314 281.3035346984863 0.6828497023809523 
13 2404.527734375 408.4817367553711 2655.69052734375 655.0779861450195 0.6258138020833334 2319.1672485351564 0.0 2579.4633666992186 253.39301223754882 0.6636672247023809 
14 2400.787219238281 402.48398742675784 2670.460095214844 653.8741058349609 0.6476469494047619 2326.0733276367187 0.0 2572.8927368164063 282.5902774810791 0.69873046875 
15 2398.241809082031 409.7760513305664 2658.875622558594 656.692301940918 0.6369280133928571 2318.398571777344 0.0 2569.887316894531 276.2935565948486 0.6663876488095238 
16 2406.063232421875 415.76661071777346 2652.777587890625 653.3434356689453 0.6357073102678571 2317.1475830078125 0.0 2572.9993896484375 278.35160102844236 0.6678059895833334 
17 2403.2161865234375 413.50865173339844 2650.2891845703125 656.0061798095703 0.6360909598214286 2318.922717285156 0.0 2533.967663574219 284.34088134765625 0.6534598214285714 
18 2404.5217895507812 412.8247299194336 2661.4130249023438 660.5410232543945 0.6348586309523809 2311.3636474609375 0.0 2549.9053955078125 268.6764366149902 0.6482049851190477 
19 2407.0628295898437 417.7158630371094 2655.3675903320313 656.8242980957032 0.6355910528273809 2327.47783203125 0.0 2529.80048828125 277.46955432891843 0.6661086309523809 
20 2388.3833984375 414.0004058837891 2677.97744140625 657.6273406982422 0.6559593563988095 2319.4321411132814 0.0 2563.0593139648436 299.08204612731936 0.6867559523809523 
21 2385.27783203125 410.0412994384766 2666.0537109375 658.5971893310547 0.6580636160714286 2328.8038818359373 0.0 2577.3596923828127 303.46677589416504 0.6901041666666666 
22 2386.0121948242186 408.97094268798827 2666.7776000976564 657.517430114746 0.6504836309523809 2339.099963378906 0.0 2596.851940917969 292.84094009399416 0.7038690476190477 
23 2389.4024047851562 404.7335906982422 2661.6486206054688 658.522329711914 0.6707705543154762 2350.8904052734374 0.0 2618.5221923828126 313.334126663208 0.7033575148809523 
24 2396.7322509765627 407.454296875 2650.8790771484373 661.601123046875 0.6496698288690477 2367.763049316406 0.0 2626.530651855469 304.7292510986328 0.6843377976190477 
25 2405.8128295898437 405.0741989135742 2650.4803833007813 658.9745376586914 0.6603887648809523 2371.722705078125 0.0 2634.855908203125 273.33010330200193 0.7212844122023809 
26 2409.5937255859376 407.69400177001955 2668.2968994140624 652.5379013061523 0.6528785342261905 2375.6567260742186 0.0 2620.5007446289064 282.4291275024414 0.6669224330357143 
27 2417.7869384765627 410.38329620361327 2654.2555419921873 651.4887435913085 0.6436476934523809 2379.623779296875 0.0 2606.819091796875 272.1756248474121 0.6870814732142857 
28 2402.3423095703124 403.2789733886719 2653.8447021484376 654.7812072753907 0.6654227120535714 2375.2933837890623 0.0 2612.8233154296877 290.42539367675784 0.7247256324404762 
29 2395.0488159179686 402.4284698486328 2669.5808227539064 653.6951263427734 0.6787341889880952 2374.288781738281 0.0 2611.596228027344 302.02917900085447 0.7057059151785714 
30 2397.606408691406 398.8078948974609 2681.511999511719 654.7884796142578 0.6655389694940477 2377.378552246094 0.0 2619.396594238281 302.5019138336182 0.7324916294642857 
31 2396.4615478515625 401.6376007080078 2675.5775146484375 657.493930053711 0.6720145089285714 2375.1700439453125 0.0 2621.7225341796875 304.8415771484375 0.7113327752976191 
32 2386.6051391601563 400.7211639404297 2681.0186401367187 657.7491119384765 0.6553199404761905 2381.7521240234373 0.0 2624.7600830078127 302.9427131652832 0.7153552827380952 
33 2381.5618286132812 396.77565612792966 2698.9589233398438 662.8290191650391 0.6640857514880952 2383.5366333007814 0.0 2621.5842163085936 316.169734954834 0.7220284598214286 
34 2389.5792724609373 401.98856964111326 2669.9051025390627 663.6261459350586 0.6701543898809523 2378.4380615234377 0.0 2630.7313720703123 325.977099609375 0.7284691220238095 
35 2380.0080810546874 402.7344009399414 2690.2199462890626 661.2443283081054 0.6652715773809523 2375.6693359375 0.0 2629.4791015625 324.0967658996582 0.7263067336309523 
36 2388.093127441406 401.22659454345705 2694.582409667969 660.5637802124023 0.6607142857142857 2377.5745239257812 0.0 2618.0507202148438 314.35766716003417 0.7181222098214286 
37 2380.2880981445314 403.10160369873046 2688.0710327148436 658.7983291625976 0.6741071428571429 2378.1026000976562 0.0 2610.1237182617188 316.4124168395996 0.7200753348214286 
38 2387.80869140625 403.5382797241211 2685.61025390625 649.3429763793945 0.6814546130952381 2368.900634765625 0.0 2609.978271484375 303.3619720458984 0.7325381324404762 
39 2371.7442626953125 404.12955474853516 2693.5482177734375 650.2148971557617 0.6827566964285714 2371.1979858398436 0.0 2603.0864379882814 306.5690689086914 0.7238653273809523 
40 2346.7672729492188 413.09723510742185 2704.7163696289062 651.7299133300781 0.7125186011904762 2369.8961181640625 0.0 2622.8470458984375 307.91526374816897 0.7297712053571429 
41 2370.2525024414062 416.5073699951172 2691.9469604492188 657.7782135009766 0.7292829241071429 2376.438854980469 0.0 2612.978869628906 312.2478218078613 0.7247488839285714 
42 2369.8221923828123 401.3894744873047 2739.4785888671877 652.5661529541015 0.71142578125 2372.556396484375 0.0 2623.733154296875 317.90693016052245 0.7099609375 
43 2419.79501953125 391.7825958251953 2759.54189453125 646.5928314208984 0.7142857142857143 2373.6968505859377 0.0 2609.6322509765623 314.28690071105956 0.7312360491071429 
44 2470.853796386719 370.6046112060547 2786.192346191406 634.1709625244141 0.7013113839285714 2369.301062011719 0.0 2623.454553222656 303.08381690979 0.7236793154761905 
45 2501.754602050781 312.89161529541013 2865.132849121094 619.6396041870117 0.7300967261904762 2373.2472412109373 0.0 2623.3645751953127 305.08678855895994 0.7364443824404762 
46 2574.42841796875 275.70941772460935 2938.221484375 592.2564025878906 0.7193312872023809 2355.825732421875 0.0 2629.851513671875 302.0580513000488 0.70947265625 
47 2583.930041503906 246.392041015625 2997.720104980469 565.0580322265625 0.7461635044642857 2353.2541015625 0.0 2610.08916015625 302.9177669525146 0.7145182291666666 
48 2544.2998901367187 237.3366928100586 3026.4459594726563 538.0813064575195 0.7418387276785714 2361.9804565429686 0.0 2610.2141235351564 305.4540760040283 0.7474888392857143 
49 2495.3300659179686 239.0996078491211 3028.5671508789064 527.3358474731446 0.7626023065476191 2353.2445434570313 0.0 2612.6570678710937 311.3434432983398 0.7448846726190477 
50 2437.6630615234376 250.99353790283203 3018.4463134765624 543.8254013061523 0.7759719122023809 2345.49599609375 0.0 2618.80576171875 300.17426414489745 0.7623465401785714 
51 2394.7002807617187 287.7152359008789 2974.3717407226563 552.9885910034179 0.7699497767857143 2357.101037597656 0.0 2607.636999511719 302.45263786315917 0.7596261160714286 
52 2323.848681640625 304.41698303222654 2914.635205078125 560.4243865966797 0.7805757068452381 2363.613146972656 0.0 2609.774304199219 304.0382701873779 0.7589983258928571 
53 2296.9616088867188 310.6439468383789 2862.1489868164062 580.9509933471679 0.7849702380952381 2368.4133911132812 0.0 2609.2323608398438 315.7476547241211 0.7479538690476191 
54 2252.2509521484376 314.40028686523436 2811.4839111328124 584.2056701660156 0.7966424851190477 2368.852294921875 0.0 2604.318603515625 315.72100219726565 0.7437918526785714 
55 2251.123742675781 317.22908172607424 2790.033728027344 586.6840347290039 0.7945033482142857 2367.3850341796874 0.0 2617.2433837890626 314.7795043945313 0.7462797619047619 
56 2243.2596069335937 320.59754333496096 2758.1151489257813 585.3804229736328 0.8001534598214286 2374.7082275390626 0.0 2600.2639404296874 304.56726303100584 0.7463030133928571 
57 2223.0785888671876 330.5651062011719 2738.5127197265624 590.7366516113282 0.7873418898809523 2367.513427734375 0.0 2612.958251953125 302.6221675872803 0.7664853050595238 
58 2205.9350463867186 340.3307113647461 2734.7033813476564 587.418586730957 0.7789481026785714 2372.0541870117186 0.0 2614.2004516601564 302.88740463256835 0.7639508928571429 
59 2214.6987426757814 347.07796173095704 2719.8049194335936 594.6789657592774 0.7876441592261905 2371.2587036132813 0.0 2608.9558959960937 309.55687713623047 0.7488141741071429 
60 2226.123498535156 361.4589080810547 2694.644323730469 608.3141021728516 0.7904343377976191 2350.1322265625 0.0 2617.13876953125 306.6237361907959 0.7765066964285714 
61 2214.4701293945313 373.67932281494143 2695.0159545898437 613.952116394043 0.8136393229166666 2357.709814453125 0.0 2597.982568359375 315.9214382171631 0.7696940104166666 
62 2199.0881591796874 387.19358215332034 2684.4953369140626 622.3908294677734 0.7991303943452381 2363.2644653320312 0.0 2593.4574584960938 321.7541130065918 0.7471865699404762 
63 2206.9404296875 398.26310272216796 2682.99560546875 626.1618545532226 0.7990373883928571 2357.899060058594 0.0 2606.055285644531 312.94714164733887 0.7614629836309523 
64 2210.9220703125 402.4646469116211 2657.13310546875 620.4996170043945 0.7937127976190477 2364.2094604492186 0.0 2597.4563110351564 324.8457458496094 0.7659505208333334 
65 2195.8388671875 398.8357788085938 2689.9912109375 615.6577514648437 0.7784365699404762 2364.5642211914064 0.0 2606.5981323242186 319.51538467407227 0.7553943452380952 
66 2198.3610961914064 404.2153915405273 2676.6103393554686 625.7203079223633 0.7841099330357143 2364.489782714844 0.0 2611.165734863281 318.44032821655276 0.7480236235119048 
67 2192.255651855469 399.53358764648436 2685.246057128906 620.8762023925781 0.7695079985119048 2368.323486328125 0.0 2609.788330078125 324.84978637695315 0.7635323660714286 
68 2192.8157470703127 409.02219543457034 2675.1481201171873 625.0669769287109 0.7660202752976191 2368.6660888671877 0.0 2599.7836181640623 316.6524257659912 0.7741350446428571 
69 2184.988903808594 402.84754180908203 2684.429797363281 627.5960311889648 0.7643694196428571 2359.2169921875 0.0 2613.93193359375 312.7560554504395 0.7536969866071429 
70 2189.5311767578123 401.3533630371094 2681.4243896484377 617.1839904785156 0.7330031622023809 2337.9872192382813 0.0 2614.0496459960937 293.43801803588866 0.7885974702380952 
71 2181.7369384765625 400.2574722290039 2689.3685302734375 616.3777511596679 0.7347470238095238 2335.4182250976564 0.0 2616.8774291992186 279.4388458251953 0.8005487351190477 
72 2171.3977905273437 397.8745971679688 2683.1937622070313 613.6317504882812 0.7436058407738095 2331.961145019531 0.0 2622.982458496094 242.3287666320801 0.8046177455357143 
73 2164.94638671875 405.4360092163086 2676.797265625 626.2344314575196 0.7507672991071429 2342.125598144531 0.0 2623.141735839844 211.65834922790526 0.7546037946428571 
74 2168.7246215820314 400.6638153076172 2680.3625366210936 611.3383209228516 0.7254929315476191 2339.849267578125 0.0 2605.700537109375 197.51346397399902 0.7317243303571429 
75 2163.3010131835936 400.84592590332034 2666.7041137695314 622.3433441162109 0.7553013392857143 2372.7940673828125 0.0 2604.3597412109375 174.12090644836425 0.6703404017857143 
76 2183.733361816406 407.5258514404297 2661.851843261719 618.9046295166015 0.6865234375 2378.0776489257814 0.0 2614.6208374023436 185.11361026763916 0.6287434895833334 
77 2156.7358276367186 415.1927856445312 2676.8840454101564 602.0420776367188 0.7377232142857143 2376.7984985351563 0.0 2639.3975463867187 189.69171104431152 0.6729213169642857 
78 2162.150537109375 405.6065872192383 2666.172216796875 617.2957260131836 0.7531156994047619 2323.631384277344 0.0 2671.406457519531 225.3218692779541 0.6799897693452381 
79 2166.499609375 412.819157409668 2673.5833984375 598.5824844360352 0.7197498139880952 2322.9116943359377 0.0 2679.3763916015623 229.1798990249634 0.6555059523809523 
80 2167.367077636719 412.20257263183595 2673.511096191406 607.6442901611329 0.7360258556547619 2318.4779296875 0.0 2684.30478515625 233.14402647018431 0.6530645461309523 
81 2167.698620605469 404.59891815185546 2676.515002441406 621.9573867797851 0.7509533110119048 2309.057666015625 0.0 2679.555126953125 235.50009307861328 0.6593656994047619 
82 2155.2130126953125 411.44969940185547 2661.7718505859375 612.0671768188477 0.7543015252976191 2305.2900634765624 0.0 2681.4477294921876 236.29527339935302 0.6805710565476191 
83 2163.764794921875 403.7374969482422 2682.144873046875 618.0676177978515 0.7300269717261905 2310.805285644531 0.0 2684.636853027344 223.91490936279297 0.6658761160714286 
84 2161.129528808594 403.4081787109375 2660.659289550781 611.1333251953125 0.7606724330357143 2295.9986938476563 0.0 2681.7740112304687 202.34086475372314 0.6590866815476191 
85 2153.908166503906 401.2019561767578 2661.924108886719 615.365609741211 0.7545340401785714 2295.2789916992188 0.0 2673.8008422851562 183.20713272094727 0.6334054129464286 
86 2157.3133056640627 403.07811279296874 2661.4816162109373 612.7323120117187 0.7326078869047619 2298.426721191406 0.0 2677.801062011719 160.78541297912597 0.6292550223214286 
87 2176.5063720703124 406.80370025634767 2667.6708740234376 620.1376754760743 0.7170991443452381 2307.4072509765624 0.0 2689.4238037109376 169.42672748565673 0.6118977864583334 
88 2174.0017700195312 404.117529296875 2661.7128295898438 625.804345703125 0.7180757068452381 2318.5720825195312 0.0 2702.8290405273438 172.3884614944458 0.6110258556547619 
89 2166.278857421875 408.1921859741211 2660.212841796875 621.261701965332 0.7502557663690477 2330.364855957031 0.0 2693.551403808594 149.3052562713623 0.6119326636904762 
90 2166.440869140625 405.9364074707031 2671.748583984375 629.4378601074219 0.7355608258928571 2335.375134277344 0.0 2704.638293457031 191.40490951538087 0.5840541294642857 
91 2166.6814208984374 408.4618576049805 2675.7653564453126 631.4891006469727 0.7190057663690477 2336.376013183594 0.0 2700.007531738281 191.7748779296875 0.5871930803571429 
92 2170.4530395507813 414.51221618652346 2667.5535522460937 636.5182403564453 0.7353515625 2341.96953125 0.0 2703.9357421875 199.37428245544433 0.5851120721726191 
93 2176.4035888671874 419.50957641601565 2659.2970947265626 627.1536315917969 0.7224237351190477 2329.8152587890627 0.0 2706.4718505859373 209.63670921325684 0.6257672991071429 
94 2157.5867553710937 427.3980972290039 2684.5599731445313 622.0458419799804 0.6956147693452381 2341.0960327148437 0.0 2701.9066528320313 187.46645431518556 0.6285342261904762 
95 2171.9253540039062 435.3237701416016 2664.7081909179688 633.4030975341797 0.7007300967261905 2361.82900390625 0.0 2690.35068359375 216.24732055664063 0.6630161830357143 
96 2161.7769409179687 431.49394073486326 2672.1002563476563 626.6176010131836 0.7113327752976191 2394.61669921875 0.0 2654.78173828125 180.37323999404907 0.6246977306547619 
97 2159.148400878906 439.3146743774414 2657.217565917969 637.5751876831055 0.7496977306547619 2427.711535644531 0.0 2596.958142089844 165.17210893630983 0.5765438988095238 
98 2156.9508666992188 447.8341720581055 2648.7910766601562 638.0741836547852 0.7317708333333334 2414.8279541015627 0.0 2651.4679443359373 244.5664113044739 0.6329752604166666 
99 2171.1636352539062 450.3077056884766 2640.8092651367188 650.9330780029297 0.7647646949404762 2424.04970703125 0.0 2647.4732421875 263.3613847732544 0.6542503720238095 
100 2173.435754394531 461.3457260131836 2643.251501464844 636.3750076293945 0.7004278273809523 2431.37373046875 0.0 2661.6755859375 243.26768674850464 0.5865420386904762 
101 2169.909912109375 453.31159057617185 2639.008056640625 646.4696594238281 0.7481166294642857 2432.053015136719 0.0 2652.805139160156 225.6610517501831 0.6651785714285714 
102 2173.507275390625 452.67211456298827 2637.225146484375 645.505223083496 0.7406063988095238 2409.7808471679687 0.0 2662.3004516601563 219.93027954101564 0.6959402901785714 
103 2157.190319824219 454.6843719482422 2647.941271972656 636.9632720947266 0.7275855654761905 2391.420458984375 0.0 2690.544873046875 228.54355430603027 0.6997535342261905 
104 2156.7954833984377 440.3819747924805 2646.3578369140623 638.9780410766601 0.7501627604166666 2343.3124267578123 0.0 2694.3194091796877 239.4766815185547 0.7128441220238095 
105 2147.6444580078123 436.0587326049805 2651.1983154296877 633.7153457641601 0.7689499627976191 2299.8690551757813 0.0 2676.3577514648437 251.43447914123536 0.6896158854166666 
106 2157.056689453125 437.2196792602539 2645.576123046875 638.106217956543 0.7659737723214286 2300.6973388671877 0.0 2670.5111572265623 241.24997329711914 0.65380859375 
107 2151.02060546875 431.8677093505859 2650.887109375 631.8143585205078 0.7713216145833334 2279.483020019531 0.0 2665.743298339844 234.71759071350098 0.6344633556547619 
108 2153.6906616210936 431.57924194335936 2647.2993286132814 637.2494934082031 0.7668573288690477 2290.4525390625 0.0 2665.22958984375 225.20582733154296 0.6116768973214286 
109 2153.003552246094 426.9720687866211 2651.835070800781 636.761116027832 0.7809477306547619 2279.0562255859377 0.0 2679.9862548828123 186.34229545593263 0.6589239211309523 
110 2161.2238159179688 430.21459808349607 2647.8779907226562 636.6739822387696 0.7580682663690477 2283.738171386719 0.0 2691.741076660156 176.6779333114624 0.6560639880952381 
111 2148.7462768554688 435.93968505859374 2654.5449829101562 634.4775512695312 0.78662109375 2315.2853515625 0.0 2669.8171875 175.0405424118042 0.6808733258928571 
112 2157.4422241210937 441.98101806640625 2642.8509887695313 642.1495971679688 0.7434663318452381 2343.36796875 0.0 2618.5998046875 209.0925621032715 0.67138671875 
113 2141.861218261719 444.4166946411133 2635.182971191406 646.4437484741211 0.7579752604166666 2371.355224609375 0.0 2629.761962890625 204.26109075546265 0.6917085193452381 
114 2148.135888671875 450.1130126953125 2620.076513671875 651.038232421875 0.7658807663690477 2377.456640625 0.0 2606.41787109375 223.6677402496338 0.6088402157738095 
115 2154.080517578125 446.96448822021483 2623.492236328125 656.1082962036132 0.7593238467261905 2358.397985839844 0.0 2637.256555175781 246.0434362411499 0.7562081473214286 
116 2145.774377441406 449.00079040527345 2616.764440917969 651.5264923095704 0.7654389880952381 2376.559375 0.0 2574.3751953125 217.49113900661467 0.5591982886904762 
117 2152.030480957031 449.31174926757814 2632.142126464844 649.3582946777344 0.7567196800595238 2356.501110839844 0.0 2631.565051269531 205.2165563583374 0.7137509300595238 
118 2140.37998046875 450.4118377685547 2617.03310546875 653.343472290039 0.7820638020833334 2338.955285644531 0.0 2636.273474121094 201.55742416381835 0.6896623883928571 
119 2139.8762939453127 451.3853103637695 2629.5719482421873 653.8557479858398 0.7752743675595238 2314.6381713867186 0.0 2639.5324829101564 209.79722518920897 0.6368117559523809 
120 2127.109130859375 451.3658248901367 2658.572998046875 655.4100845336914 0.7611607142857143 2288.628955078125 0.0 2654.010205078125 202.24203796386718 0.6434151785714286 
121 2139.9201171875 454.8869201660156 2674.97294921875 652.0116394042968 0.7590913318452381 2286.3195922851564 0.0 2647.7148315429686 214.7990623474121 0.650390625 
122 2184.78330078125 441.7024658203125 2704.137109375 672.526416015625 0.7727864583333334 2290.1221923828125 0.0 2636.3582763671875 210.19558486938476 0.6268833705357143 
123 2268.5448608398438 456.287548828125 2743.3733520507812 678.4548828125 0.7730189732142857 2275.4142944335936 0.0 2632.6245239257814 204.12926559448243 0.6096540178571429 
124 2362.50908203125 468.49854888916013 2793.16328125 679.5191207885742 0.7532087053571429 2272.568493652344 0.0 2621.398547363281 207.9527636528015 0.61865234375 
125 2448.097705078125 481.48990020751955 2866.450146484375 695.0239852905273 0.7138904389880952 2251.9948608398436 0.0 2626.7690551757814 215.32655029296876 0.6701776413690477 
126 2530.6043701171875 508.2169708251953 2931.5064697265625 727.758676147461 0.6982189360119048 2253.790734863281 0.0 2635.602575683594 215.98417854309082 0.6642485119047619 
127 2607.0277709960938 555.2523010253906 2985.3909301757812 762.0908386230469 0.6905924479166666 2271.1578735351563 0.0 2634.3863159179687 155.93375396728516 0.6739676339285714 
128 2642.239636230469 569.6558654785156 2995.595568847656 776.6213562011719 0.6696661086309523 2305.192761230469 0.0 2618.164904785156 144.26988410949707 0.6181873139880952 
129 2671.4371704101563 591.6884887695312 3010.2017456054687 809.1046020507813 0.6827799479166666 2328.1999267578126 0.0 2641.6833740234374 156.85634059906005 0.5926804315476191 
130 2672.8277221679687 596.8046173095703 3016.0680297851563 818.901254272461 0.6751302083333334 2348.6131225585937 0.0 2641.3768676757813 156.68822326660157 0.6033993675595238 
131 2660.0802001953125 600.7320404052734 2993.6844482421875 818.0801544189453 0.7043573288690477 2355.4429321289062 0.0 2633.4464721679688 163.89736518859863 0.6219540550595238 
132 2618.481726074219 600.0004241943359 2951.631799316406 817.0527374267579 0.7059151785714286 2357.553173828125 0.0 2630.130419921875 158.13011684417725 0.6160714285714286 
133 2590.3469848632812 615.8108367919922 2908.2455444335938 812.6052398681641 0.6808965773809523 2362.888525390625 0.0 2600.050927734375 145.36747665405272 0.5822870163690477 
134 2560.963916015625 602.6668548583984 2850.992138671875 814.0434112548828 0.6863839285714286 2329.168408203125 0.0 2629.027880859375 178.21224493980407 0.6419968377976191 
135 2532.744763183594 597.404916381836 2830.050891113281 824.1637481689453 0.7139136904761905 2304.6294555664062 0.0 2596.8961791992188 155.1282269477844 0.6261393229166666 
136 2511.8781127929688 604.7930206298828 2776.3198852539062 823.641244506836 0.6756184895833334 2260.9391967773436 0.0 2602.8896606445314 177.26736030578613 0.6263718377976191 
137 2485.5502075195313 599.6514953613281 2756.8011108398437 818.5556579589844 0.74658203125 2260.240087890625 0.0 2612.390283203125 180.69523258209227 0.6339285714285714 
138 2469.399755859375 594.0239349365235 2743.410302734375 813.2322296142578 0.6944986979166666 2245.0180053710938 0.0 2603.7224731445312 180.90072541236879 0.6196521577380952 
139 2444.2314331054686 587.9403350830078 2710.9685180664064 827.5514251708985 0.7325613839285714 2249.482287597656 0.0 2606.638562011719 184.5312526702881 0.5783226376488095 
140 2428.9338500976564 580.2230163574219 2703.3217651367186 832.8338684082031 0.7626953125 2247.5164794921875 0.0 2613.3668212890625 191.4233112335205 0.5926920572916666 
141 2424.1008056640626 594.9821838378906 2693.4363037109374 820.1641784667969 0.7367234002976191 2244.9404907226562 0.0 2624.6588745117188 193.8663230895996 0.6339285714285714 
142 2421.095166015625 605.0495727539062 2722.186083984375 795.7404663085938 0.7289341517857143 2247.003063964844 0.0 2618.348254394531 161.13353137969972 0.64990234375 
143 2431.9453247070314 588.9889556884766 2700.4743530273436 795.1809051513671 0.7059616815476191 2259.6882934570312 0.0 2614.5302124023438 155.94903793334962 0.5695452008928571 
144 2432.7958374023438 593.4771026611328 2733.2034301757812 793.748910522461 0.7028227306547619 2263.5275634765626 0.0 2629.0237060546874 156.1526020050049 0.5823567708333334 
145 2438.74970703125 584.2892852783203 2735.45439453125 782.0924896240234 0.7010788690476191 2271.1966186523437 0.0 2638.5453247070313 155.89677057266235 0.6060732886904762 
146 2440.53994140625 572.8359008789063 2772.62265625 789.1929077148437 0.6803617931547619 2267.724987792969 0.0 2655.155139160156 154.442391204834 0.5896344866071429 
147 2458.2800170898436 582.0874938964844 2695.9638793945314 788.3791809082031 0.6818033854166666 2272.3413330078124 0.0 2626.6249755859376 154.15287952423097 0.5915411086309523 
148 2454.9405151367187 572.3596740722656 2736.4054321289063 788.1493591308594 0.6780482700892857 2280.2881591796877 0.0 2636.8099853515623 160.26647729873656 0.6005859375 
149 2463.7503662109375 569.9552856445313 2758.0689697265625 793.0677856445312 0.6549711681547619 2268.755334472656 0.0 2639.027136230469 162.43722190856934 0.5888904389880952 
150 2470.9353271484374 566.7242980957031 2758.0480712890626 785.7084411621094 0.6209309895833334 2276.4701293945313 0.0 2626.8445678710937 155.33354625701904 0.5722191220238095 
151 2484.2091552734373 563.9233856201172 2790.4270751953127 777.7898101806641 0.617919921875 2255.7610107421874 0.0 2630.0270751953126 168.34527702331542 0.5723586309523809 
152 2489.12158203125 534.4736511230469 2826.15673828125 765.8709533691406 0.5701032366071429 2269.526318359375 0.0 2631.713427734375 154.29342679977418 0.5491652715773809 
153 2466.9869995117188 528.1293365478516 2842.0557250976562 756.0191619873046 0.6002952938988095 2262.4706787109376 4.238433361053467 2637.5390869140624 151.41726160049438 0.5400041852678571 
154 2488.039990234375 523.054721069336 2810.903369140625 755.1125762939453 0.6058872767857143 2279.459680175781 0.0 2627.546423339844 150.7143466949463 0.5873790922619048 
155 2489.4672119140623 502.3280853271484 2792.1114013671877 749.4876495361328 0.6104910714285714 2274.1241821289063 0.0 2627.2090698242187 155.06321926116942 0.5690104166666666 
156 2472.642614746094 514.6620727539063 2777.164758300781 751.5124877929687 0.6486700148809523 2265.7238647460936 0.0 2623.4165161132814 159.7582685470581 0.6015392485119048 
157 2473.204699707031 516.9527191162109 2779.389294433594 749.0604034423828 0.6383463541666666 2279.275012207031 0.0 2620.028942871094 167.27167778015138 0.5907738095238095 
158 2462.1915771484373 521.7278930664063 2770.2376220703127 743.9250610351562 0.6170596168154762 2274.372692871094 0.0 2627.868273925781 157.16134786605835 0.5936104910714286 
159 2456.371960449219 539.8714080810547 2729.468127441406 742.1647857666015 0.6819428943452381 2272.557373046875 0.0 2621.513427734375 179.43906269073486 0.6503208705357143 
160 2461.9824096679686 555.302783203125 2743.1032836914064 746.06318359375 0.6812686011904762 2263.499169921875 0.0 2624.939794921875 172.62350788116456 0.6698521205357143 
161 2461.4723999023436 554.0271728515625 2749.3598754882814 756.0533935546875 0.7159133184523809 2267.410852050781 0.0 2620.956579589844 165.1267490386963 0.66064453125 
162 2462.57373046875 554.9520690917968 2735.427734375 762.1190979003907 0.6779901413690477 2272.3142700195312 0.0 2610.8554077148438 155.7766860961914 0.6268833705357143 
163 2466.7934692382814 565.037060546875 2764.9152709960936 772.2064697265625 0.6609933035714286 2283.3338134765627 0.0 2621.8790771484373 160.415500831604 0.6221865699404762 
164 2464.671838378906 567.0192840576171 2767.258581542969 773.7868072509766 0.663330078125 2277.6887939453127 0.0 2620.6202880859373 153.09630098342896 0.6367420014880952 
165 2479.4265625 566.2028594970703 2773.1173828125 778.8754486083984 0.6716192336309523 2291.098352050781 0.0 2630.361853027344 150.59546594619752 0.6427176339285714 
166 2480.204736328125 566.3347381591797 2804.390966796875 779.0820709228516 0.6563430059523809 2304.863391113281 0.0 2629.049938964844 171.4273952484131 0.6427408854166666 
167 2489.9555541992186 565.6058898925781 2773.2790649414064 767.9798034667969 0.6618187313988095 2316.3812255859375 0.0 2619.9420166015625 203.4733341217041 0.6826171875 
168 2481.2449951171875 570.8347900390625 2764.3853759765625 788.246142578125 0.6852446056547619 2344.1472900390627 0.0 2602.0074951171873 206.2137435913086 0.6611328125 
169 2472.7346069335936 569.9726318359375 2770.9497192382814 792.3703857421875 0.6925455729166666 2350.260302734375 0.0 2597.930615234375 197.6896064758301 0.6741071428571429 
170 2484.6969482421873 570.5559722900391 2757.3357666015627 782.6083953857421 0.6476702008928571 2342.7461669921877 0.0 2600.2382080078123 228.7864694595337 0.6700148809523809 
171 2478.7667846679688 579.3838195800781 2766.8599243164062 786.6086120605469 0.6729910714285714 2357.464465332031 0.0 2584.906384277344 205.36836948394776 0.6407412574404762 
172 2483.0894409179687 577.2608459472656 2766.3570922851563 784.6532165527344 0.6653645833333334 2347.0976440429686 0.0 2594.9567993164064 179.98570909500123 0.6458798363095238 
173 2485.0442626953127 580.065380859375 2773.9381591796873 787.8663818359375 0.6356491815476191 2351.123571777344 0.0 2584.266320800781 165.04826036691665 0.5523158482142857 
174 2472.1032958984374 581.389990234375 2771.3654541015626 789.3515869140625 0.7126348586309523 2316.8149169921876 0.0 2575.4990478515624 159.41904425621033 0.609375 
175 2481.583642578125 584.5068359375 2766.623876953125 783.01708984375 0.7071475074404762 2278.7664184570312 0.0 2624.8866577148438 204.71395988464354 0.6681082589285714 
176 2486.9985595703124 580.7632629394532 2765.3896240234376 783.2295349121093 0.6694103422619048 2260.1974609375 0.0 2614.5134765625 220.41232566833497 0.6584821428571429 
177 2492.9985961914062 577.3798797607421 2787.6456909179688 780.5847808837891 0.6365792410714286 2240.751025390625 0.0 2621.760205078125 230.95455169677734 0.7181454613095238 
178 2472.447229003906 584.6694213867188 2767.816687011719 793.4651000976562 0.6992652529761905 2251.5076904296875 0.0 2628.3585205078125 240.1370195388794 0.6552501860119048 
179 2477.9597778320312 589.8934722900391 2767.9032592773438 788.2759002685547 0.6924758184523809 2251.600341796875 0.0 2638.191650390625 204.08460731506347 0.6389741443452381 
180 2485.0372680664063 589.9996673583985 2754.3267456054687 783.0749786376953 0.6749674479166666 2244.279541015625 0.0 2635.510986328125 165.7419672012329 0.6444614955357143 
181 2473.184362792969 589.7498291015625 2757.292443847656 782.2101318359375 0.6891043526785714 2246.5326171875 0.0 2631.45322265625 160.94405708312988 0.6498790922619048 
182 2487.2401611328123 585.2625518798828 2761.4468505859377 783.3006195068359 0.6759207589285714 2263.0313720703125 0.0 2618.4842529296875 155.00826387405397 0.6557152157738095 
183 2490.579797363281 591.6040924072265 2744.213415527344 779.2929412841797 0.6727585565476191 2288.4533081054688 0.0 2602.9590454101562 179.156805229187 0.6216517857142857 
184 2485.8798706054686 589.7332153320312 2754.7815063476564 782.5305786132812 0.6699451264880952 2318.450646972656 0.0 2617.793737792969 228.92118225097656 0.6849423363095238 
185 2476.646130371094 586.6450164794921 2755.880480957031 789.7245513916016 0.6993350074404762 2344.058544921875 0.0 2587.753955078125 218.36803855895997 0.6465076264880952 
186 2478.4767211914063 585.7543792724609 2762.2832885742187 793.5413360595703 0.7406063988095238 2337.1581176757813 0.0 2595.6248413085937 237.81833209991456 0.7334914434523809 
187 2477.365625 587.3930877685547 2761.59970703125 790.4173980712891 0.7453729538690477 2345.399658203125 0.0 2589.029052734375 227.61046619415282 0.7247023809523809 
188 2488.4502563476562 581.7633514404297 2771.6779174804688 789.1266021728516 0.7247721354166666 2346.836279296875 0.0 2609.833642578125 205.9416358947754 0.7149832589285714 
189 2477.5524780273436 584.4182983398438 2771.8193481445314 792.4344848632812 0.7148204985119048 2355.786901855469 0.0 2589.170861816406 171.3129436969757 0.6469261532738095 
190 2484.430700683594 580.8361846923829 2773.946984863281 789.0847747802734 0.7136811755952381 2327.169885253906 0.0 2591.289831542969 169.41823230981828 0.6793619791666666 
191 2482.744250488281 585.9677764892579 2782.308239746094 785.6771820068359 0.6993582589285714 2306.462292480469 0.0 2635.982775878906 175.4113883972168 0.6932431175595238 
192 2488.757177734375 576.770458984375 2764.335595703125 778.533251953125 0.6879417782738095 2274.6917724609375 0.0 2633.9278564453125 230.40467948913573 0.6618071056547619 
193 2478.00302734375 577.4957214355469 2781.18740234375 784.6716369628906 0.7442801339285714 2274.5197875976564 0.0 2623.1816284179686 243.60432319641114 0.6917550223214286 
194 2475.6096435546874 565.7644775390625 2764.8932861328126 791.7673828125 0.7369094122023809 2257.0821044921877 0.0 2632.2469970703123 275.0899913787842 0.62451171875 
195 2500.493029785156 590.7502624511719 2795.759655761719 776.4825256347656 0.5953543526785714 2255.5973510742188 0.0 2641.3491821289062 293.10228996276857 0.5926571800595238 
196 2475.0403564453127 576.3166229248047 2800.0587646484373 796.047329711914 0.6688058035714286 2253.373010253906 0.0 2637.901647949219 298.66009254455565 0.6062127976190477 
197 2483.1274169921876 588.7393615722656 2768.1225830078124 792.3072692871094 0.6977306547619048 2268.42412109375 0.0 2634.84638671875 235.71426582336426 0.6133742559523809 
198 2495.15146484375 591.2487548828125 2791.3216796875 778.8232666015625 0.6433454241071429 2289.9203857421876 0.0 2620.6440673828124 202.80994415283203 0.6994047619047619 
199 2519.464953613281 584.4046905517578 2782.688610839844 783.0638763427735 0.6117234002976191 2326.3455444335937 0.0 2574.6693481445313 859.8532653808594 0.4219331287202381 
200 2509.4732299804687 588.8818115234375 2786.8248657226563 786.9902587890625 0.5303431919642857 2402.418212890625 574.2141387939453 2749.108154296875 767.369906616211 0.42907133556547616 
201 2499.939453125 572.4411102294922 2814.19287109375 785.322378540039 0.48059663318452384 2305.1883911132813 0.0 2583.9612670898437 243.56677742004393 0.5611746651785714 
202 2503.8292846679688 578.5607818603515 2803.2720336914062 786.6481414794922 0.5274367559523809 2301.5981689453124 0.0 2560.4384521484376 244.5669418334961 0.6049920944940477 
203 2487.546484375 575.3958587646484 2809.78017578125 787.0120391845703 0.5816824776785714 2282.7745971679688 0.0 2552.1040649414062 258.89645156860354 0.7752511160714286 
204 2489.64013671875 572.5080993652343 2784.64111328125 794.8936340332032 0.6449497767857143 2286.804821777344 0.0 2554.575305175781 250.62510871887207 0.7592075892857143 
205 2511.7818237304687 572.2501098632813 2796.3443969726563 780.5903442382812 0.5131254650297619 2293.47412109375 0.0 2572.955078125 266.7755458831787 0.6610398065476191 
206 2513.2902954101564 589.8242828369141 2825.2563354492186 770.1796844482421 0.5365280877976191 2342.6837158203125 0.0 2605.9051513671875 265.8594200134277 0.5897274925595238 
207 2514.791540527344 579.1616333007812 2783.855676269531 787.3054077148438 0.6133975074404762 2350.1902465820312 66.41712913513183 2522.7973022460938 284.7142871856689 0.4624604724702381 
208 2504.6164428710936 582.3598449707031 2798.9023559570314 780.2418395996094 0.6354747953869048 2324.6882202148436 0.0 2588.5307739257814 271.68114585876464 0.7166573660714286 
209 2494.33125 584.1009582519531 2777.6296875 796.5749450683594 0.6716657366071429 2334.39189453125 0.0 2587.337109375 277.6480466842651 0.740234375 
210 2483.5051513671874 582.2896484375 2792.9679931640626 790.2893310546875 0.6925920758928571 2337.749060058594 0.0 2591.407434082031 288.24135131835936 0.7560686383928571 
211 2489.4598388671875 580.2640106201172 2804.3385009765625 783.4114654541015 0.7049386160714286 2332.9973022460936 0.0 2581.8530395507814 279.64480276107787 0.7378162202380952 
212 2501.1559814453126 583.385873413086 2749.5124755859374 786.5869659423828 0.6690034412202381 2327.4796752929688 0.0 2575.8364868164062 276.84759120941163 0.748046875 
213 2503.1645629882814 581.5066619873047 2797.8078491210936 769.468618774414 0.6323590959821429 2294.4919311523436 0.0 2568.8144653320314 276.50814323425294 0.7547433035714286 
214 2519.6168701171873 576.1375244140625 2768.6424072265627 779.4237548828125 0.5617327008928571 2304.9937255859377 0.0 2584.5121337890623 267.2988807797432 0.5151250930059523 
215 2490.6204833984375 563.2680023193359 2815.7760009765625 781.5866729736329 0.4995930989583333 2270.8727783203126 0.0 2549.5774169921874 290.99499664306643 0.6882905505952381 
216 2490.5196899414063 564.7054901123047 2793.8262573242187 794.6314849853516 0.6222563244047619 2302.3641967773438 0.0 2507.8298950195312 823.6074588775634 0.32557896205357145 
217 2486.118518066406 565.9654357910156 2786.025280761719 799.7910339355469 0.5921340215773809 2334.40556640625 0.0 2491.98359375 789.6247114181518 0.3467378162202381 
218 2492.9328491210936 558.2573852539062 2812.6919067382814 782.5661010742188 0.48182896205357145 2300.74697265625 0.0 2472.55771484375 290.8124176979065 0.6221168154761905 
219 2491.3658447265625 564.1097961425781 2811.6590576171875 782.7226013183594 0.5261579241071429 2343.733642578125 0.0 2486.086181640625 280.3823354244232 0.4977446056547619 
220 2479.9450561523436 549.7543212890625 2830.7631958007814 788.717236328125 0.5740211123511905 2293.9763916015627 0.0 2527.8551513671873 283.60987129211424 0.5853329613095238 
221 2483.8653930664063 552.551318359375 2824.8072143554687 796.8081787109375 0.6058640252976191 2278.948132324219 0.0 2563.914416503906 305.16295356750487 0.6815708705357143 
222 2487.6074096679686 553.7913665771484 2817.5544555664064 782.2161407470703 0.6202450706845238 2284.1726684570312 0.0 2583.6630249023438 283.0006134033203 0.7533947172619048 
223 2507.783642578125 559.9788543701172 2811.546923828125 787.801235961914 0.6137927827380952 2331.9515380859375 0.0 2539.5230712890625 321.6415588378906 0.45715913318452384 
224 2490.307165527344 564.5824493408203 2804.534875488281 797.7192474365235 0.7189360119047619 2305.707861328125 0.0 2564.185693359375 275.89049243927 0.7999906994047619 
225 2485.839892578125 564.3027465820312 2809.593212890625 791.9417602539063 0.7242606026785714 2321.62861328125 0.0 2584.67802734375 282.1860908031464 0.78466796875 
226 2496.8566284179688 567.839468383789 2814.9234008789062 795.0300994873047 0.6429036458333334 2329.0848754882813 0.0 2586.5677124023437 290.9387281417847 0.7537434895833334 
227 2510.2503173828127 577.9106628417969 2768.8595458984373 789.1081359863281 0.6740373883928571 2320.7693603515627 0.0 2583.6886474609373 296.0929021835327 0.7525809151785714 
228 2502.176953125 571.7799560546875 2785.8943359375 794.7007568359375 0.6118396577380952 2297.768212890625 0.0 2596.684423828125 309.1076240539551 0.6628301711309523 
229 2485.8630981445312 567.5331329345703 2811.4042358398438 786.255990600586 0.6439964657738095 2288.6604736328127 0.0 2593.8551513671873 317.31264572143556 0.7164015997023809 
230 2494.0616455078125 557.2238220214844 2808.8641357421875 792.0764709472656 0.6290806361607143 2272.2777587890623 0.0 2577.0864990234377 311.6086845397949 0.7270972842261905 
231 2491.6467895507812 564.5856475830078 2814.1791381835938 782.9152679443359 0.6311151413690477 2272.553662109375 0.0 2575.237841796875 309.99491786956787 0.6437872023809523 
232 2487.503869628906 561.6901428222657 2817.011022949219 786.3541687011718 0.6951497395833334 2269.368444824219 0.0 2558.935510253906 324.92884464263915 0.6934988839285714 
233 2482.0456420898436 557.7259216308594 2816.5630004882814 790.8745422363281 0.6794317336309523 2272.2898803710937 0.0 2566.2596801757813 321.6531942367554 0.7046130952380952 
234 2484.1127075195313 560.4890045166015 2798.4197631835937 793.6845184326172 0.6876627604166666 2280.9441040039064 0.0 2564.8344604492186 301.94625663757324 0.6765950520833334 
235 2501.8524780273438 565.3661346435547 2795.9251098632812 788.4557037353516 0.5975399925595238 2304.309118652344 0.0 2552.749719238281 293.5244705200195 0.5628255208333334 
236 2487.642919921875 559.0847045898438 2806.626611328125 791.9935424804687 0.6585867745535714 2276.1553588867187 0.0 2605.2657836914063 273.7908111572266 0.46555292038690477 
237 2484.3582153320312 558.5800628662109 2787.8602905273438 796.3231964111328 0.7388160342261905 2290.00048828125 0.0 2558.09375 237.56845378875732 0.6519484747023809 
238 2484.4387451171874 554.3144409179688 2792.8478759765626 786.8852661132812 0.7450241815476191 2307.4826538085936 0.0 2565.3330200195314 268.4623543739319 0.8024786086309523 
239 2485.982702636719 549.5416564941406 2789.121057128906 781.9476013183594 0.7217959449404762 2337.5226440429688 0.0 2580.0332641601562 281.1866235733032 0.7630208333333334 
240 2484.079150390625 550.9634735107422 2761.704052734375 790.148159790039 0.7387230282738095 2346.7451293945314 0.0 2590.2009155273436 301.5938292980194 0.7352585565476191 
241 2493.2662353515625 554.2612274169921 2762.6956787109375 789.4773590087891 0.7187267485119048 2350.98525390625 0.0 2599.03134765625 310.82072100639346 0.7403506324404762 
242 2481.4992797851564 552.2380859375 2804.4340698242186 789.393505859375 0.7487909226190477 2334.392932128906 0.0 2586.685925292969 300.5273023605347 0.7725539434523809 
243 2484.5093994140625 551.5303619384765 2802.7396240234375 788.9404022216797 0.7388392857142857 2299.943505859375 0.0 2567.660986328125 313.5375425338745 0.7696707589285714 
244 2479.7831176757813 554.3327362060547 2793.2903686523437 786.9349029541015 0.7044968377976191 2277.5204223632813 0.0 2591.0276733398437 303.25470485687254 0.6859654017857143 
245 2476.4223876953124 554.5981140136719 2789.8080810546876 792.1647033691406 0.7370489211309523 2274.8212890625 0.0 2583.15234375 312.56019554138186 0.7093796502976191 
246 2483.2827270507814 556.0704406738281 2796.8801147460936 788.7394958496094 0.6996605282738095 2277.0710571289064 0.0 2590.6684448242186 296.94405059814454 0.6606212797619048 
247 2475.5906616210937 556.51318359375 2815.4921020507813 789.87841796875 0.7260277157738095 2275.5912231445313 0.0 2590.1267944335937 304.6113580703735 0.6890811011904762 
248 2481.4035400390626 559.4114471435547 2805.2146240234374 782.031607055664 0.6737583705357143 2279.6052368164064 0.0 2598.3569213867186 304.29343605041504 0.6998930431547619 
249 2481.8579345703124 557.4650909423829 2800.3598388671876 790.0220306396484 0.6783854166666666 2284.69013671875 0.0 2593.080859375 285.8245849609375 0.6991954985119048 
250 2487.3248657226563 553.0897003173828 2800.8067260742187 790.7292083740234 0.6510765438988095 2285.0785278320313 0.0 2598.5603881835937 287.0578048706055 0.6657133556547619 
251 2483.574816894531 548.5761322021484 2792.057263183594 796.3736358642578 0.6997535342261905 2301.5195190429686 0.0 2569.5451782226564 295.3325481414795 0.7850632440476191 
252 2491.877233886719 554.0817352294922 2807.831506347656 791.0475982666015 0.6658993675595238 2327.823864746094 0.0 2584.536730957031 315.5969060897827 0.74365234375 
253 2486.827392578125 558.4104248046875 2770.370849609375 795.4020751953125 0.7140764508928571 2341.4745849609376 0.0 2586.9302001953124 322.5580877304077 0.7330496651785714 
254 2494.2086669921873 558.9452117919922 2773.1189697265627 795.5962310791016 0.7170061383928571 2335.087023925781 0.0 2584.415661621094 328.6330463886261 0.7662295386904762 
255 2506.7815063476564 572.039682006836 2759.7587768554686 785.7620147705078 0.6781529017857143 2332.3141845703126 0.0 2585.2917724609374 296.5828384369612 0.7227957589285714 
256 2488.8457275390624 549.7952514648438 2796.8930419921876 797.2430786132812 0.6856863839285714 2301.997351074219 0.0 2579.745080566406 278.84566202163694 0.7270972842261905 
257 2502.09931640625 558.7251953125 2800.18779296875 791.133203125 0.6275576636904762 2269.302453613281 0.0 2597.705114746094 309.9941762924194 0.5915876116071429 
258 2478.689831542969 560.7914001464844 2792.449084472656 793.5804260253906 0.6735956101190477 2267.894970703125 0.0 2586.714892578125 338.12354202270507 0.6723865327380952 
259 2473.5197509765626 562.4327697753906 2797.4260498046874 790.1795349121094 0.6423688616071429 2276.333776855469 0.0 2554.690881347656 358.6286923408508 0.6778506324404762 
260 2483.6278564453123 560.3914825439454 2795.2095458984377 797.7869232177734 0.6926618303571429 2278.379846191406 0.0 2555.341101074219 348.2953956604004 0.6622488839285714 
261 2479.740283203125 561.101205444336 2802.439892578125 794.4377960205078 0.6924525669642857 2283.0653442382813 0.0 2556.1189819335937 331.01072587966917 0.6278599330357143 
262 2478.3054809570312 556.6337249755859 2801.8153686523438 794.2111846923829 0.6610514322916666 2288.5544921875 0.0 2571.62568359375 350.94060535430907 0.6669921875 
263 2473.270959472656 562.6273529052735 2792.310827636719 795.5770538330078 0.6867327008928571 2289.2093994140623 0.0 2582.9287841796877 327.3403564453125 0.6445079985119048 
264 2472.0739501953126 557.8505126953125 2801.2488037109374 795.8692138671875 0.6716889880952381 2277.880480957031 0.0 2601.990856933594 320.0265895843506 0.5657319568452381 
265 2498.607067871094 552.3794189453125 2782.151477050781 786.4162353515625 0.6628999255952381 2292.2668334960936 0.0 2593.8144653320314 287.7032283782959 0.6962425595238095 
266 2487.003125 552.5925720214843 2811.9041015625 788.8842346191407 0.7163550967261905 2319.630017089844 0.0 2585.458117675781 292.44458923339846 0.7890159970238095 
267 2490.387548828125 547.8138702392578 2801.005029296875 784.474887084961 0.7081240699404762 2335.6476928710936 0.0 2606.8217895507814 337.89100151062013 0.7857375372023809 
268 2491.145703125 549.4245056152344 2809.965625 788.5396057128906 0.6979399181547619 2350.32060546875 0.0 2594.4171875 326.21210713386535 0.7321428571428571 
269 2482.1564453125 546.6171356201172 2807.311328125 788.0200103759765 0.7054036458333334 2305.178112792969 0.0 2620.479846191406 355.9960608482361 0.7512090773809523 
270 2483.241101074219 558.0545013427734 2812.558459472656 779.1677276611329 0.7138904389880952 2286.37431640625 0.0 2596.87373046875 363.1781539916992 0.7995721726190477 
271 2489.3695556640623 549.0490417480469 2802.4492919921877 796.4830627441406 0.6702357700892857 2286.7998168945314 0.0 2604.9294311523436 291.5157256126404 0.6120489211309523 
272 2479.793835449219 555.4189697265625 2798.218615722656 798.0282958984375 0.6949637276785714 2299.3922607421873 0.0 2597.5994384765627 342.3582103252411 0.6031901041666666 
273 2489.2878173828126 551.163232421875 2812.2165771484374 793.3599609375 0.6822916666666666 2308.99873046875 0.0 2546.14970703125 418.22679619789125 0.6951729910714286 
274 2490.2752319335937 551.1046325683594 2812.9681762695313 798.1663635253906 0.7142857142857143 2309.9241455078127 0.0 2481.3546630859373 419.0410659790039 0.6400669642857143 
275 2508.6533447265624 559.5195434570312 2772.5971435546876 792.6699096679688 0.7388160342261905 2315.771350097656 0.0 2491.733776855469 393.8779243469238 0.6735258556547619 
276 2473.8334838867186 554.6676666259766 2818.2976196289064 797.8188446044921 0.7402576264880952 2326.150244140625 0.0 2498.382470703125 405.2310457229614 0.6693405877976191 
277 2480.735693359375 552.9989288330078 2814.617333984375 795.8219329833985 0.7197498139880952 2317.68642578125 0.0 2580.7447265625 414.27069969177245 0.6514834449404762 
278 2479.6444458007813 559.6161560058594 2813.7942749023437 797.5712219238281 0.7396763392857143 2300.107287597656 0.0 2603.879772949219 287.5839879989624 0.6698288690476191 
279 2490.079455566406 552.9497009277344 2804.300183105469 792.3558410644531 0.7500697544642857 2287.505236816406 0.0 2561.824597167969 323.3270283699036 0.6971261160714286 
280 2481.5357299804687 550.6889343261719 2809.5860961914063 794.2413635253906 0.7408854166666666 2291.702490234375 0.0 2575.018701171875 358.75281336307523 0.7658807663690477 
281 2479.8799438476562 556.1692626953125 2788.4411010742188 788.8546630859375 0.7442103794642857 2308.867919921875 0.0 2582.020263671875 345.46837615966797 0.7693684895833334 
282 2487.88076171875 554.6905090332032 2789.45029296875 791.9911315917968 0.7420247395833334 2307.6234130859375 0.0 2589.4180908203125 355.0384845852852 0.7887602306547619 
283 2489.573034667969 549.338037109375 2800.823693847656 790.306494140625 0.7069847470238095 2300.5440185546877 0.0 2576.6537353515623 361.0815107345581 0.7639276413690477 
284 2484.6611206054686 556.0532501220703 2793.0197875976564 793.6410247802735 0.7214936755952381 2291.402392578125 0.0 2589.650830078125 344.71292371749877 0.7097284226190477 
285 2478.655126953125 547.4856811523438 2802.266259765625 800.3067993164062 0.7400251116071429 2296.6238647460937 0.0 2579.7836059570313 351.4519744873047 0.6662248883928571 
286 2474.6205932617186 549.0584594726563 2813.6320922851564 796.9921997070312 0.7363746279761905 2304.5310546875 0.0 2532.22529296875 348.0258484363556 0.7432105654761905 
287 2496.3897338867187 548.5041198730469 2831.2828735351563 793.4260559082031 0.6696428571428571 2295.4923095703125 0.0 2505.4251708984375 334.3415901660919 0.6926618303571429 
288 2486.0795288085938 552.1078430175781 2819.7234497070312 791.1362976074219 0.7284226190476191 2295.6994384765626 0.0 2519.7888427734374 340.467991733551 0.7102632068452381 
289 2480.8861694335938 548.8753784179687 2809.8137817382812 791.7757446289063 0.7117513020833334 2319.7312133789064 0.0 2527.2084838867186 360.6665386676788 0.7525111607142857 
290 2480.60029296875 549.5365631103516 2809.10673828125 792.1259735107421 0.7351888020833334 2313.8200073242188 0.0 2571.5713500976562 386.44963321685793 0.7844819568452381 
291 2486.8863525390625 554.8428283691406 2795.1697998046875 787.3189147949219 0.7206333705357143 2293.6744140625 0.0 2591.85048828125 295.9312933921814 0.5877511160714286 
292 2485.3488159179688 560.1657470703125 2809.3506469726562 779.34365234375 0.7389555431547619 2281.381237792969 0.0 2562.500842285156 334.7570960044861 0.6801525297619048 
293 2489.821643066406 555.0869201660156 2804.562878417969 766.4802185058594 0.6732933407738095 2290.7144775390625 0.0 2577.2698974609375 329.60067043304446 0.7405598958333334 
294 2478.1076171875 552.7907684326171 2796.76884765625 790.5221588134766 0.7312127976190477 2300.4901733398438 0.0 2573.6282348632812 309.61216926574707 0.7430710565476191 
295 2480.8700317382813 552.2031799316406 2804.3113647460937 789.7304138183594 0.7198660714285714 2293.8805297851563 0.0 2586.9991088867187 316.61970081329343 0.7378162202380952 
296 2491.96806640625 540.9880218505859 2800.24580078125 788.6208038330078 0.6780482700892857 2305.5631103515625 0.0 2578.4647216796875 299.9639419555664 0.6524367559523809 
297 2490.135107421875 543.2761291503906 2792.779931640625 785.3920837402344 0.5593377976190477 2266.4492797851562 0.0 2624.5792846679688 777.4379687309265 0.4017973400297619 
298 2485.75126953125 548.1986267089844 2803.69013671875 790.4377258300781 0.7373046875 2295.1432983398436 0.0 2582.8022583007814 327.11657943725584 0.7232375372023809 
299 2487.330419921875 548.1850891113281 2815.638818359375 790.6282653808594 0.7173084077380952 2328.22705078125 0.0 2520.1611328125 290.97776544094086 0.7049851190476191 
