0 2101.763391113281 836.8176086425781 2157.540563964844 920.4830505371094 0.8001069568452381 1982.6116271972655 759.6326263427734 2063.953192138672 830.5158721923829 0.7225864955357143 
1 2102.568505859375 835.5439514160156 2157.271337890625 920.5078063964844 0.7893647693452381 1981.9269409179688 760.0255340576172 2065.7271118164062 832.1865631103516 0.7024739583333334 
2 2103.0046508789064 835.664273071289 2157.9033081054686 920.9321014404297 0.7905970982142857 1982.201104736328 759.2466064453125 2063.9647888183595 829.3298095703125 0.7197730654761905 
3 2102.6967163085938 835.415493774414 2157.8118286132812 921.0197479248047 0.7961542038690477 1980.1085388183594 756.8922515869141 2065.7128723144533 827.2519744873047 0.7247953869047619 
4 2103.944677734375 836.583950805664 2157.583642578125 920.5409881591797 0.7924339657738095 1979.2198608398437 756.5735015869141 2064.342883300781 826.5377655029297 0.7227027529761905 
5 2104.571423339844 835.1876007080078 2158.235461425781 921.5164398193359 0.7978515625 1980.821514892578 756.1724273681641 2064.817034912109 827.3354461669921 0.7272367931547619 
6 2104.4116333007814 835.8240417480469 2157.9836303710936 922.0050598144531 0.7975725446428571 1982.7996154785155 756.9441802978515 2065.486883544922 827.9853240966797 0.7165411086309523 
7 2103.739465332031 836.2055541992188 2158.443884277344 922.3359497070312 0.7933872767857143 1983.0941284179687 757.8645294189453 2066.896838378906 832.3556243896485 0.7021484375 
8 2104.491015625 837.5411834716797 2158.34833984375 923.0103912353516 0.7900390625 1984.1678527832032 757.9711212158203 2066.1245056152343 830.561410522461 0.6984514508928571 
9 2104.7057250976563 837.8654205322266 2158.6319213867187 922.2712371826171 0.7915504092261905 1983.9586303710937 756.39033203125 2068.364367675781 827.9008056640625 0.6921735491071429 
10 2104.555615234375 838.522006225586 2158.538623046875 921.8431671142578 0.7908761160714286 1985.7576232910155 755.9230255126953 2067.905340576172 827.5087982177735 0.6831984747023809 
11 2105.3484741210937 837.6502471923828 2159.3006958007813 922.0970062255859 0.7857375372023809 1988.5575378417968 754.1959442138672 2069.4855529785154 826.9139801025391 0.7021251860119048 
12 2104.0805053710938 837.3442840576172 2159.9636840820312 923.4974517822266 0.7892717633928571 1989.0453674316407 752.9822387695312 2071.705975341797 825.1646118164062 0.6910807291666666 
13 2106.767199707031 837.7386138916015 2160.340466308594 922.7572967529297 0.78955078125 1987.436376953125 751.4208465576172 2073.619775390625 823.628530883789 0.6669456845238095 
14 2106.321923828125 836.7328247070312 2160.148779296875 923.3240600585938 0.7839704241071429 1988.4965209960938 750.9066802978516 2072.7473754882812 824.6262176513671 0.6458798363095238 
15 2104.798828125 838.2740966796875 2161.95947265625 923.4317138671875 0.7899228050595238 1988.5035705566406 751.6807739257813 2073.661346435547 825.1729858398437 0.6926153273809523 
16 2106.8064208984374 837.6621948242188 2160.7380126953126 922.0768188476562 0.7852260044642857 1989.0228393554687 752.3006164550782 2071.092639160156 826.1633728027343 0.6935918898809523 
17 2106.7712158203126 838.5399627685547 2161.6447998046874 922.6015777587891 0.7979213169642857 1988.716864013672 752.3679138183594 2070.4434143066405 828.2568420410156 0.6937081473214286 
18 2106.2096435546873 838.0330810546875 2162.1648681640627 923.13134765625 0.7990606398809523 1990.3990783691406 753.0244812011719 2070.834197998047 828.7969299316406 0.6911737351190477 
19 2105.802038574219 838.6988647460937 2162.575158691406 924.4376098632813 0.8012230282738095 1990.8302001953125 753.1828979492187 2070.7757568359375 830.8112426757813 0.6820824032738095 
20 2106.21279296875 839.131201171875 2161.88681640625 922.642236328125 0.7926432291666666 1992.76806640625 753.2558654785156 2072.79931640625 830.9675231933594 0.6914527529761905 
21 2106.12763671875 837.7126373291015 2161.91337890625 923.7155242919922 0.7939453125 1994.2434326171874 750.6369750976562 2074.4352783203126 831.9910766601563 0.7076822916666666 
22 2105.4074829101564 838.3473297119141 2162.1088745117186 923.9779266357422 0.8036644345238095 1997.96875 752.0491241455078 2075.4990234375 829.579476928711 0.69970703125 
23 2106.2490844726562 837.9427459716796 2162.8400268554688 923.4065582275391 0.8102213541666666 2000.7963439941407 753.2341064453125 2078.175701904297 825.993798828125 0.7168666294642857 
24 2104.558349609375 839.6952026367187 2162.753662109375 923.4963256835938 0.8017578125 2002.1348449707032 753.1634643554687 2078.9524353027346 826.4893676757813 0.7320963541666666 
25 2105.6796020507813 837.8736694335937 2162.4558959960937 923.6171752929688 0.7992234002976191 2002.8231018066406 753.0214080810547 2078.1382019042967 824.8606109619141 0.7356538318452381 
26 2105.1041870117188 837.7944946289062 2162.2505493164062 922.9308471679688 0.7926199776785714 2001.7115417480468 753.7794647216797 2076.3515686035157 828.4195709228516 0.71533203125 
27 2105.3346557617188 837.6604919433594 2162.4175415039062 922.7024230957031 0.7888764880952381 2001.1605529785156 753.4698944091797 2075.717742919922 830.3570709228516 0.7186337425595238 
28 2105.1387329101562 837.6124389648437 2162.1613159179688 922.5640747070313 0.7871326264880952 2001.07529296875 753.2426147460938 2075.55361328125 832.3756713867188 0.7134719122023809 
29 2104.375109863281 837.5037078857422 2161.471325683594 922.5650787353516 0.7938988095238095 2002.1042907714843 751.9941345214844 2075.513507080078 832.3946594238281 0.7146809895833334 
30 2103.3411254882812 837.9737396240234 2160.3700561523438 922.9351348876953 0.7873651413690477 2002.0856872558593 751.132177734375 2075.408575439453 836.09365234375 0.70556640625 
31 2102.3338012695312 838.1026733398437 2161.7621459960938 923.1669799804688 0.7896205357142857 2003.7792358398438 752.0523803710937 2078.3562622070312 837.1166870117188 0.7094261532738095 
32 2102.5706787109375 837.333773803711 2161.8546142578125 924.5158966064453 0.7951543898809523 2007.3411437988282 752.789501953125 2078.2490661621096 836.4843017578125 0.7112165178571429 
33 2102.489013671875 838.4726654052735 2161.795166015625 924.5245880126953 0.7936662946428571 2009.1469116210938 752.4654388427734 2078.9187622070312 839.6802520751953 0.7121465773809523 
34 2102.126904296875 840.1094116210937 2161.359423828125 923.7315307617188 0.7884812127976191 2008.900946044922 752.154345703125 2078.5859924316405 839.260693359375 0.7117047991071429 
35 2102.2947265625 839.3081085205079 2161.4904296875 924.0392425537109 0.7912713913690477 2008.9920776367187 753.193002319336 2079.794787597656 841.4063018798828 0.7142159598214286 
36 2101.8028198242187 838.9688507080078 2161.2711547851563 925.2564300537109 0.7966424851190477 2010.8958618164063 753.3539093017578 2080.858776855469 843.139682006836 0.7271670386904762 
37 2101.506884765625 838.806021118164 2160.772412109375 925.9610076904297 0.7965959821428571 2011.3125 754.0197509765625 2077.55029296875 840.0127197265625 0.7380022321428571 
38 2099.7936279296873 836.8730102539063 2161.6458251953127 926.7339233398437 0.7931780133928571 2011.4138305664062 755.585205078125 2076.7670776367186 841.945068359375 0.7305617559523809 
39 2099.035266113281 835.1514953613281 2159.819470214844 926.3281188964844 0.7932012648809523 2011.4103881835938 755.9339630126954 2075.7016723632814 840.0969818115234 0.7285621279761905 
40 2097.79228515625 836.8308746337891 2159.71748046875 925.6292694091796 0.7978748139880952 2010.2072814941407 756.480908203125 2075.637811279297 840.60576171875 0.7278645833333334 
41 2097.6534912109373 837.9632598876954 2160.7625244140627 922.1088226318359 0.7963169642857143 2010.1817687988282 756.28994140625 2075.6281677246093 839.2668212890625 0.7333286830357143 
42 2100.3304077148437 833.6643798828125 2165.8480590820313 914.391650390625 0.7960611979166666 2010.3333374023437 755.8619873046875 2075.8509887695313 840.0991943359375 0.7362351190476191 
43 2105.9323608398436 826.1235656738281 2172.6547973632814 902.2105407714844 0.8269856770833334 2011.7915344238281 755.9794891357421 2075.0022888183594 839.0899078369141 0.7377464657738095 
44 2114.3184204101562 809.9949829101563 2178.8566284179688 886.2674682617187 0.80322265625 2010.3801574707031 754.8892608642578 2076.0918884277344 839.3756927490234 0.7456519717261905 
45 2120.8435180664064 792.8824188232422 2190.2338745117186 866.977261352539 0.7985026041666666 2009.8367004394531 757.0563293457031 2076.8750915527344 835.8556579589844 0.7493954613095238 
46 2126.5546752929686 778.7862976074218 2196.5778930664064 851.1830627441407 0.7898763020833334 2007.2325134277344 754.8670288085938 2074.881866455078 836.7584594726562 0.7448846726190477 
47 2125.351708984375 768.3895751953125 2202.658544921875 840.8645751953125 0.7954566592261905 2005.5358642578126 754.4986083984375 2074.3869873046874 842.6764404296875 0.7483723958333334 
48 2117.476806640625 762.9261016845703 2204.864990234375 834.5359954833984 0.7724376860119048 2004.6000244140625 754.8501373291016 2074.9961669921877 839.8110565185547 0.7497907366071429 
49 2109.72587890625 764.5568878173829 2206.16962890625 832.9221771240234 0.8060128348214286 2003.7502502441407 754.1330932617187 2074.557244873047 839.5896850585938 0.7431873139880952 
50 2101.252893066406 768.4203155517578 2202.783972167969 847.6642181396485 0.8238932291666666 2002.912335205078 753.8002227783203 2073.488909912109 844.1877532958985 0.7544642857142857 
51 2091.188342285156 782.1674102783203 2186.764050292969 867.8132415771485 0.84228515625 2002.2483764648437 753.3801513671875 2074.2406372070313 840.2671875 0.7357700892857143 
52 2081.8863891601563 794.4594879150391 2179.0210815429687 889.1034393310547 0.8349144345238095 2004.5811462402344 754.4177825927734 2074.318878173828 839.0992462158204 0.7451404389880952 
53 2073.525732421875 810.9929046630859 2172.493310546875 898.8266143798828 0.8181501116071429 2004.4865478515626 755.5615936279297 2075.0007568359374 837.209829711914 0.73876953125 
54 2064.5453979492186 824.3276611328125 2164.5612915039064 908.2916015625 0.7914109002976191 2004.0419982910157 755.7982849121094 2076.892938232422 840.9970031738281 0.7357700892857143 
55 2056.5603271484374 832.3082244873046 2158.0929931640626 915.2678863525391 0.8239397321428571 2005.6986694335938 755.6825378417968 2077.5144653320312 842.3567687988282 0.7454659598214286 
56 2052.559716796875 833.2012878417969 2155.618994140625 921.5379699707031 0.81640625 2004.9937561035156 755.717984008789 2078.6076843261717 836.6932098388672 0.7448381696428571 
57 2051.2223999023436 837.1549560546875 2151.2129028320314 924.951611328125 0.8406575520833334 2006.6204650878906 755.9711547851563 2078.5649597167967 840.1096557617187 0.7481398809523809 
58 2049.5981323242186 841.2458435058594 2145.8752563476564 930.2109436035156 0.8488420758928571 2006.334210205078 755.2806854248047 2079.456195068359 841.8083648681641 0.7565336681547619 
59 2048.603479003906 844.0622192382813 2140.879675292969 936.3384155273437 0.8558872767857143 2008.1625610351562 756.0355773925781 2078.583776855469 842.2410339355469 0.7506975446428571 
60 2050.050891113281 849.0110748291015 2140.561169433594 938.3144256591797 0.8436569940476191 2008.7876037597657 755.1124847412109 2078.782098388672 845.6226837158204 0.7472098214285714 
61 2050.3485473632813 853.6591278076172 2139.5931030273437 941.697866821289 0.8374255952380952 2007.9061950683595 756.5288604736328 2079.060723876953 842.155648803711 0.7390252976190477 
62 2051.7946044921873 857.1541534423828 2137.2664306640627 942.6260589599609 0.8460053943452381 2009.2901428222656 756.773306274414 2077.9084655761717 837.4298797607422 0.7492792038690477 
63 2053.1458251953127 858.242953491211 2136.6232177734373 946.5597198486328 0.8413318452380952 2009.0804138183594 756.1529418945313 2079.249786376953 842.0500610351562 0.7522553943452381 
64 2054.866015625 860.0164916992187 2134.8693359375 947.2929565429688 0.8296363467261905 2009.3628662109375 757.8674743652343 2079.6688720703123 841.5075256347657 0.7534877232142857 
65 2054.151965332031 860.9530242919922 2136.169079589844 945.3824859619141 0.8337518601190477 2009.0147277832032 759.3129150390625 2080.1765563964846 840.123974609375 0.7555803571428571 
66 2055.25625 861.6252075195313 2134.85458984375 946.0477661132812 0.8375651041666666 2007.571435546875 759.3440704345703 2082.345556640625 837.7364349365234 0.7753208705357143 
67 2056.015734863281 863.2662414550781 2134.852673339844 945.7418151855469 0.8432849702380952 2007.9205627441406 758.3525024414063 2083.118865966797 844.4667114257812 0.7710890997023809 
68 2055.814306640625 862.537142944336 2136.310205078125 950.3508575439453 0.8424711681547619 2007.5917053222656 760.0408905029296 2083.208953857422 841.7564117431641 0.7919921875 
69 2056.3623657226562 862.753872680664 2137.2902221679688 948.5866424560547 0.8439592633928571 2007.7395446777343 755.3214813232422 2084.989093017578 848.511343383789 0.7929920014880952 
70 2055.48896484375 863.3790985107422 2137.5349609375 947.8742584228515 0.8524925595238095 2007.8723266601562 749.5886413574219 2086.2446166992186 848.7785461425781 0.8065708705357143 
71 2055.5639038085938 862.1649810791016 2139.0720825195312 948.1291473388671 0.8543061755952381 2007.15009765625 741.8151550292969 2084.51787109375 847.4282531738281 0.8253115699404762 
72 2056.2807373046876 862.0742553710937 2138.9951416015624 948.4925170898438 0.8492606026785714 2009.1304992675782 735.3907287597656 2080.7341247558593 841.5617858886719 0.8271019345238095 
73 2054.8849365234373 861.9388275146484 2136.7259033203127 951.2198028564453 0.8485630580357143 2008.9090087890625 728.8281463623047 2075.8697998046873 839.1893707275391 0.8251488095238095 
74 2052.384326171875 862.7154113769532 2136.716748046875 948.2880065917968 0.86083984375 2005.5913879394532 723.6720367431641 2073.8015563964846 840.2490447998047 0.8192661830357143 
75 2052.4711181640623 860.7724182128907 2136.6226318359377 949.8743103027343 0.8477260044642857 2005.9209777832032 717.7905517578125 2072.7473571777346 841.5431884765625 0.8065941220238095 
76 2049.6124633789063 861.5180511474609 2137.2447143554687 950.4022979736328 0.8667922247023809 2006.3741149902344 715.4802673339843 2076.480010986328 843.1730529785157 0.7931780133928571 
77 2049.016735839844 862.0844451904297 2138.278430175781 948.831753540039 0.8532133556547619 2006.5617553710938 714.0241516113281 2078.2226684570314 843.5164978027344 0.7583937872023809 
78 2049.3401000976564 862.764614868164 2136.0786010742186 952.0171844482422 0.8318917410714286 2007.8564758300781 710.126187133789 2076.9959411621094 848.4048797607422 0.7499069940476191 
79 2048.7424194335936 861.805224609375 2137.1103637695314 952.69794921875 0.8373093377976191 2008.054266357422 710.1716033935547 2078.7485900878905 852.822720336914 0.7551153273809523 
80 2048.5966918945314 861.821157836914 2137.3791381835936 953.1402069091797 0.8292178199404762 2006.5958740234375 710.5983489990234 2078.8899658203127 852.6502471923828 0.7516741071428571 
81 2048.167590332031 863.4159790039063 2137.287731933594 951.2630981445312 0.8400995163690477 2003.9012268066406 712.5971130371094 2077.7436706542967 851.3700500488281 0.7714378720238095 
82 2048.5549926757812 864.4377960205078 2136.3954467773438 952.2783294677735 0.8441685267857143 2003.1657653808593 713.7770599365234 2077.002813720703 851.2665802001953 0.7727632068452381 
83 2047.1018676757812 864.5156066894531 2137.3417358398438 952.2133972167969 0.8401692708333334 2002.0797546386718 712.5353790283203 2075.7968322753904 854.8854583740234 0.7512555803571429 
84 2046.469384765625 866.0944152832031 2134.840185546875 950.6780456542969 0.8395414806547619 2000.4872314453125 715.8151794433594 2074.9712646484377 857.2087463378906 0.7555803571428571 
85 2045.584033203125 865.1773345947265 2134.988232421875 950.7498504638672 0.8419596354166666 2001.3241882324219 714.4184509277344 2074.1246643066406 854.9106506347656 0.7607654389880952 
86 2045.4885620117188 864.69951171875 2135.758264160156 951.155224609375 0.8418201264880952 2001.7227416992187 714.7713012695312 2072.9215454101563 854.6260375976562 0.7432803199404762 
87 2045.399755859375 864.054931640625 2137.575341796875 951.1796875 0.8469819568452381 2004.168682861328 716.41884765625 2074.878558349609 854.050634765625 0.7393740699404762 
88 2046.2423095703125 864.2877899169922 2137.7279052734375 951.961538696289 0.8394252232142857 2004.4579772949219 716.9920013427734 2076.8839416503906 852.9498321533204 0.7415364583333334 
89 2046.7032470703125 865.7043548583985 2137.9984130859375 953.1956085205078 0.8383091517857143 2008.2246215820312 720.1294647216797 2077.9640991210936 852.000357055664 0.7278878348214286 
90 2047.962060546875 865.007192993164 2139.100439453125 949.8167205810547 0.8224981398809523 2010.523095703125 717.1503845214844 2080.142919921875 851.3266662597656 0.7402576264880952 
91 2048.4689697265626 865.0841247558594 2140.1780029296874 952.9720275878906 0.8300316220238095 2011.7754455566405 715.7629455566406 2081.830877685547 849.5053649902344 0.7389322916666666 
92 2049.6938354492186 866.2800384521485 2140.7468383789064 951.0100616455078 0.8343331473214286 2013.4086120605468 718.0267181396484 2081.6984436035154 848.2834014892578 0.7214936755952381 
93 2050.669580078125 867.0335998535156 2140.309912109375 949.0984802246094 0.8343098958333334 2014.1531311035155 715.3833892822265 2083.592840576172 849.2123748779297 0.7295154389880952 
94 2051.031884765625 866.6355743408203 2140.526220703125 952.3483734130859 0.8370535714285714 2012.6356506347656 714.4079833984375 2081.962371826172 850.54013671875 0.7186104910714286 
95 2050.8585693359373 866.9152862548829 2140.4246337890627 952.6969573974609 0.8390531994047619 2012.5770568847656 714.565542602539 2080.697723388672 850.8069549560547 0.7247953869047619 
96 2051.5361938476562 866.865966796875 2142.0490112304688 951.093017578125 0.8257068452380952 2015.0797912597657 716.3016723632812 2077.935711669922 848.2992797851563 0.7389555431547619 
97 2052.9950439453123 867.2523651123047 2143.3418701171877 951.3250885009766 0.8390531994047619 2018.0048461914062 716.9638458251953 2076.981237792969 848.7196868896484 0.7346307663690477 
98 2054.8715576171876 869.4706481933594 2142.5307861328124 952.1207824707031 0.8513067336309523 2020.9157836914062 719.10126953125 2077.2680541992186 844.3287841796875 0.7544642857142857 
99 2056.348840332031 869.5420928955078 2144.340368652344 951.3371185302734 0.8514229910714286 2023.840478515625 718.3928741455078 2079.609716796875 846.0427337646485 0.7574404761904762 
100 2057.820068359375 869.0952331542969 2144.725830078125 952.2763488769531 0.8522832961309523 2024.1561340332032 719.0635589599609 2080.0239196777343 844.4560333251953 0.7531389508928571 
101 2057.3565185546877 869.2561828613282 2144.1346923828123 951.0757263183593 0.8399600074404762 2025.2198547363282 717.1080047607422 2084.7248474121093 844.796109008789 0.7242373511904762 
102 2057.1728515625 869.1376434326172 2144.23095703125 952.4648345947265 0.8579566592261905 2020.5317626953124 714.0112976074219 2085.2035888671876 848.3297668457031 0.7398623511904762 
103 2055.8575439453125 868.7718536376954 2143.1854248046875 952.3572357177734 0.8484235491071429 2014.832537841797 711.1977233886719 2083.447369384766 854.6650695800781 0.7321428571428571 
104 2054.627734375 868.5444580078125 2142.0197265625 952.191015625 0.8563290550595238 2010.2594360351563 709.7024230957031 2082.6700073242187 863.2625427246094 0.7589285714285714 
105 2053.3548217773437 869.3795227050781 2140.4418090820313 955.2225280761719 0.8656296502976191 2004.0692443847656 711.8092559814453 2078.715301513672 861.101449584961 0.7892020089285714 
106 2051.4515991210938 868.1090545654297 2141.0662231445312 956.4791412353516 0.8627697172619048 1999.1285217285156 713.6290161132813 2077.5412780761717 862.9868286132812 0.7953404017857143 
107 2051.1212524414063 870.03271484375 2139.3374877929687 954.5216064453125 0.8652111235119048 1999.0323974609375 714.5789031982422 2074.8240478515627 862.4344635009766 0.7847377232142857 
108 2050.654187011719 870.0850067138672 2138.360705566406 955.3209381103516 0.8681408110119048 1997.916326904297 718.1426513671875 2073.2698303222655 860.2025634765625 0.7830636160714286 
109 2051.7014404296874 870.3504455566406 2138.1393798828126 954.3189880371094 0.8671642485119048 2000.2182983398438 717.6588562011718 2071.838586425781 857.1947814941407 0.7661597842261905 
110 2050.18984375 869.504833984375 2140.22373046875 955.838671875 0.8565383184523809 2003.1331604003906 716.475552368164 2073.4336120605467 854.6098358154297 0.7612769717261905 
111 2052.4215087890625 869.6927612304687 2140.0477294921875 954.8506958007813 0.8596075148809523 2005.3330200195312 715.6109985351562 2073.2126342773436 852.6042114257813 0.7488839285714286 
112 2052.113146972656 870.5538024902344 2139.709851074219 955.6830139160156 0.8581426711309523 2007.2234130859374 716.0019500732421 2072.6125244140626 849.2477447509766 0.7371651785714286 
113 2052.78955078125 871.046743774414 2140.55859375 953.8710418701172 0.8639322916666666 2009.8559631347657 721.8012817382812 2074.137567138672 845.4196655273438 0.7573009672619048 
114 2053.457165527344 871.1560638427734 2140.795520019531 956.0343048095704 0.8572823660714286 2011.0180114746095 723.4944213867187 2072.524102783203 841.5859008789063 0.7650669642857143 
115 2053.804064941406 872.2496490478516 2141.381726074219 954.8933563232422 0.8579334077380952 2010.1575256347655 723.0925445556641 2073.065496826172 840.2738494873047 0.7674386160714286 
116 2054.5402954101564 872.1580627441406 2140.8725463867186 954.7904235839844 0.8556315104166666 2009.8088012695312 722.7367858886719 2072.708044433594 842.3686828613281 0.7692057291666666 
117 2054.4968139648436 871.6616607666016 2139.6782348632814 955.6085418701172 0.8477260044642857 2009.7219177246093 721.953173828125 2071.447637939453 844.1699951171875 0.7440243675595238 
118 2053.765734863281 872.5100860595703 2141.311657714844 956.3566741943359 0.8489350818452381 2005.7722595214843 717.9060546875 2073.589190673828 851.074169921875 0.7672991071428571 
119 2053.5248779296876 872.9135833740235 2140.0542236328124 955.7345489501953 0.8457961309523809 2001.8449157714845 714.07041015625 2074.776788330078 854.9896484375 0.7615094866071429 
120 2054.8915893554686 869.8851196289063 2143.6657836914064 957.4262817382812 0.8317987351190477 1998.4592651367188 714.8623413085937 2074.903771972656 855.4213500976563 0.7746698288690477 
121 2058.401232910156 867.9467254638672 2147.007214355469 952.8608306884765 0.8190801711309523 1997.3424194335937 714.684765625 2073.642199707031 856.20830078125 0.7553478422619048 
122 2062.302294921875 865.149462890625 2155.235791015625 943.21357421875 0.8044317336309523 1995.2471984863282 713.9298889160157 2074.5505310058593 855.1888854980468 0.7754138764880952 
123 2069.3776245117188 855.1384338378906 2172.5698852539062 934.7083679199219 0.8221726190476191 1993.6811767578124 713.9305541992187 2073.2509521484376 856.9077026367188 0.7727864583333334 
124 2080.6910400390625 846.4057006835938 2189.5311279296875 918.9657592773438 0.8178245907738095 1992.7336975097655 715.4318878173829 2071.548895263672 855.5479095458984 0.7437686011904762 
125 2104.2129150390624 838.4034545898437 2207.1230224609376 906.1735717773438 0.8155691964285714 1988.7527221679688 716.2337493896484 2071.582971191406 855.5390167236328 0.7459077380952381 
126 2134.23896484375 824.4762878417969 2223.48955078125 894.8710021972656 0.8060593377976191 1990.2103393554687 717.0470520019531 2070.661486816406 855.3223327636719 0.7422340029761905 
127 2163.700549316406 812.3734191894531 2240.671276855469 888.0823913574219 0.7892252604166666 1992.8699829101563 716.9121520996093 2069.840710449219 854.4501525878907 0.7522553943452381 
128 2181.75947265625 808.2206512451172 2246.1462890625 877.657583618164 0.7520926339285714 1996.367578125 717.127230834961 2068.3296875 852.2135284423828 0.7684849330357143 
129 2193.037634277344 799.0465881347657 2248.503137207031 872.1603210449218 0.7676246279761905 1999.5866394042969 715.4602813720703 2067.6581115722656 849.0820159912109 0.7583472842261905 
130 2191.9300903320313 794.7875030517578 2250.0901733398437 871.912875366211 0.7940848214285714 2001.2562866210938 715.4252563476563 2068.2669067382812 848.1820434570312 0.7486281622023809 
131 2189.3100708007814 797.008935546875 2250.1564819335936 874.334814453125 0.7980840773809523 2003.455096435547 714.6613525390625 2069.372174072266 846.4955078125 0.7456519717261905 
132 2184.225048828125 803.2744567871093 2243.502001953125 880.2082092285157 0.8008742559523809 2002.7564453125 715.668911743164 2070.86171875 845.5734588623047 0.7484886532738095 
133 2176.686315917969 812.1080871582031 2239.273889160156 887.2130798339844 0.7901320684523809 2000.5747375488281 714.8085754394531 2070.6726989746094 848.7458679199219 0.7414899553571429 
134 2169.5587524414063 819.0629730224609 2238.7066284179687 898.2686309814453 0.8161272321428571 1999.0586791992187 714.8576568603515 2070.7208618164063 850.6388641357422 0.7605794270833334 
135 2163.7637451171877 825.9462066650391 2234.0570556640623 903.7707733154297 0.7920154389880952 1994.065966796875 713.6027923583985 2070.635205078125 852.9337677001953 0.7678338913690477 
136 2158.8384643554687 832.4998321533203 2226.6539672851563 910.3621673583984 0.7935965401785714 1991.6664184570313 714.3055450439454 2068.2727905273437 853.7042816162109 0.7604399181547619 
137 2153.3259033203126 839.5139923095703 2225.0080810546874 914.9689788818359 0.8031063988095238 1988.96943359375 715.2067626953125 2068.1970703125 853.54091796875 0.7803664434523809 
138 2150.046044921875 843.4841766357422 2219.265966796875 920.2555084228516 0.7977818080357143 1988.0322875976562 715.4997344970703 2068.5792846679688 852.6812347412109 0.7839006696428571 
139 2146.3671020507813 848.3735992431641 2215.6990600585937 924.0085418701171 0.7977120535714286 1988.1154724121093 715.0427886962891 2067.532110595703 853.7067840576171 0.7831798735119048 
140 2141.8696166992186 850.6095031738281 2212.6355102539064 928.9575134277344 0.8077334449404762 1987.2635009765625 715.2988525390625 2066.8751708984373 854.3033203125 0.7712983630952381 
141 2140.615185546875 853.0812438964844 2209.857958984375 932.3956848144531 0.7998744419642857 1986.4410888671875 715.5156494140625 2065.7556884765627 854.0011962890625 0.7726702008928571 
142 2140.0986450195314 854.0032562255859 2205.5788452148436 934.5939727783203 0.7945033482142857 1987.538037109375 716.6986389160156 2065.610400390625 853.9548034667969 0.7743908110119048 
143 2138.9462158203123 853.7788299560547 2205.6289794921877 934.3013092041016 0.8024553571428571 1988.7407653808593 717.8487854003906 2065.488848876953 852.4722595214844 0.7439081101190477 
144 2139.331640625 852.2500030517579 2204.80263671875 932.8297698974609 0.7998976934523809 1991.1016784667968 717.1917999267578 2065.3862365722657 851.9110443115235 0.7490699404761905 
145 2140.1830932617186 852.2255401611328 2204.4616821289064 931.6287689208984 0.8004092261904762 1992.6229125976563 718.1417083740234 2066.984753417969 850.4804229736328 0.7443033854166666 
146 2141.16044921875 851.0328369140625 2206.7228515625 930.4642333984375 0.7902483258928571 1993.6937438964844 718.9867401123047 2068.0817687988283 850.1114654541016 0.73291015625 
147 2142.4057373046876 850.383413696289 2209.2256103515624 928.5501190185547 0.7904808407738095 1994.1216369628905 719.1680755615234 2068.506170654297 850.2864532470703 0.7236328125 
148 2143.506945800781 849.0391815185546 2211.565563964844 928.4409820556641 0.7886904761904762 1995.7071533203125 717.8662872314453 2067.5467529296875 850.2026214599609 0.7306315104166666 
149 2143.5276611328127 848.7661926269532 2211.6754638671873 928.2720153808593 0.7848074776785714 1996.5052551269532 717.4215576171875 2068.4389587402343 849.931103515625 0.7271902901785714 
150 2141.863562011719 848.833871459961 2212.233361816406 926.7433380126953 0.7864118303571429 1997.8372985839844 719.1619262695312 2068.2072570800783 848.5922241210938 0.7158435639880952 
151 2141.8220947265627 847.3301788330078 2210.8712646484373 925.1674407958984 0.7774367559523809 1996.8188598632812 719.7100280761719 2067.1232788085936 849.0201965332031 0.7123790922619048 
152 2142.1500244140625 844.8942413330078 2210.0223388671875 921.5648040771484 0.7638578869047619 1996.9786376953125 720.9934539794922 2066.1077880859375 849.1966705322266 0.7121000744047619 
153 2140.5300415039064 843.2335327148437 2209.5966674804686 919.8348266601563 0.7804594494047619 1996.455828857422 719.2997253417968 2066.778179931641 848.6429016113282 0.7086588541666666 
154 2141.84228515625 841.0219268798828 2208.384765625 916.3531341552734 0.7778552827380952 1996.53974609375 720.0090118408203 2066.84892578125 848.0721038818359 0.7096819196428571 
155 2140.3347900390627 839.7839233398438 2207.0416748046873 916.5594604492187 0.7733909970238095 1996.6107116699218 720.554248046875 2067.0930236816407 848.933056640625 0.7104027157738095 
156 2139.0168579101564 840.0048736572265 2203.5004760742186 917.1321502685547 0.7740652901785714 1997.406201171875 718.9646209716797 2066.947314453125 850.4603668212891 0.7209123883928571 
157 2135.680456542969 842.6406036376953 2201.022912597656 918.0356048583984 0.7821103050595238 1998.1329223632813 719.4471649169922 2065.988415527344 848.8751617431641 0.7083100818452381 
158 2134.560266113281 844.7989898681641 2198.830603027344 920.4113983154297 0.796875 1998.1185913085938 719.3115081787109 2068.6902465820312 849.1127471923828 0.7242606026785714 
159 2132.8431762695313 845.8855499267578 2199.3758178710937 922.460580444336 0.7831101190476191 1998.0404418945313 720.063021850586 2069.5940795898437 849.3618438720703 0.7172386532738095 
160 2134.8845458984374 847.5872039794922 2200.2355712890626 922.9922027587891 0.7850632440476191 1998.817236328125 720.6554260253906 2070.451806640625 848.8439636230469 0.7174711681547619 
161 2135.7695068359376 847.2636291503907 2202.1767822265624 924.9476745605468 0.7839704241071429 1998.3286743164062 721.0030395507813 2069.7477416992188 848.8057983398437 0.7198660714285714 
162 2135.200549316406 848.0566711425781 2205.334851074219 925.7051696777344 0.7884812127976191 1998.1116271972655 721.9983489990234 2070.750555419922 848.4902374267579 0.7152157738095238 
163 2136.3069702148437 848.609262084961 2206.7504028320313 927.8580841064453 0.7917364211309523 1998.6132507324219 721.0272338867187 2071.5724182128906 849.3349487304688 0.7157505580357143 
164 2138.194299316406 849.3046173095703 2207.320593261719 927.2285247802735 0.7844122023809523 1999.3621643066406 720.7204406738281 2073.5156433105467 848.9178649902344 0.7137741815476191 
165 2140.768200683594 848.940316772461 2209.755480957031 927.9622100830078 0.7785760788690477 1999.3200134277345 721.0483642578125 2073.324639892578 846.4799560546875 0.6997535342261905 
166 2139.8830688476564 848.9388244628906 2208.9369995117186 928.0371276855469 0.7856677827380952 2000.3746154785156 719.8125366210937 2073.1950866699217 846.6209350585938 0.6908947172619048 
167 2139.5230346679687 849.376840209961 2209.7633422851563 928.3971466064453 0.79052734375 2002.3710876464843 718.1587280273437 2073.865850830078 847.3506713867188 0.7127511160714286 
168 2141.753466796875 848.9723175048828 2209.531201171875 928.046420288086 0.78759765625 2008.1288818359376 717.66494140625 2070.8862548828124 846.9447998046875 0.6945917038690477 
169 2140.5426025390625 849.0404449462891 2210.7127685546875 927.9821990966797 0.7928292410714286 2008.6837219238282 719.6396240234375 2068.8298278808593 842.437890625 0.6768508184523809 
170 2141.7749267578124 849.7867919921875 2210.8583740234376 928.918896484375 0.7937127976190477 2010.4195678710937 721.0402191162109 2070.710559082031 844.1345245361329 0.6949869791666666 
171 2141.044189453125 849.469937133789 2210.157470703125 928.6360809326172 0.7961542038690477 2010.7438171386718 721.9244201660156 2069.8041564941404 842.5586120605469 0.6986374627976191 
172 2142.33056640625 849.30810546875 2210.19970703125 928.48876953125 0.8005952380952381 2007.7041015625 720.9175506591797 2069.2890625 840.3168853759765 0.6843377976190477 
173 2142.618798828125 849.9252349853516 2210.461279296875 927.8183563232421 0.7882254464285714 2004.5663757324219 716.8497680664062 2071.1524963378906 842.4838500976563 0.6876162574404762 
174 2142.2229248046874 849.3222564697265 2209.9860595703126 928.3792205810547 0.7872023809523809 2000.711737060547 715.5334503173829 2073.4944396972655 849.8048675537109 0.7358165922619048 
175 2142.0680297851563 849.1689453125 2212.7203002929687 928.6527099609375 0.7958286830357143 1996.881610107422 712.8140380859375 2072.580426025391 855.38017578125 0.7501627604166666 
176 2141.325048828125 849.7613677978516 2212.045556640625 929.3217010498047 0.7864118303571429 1996.2902465820312 711.8664855957031 2069.536169433594 858.3584899902344 0.7274693080357143 
177 2142.429797363281 849.6359191894531 2211.973767089844 929.2953552246094 0.7825288318452381 1993.7127502441406 713.5145477294922 2070.8432800292967 860.1891265869141 0.7445126488095238 
178 2141.591455078125 850.5423461914063 2212.436376953125 928.9777954101562 0.7890857514880952 1992.6516845703125 714.2047271728516 2072.3522216796873 860.9550018310547 0.7540457589285714 
179 2142.5786987304687 850.358999633789 2211.9747680664063 929.8491912841797 0.7892950148809523 1995.148046875 717.1959259033204 2072.1146484375 857.2500579833984 0.7465587797619048 
180 2142.3678344726563 850.9846771240234 2212.8106323242187 930.2325469970704 0.7754603794642857 1995.3869140625 714.2119812011719 2073.3767578125 855.0971008300781 0.7497209821428571 
181 2141.35390625 851.7879028320312 2211.538671875 929.4927368164062 0.7822730654761905 1997.1273498535156 718.021826171875 2072.325653076172 852.1252685546875 0.7256789434523809 
182 2141.5080688476564 851.8226623535156 2212.0663940429686 929.9408874511719 0.7808779761904762 1998.8889099121093 716.2303344726563 2070.707403564453 852.3072631835937 0.7165643601190477 
183 2142.189660644531 852.2250671386719 2209.900427246094 929.9671936035156 0.7762741815476191 2003.7296508789063 717.5750366210938 2067.6787963867187 850.4889282226562 0.6895926339285714 
184 2141.4833129882813 851.8237823486328 2209.1839233398437 929.554086303711 0.78173828125 2006.2268798828125 718.3031921386719 2067.6588623046873 849.9432678222656 0.7102864583333334 
185 2142.288928222656 851.923861694336 2207.675183105469 929.8844268798828 0.7907366071428571 2008.566357421875 720.5226379394531 2067.665576171875 847.5228942871094 0.7216796875 
186 2142.549768066406 851.667333984375 2207.956335449219 928.3943115234375 0.7834356398809523 2009.8980834960937 721.7732849121094 2067.757922363281 842.5239562988281 0.7052176339285714 
187 2142.92333984375 850.9945739746094 2208.48828125 929.1680236816406 0.7804129464285714 2008.8356994628907 721.2228881835938 2068.096307373047 839.7437866210937 0.7087983630952381 
188 2144.337512207031 851.0230316162109 2207.476696777344 928.0527130126953 0.7703915550595238 2006.402978515625 717.265267944336 2069.541845703125 842.2806915283203 0.6908017113095238 
189 2144.042443847656 849.9583129882812 2208.274694824219 929.3040161132812 0.7719029017857143 2005.5021606445312 714.6152191162109 2069.734411621094 841.8202667236328 0.7090773809523809 
190 2143.6306762695312 849.6405822753907 2209.2479858398438 929.1384704589843 0.7709263392857143 2001.4762268066406 710.106884765625 2070.879119873047 846.3888427734375 0.7260509672619048 
191 2143.0673095703123 850.3177825927735 2209.7881591796877 928.3688018798828 0.7750186011904762 1998.876287841797 709.1287811279296 2073.1506896972655 852.6419097900391 0.7253534226190477 
192 2142.08232421875 849.2749908447265 2210.17109375 927.4509002685547 0.7841564360119048 1995.4297668457032 710.6242706298829 2073.6057556152346 855.6279876708984 0.7561848958333334 
193 2142.6687255859374 848.873324584961 2210.6603759765626 928.1970489501953 0.7745303199404762 1994.1424194335937 714.1487731933594 2073.4662231445313 861.4643859863281 0.7551850818452381 
194 2142.9285888671875 849.4927337646484 2209.8614501953125 927.7916290283204 0.7748558407738095 1993.8109985351562 715.3355438232422 2073.372839355469 861.8301666259765 0.7410481770833334 
195 2143.0649291992186 849.6372650146484 2209.8635375976564 927.7790557861329 0.7715076264880952 1995.2158935546875 715.45830078125 2074.6180908203123 864.1797607421875 0.7458844866071429 
196 2141.7908325195312 849.312612915039 2212.2260131835938 928.5520721435547 0.7782040550595238 1995.7928955078125 720.1493927001953 2073.7744873046877 862.2773040771484 0.7496279761904762 
197 2142.2017211914062 850.0855560302734 2212.6115112304688 928.0391387939453 0.7734142485119048 1995.1439819335938 719.4212982177735 2074.3547973632812 865.2700469970703 0.7357468377976191 
198 2142.4594482421876 850.4248107910156 2214.1098876953124 928.3602233886719 0.7771577380952381 1999.3524108886718 725.4961029052735 2071.0026916503907 863.7686065673828 0.7455589657738095 
199 2143.4701538085938 850.1462799072266 2213.0896606445312 928.6262420654297 0.7834588913690477 2003.1604614257812 724.9288665771485 2065.1849975585938 859.1042755126953 0.7317010788690477 
200 2143.1094360351562 850.7522186279297 2212.6432495117188 929.1355377197266 0.7886672247023809 2001.8543395996094 730.5029357910156 2065.066680908203 848.0778747558594 0.6882672991071429 
201 2144.020068359375 851.8202606201172 2209.233349609375 928.3205474853515 0.7971540178571429 1996.9040771484374 741.1697479248047 2074.6584228515626 840.2438873291015 0.7239350818452381 
202 2144.6731079101564 851.8684173583985 2208.5473510742186 928.2671417236328 0.7995024181547619 1999.8237854003905 740.8831756591796 2074.970037841797 852.3501617431641 0.7701357886904762 
203 2144.865344238281 851.9286315917968 2210.080212402344 928.4307434082032 0.7975957961309523 1997.8905883789062 739.5390625 2074.392858886719 853.6651611328125 0.7526506696428571 
204 2146.072900390625 852.5719055175781 2208.837255859375 929.1441589355469 0.7973167782738095 1997.7081787109375 737.8583374023438 2074.2805908203127 854.5996704101562 0.7426525297619048 
205 2145.012829589844 851.4532775878906 2209.169543457031 929.4477233886719 0.8047572544642857 1996.3300048828125 736.4937530517578 2074.3242919921877 854.7433685302734 0.7728329613095238 
206 2146.3066284179686 851.9805969238281 2210.6550415039064 928.9464050292969 0.7934337797619048 1997.0335998535156 736.822998046875 2076.522918701172 852.902587890625 0.7651599702380952 
207 2145.480822753906 851.8962860107422 2214.167858886719 928.2153472900391 0.7898995535714286 2003.8993408203125 729.443472290039 2070.0425537109377 857.9137664794922 0.7854352678571429 
208 2144.97958984375 850.1396209716797 2214.8685546875 928.923794555664 0.7831333705357143 2009.257635498047 729.0310028076171 2077.8762756347655 866.2678863525391 0.7712983630952381 
209 2145.4719360351564 849.6582885742188 2214.1703979492186 928.5345825195312 0.7825288318452381 2015.1693603515625 731.9310760498047 2085.1402099609377 864.2396392822266 0.7831798735119048 
210 2145.1051025390625 851.4090362548828 2211.9110107421875 928.2989105224609 0.7779482886904762 2019.201593017578 737.722525024414 2084.7470153808595 858.7295623779297 0.7703915550595238 
211 2144.0601318359377 850.810205078125 2212.0428955078123 928.8644775390625 0.7800641741071429 2018.4566040039062 741.7182067871094 2083.9215698242188 858.7996154785156 0.7580217633928571 
212 2144.916748046875 850.6762237548828 2210.367431640625 927.4546966552734 0.7754836309523809 2015.8554138183595 739.0908416748047 2083.823419189453 859.9225250244141 0.7638113839285714 
213 2144.590576171875 850.2368774414062 2211.456787109375 928.4574584960938 0.7752278645833334 2007.3163635253907 735.6233123779297 2077.967205810547 856.7390533447266 0.7431408110119048 
214 2144.378076171875 850.8871551513672 2212.576025390625 927.925405883789 0.7842261904761905 2000.599267578125 737.3699645996094 2068.797216796875 863.6621398925781 0.7704380580357143 
215 2143.2603271484377 852.4707550048828 2211.4144775390623 926.935189819336 0.7969680059523809 1991.4189392089843 748.2010437011719 2079.766729736328 868.1014465332031 0.787109375 
216 2144.437780761719 850.8331634521485 2208.555139160156 927.5226104736328 0.7913178943452381 1992.5094604492188 745.1796325683594 2074.2276000976562 865.8712707519531 0.7384672619047619 
217 2144.4140014648438 850.9587280273438 2208.4031372070312 927.4946411132812 0.79638671875 1992.7899353027344 743.2969512939453 2074.3444641113283 866.2562103271484 0.7635788690476191 
218 2143.9067504882814 851.568017578125 2208.8347045898436 927.7338623046875 0.79736328125 1993.3037048339843 743.1781677246094 2073.215460205078 868.0402160644531 0.7554640997023809 
219 2144.8123168945312 852.4300231933594 2208.5189819335938 927.3791809082031 0.7935267857142857 1995.1061401367188 742.4566192626953 2073.8027954101562 871.1192474365234 0.7506045386904762 
220 2143.9508544921873 850.8357238769531 2208.9134033203127 927.0417175292969 0.7925502232142857 1993.6531799316406 741.2836303710938 2078.6040222167967 867.4607543945312 0.7352120535714286 
221 2143.40810546875 851.7628936767578 2207.20078125 926.8132171630859 0.7959216889880952 1993.9810607910156 743.998403930664 2085.2922546386717 869.0822235107422 0.7676246279761905 
222 2144.7768310546876 850.7743286132812 2209.0830322265624 926.4285522460938 0.7962239583333334 1995.408221435547 739.0873596191407 2084.932232666016 866.4386413574218 0.7943870907738095 
223 2145.2890869140624 850.4676879882812 2209.8783935546876 927.7215209960938 0.7817615327380952 2003.7383056640624 737.6555450439453 2070.8603271484376 855.436068725586 0.7836449032738095 
224 2143.387976074219 849.52568359375 2210.184045410156 927.6643798828125 0.7736700148809523 2011.3956298828125 735.1290740966797 2079.4520263671875 863.6798248291016 0.7529761904761905 
225 2143.8517944335936 849.5994384765625 2209.3173950195314 927.654345703125 0.7669968377976191 2017.3757446289062 736.1486358642578 2087.8769409179686 865.8205413818359 0.7493257068452381 
226 2143.8339965820314 850.4223815917969 2210.5139038085936 927.1669738769531 0.7703915550595238 2017.5878479003907 738.4508026123046 2088.041912841797 863.0034820556641 0.7476515997023809 
227 2143.2283203125 849.8874969482422 2209.84443359375 927.8156890869141 0.7668805803571429 2016.280810546875 739.8598266601563 2085.410595703125 858.0090698242187 0.7587193080357143 
228 2145.5303588867187 850.9828735351563 2212.2794555664063 927.8072875976562 0.7711821056547619 2011.8384643554687 742.140185546875 2078.5875610351563 855.487744140625 0.7569986979166666 
229 2144.7013305664063 850.7436798095703 2212.7066284179687 927.5643646240235 0.7775065104166666 2003.6049865722657 743.6499664306641 2085.463250732422 867.0668914794921 0.7549525669642857 
230 2144.6834106445312 851.1110595703125 2211.2528686523438 927.7285400390625 0.7919456845238095 2000.1923461914062 747.7788787841797 2088.114050292969 865.8452056884765 0.7709030877976191 
231 2144.4967041015625 851.8890960693359 2208.0716552734375 927.9298126220704 0.7967587425595238 2000.6617553710937 747.6566375732422 2089.168078613281 871.0670562744141 0.7586495535714286 
232 2144.095703125 851.8168731689453 2210.15576171875 927.8482269287109 0.8007579985119048 2000.5662170410155 746.2071075439453 2089.061590576172 873.3415374755859 0.7616722470238095 
233 2143.377685546875 852.6909362792969 2210.656494140625 927.4455383300781 0.8008045014880952 2000.8647094726562 746.0219665527344 2090.570104980469 873.1047424316406 0.7575102306547619 
234 2144.207275390625 852.0450958251953 2208.966064453125 928.012338256836 0.7955729166666666 2002.2836547851562 745.853793334961 2093.195104980469 870.3902862548828 0.7439313616071429 
235 2143.381494140625 851.7092407226562 2208.145361328125 927.6821166992188 0.7992699032738095 2000.7287536621093 742.2047424316406 2097.874395751953 870.4869079589844 0.7506510416666666 
236 2143.857080078125 851.8050476074219 2209.268408203125 927.2797912597656 0.7927362351190477 2001.7614379882812 741.0604522705078 2091.073278808594 870.6253997802735 0.7400483630952381 
237 2143.7593383789062 850.0135101318359 2209.5226440429688 927.1590362548828 0.7899925595238095 2005.7632873535156 737.9434387207032 2070.2619812011717 850.4999206542968 0.7257254464285714 
238 2142.443701171875 848.3818511962891 2210.542626953125 926.5695037841797 0.7822033110119048 2012.5997314453125 735.1745849609375 2079.4373779296875 861.2837890625 0.7540690104166666 
239 2140.87666015625 848.8722320556641 2208.93876953125 925.7573455810547 0.7719959077380952 2018.568115234375 734.8534057617187 2087.890869140625 867.1966430664063 0.7476283482142857 
240 2141.6205200195313 847.8144470214844 2208.8958374023437 926.5138000488281 0.7717633928571429 2022.3511657714844 741.8242858886719 2090.895538330078 867.4893127441406 0.7447916666666666 
241 2141.5896484375 847.3792572021484 2209.786328125 926.9419708251953 0.77490234375 2022.6341918945313 737.8955780029297 2094.6194702148437 865.4484771728515 0.7493024553571429 
242 2141.9148681640627 848.1317626953125 2210.0817138671873 926.397412109375 0.7733444940476191 2023.1568908691406 738.8415100097657 2093.848358154297 863.8140075683593 0.7224934895833334 
243 2142.27841796875 847.1464202880859 2210.59951171875 926.8544952392579 0.7757626488095238 2022.8623901367187 739.7012573242188 2088.6529907226563 864.9567016601562 0.7531622023809523 
244 2142.90380859375 848.8695770263672 2210.169921875 927.558218383789 0.7865513392857143 2013.2044494628906 741.2342010498047 2079.2011901855467 864.3437408447265 0.7358863467261905 
245 2143.1522583007813 849.11279296875 2210.4720092773437 926.5938720703125 0.7889462425595238 2005.630792236328 742.3685791015625 2079.3012145996095 864.306103515625 0.74462890625 
246 2142.4936401367186 849.4000732421875 2209.8508422851564 926.9246337890625 0.7946893601190477 2002.5975036621094 744.8446594238281 2087.747344970703 864.3086608886719 0.7649507068452381 
247 2142.5886840820312 849.8527374267578 2208.2758178710938 926.9089202880859 0.8005022321428571 2005.1895812988282 746.9005828857422 2091.0881286621093 865.642935180664 0.7638113839285714 
248 2142.6233032226564 850.3739135742187 2209.3412963867186 927.1624633789063 0.7941545758928571 2004.4426513671874 743.4703125 2093.8195556640626 865.5766845703125 0.7685081845238095 
249 2142.8325805664062 849.9451232910156 2209.9288940429688 928.4350036621094 0.7963169642857143 2006.546563720703 740.3416259765625 2090.1002868652345 865.6722900390625 0.7283296130952381 
250 2143.2000244140627 850.1185150146484 2210.5289794921873 927.6103057861328 0.8003394717261905 2010.9852416992187 737.203237915039 2080.854846191406 861.6983123779297 0.7406296502976191 
251 2142.6656860351563 849.3617218017578 2211.4263549804687 928.308871459961 0.7893880208333334 2017.0457092285155 738.1402526855469 2079.439520263672 864.2010559082031 0.7406761532738095 
252 2142.1057250976564 849.7690277099609 2209.9282104492186 927.8289337158203 0.7855747767857143 2021.1767211914062 739.1266845703125 2087.719519042969 863.25478515625 0.7309802827380952 
253 2142.2009521484374 848.7105865478516 2209.9831298828126 928.0027313232422 0.7819010416666666 2024.0006713867188 743.6435607910156 2093.0615844726562 863.8607116699219 0.7174246651785714 
254 2142.473425292969 848.6780242919922 2208.736291503906 927.6837310791016 0.7802966889880952 2023.4257751464843 745.2649047851562 2093.511358642578 862.4991333007813 0.7176339285714286 
255 2142.0439208984376 848.5065795898438 2208.5019775390624 927.7450073242187 0.7822963169642857 2022.4980102539062 739.6766082763672 2094.068151855469 867.4805572509765 0.7297712053571429 
256 2142.9736572265624 849.1905914306641 2209.2387451171876 928.1989959716797 0.7744373139880952 2022.9905029296874 746.0679748535156 2084.1584228515626 860.7575866699219 0.6791759672619048 
257 2144.19072265625 850.0509826660157 2208.98505859375 928.8204772949218 0.7914341517857143 2013.624853515625 744.9924163818359 2083.501123046875 861.8761749267578 0.7384905133928571 
258 2143.832666015625 851.0307861328125 2209.904150390625 928.5375732421875 0.7949916294642857 2004.2130310058594 750.262240600586 2094.4257629394533 870.9695098876953 0.7555338541666666 
259 2144.4463623046877 851.0565856933594 2208.6586181640623 926.6005187988281 0.7983630952380952 2001.7845764160156 749.9439971923828 2093.696258544922 870.814242553711 0.7536039806547619 
260 2143.8470703125 850.61552734375 2209.27744140625 927.3704345703125 0.8012462797619048 2002.1458068847655 748.5983184814453 2087.708563232422 870.6511322021485 0.7481631324404762 
261 2142.8855102539064 850.8523956298828 2209.6860229492186 927.7359222412109 0.7982700892857143 2002.8859313964845 747.549349975586 2089.852471923828 871.0670440673828 0.7624860491071429 
262 2143.100451660156 851.5311431884766 2208.607312011719 927.1162567138672 0.7926432291666666 2004.9637390136718 746.1965240478515 2091.8864807128907 869.6521697998047 0.7451636904761905 
263 2142.3314819335938 850.8400482177734 2208.9866333007812 926.2986846923828 0.7991303943452381 2004.9581726074218 746.2622436523437 2096.7660705566404 864.4806762695313 0.7548595610119048 
264 2142.4455688476564 850.1573974609375 2209.0556518554686 928.0786865234375 0.7962007068452381 2004.5848388671875 742.4114532470703 2101.3580322265625 874.3748626708984 0.7867606026785714 
265 2142.1622924804688 849.9998992919922 2209.6426391601562 927.6659332275391 0.7926664806547619 2011.7558471679688 739.964810180664 2080.5095336914064 854.5540496826172 0.7398390997023809 
266 2140.7775756835936 849.3082244873046 2209.4170043945314 928.1165191650391 0.7867606026785714 2017.2850219726563 736.8645721435547 2088.466687011719 866.516958618164 0.7762509300595238 
267 2140.3245483398437 848.398681640625 2208.7811645507813 926.9969482421875 0.7966657366071429 2024.4262756347657 736.8398193359375 2091.615106201172 861.075830078125 0.7802966889880952 
268 2141.7395874023437 848.1810668945312 2207.5365356445313 926.6314331054688 0.7967122395833334 2028.687188720703 737.0754638671875 2095.7497009277345 867.4042724609375 0.7874581473214286 
269 2141.5773315429688 848.1424682617187 2207.3501586914062 926.5639526367188 0.7924107142857143 2027.4476745605468 738.3426086425782 2095.7502014160154 866.0937927246093 0.7786923363095238 
270 2142.0837280273436 847.8594543457032 2206.5400512695314 926.2179382324218 0.7764369419642857 2019.3934448242187 741.5019714355469 2093.960314941406 865.3588684082031 0.7919456845238095 
271 2142.4302612304687 849.4859588623046 2207.0719360351563 926.8025543212891 0.7775297619047619 2013.0003845214844 753.6445922851562 2083.9797180175783 858.8458862304688 0.7781343005952381 
272 2143.5870849609373 850.0170806884765 2207.8640869140627 925.6367889404297 0.7823893229166666 2005.4842102050782 748.7059753417968 2098.7485778808596 862.1355773925782 0.7397228422619048 
273 2143.2684692382813 850.0289520263672 2206.8875366210937 927.3696685791016 0.7957821800595238 2010.6088439941407 752.7772766113281 2092.939373779297 866.2935241699219 0.7533482142857143 
274 2143.1299072265624 850.3470001220703 2209.1156982421876 927.5380706787109 0.7963402157738095 2012.9776733398437 751.2244537353515 2086.433703613281 865.7660858154297 0.7610444568452381 
275 2143.407580566406 850.1198089599609 2208.076550292969 927.2253448486329 0.7975492931547619 2014.4996704101563 750.1026031494141 2085.3868041992187 873.2227752685546 0.7681361607142857 
276 2142.867724609375 850.3911560058593 2210.080517578125 927.5613586425782 0.8019205729166666 2014.6656982421875 749.0453979492188 2089.3465087890627 874.7581909179687 0.7703450520833334 
277 2142.6166748046876 851.1975036621094 2211.2329345703124 927.2990783691406 0.8008510044642857 2014.5011474609375 747.6974670410157 2095.5930908203127 872.4541442871093 0.7791341145833334 
278 2143.0151245117186 850.3171875 2210.7468383789064 928.082958984375 0.7933175223214286 2006.9734130859374 747.1762817382812 2099.7907470703126 857.5534545898438 0.7402808779761905 
279 2142.9364624023438 850.565396118164 2211.7434692382812 926.8782684326172 0.7897600446428571 2009.9905212402343 744.4682891845703 2080.048175048828 864.5672943115235 0.7370024181547619 
280 2141.9724853515627 849.6374633789062 2209.0792724609373 926.8735229492188 0.7734607514880952 2009.3175354003906 746.0067993164063 2086.553436279297 868.8247436523437 0.7687872023809523 
281 2141.7638549804688 849.5468017578125 2209.9551391601562 926.57783203125 0.7834356398809523 2016.8433837890625 750.2223419189453 2090.0858154296875 871.451547241211 0.7960146949404762 
282 2141.5916015625 848.8894653320312 2208.4806640625 927.1370239257812 0.7814127604166666 2018.5409912109376 750.74033203125 2091.7402587890624 871.8977294921875 0.7962472098214286 
283 2142.4716552734376 849.6003631591797 2209.2915283203124 926.5062652587891 0.7776227678571429 2017.4631896972655 751.5526519775391 2091.847723388672 871.3241180419922 0.7844122023809523 
284 2141.9850219726563 848.9380798339844 2209.9458862304687 926.9674377441406 0.7816220238095238 2019.8584777832032 752.1760009765625 2089.0779235839846 871.736962890625 0.7746000744047619 
285 2142.5726684570313 850.1144744873047 2209.1687866210937 926.762661743164 0.7907133556547619 2010.4440368652345 753.5552276611328 2099.657647705078 862.8730560302735 0.7778785342261905 
286 2141.8563598632813 850.7013427734375 2207.9700561523437 926.7945068359375 0.8033621651785714 2014.4748168945312 759.2553192138672 2086.825720214844 862.791860961914 0.8221726190476191 
287 2142.3918701171874 850.4541900634765 2208.3840087890626 927.6525604248047 0.79541015625 2015.292236328125 757.9310485839844 2078.794189453125 865.0126770019531 0.8050595238095238 
288 2142.5916748046875 850.9782531738281 2209.5689697265625 926.6377136230469 0.7913876488095238 2016.269952392578 756.6186218261719 2078.2860778808595 864.5263977050781 0.7962704613095238 
289 2141.7114135742186 850.6872741699219 2207.4880493164064 926.3924377441406 0.7893415178571429 2016.6497497558594 755.4591369628906 2082.426544189453 862.1910095214844 0.8175223214285714 
290 2142.2962036132812 849.923828125 2208.1229858398438 926.9288330078125 0.7951311383928571 2014.7505615234375 754.6229461669922 2092.9974853515623 862.6783843994141 0.8226143973214286 
291 2142.54833984375 850.8046234130859 2208.4814453125 926.6898223876954 0.7876674107142857 2008.0506530761718 754.0102996826172 2095.1320861816407 856.0199127197266 0.7292131696428571 
292 2142.8742065429688 849.1579376220703 2209.0405883789062 926.5603851318359 0.7880859375 2010.2048889160155 745.9227081298828 2077.619696044922 860.7779144287109 0.7413504464285714 
293 2142.6249267578123 849.0543762207031 2208.0825927734377 925.8414978027344 0.7854585193452381 2011.3218688964844 747.284878540039 2081.814971923828 866.8713104248047 0.7859933035714286 
294 2142.145068359375 848.8228240966797 2208.805615234375 925.545278930664 0.7880626860119048 2013.0328186035156 749.1224334716796 2083.4665710449217 859.8038970947266 0.7888997395833334 
295 2142.359826660156 848.8658782958985 2207.760046386719 925.5854766845703 0.7865048363095238 2014.0743713378906 755.989614868164 2084.505584716797 857.8632293701172 0.7814127604166666 
296 2143.3019775390626 849.0563446044922 2207.5637451171874 925.9184478759765 0.7871791294642857 2017.0076477050782 757.4130493164063 2083.7895935058596 855.6957153320312 0.7863885788690477 
297 2143.4791625976563 849.2341125488281 2206.5459838867187 926.1757995605469 0.7910853794642857 2012.736572265625 756.2346801757812 2082.110107421875 857.1417846679688 0.7783435639880952 
298 2142.1544189453125 848.6116912841796 2207.6209716796875 926.6677886962891 0.7904575892857143 2010.3500915527343 756.658544921875 2093.442022705078 851.081201171875 0.7445126488095238 
299 2141.3689819335937 850.2365234375 2208.7782348632813 926.3839599609375 0.7996419270833334 2015.7209167480469 761.6539123535156 2081.8817443847656 856.5261413574219 0.8015485491071429 
