0 1769.2589965820312 536.8524536132812 1965.7795776367188 673.9599243164063 0.7462797619047619 1506.9970947265624 647.5930755615234 1813.2035888671876 830.4029571533204 0.7260509672619048 
1 1780.953125 530.7500213623047 1960.43310546875 679.8097320556641 0.79541015625 1498.5118225097656 638.1572540283203 1793.589129638672 829.805453491211 0.7080078125 
2 1783.7908325195312 535.0981384277344 1962.6090698242188 686.1687072753906 0.7808082217261905 1507.2628479003906 639.5669097900391 1760.0749206542969 830.7174530029297 0.7107747395833334 
3 1781.0946533203125 531.5116271972656 1963.8823974609375 677.7417907714844 0.7939453125 1498.8283142089845 633.3337921142578 1751.684503173828 831.3537689208985 0.6880580357142857 
4 1786.4796508789063 528.6830322265625 1964.2010131835937 684.5789306640625 0.7741117931547619 1496.7531188964845 636.371127319336 1774.247735595703 835.9178741455078 0.7090773809523809 
5 1785.9248168945312 529.3816467285156 1969.3412963867188 681.7106384277344 0.7741117931547619 1499.2020751953125 631.253125 1763.4461181640625 833.3221923828125 0.7129836309523809 
6 1786.7697998046874 529.858984375 1971.1171630859376 682.9609619140625 0.7685546875 1497.8709777832032 638.4965209960938 1769.7050720214843 829.0928344726562 0.7017764136904762 
7 1784.460546875 529.7283355712891 1971.352685546875 679.2420623779296 0.7732049851190477 1501.8461853027343 636.9517181396484 1791.5289367675782 833.1884796142579 0.7142857142857143 
8 1780.761297607422 531.597866821289 1970.3345275878905 683.8779022216797 0.76416015625 1500.58525390625 636.9029663085937 1777.17548828125 829.5838500976563 0.7086123511904762 
9 1784.7109924316405 528.9256530761719 1971.680731201172 678.5013488769531 0.7569986979166666 1501.020684814453 634.1559539794922 1778.3588317871095 827.3579010009765 0.6862676711309523 
10 1783.1373962402345 535.5913818359375 1967.381768798828 675.3629638671875 0.7604166666666666 1499.562255859375 629.9127471923828 1769.57568359375 820.5104095458985 0.6918712797619048 
11 1786.0329040527345 532.4625305175781 1970.004327392578 675.8978210449219 0.7501627604166666 1496.6437744140626 624.6880584716797 1777.2781005859374 821.1320709228515 0.6798502604166666 
12 1788.120379638672 527.4379852294921 1972.5640686035156 677.4939605712891 0.7607886904761905 1491.735693359375 632.0443115234375 1785.595361328125 813.3619384765625 0.6847563244047619 
13 1781.3258361816406 532.9274963378906 1969.2870788574219 670.7657409667969 0.7636486235119048 1493.7209411621093 620.7632568359375 1772.5301574707032 811.8572265625 0.6938011532738095 
14 1781.0207580566407 535.4064056396485 1971.9793640136718 670.0166290283203 0.7525111607142857 1498.7968200683595 617.641470336914 1777.408624267578 811.7306610107422 0.6805710565476191 
15 1784.6548645019532 532.8865417480469 1969.4238708496093 670.6803527832031 0.7560453869047619 1497.5041931152343 620.3325958251953 1769.9600402832032 814.4966888427734 0.6881510416666666 
16 1786.218731689453 530.0847351074219 1972.0179626464844 671.7960021972656 0.7603934151785714 1494.3176147460938 627.1024810791016 1774.5910766601562 809.7525604248046 0.6671781994047619 
17 1787.1203186035157 528.2012817382813 1971.3529479980468 674.9629028320312 0.7637881324404762 1496.959893798828 629.5652557373047 1781.1154235839845 813.797964477539 0.6958240327380952 
18 1785.9406799316407 526.9720489501954 1973.4715515136718 676.9967620849609 0.7557431175595238 1496.5899963378906 628.7917236328125 1774.7609558105469 813.19716796875 0.6936848958333334 
19 1788.171942138672 528.9060852050782 1975.5361877441405 675.6748474121093 0.7559988839285714 1497.6371032714844 628.2332611083984 1788.051739501953 809.3521270751953 0.6838960193452381 
20 1785.0330017089843 525.9257110595703 1975.4200012207032 675.738412475586 0.7557431175595238 1493.930645751953 628.32177734375 1793.5560485839844 806.224365234375 0.6715029761904762 
21 1783.8393981933593 530.8399597167969 1974.4929992675782 671.4860900878906 0.7641369047619048 1497.257830810547 619.1945922851562 1775.4246643066406 806.7227661132813 0.6902204241071429 
22 1782.6623229980469 530.400830078125 1969.9491271972656 664.6229736328125 0.7589053199404762 1491.287579345703 612.3988006591796 1769.0960876464844 805.9282867431641 0.7060081845238095 
23 1785.9474670410157 525.6917877197266 1976.2865417480468 675.4667205810547 0.76708984375 1483.9973693847655 618.1010131835938 1774.186346435547 799.0790405273438 0.7015904017857143 
24 1786.9251953125 526.936978149414 1970.634619140625 676.3954803466797 0.7626255580357143 1480.702880859375 624.6598175048828 1785.847412109375 799.028109741211 0.7074265252976191 
25 1781.1541015625 523.2577941894531 1969.3087890625 673.7815124511719 0.7663225446428571 1473.1111328125 626.5016571044922 1780.43037109375 802.112661743164 0.7154250372023809 
26 1780.8917236328125 526.2151580810547 1967.6524658203125 672.511099243164 0.7693917410714286 1476.5675231933594 630.3701904296875 1769.159405517578 807.7928955078125 0.7078915550595238 
27 1778.6708251953125 525.1537994384765 1970.2437255859375 672.7591033935547 0.7740420386904762 1474.7632263183593 636.1597442626953 1766.8333312988282 805.7488861083984 0.7101004464285714 
28 1775.2327880859375 525.0391571044922 1972.6131591796875 677.8496978759765 0.7829008556547619 1477.0808349609374 635.1166290283203 1754.0500244140626 810.212045288086 0.7197730654761905 
29 1781.8689697265625 524.6514404296875 1971.0443603515625 679.14482421875 0.7825520833333334 1478.0966735839843 634.3975158691406 1777.6246398925782 804.6554626464844 0.7132161458333334 
30 1781.1192199707032 526.952182006836 1970.3950622558593 681.5273712158203 0.7735537574404762 1481.0686279296874 631.5391632080078 1768.1369384765626 805.0419525146484 0.7248418898809523 
31 1784.7659301757812 530.6065673828125 1971.8043823242188 677.1199951171875 0.7661365327380952 1480.5887634277344 628.4420684814453 1789.202130126953 799.893930053711 0.7257254464285714 
32 1783.700457763672 529.5805816650391 1973.9205139160156 679.2618865966797 0.7662527901785714 1488.775701904297 625.4101776123047 1781.9014221191405 796.9199615478516 0.7355840773809523 
33 1782.436834716797 525.494985961914 1972.3718811035155 678.0657440185547 0.7553245907738095 1484.4808532714844 623.5762176513672 1786.508526611328 797.9427642822266 0.7303524925595238 
34 1788.7399108886718 530.9930084228515 1972.1984436035157 677.1380340576172 0.7532319568452381 1487.7194702148438 617.9385223388672 1792.4472778320312 798.2877349853516 0.7267950148809523 
35 1787.982354736328 532.5300689697266 1974.7077087402345 678.7982391357422 0.7628813244047619 1483.9553100585938 622.3018768310546 1795.1640747070312 799.6908599853516 0.7334681919642857 
36 1786.689111328125 531.6573425292969 1977.90146484375 675.8502258300781 0.7600911458333334 1486.729266357422 624.4905242919922 1790.7881896972656 800.0298004150391 0.7291434151785714 
37 1789.7564392089844 529.0649780273437 1973.1711730957031 678.2837768554688 0.7573939732142857 1487.0143127441406 626.272412109375 1807.2131042480469 803.469775390625 0.7254929315476191 
38 1793.1150268554688 530.0519866943359 1972.9120727539062 681.9494171142578 0.7600446428571429 1486.8163024902344 630.0849182128907 1799.911114501953 803.6820495605468 0.7406063988095238 
39 1795.1440856933593 530.876025390625 1972.1375305175782 683.0283935546875 0.7570684523809523 1485.5844116210938 631.0768218994141 1799.2046508789062 804.9652313232422 0.7340494791666666 
40 1790.6679992675781 533.9059509277344 1975.4808044433594 681.7560363769531 0.7659737723214286 1488.4519592285155 630.221728515625 1787.232489013672 805.7937744140625 0.7453264508928571 
41 1792.5637756347655 526.877816772461 1977.203924560547 683.8219512939453 0.7834356398809523 1488.6176696777343 631.2704895019531 1784.0418762207032 806.6786071777344 0.7433965773809523 
42 1782.8680847167968 512.9754455566406 1969.6178771972657 669.1104919433594 0.7798781622023809 1488.8490356445313 630.9598449707031 1794.9961791992187 805.4637390136719 0.7483026413690477 
43 1771.2234619140625 474.08432922363284 1957.9010498046875 639.3399261474609 0.8010137648809523 1486.7342590332032 630.3944244384766 1792.7631774902343 807.8911590576172 0.7560453869047619 
44 1756.2786376953125 442.0381393432617 1942.2198974609375 603.5937271118164 0.7935500372023809 1486.9802185058593 632.5517395019531 1791.8021301269532 809.3484069824219 0.7431175595238095 
45 1740.3377258300782 394.148046875 1916.8674743652343 573.721337890625 0.7822730654761905 1488.068896484375 630.6135101318359 1801.56123046875 810.1867218017578 0.7614862351190477 
46 1703.6104797363282 363.08945617675784 1888.5959411621093 535.9447845458984 0.7754138764880952 1487.9494873046874 636.0188995361328 1803.3346923828126 808.8742279052734 0.7621605282738095 
47 1670.58916015625 345.37890625 1866.91962890625 517.5455932617188 0.7776460193452381 1485.6436401367187 643.1273620605468 1814.8746704101563 812.2735168457032 0.7588820684523809 
48 1631.3939697265625 356.24359741210935 1838.1377685546875 500.0653015136719 0.7495582217261905 1491.2600952148437 640.890737915039 1793.8849243164063 814.6753631591797 0.7661830357142857 
49 1619.18828125 367.02423400878905 1839.465283203125 532.9863250732421 0.7627650669642857 1488.3915893554688 639.8751647949218 1796.1757934570312 814.8897277832032 0.7513950892857143 
50 1625.9821411132812 366.8039794921875 1847.3474487304688 588.169287109375 0.8012927827380952 1486.1417297363282 640.3032836914062 1807.5764099121093 816.1825561523438 0.7670433407738095 
51 1646.5808532714843 387.7327285766602 1865.0086242675782 651.6664108276367 0.7980608258928571 1484.9768676757812 643.61533203125 1809.5848999023438 813.5036865234375 0.7667178199404762 
52 1677.1827575683594 434.01317901611327 1877.187725830078 697.6559799194335 0.7962239583333334 1486.618634033203 642.992642211914 1822.9906188964844 812.6938201904297 0.7512788318452381 
53 1703.3351196289063 470.75553131103516 1882.3482299804687 743.8263473510742 0.7876209077380952 1490.5966247558595 641.3664733886719 1794.008721923828 811.2772033691406 0.7588588169642857 
54 1719.326708984375 503.60398864746094 1886.921337890625 774.8024444580078 0.7584170386904762 1491.2575317382812 642.1331756591796 1786.8332885742188 809.7277252197266 0.7455357142857143 
55 1729.6264709472657 530.4317230224609 1894.0613952636718 789.2646270751953 0.7516508556547619 1491.289404296875 642.0461395263671 1792.753564453125 806.4811431884766 0.7406994047619048 
56 1735.1515625 542.3785919189453 1902.595751953125 798.111459350586 0.7629045758928571 1492.1819152832031 641.9082977294922 1796.6258239746094 806.308071899414 0.7358630952380952 
57 1741.8103759765625 554.6519622802734 1914.5707275390625 803.1845245361328 0.8050595238095238 1488.7314025878907 641.3819244384765 1773.6346862792968 805.0496551513672 0.7526739211309523 
58 1744.90693359375 561.7537292480469 1923.986376953125 816.7141662597656 0.8110816592261905 1492.514697265625 639.96962890625 1774.792431640625 803.8727783203125 0.7462332589285714 
59 1753.387060546875 572.3616729736328 1925.863671875 820.4859222412109 0.8006649925595238 1493.3919616699218 637.6513824462891 1780.8530334472657 804.0762176513672 0.7520228794642857 
60 1761.04658203125 580.1257446289062 1938.780322265625 818.1082641601563 0.7927827380952381 1495.2570373535157 639.4476196289063 1787.4632995605468 805.1316040039062 0.7658110119047619 
61 1769.8425659179688 585.9099609375 1944.9074340820312 824.360302734375 0.8056873139880952 1493.8949768066407 638.3829284667969 1786.6757019042968 804.3927062988281 0.7510928199404762 
62 1777.463690185547 595.795376586914 1951.8945861816405 822.2493621826172 0.8010370163690477 1493.3369750976562 637.8141265869141 1784.0548706054688 806.1245330810547 0.7354678199404762 
63 1782.9603149414063 601.9684448242188 1953.7779663085937 818.5409545898438 0.7965494791666666 1493.2974792480468 638.1029724121094 1795.2788146972657 805.8704162597656 0.7478608630952381 
64 1782.113525390625 602.6199127197266 1955.594970703125 821.7544158935547 0.8041294642857143 1495.201885986328 636.6841064453125 1781.2940856933594 804.078466796875 0.7440243675595238 
65 1779.2152954101562 604.4371276855469 1958.5242065429688 820.2157043457031 0.8047572544642857 1490.7313354492187 635.4129302978515 1779.4490844726563 805.6044647216797 0.7459077380952381 
66 1778.9620849609375 606.9972869873047 1960.5723388671875 818.875942993164 0.8052687872023809 1495.021417236328 637.8477386474609 1776.5172790527345 804.3238311767578 0.7535109747023809 
67 1782.7073669433594 610.5340728759766 1958.5112609863281 819.6802215576172 0.7984328497023809 1493.003839111328 638.746630859375 1774.8964294433595 805.4573486328125 0.7481398809523809 
68 1781.4124694824218 605.8101440429688 1962.1821350097657 822.7336791992187 0.8049432663690477 1488.125341796875 634.2002471923828 1780.36953125 805.9314056396485 0.7410714285714286 
69 1784.027813720703 607.0414855957031 1961.4671813964844 823.5776550292969 0.8112211681547619 1470.3279602050782 630.0600402832031 1780.0950134277343 807.4994079589844 0.7730654761904762 
70 1781.3615844726562 605.5447875976563 1959.0080444335938 822.3337524414062 0.8031296502976191 1457.2203796386718 632.5276458740234 1794.4477111816407 816.1960479736329 0.7743675595238095 
71 1782.5833557128906 608.5282836914063 1954.922381591797 821.0798706054687 0.7819475446428571 1455.2494567871095 622.5584442138672 1802.799981689453 809.2591217041015 0.7755998883928571 
72 1784.7223815917969 611.1488372802735 1955.9083557128906 820.0536163330078 0.7939685639880952 1447.3725280761719 620.8575714111328 1795.5470275878906 803.649203491211 0.8251255580357143 
73 1777.7729736328124 601.8806823730469 1963.5961669921876 826.5326477050781 0.8176385788690477 1439.1948852539062 611.9078247070313 1785.8800659179688 786.6372192382812 0.7870396205357143 
74 1782.3603210449219 609.6712341308594 1954.1207580566406 822.1883850097656 0.7844587053571429 1423.9475708007812 613.7021179199219 1790.7579956054688 791.2849426269531 0.7799479166666666 
75 1780.704327392578 607.2588500976562 1959.1751892089844 821.4240112304688 0.8118024553571429 1420.4446716308594 613.6654907226563 1786.3100891113281 792.1365112304687 0.7727167038690477 
76 1783.1702514648437 610.1111236572266 1961.2381958007813 826.7605194091797 0.8200799851190477 1419.1581420898438 612.964810180664 1784.1975708007812 785.0971405029297 0.7733444940476191 
77 1783.9069030761718 603.997689819336 1960.1640197753907 831.4261993408203 0.8064778645833334 1415.1009948730468 604.3257293701172 1793.2008850097657 772.0542144775391 0.7691824776785714 
78 1778.162371826172 601.9868988037109 1959.0958068847656 833.0250030517578 0.8143833705357143 1411.7989624023437 611.6224029541015 1798.7181274414063 759.1528045654297 0.7651599702380952 
79 1776.0419128417968 601.2515533447265 1961.0460998535157 828.3022186279297 0.7868768601190477 1410.1303466796876 610.3077026367188 1813.7759033203124 758.8717407226562 0.7247488839285714 
80 1779.4645202636718 597.5840026855469 1958.8637268066407 833.0453918457031 0.8162667410714286 1410.1007507324218 605.562109375 1819.3549377441407 790.5674072265625 0.7946196056547619 
81 1778.9522338867187 600.3178436279297 1959.0546020507813 833.8880279541015 0.8111281622023809 1412.7947937011718 610.1672210693359 1820.8391174316407 795.8976593017578 0.7866675967261905 
82 1780.1325805664062 598.7882293701172 1960.9814331054688 830.5007720947266 0.8266369047619048 1406.8058288574218 606.7220611572266 1827.8444396972657 807.3512420654297 0.7729259672619048 
83 1779.2245056152344 603.0899993896485 1958.837628173828 834.0211456298828 0.8126162574404762 1413.638232421875 619.6477355957031 1815.62958984375 802.1119079589844 0.7697870163690477 
84 1779.6154663085938 600.9236236572266 1964.1123168945312 840.1928924560547 0.8128720238095238 1413.5046508789062 628.1989868164062 1811.3259155273438 804.0474731445313 0.7639973958333334 
85 1779.2311462402345 601.2595825195312 1963.732598876953 843.4179077148438 0.8192196800595238 1415.9937072753905 633.3034454345703 1808.059393310547 809.1564544677734 0.74169921875 
86 1779.526708984375 600.8460815429687 1959.058740234375 844.0828735351563 0.8226143973214286 1415.8967041015626 636.262417602539 1812.6042724609374 804.2116424560547 0.7444428943452381 
87 1781.2715393066405 603.8665496826172 1958.240545654297 844.660366821289 0.85498046875 1409.257305908203 628.7492950439453 1812.5145446777344 808.619418334961 0.7459542410714286 
88 1779.2987548828125 604.354623413086 1957.9986083984375 832.0529083251953 0.8334728422619048 1409.7047546386718 625.5281158447266 1813.2206604003907 804.2280487060547 0.7481631324404762 
89 1780.9203063964844 599.0482482910156 1962.431378173828 835.3008728027344 0.8464704241071429 1422.9953369140626 620.8783660888672 1806.1855712890624 802.389517211914 0.7717168898809523 
90 1780.454443359375 596.4737487792969 1961.449609375 834.9277404785156 0.8294503348214286 1421.00546875 611.2804077148437 1805.97939453125 798.0214721679688 0.7524181547619048 
91 1780.6191711425781 596.0364776611328 1960.7220153808594 830.4561370849609 0.8297293526785714 1421.9526611328124 606.0422058105469 1813.6049560546876 791.8627014160156 0.7396530877976191 
92 1783.9053039550781 591.9135040283203 1966.0362243652344 828.114633178711 0.8292643229166666 1420.2999267578125 600.3414520263672 1813.0198974609375 782.4724517822266 0.7327008928571429 
93 1782.2202026367188 595.6478424072266 1964.6255004882812 826.5045623779297 0.8329613095238095 1431.3312927246093 596.1959808349609 1804.6920227050782 784.3013946533204 0.6942429315476191 
94 1783.7805297851562 592.1451416015625 1968.0253784179688 824.5772705078125 0.8351702008928571 1434.1512268066406 603.0472229003906 1813.979266357422 778.7885925292969 0.7081240699404762 
95 1782.275164794922 595.833154296875 1969.5594299316406 825.6821044921875 0.8028041294642857 1454.964129638672 602.3815551757813 1792.6434143066406 775.4776977539062 0.6636207217261905 
96 1785.37685546875 594.8075256347656 1972.571142578125 824.5458679199219 0.7901785714285714 1450.6963989257813 602.9890899658203 1796.7220581054687 761.8205413818359 0.66943359375 
97 1788.1589660644531 592.5331604003907 1973.0511169433594 828.6261413574218 0.8087565104166666 1463.0115173339843 599.8632263183594 1773.0613586425782 753.4658752441406 0.6745721726190477 
98 1790.4926391601562 591.9266021728515 1978.5962280273438 822.7811004638672 0.7968052455357143 1463.5035827636718 599.2710083007812 1768.4594299316407 747.4738647460938 0.6649460565476191 
99 1792.1303344726562 592.4753448486329 1982.2016967773438 813.7524993896484 0.8108723958333334 1475.2720153808593 585.3831634521484 1744.7762023925782 735.7381134033203 0.6198846726190477 
100 1791.8284912109375 588.303677368164 1981.8646240234375 818.0489227294922 0.8136625744047619 1476.77421875 584.0491546630859 1768.919384765625 737.2126251220703 0.6649460565476191 
101 1792.3313110351562 585.6844787597656 1982.5778686523438 818.5236511230469 0.8225213913690477 1468.73740234375 579.2410125732422 1775.403466796875 735.4135894775391 0.6497628348214286 
102 1790.7682678222657 586.2497406005859 1978.1652038574218 821.9156036376953 0.8175688244047619 1457.0356384277343 581.9906555175781 1792.0787414550782 740.9942077636719 0.7038225446428571 
103 1792.262921142578 590.1590179443359 1975.8341247558594 831.0962921142578 0.8120814732142857 1444.5365844726562 595.3440826416015 1811.6789916992188 753.1005584716797 0.7271205357142857 
104 1792.2956115722657 591.2729217529297 1976.0839050292968 832.4952056884765 0.8044549851190477 1437.4205749511718 601.9865234375 1825.0990783691407 788.6466552734375 0.7621140252976191 
105 1789.2542907714844 591.6661102294922 1983.641583251953 832.4742095947265 0.8313569568452381 1433.2867553710937 604.05244140625 1830.7652465820313 795.53837890625 0.7673921130952381 
106 1791.3887084960938 599.8711303710937 1978.1745239257812 833.3534790039063 0.8185453869047619 1437.1240173339843 615.8107727050781 1834.0440734863282 808.4337341308594 0.7805757068452381 
107 1790.7044677734375 596.4531799316406 1985.3236083984375 835.3039001464844 0.8211960565476191 1425.2833129882813 614.4860900878906 1838.1117065429687 815.0026794433594 0.7553478422619048 
108 1790.6204833984375 595.7886444091797 1986.2869873046875 838.889517211914 0.8406575520833334 1429.1618408203126 614.2606689453125 1832.3535400390624 815.8565185546875 0.7469308035714286 
109 1793.563525390625 598.6083312988281 1984.695263671875 842.6688903808594 0.8342168898809523 1440.5917907714843 622.81083984375 1828.7362121582032 813.942578125 0.7600446428571429 
110 1792.336114501953 597.2150634765625 1987.5165466308595 836.7546630859375 0.8299386160714286 1440.988623046875 614.3900268554687 1822.477685546875 803.6558715820313 0.7480003720238095 
111 1794.837664794922 596.9930450439454 1985.5718811035156 834.6773040771484 0.7935965401785714 1439.439892578125 608.2791534423828 1815.039599609375 787.2758392333984 0.6997535342261905 
112 1795.1869750976562 601.3135437011719 1982.6335815429688 835.6218811035156 0.7942475818452381 1456.1157958984375 625.3076538085937 1790.0050537109375 768.8214965820313 0.6796177455357143 
113 1797.4481628417968 602.8364898681641 1984.4867736816407 830.7897918701171 0.8143368675595238 1472.8282897949218 612.8404144287109 1765.0761291503907 773.5766387939453 0.6565755208333334 
114 1795.7562316894532 598.2905456542969 1988.3842712402343 834.6977355957031 0.8068963913690477 1477.0667724609375 619.6188201904297 1766.0089111328125 768.4677886962891 0.6273018973214286 
115 1797.1451843261718 598.9703979492188 1987.2148010253907 832.9021606445312 0.8126860119047619 1493.3714172363282 620.6765441894531 1762.3928649902343 763.9598083496094 0.6130952380952381 
116 1799.630389404297 597.7251861572265 1990.2947814941406 835.3224822998047 0.8057338169642857 1487.1210510253907 616.904428100586 1765.7845886230468 766.5027374267578 0.6276971726190477 
117 1797.4134033203125 596.5138305664062 1985.1732666015625 834.1475463867188 0.8268461681547619 1472.7828247070313 614.3419952392578 1774.9588745117187 775.6982269287109 0.6365792410714286 
118 1800.6888305664063 600.0892639160156 1988.6038940429687 837.9192810058594 0.8000139508928571 1460.7703735351563 614.0925750732422 1795.4940307617187 769.7097320556641 0.6689685639880952 
119 1797.6720825195312 595.9271942138672 1989.2319702148438 834.640249633789 0.8081519717261905 1448.5571044921876 610.5491729736328 1816.9414306640624 781.4795745849609 0.7200985863095238 
120 1798.7984436035156 589.230322265625 1989.180682373047 839.107080078125 0.8154761904761905 1439.4288513183594 613.3713226318359 1829.117657470703 812.6778106689453 0.7558128720238095 
121 1801.3101440429687 568.7851287841797 1985.9733032226563 827.909390258789 0.8221726190476191 1447.4484741210938 614.6073028564454 1819.7534301757812 814.1627777099609 0.7695545014880952 
122 1799.1536987304687 541.2390014648438 1977.0953247070313 817.0484741210937 0.8011532738095238 1437.2250244140625 611.6171752929688 1825.7307861328125 831.0785034179687 0.7526041666666666 
123 1789.482244873047 505.1468902587891 1967.4392639160155 779.3758758544922 0.8133603050595238 1434.3534301757813 613.8734649658203 1831.1101928710937 821.0039154052735 0.7282598586309523 
124 1789.251202392578 467.0016891479492 1962.0916931152344 706.0977066040039 0.8151971726190477 1429.0560668945313 617.5723022460937 1823.7085815429687 819.2195678710938 0.7443963913690477 
125 1775.4387573242188 428.9887390136719 1955.7594848632812 612.2178039550781 0.8067336309523809 1424.8649963378907 617.0278747558593 1832.0406433105468 838.0661193847657 0.77587890625 
126 1774.8180114746094 391.2080368041992 1959.433087158203 540.6583267211914 0.796875 1421.9305053710937 617.1867614746094 1832.1861938476563 839.8969787597656 0.7683919270833334 
127 1777.5442504882812 324.14373474121095 1961.9039916992188 488.3391143798828 0.8015252976190477 1420.2364013671875 623.3959136962891 1820.6427490234375 825.0394500732422 0.7132161458333334 
128 1787.1479614257812 287.891423034668 1966.2607299804688 435.22603912353514 0.8144298735119048 1428.5893005371095 628.3388671875 1807.037042236328 810.3404541015625 0.7233072916666666 
129 1793.1313903808593 249.65843658447267 1969.0044738769532 396.69987030029296 0.8186616443452381 1437.9475952148437 634.2283233642578 1789.6937622070313 792.802377319336 0.6885463169642857 
130 1806.1796264648438 230.22687454223632 1979.8435668945312 395.2075584411621 0.8381231398809523 1440.1496032714845 626.8707336425781 1775.899835205078 788.9570251464844 0.6990327380952381 
131 1809.0667907714844 236.78197708129883 1989.016339111328 402.2195335388184 0.8347051711309523 1437.8927429199218 625.9285522460938 1777.4750549316407 785.5613159179687 0.69873046875 
132 1819.973370361328 250.0341369628906 1997.8792907714844 422.10703735351564 0.8320545014880952 1442.8487609863282 628.9535400390625 1778.2451110839843 783.5275390625 0.7055896577380952 
133 1831.5099060058594 275.49933471679685 2008.247540283203 443.40007934570315 0.8300548735119048 1439.5149291992188 628.9746154785156 1792.9901977539062 796.8753601074219 0.7259812127976191 
134 1841.4785766601562 299.865576171875 2014.6854858398438 458.1408935546875 0.8167317708333334 1443.0336975097657 630.1992401123047 1804.3792663574218 812.3651519775391 0.7484188988095238 
135 1840.9575500488281 329.847395324707 2022.1521911621094 483.8628402709961 0.8032459077380952 1446.7429809570312 629.6316131591797 1803.0924682617188 822.9059234619141 0.7458147321428571 
136 1859.9981994628906 351.2752456665039 2027.3771667480469 512.5678024291992 0.8151971726190477 1437.8049560546874 629.2649719238282 1815.1686767578126 836.2063415527343 0.7665550595238095 
137 1868.1125061035157 365.8245162963867 2033.6830261230468 531.3949966430664 0.8110584077380952 1440.3888671875 625.6191558837891 1817.521533203125 849.4458465576172 0.7710658482142857 
138 1859.494970703125 382.23285522460935 2041.0677734375 548.4181457519531 0.7974562872023809 1435.6278076171875 623.6986755371094 1823.3934326171875 851.4340148925781 0.7772972470238095 
139 1868.9769348144532 397.99200134277345 2047.9226013183593 561.5113555908204 0.7960844494047619 1434.1910522460937 622.3861358642578 1822.9351684570313 856.866732788086 0.7691824776785714 
140 1880.428204345703 414.32971649169923 2047.0733825683594 568.6308853149415 0.7923642113095238 1440.0762145996093 624.5354187011719 1822.7432434082032 849.8151672363281 0.8040597098214286 
141 1867.4467529296876 420.16712493896483 2052.6821533203124 577.6172073364257 0.80126953125 1439.268115234375 628.7944061279297 1815.91328125 851.076870727539 0.7719959077380952 
142 1868.355645751953 431.3694793701172 2047.0036071777345 579.2161529541015 0.7823660714285714 1443.5334533691407 623.5227478027343 1813.1500183105468 851.4529602050782 0.7850399925595238 
143 1860.8099365234375 432.76041107177736 2048.2022705078125 583.2886917114258 0.79638671875 1439.8270263671875 633.9768341064453 1814.6116943359375 842.8732025146485 0.7608816964285714 
144 1855.0662841796875 429.82520294189453 2043.2139892578125 587.6265487670898 0.8045712425595238 1436.8692993164063 628.5942321777344 1810.1302124023437 844.0538391113281 0.7644391741071429 
145 1846.6630126953125 437.01595306396484 2034.6843994140625 585.6135940551758 0.7980143229166666 1435.3952209472657 628.3033142089844 1811.4381530761718 837.5530090332031 0.7416527157738095 
146 1843.3475036621094 435.9179229736328 2029.9043273925781 589.3760833740234 0.8012230282738095 1437.2503723144532 629.0714691162109 1813.3732849121093 833.6823760986329 0.7379557291666666 
147 1838.6233215332031 434.9673217773437 2023.8328552246094 587.3171020507813 0.7985723586309523 1442.6976928710938 627.0704986572266 1813.1167602539062 827.2163055419921 0.7380487351190477 
148 1833.863592529297 432.627131652832 2018.1968322753905 584.2560165405273 0.7840169270833334 1441.4124450683594 626.4513519287109 1816.0249328613281 822.6770050048829 0.7316778273809523 
149 1826.2416625976562 439.2940277099609 2016.2812866210938 578.8544708251953 0.7743210565476191 1442.507586669922 630.8184387207032 1810.7095764160156 832.7356384277343 0.7373279389880952 
150 1826.0207641601562 435.5248138427734 2012.1476928710938 583.2445343017578 0.7888299851190477 1439.3359924316405 631.3102600097657 1805.680975341797 835.1634948730468 0.7447916666666666 
151 1817.519708251953 438.1225357055664 2008.6947692871095 582.239128112793 0.7712751116071429 1441.9568176269531 633.0306579589844 1809.6011657714844 833.0292785644531 0.7397228422619048 
152 1814.8466064453125 432.31300048828126 1999.1165283203125 581.4838745117188 0.7753673735119048 1445.181817626953 629.745083618164 1810.7968200683595 822.7897674560547 0.71533203125 
153 1809.4800842285156 427.29882049560547 1992.746600341797 578.5664443969727 0.7926664806547619 1444.0658386230468 627.1242156982422 1807.6898986816407 830.753775024414 0.7286551339285714 
154 1808.1774047851563 425.1751480102539 1992.9668823242187 583.978630065918 0.7909691220238095 1444.4841735839843 626.7334014892579 1816.9505187988282 828.8469818115234 0.7399553571428571 
155 1798.4502868652344 430.1456985473633 1985.6767883300781 577.0465316772461 0.7727399553571429 1448.0374694824218 625.4595245361328 1810.9690002441407 827.0881439208985 0.7252836681547619 
156 1798.3188537597657 437.14837951660155 1982.3236022949218 583.7770965576171 0.7776227678571429 1445.3482788085937 622.9223419189453 1813.3577758789063 827.0525726318359 0.7397693452380952 
157 1806.6183776855469 441.7934539794922 1984.7772521972656 596.9640533447266 0.7771344866071429 1448.4218505859376 622.4942993164062 1819.1072021484374 820.7677856445313 0.7396298363095238 
158 1803.0323791503906 457.78953552246094 1981.5483093261719 587.3574981689453 0.7463960193452381 1446.997296142578 620.0263702392579 1812.6668884277344 821.5765960693359 0.7355840773809523 
159 1811.8326232910156 462.3611663818359 1984.904803466797 592.1652618408203 0.7449776785714286 1447.8265380859375 617.5713195800781 1814.1624755859375 825.2579040527344 0.7430710565476191 
160 1814.8555480957032 459.74288482666014 1988.5923278808593 595.8366744995117 0.7422805059523809 1446.5557861328125 617.7765289306641 1820.0899658203125 832.0519012451172 0.7556268601190477 
161 1817.0024475097657 460.8545883178711 1991.0985046386718 594.3283035278321 0.7301432291666666 1451.1773559570313 617.3179077148437 1816.7791870117187 826.2332397460938 0.7387927827380952 
162 1818.843359375 454.5678680419922 1993.1576171875 588.2088043212891 0.7230980282738095 1444.8497802734375 616.3672546386719 1819.6255615234375 819.7339416503906 0.7330264136904762 
163 1826.0311157226563 448.3697906494141 1997.4740112304687 593.6604217529297 0.7247953869047619 1452.9696350097656 616.3480529785156 1816.1960144042969 816.8490905761719 0.7400716145833334 
164 1826.4840942382812 442.28121185302734 2000.8100952148438 590.4583206176758 0.7435825892857143 1453.8063720703126 612.4725524902344 1816.9856201171874 815.8528869628906 0.7195870535714286 
165 1828.340625 440.15018463134766 2002.7716796875 594.2310104370117 0.7815987723214286 1455.4380859375 617.4884887695313 1818.836328125 823.8987182617187 0.7654157366071429 
166 1820.6976135253906 448.1796188354492 1995.826434326172 582.4450454711914 0.7458379836309523 1458.8770446777344 619.4914611816406 1812.0534973144531 806.2955261230469 0.7227027529761905 
167 1823.2715148925781 440.8962997436523 2002.9141540527344 588.6668411254883 0.7571382068452381 1466.103497314453 620.9846801757812 1805.1065856933594 791.9349975585938 0.6910574776785714 
168 1823.2761779785155 446.15858001708983 1993.678533935547 581.9028518676757 0.7328869047619048 1474.1401062011719 622.8926849365234 1762.9576721191406 767.3014678955078 0.6395554315476191 
169 1822.0867126464843 440.1360626220703 2000.9463684082032 587.2624359130859 0.7723214285714286 1482.8970886230468 622.4352386474609 1774.2651428222657 766.6767608642579 0.6522042410714286 
170 1824.0124145507812 439.91779174804685 1999.5920776367188 583.8355041503906 0.7729957217261905 1492.8910522460938 615.3866546630859 1774.9697875976562 773.6961700439454 0.6643415178571429 
171 1826.6514099121093 442.98290557861327 1990.6099426269532 581.0531967163085 0.7375372023809523 1494.751641845703 612.9156280517578 1773.7687438964845 773.9976409912109 0.6429966517857143 
172 1825.5456604003907 439.4696975708008 1992.8560729980468 580.8182357788086 0.7618815104166666 1487.92900390625 614.657568359375 1773.510693359375 776.1987548828125 0.6560407366071429 
173 1821.0562866210937 439.4312683105469 1998.5186645507813 584.8920959472656 0.7529761904761905 1483.811016845703 621.5930023193359 1771.8233825683594 778.6907501220703 0.6479724702380952 
174 1826.8251220703125 443.9207061767578 1996.8699462890625 581.715707397461 0.7414434523809523 1461.4764404296875 614.0784088134766 1807.4300537109375 801.7142547607422 0.7274228050595238 
175 1826.9861755371094 452.4124786376953 1992.6972961425781 576.6958587646484 0.7764136904761905 1453.5671142578126 612.2053466796875 1817.5398193359374 831.18076171875 0.7590215773809523 
176 1822.8101745605468 456.16473999023435 1997.9462951660157 580.8379455566406 0.7774600074404762 1433.0352966308594 612.9195526123046 1839.707257080078 823.6765777587891 0.7642996651785714 
177 1823.4573181152343 446.32935638427733 2004.6973449707032 591.9156692504882 0.7689034598214286 1442.2360900878907 618.7702239990234 1837.3987976074218 814.8660675048828 0.7447219122023809 
178 1823.1702270507812 447.31983489990233 2004.1752319335938 592.7173049926757 0.7864118303571429 1437.1934631347656 616.2274536132812 1837.778338623047 820.9707885742188 0.7334449404761905 
179 1821.950927734375 446.1929473876953 2005.25537109375 594.0191497802734 0.7756231398809523 1440.673046875 617.7850311279296 1833.890673828125 815.8721343994141 0.7036830357142857 
180 1824.8577087402343 444.8212203979492 2004.8662902832032 592.3691177368164 0.7959216889880952 1447.2485656738281 619.0412139892578 1830.8731384277344 810.8535003662109 0.7097284226190477 
181 1826.6749694824218 449.0584381103516 2003.2843811035157 590.3459197998047 0.7781808035714286 1454.3234619140626 614.912744140625 1816.3728271484374 829.7875732421875 0.7479538690476191 
182 1824.3407287597656 448.0823089599609 2001.2094421386719 592.5250518798828 0.7605096726190477 1458.9254272460937 625.0643951416016 1815.6107055664063 807.8287322998046 0.7192615327380952 
183 1820.1333251953124 447.9414398193359 2000.0881103515626 592.4952667236328 0.7649042038690477 1460.33720703125 625.1730590820313 1808.446484375 787.4274047851562 0.6868257068452381 
184 1820.2763671875 446.93063201904295 1998.159912109375 583.3079238891602 0.7610212053571429 1480.1313171386719 622.0774047851562 1779.5685119628906 782.1725952148438 0.6673177083333334 
185 1824.888446044922 450.4195983886719 1999.2742736816406 579.7056457519532 0.7496047247023809 1483.9803344726563 620.0641540527344 1766.6056030273437 782.4233947753906 0.6509486607142857 
186 1816.9378662109375 451.5796401977539 2000.0169677734375 583.636637878418 0.7525576636904762 1487.2570373535157 616.3046325683594 1766.3776062011718 781.3759094238281 0.6538318452380952 
187 1820.9628051757813 451.4165557861328 1997.0750366210937 582.7544036865235 0.7465355282738095 1490.0924682617188 609.9634155273437 1767.6929321289062 780.1056762695313 0.6639229910714286 
188 1826.046856689453 450.29558715820315 1996.5164978027344 578.8954528808594 0.7304920014880952 1481.3117553710938 612.7133239746094 1768.4184692382812 789.1643615722656 0.6784319196428571 
189 1822.5912719726562 445.5127777099609 1999.6816772460938 589.5864044189453 0.7729259672619048 1470.0263793945312 618.5627044677734 1761.1752807617188 783.6470733642578 0.6594587053571429 
190 1827.3457092285157 448.02806396484374 1997.0904479980468 590.4923217773437 0.7557663690476191 1457.7779541015625 618.0059051513672 1779.0804443359375 802.9063873291016 0.6901506696428571 
191 1825.9819946289062 447.95872650146487 1998.3922729492188 596.1710647583008 0.8040829613095238 1429.2755065917968 613.5052093505859 1813.4177307128907 819.1876007080078 0.7525111607142857 
192 1829.192449951172 451.9564971923828 1993.2004943847655 588.6298675537109 0.7716006324404762 1439.8486083984376 615.3804290771484 1819.4968505859374 834.0577423095704 0.7461170014880952 
193 1821.8866271972656 448.8249282836914 1997.9967956542969 594.5712814331055 0.7888067336309523 1429.2589172363282 615.0084747314453 1830.0615173339843 818.446176147461 0.7617420014880952 
194 1825.3760559082032 442.51185150146483 1999.0715759277343 591.8289993286132 0.7886672247023809 1428.2908874511718 619.0202331542969 1833.5803283691407 823.1886291503906 0.7292596726190477 
195 1819.5696716308594 449.2937530517578 1998.2776184082031 591.6543060302735 0.7828776041666666 1444.5624572753907 617.0508758544922 1844.3837097167968 819.990444946289 0.7258882068452381 
196 1827.4412841796875 447.04956970214846 1997.7012939453125 589.9463409423828 0.7754836309523809 1440.2633422851563 617.0756866455079 1844.6309448242187 826.8604095458984 0.7431640625 
197 1828.3559692382812 447.2855529785156 1998.7057983398438 590.2577819824219 0.7717866443452381 1452.0885375976563 616.6994781494141 1841.4598022460937 832.6788787841797 0.7540690104166666 
198 1821.8707580566406 449.2562652587891 1998.0221862792969 588.9625457763672 0.7749720982142857 1469.4511474609376 619.4503173828125 1824.7910400390624 822.935546875 0.7266322544642857 
199 1819.2505615234375 452.7150588989258 1998.6061279296875 586.4718002319336 0.7729027157738095 1497.9537353515625 633.23984375 1786.7467041015625 803.475732421875 0.6799432663690477 
200 1824.1326538085937 449.5180160522461 1997.3478149414063 589.305744934082 0.7827613467261905 1516.155517578125 644.8234283447266 1765.34228515625 793.7277801513671 0.7167038690476191 
201 1828.9565307617188 449.88177185058595 1996.0988891601562 586.6346466064454 0.76318359375 1520.61982421875 626.6085601806641 1766.774951171875 811.9846405029297 0.7095191592261905 
202 1828.0261108398438 445.67160949707034 1997.8947875976562 591.2732757568359 0.7377232142857143 1518.8560974121094 624.4069366455078 1779.725567626953 818.5424652099609 0.7318173363095238 
203 1833.3929016113282 445.5397094726562 1997.2749450683593 594.2475219726563 0.7020554315476191 1518.7019348144531 622.3782684326172 1779.6993103027344 816.608853149414 0.7208426339285714 
204 1831.2603271484375 447.8763687133789 1997.9174072265625 590.2924240112304 0.7160528273809523 1514.3787719726563 623.7404296875 1781.0301635742187 817.6686279296875 0.7290969122023809 
205 1828.4431640625 447.4270950317383 1995.672802734375 587.2918685913086 0.74755859375 1518.8928344726562 635.3558135986328 1774.2980834960938 808.6665863037109 0.7139834449404762 
206 1816.5302124023438 448.80547790527345 1999.1856079101562 589.5399200439454 0.78759765625 1511.682275390625 640.2136077880859 1781.17392578125 798.9141387939453 0.7384440104166666 
207 1817.8565673828125 449.75472564697264 1996.6033935546875 589.7729537963867 0.7998976934523809 1511.5810180664062 628.0431396484375 1782.6802124023438 791.89423828125 0.7301432291666666 
208 1827.385675048828 448.4339889526367 1997.9054626464845 585.4587417602539 0.7750651041666666 1497.8236206054687 606.7736663818359 1784.0530883789063 792.5183868408203 0.7247953869047619 
209 1835.264208984375 441.03222198486327 1997.837841796875 591.336033630371 0.7336077008928571 1509.4093139648437 596.8809997558594 1776.2752563476563 787.0613830566406 0.67041015625 
210 1815.8710815429688 448.0144439697266 1998.3049438476562 589.2536834716797 0.8099190848214286 1519.5856140136718 604.8714599609375 1778.5241271972657 740.2257080078125 0.6743396577380952 
211 1816.6241943359375 448.0217224121094 1996.4348876953125 589.5120910644531 0.8059198288690477 1537.7248474121093 612.6403839111329 1776.4898742675782 742.3399017333984 0.6638067336309523 
212 1818.3762512207031 448.22877044677733 1995.6004333496094 590.0080764770507 0.7880394345238095 1506.18916015625 609.2073181152343 1789.7478515625 753.9403869628907 0.6798037574404762 
213 1826.869122314453 448.25801849365234 1997.5894958496094 591.5410842895508 0.7736932663690477 1504.189111328125 612.8811798095703 1809.046728515625 792.7471771240234 0.6978004092261905 
214 1822.9206420898438 449.8541030883789 1993.2241333007812 589.7463302612305 0.76318359375 1530.3867553710938 640.5098571777344 1782.8009887695312 810.8135070800781 0.7247256324404762 
215 1823.0078369140624 450.43965911865234 1993.5331787109376 590.5139846801758 0.7579520089285714 1528.68779296875 652.0014404296875 1793.61103515625 831.66201171875 0.7346307663690477 
216 1825.7989318847656 450.3716796875 1995.548114013672 592.83974609375 0.7369094122023809 1524.7738464355468 636.5594757080078 1797.5851623535157 842.6835052490235 0.7552083333333334 
217 1829.227801513672 452.17333526611327 1993.3145568847656 588.912205505371 0.7173781622023809 1523.7274108886718 651.204345703125 1803.2824768066407 845.677490234375 0.7747395833333334 
218 1826.743426513672 452.65098724365237 1994.0452697753906 589.5343460083008 0.7054734002976191 1521.622332763672 649.5524078369141 1798.4307678222656 844.2309783935547 0.7718563988095238 
219 1830.3614379882813 450.6222259521484 1994.8631713867187 590.7533233642578 0.7234700520833334 1519.0501892089844 648.5163726806641 1802.358624267578 840.4349822998047 0.74609375 
220 1825.4094543457031 451.71764373779297 1995.5337829589844 591.4626846313477 0.7397925967261905 1516.0073791503905 639.018032836914 1795.497381591797 836.4838592529297 0.7524879092261905 
221 1825.143377685547 448.1607925415039 1991.9063049316405 590.6673019409179 0.7354213169642857 1519.372412109375 641.1626068115235 1789.225244140625 829.1499542236328 0.7445824032738095 
222 1821.6366394042968 455.26996459960935 1991.0827209472657 588.4061828613281 0.7640904017857143 1527.2008483886718 649.2717163085938 1787.4215881347657 815.6920288085937 0.6979864211309523 
223 1821.276708984375 451.4158660888672 1993.432763671875 590.348843383789 0.7672526041666666 1527.0316223144532 634.1428894042969 1792.8164001464843 800.2583557128906 0.70458984375 
224 1824.0745910644532 459.3484649658203 1990.6232849121093 580.4748382568359 0.7197265625 1509.6118713378905 610.756396484375 1857.850164794922 792.44599609375 0.6728050595238095 
225 1819.1657409667969 451.4660140991211 1994.9950256347656 584.8537185668945 0.7611839657738095 1514.0296752929687 599.7782318115235 1808.0889770507813 781.6705596923828 0.6756649925595238 
226 1815.6610778808595 448.8023986816406 1994.668634033203 588.3675231933594 0.7663690476190477 1518.6767333984376 597.9364349365235 1803.8750244140624 779.9779327392578 0.6839657738095238 
227 1815.3331420898437 453.31119537353516 1990.9737426757813 586.5558395385742 0.7576264880952381 1531.9554321289063 601.4643188476563 1801.4727905273437 783.1615356445312 0.7123093377976191 
228 1810.5547790527344 452.2630645751953 1992.9094543457031 589.0291107177734 0.7593470982142857 1542.2829650878907 619.7722045898438 1800.6187683105468 783.8914916992187 0.7154947916666666 
229 1808.3683471679688 452.71719512939455 1993.6611938476562 583.3334335327148 0.7624162946428571 1549.0052673339844 630.0655487060546 1795.049786376953 803.2079498291016 0.7235398065476191 
230 1814.6787353515624 452.5048461914063 1993.9511474609376 586.1994995117187 0.7496744791666666 1541.7968627929688 631.5434844970703 1797.0319946289062 813.854281616211 0.7238420758928571 
231 1823.2092407226562 448.2966644287109 1995.1935913085938 590.1083038330078 0.7586495535714286 1539.237744140625 615.4069732666015 1798.72294921875 817.5640350341797 0.7122628348214286 
232 1827.1993041992187 448.418522644043 1996.2123168945313 590.2687637329102 0.7467215401785714 1536.7662048339844 617.5476287841797 1808.3943176269531 822.7777496337891 0.7357700892857143 
233 1820.943310546875 449.58215789794923 1990.523486328125 583.461329650879 0.7329566592261905 1537.623028564453 615.6151641845703 1802.4061462402344 817.9213958740235 0.7231212797619048 
234 1815.563250732422 446.1871673583984 1996.8267639160156 591.1980255126953 0.7442568824404762 1533.5589233398437 615.8312835693359 1802.4332641601563 821.2632598876953 0.7175176711309523 
235 1820.3446838378907 449.23227844238284 1994.8082702636718 590.6079925537109 0.7293526785714286 1537.246142578125 616.1759216308594 1798.9416015625 814.7034729003906 0.7307477678571429 
236 1812.9797058105469 452.2091857910156 1993.5856018066406 590.6736267089843 0.7692289806547619 1534.3141967773438 630.6152984619141 1802.2129028320312 808.2110565185546 0.7179361979166666 
237 1816.070489501953 449.56322479248047 1991.4303649902345 588.6417617797852 0.7719261532738095 1530.4710754394532 625.5045166015625 1802.5812927246093 791.7940673828125 0.6774553571428571 
238 1812.5663696289062 461.22534942626953 1988.9172729492188 582.8466415405273 0.7347935267857143 1518.5702575683595 608.223422241211 1810.461358642578 793.6958282470703 0.6872209821428571 
239 1807.4755798339843 452.86368255615236 1986.8900207519532 586.6643020629883 0.7390718005952381 1514.4942321777344 602.3367614746094 1800.3410949707031 778.7103576660156 0.6298479352678571 
240 1801.7947082519531 466.15270538330077 1983.0052185058594 577.899266052246 0.6987769717261905 1532.1857177734375 596.9495788574219 1794.9412353515625 763.0593322753906 0.6095145089285714 
241 1799.8599975585937 472.2925064086914 1981.1087524414063 571.9793136596679 0.6842447916666666 1548.551690673828 584.759732055664 1793.2374938964845 756.9460174560547 0.587646484375 
242 1795.354052734375 467.58225708007814 1983.039013671875 576.5605651855469 0.6945219494047619 1540.954852294922 582.6149536132813 1834.5909240722656 764.2455200195312 0.6263834635416666 
243 1799.9795471191405 453.364567565918 1987.755438232422 586.6248428344727 0.7516973586309523 1536.8370483398437 592.9151031494141 1824.5582153320313 768.5764129638671 0.7264229910714286 
244 1800.095526123047 456.06947021484376 1987.8818908691405 586.3084594726563 0.7430013020833334 1559.4212646484375 614.9656982421875 1813.8416748046875 781.5504150390625 0.7000790550595238 
245 1801.2500549316405 463.87463531494143 1985.775946044922 581.850309753418 0.71533203125 1563.2044616699218 623.1533843994141 1814.2807678222657 792.5543182373046 0.6941499255952381 
246 1805.6403686523438 458.4499786376953 1987.1125610351562 582.4559661865235 0.7381882440476191 1565.6549438476563 624.6831878662109 1810.6424194335937 800.1063018798828 0.7099609375 
247 1808.5650207519532 457.9380676269531 1989.6968200683593 578.6925476074218 0.7428152901785714 1562.063458251953 623.8593597412109 1806.5912048339844 795.9344024658203 0.6904064360119048 
248 1806.5572998046875 458.56622619628905 1988.0755126953125 582.6036346435546 0.7408156622023809 1548.4756469726562 618.2092010498047 1808.6517944335938 790.6514556884765 0.6960565476190477 
249 1812.103759765625 466.1338195800781 1989.4033203125 577.3217468261719 0.7347702752976191 1545.460760498047 613.7293579101563 1809.9077697753905 788.0239379882812 0.7009161086309523 
250 1811.7767944335938 456.34112243652345 1987.4180297851562 583.5296661376954 0.7394903273809523 1555.4197570800782 617.1903503417968 1812.8249938964843 783.7466613769532 0.6918247767857143 
251 1815.4064147949218 459.9961212158203 1988.2548400878907 581.293246459961 0.7498139880952381 1541.5548156738282 605.6693542480468 1823.5705505371093 778.5177795410157 0.7049618675595238 
252 1815.1350402832031 455.95179138183596 1991.3912048339844 580.5466827392578 0.7462797619047619 1534.0368774414062 594.2217193603516 1816.6545288085938 776.5556854248047 0.6853608630952381 
253 1811.1042053222657 453.4804168701172 1989.8397644042968 586.774771118164 0.7359095982142857 1549.4091369628907 606.465951538086 1794.7919128417968 767.0250762939453 0.5969587053571429 
254 1814.4991821289063 461.39368896484376 1984.7017456054687 579.9276000976563 0.7150297619047619 1556.623681640625 600.7353210449219 1793.69150390625 767.8984680175781 0.6073288690476191 
255 1815.978564453125 458.5008483886719 1989.14326171875 580.0199035644531 0.7280505952380952 1542.6774780273438 590.769644165039 1816.0954711914062 760.8964324951172 0.6343238467261905 
256 1814.0197143554688 446.563720703125 1995.2944946289062 588.5623779296875 0.7584867931547619 1537.9240783691407 598.0909057617188 1876.3038269042968 776.3445190429687 0.69775390625 
257 1809.1254150390625 454.65413970947264 1990.1516845703125 581.3724411010742 0.7507207961309523 1561.3748840332032 614.9087341308593 1817.8286071777343 780.8493225097657 0.6551106770833334 
258 1811.3796691894531 451.3916534423828 1995.3228454589844 584.0720306396485 0.7497209821428571 1558.1967529296876 622.1132873535156 1805.4646240234374 803.0410095214844 0.6733630952380952 
259 1822.464288330078 448.7401870727539 1994.4852966308595 587.5641036987305 0.7415132068452381 1555.7273376464843 613.5645629882813 1806.2139465332032 812.7467163085937 0.6766183035714286 
260 1828.7938171386718 451.10545501708987 1993.8593811035157 588.6600784301758 0.7313290550595238 1545.6899658203124 620.4034484863281 1820.7992919921876 819.0934997558594 0.7267950148809523 
261 1824.5436218261718 447.44417572021484 1995.0878479003907 593.6249465942383 0.7590913318452381 1538.507305908203 616.8170166015625 1812.5960876464844 817.8155517578125 0.7448846726190477 
262 1819.2719970703124 452.0912551879883 1994.7104248046876 591.2320785522461 0.7272600446428571 1539.2452758789063 609.9625244140625 1802.4029174804687 812.6241455078125 0.7158900669642857 
263 1823.8811340332031 457.62979888916016 1990.9078063964844 585.1774215698242 0.6956380208333334 1542.0380798339843 608.0706085205078 1803.2071594238282 808.5026947021485 0.7202380952380952 
264 1820.6624267578125 457.5672897338867 1990.7028076171875 585.0975357055664 0.7082403273809523 1543.1791381835938 622.46904296875 1810.3853149414062 798.5822265625 0.7276553199404762 
265 1809.3598327636719 459.10318145751955 1988.8358459472656 580.7819198608398 0.7402808779761905 1536.8696411132812 617.6365539550782 1847.1503784179688 784.9447448730468 0.6588309151785714 
266 1813.6804138183593 459.7282287597656 1991.5872863769532 580.3430603027343 0.7447451636904762 1514.6945922851562 597.6234527587891 1891.6161987304688 769.4996551513672 0.7102399553571429 
267 1811.4098388671875 457.76463928222654 1986.4375732421875 578.4733367919922 0.7177269345238095 1514.6289611816405 575.1073913574219 1807.347479248047 765.2236633300781 0.6844540550595238 
268 1812.529150390625 459.1636215209961 1984.80263671875 574.012678527832 0.7125883556547619 1512.852227783203 566.8055480957031 1824.1535095214845 736.0567565917969 0.7068452380952381 
269 1815.2582763671876 464.4172668457031 1984.3484130859374 570.0986022949219 0.7016369047619048 1517.1439514160156 572.5374298095703 1834.1879577636719 747.6664886474609 0.7398623511904762 
270 1809.0072021484375 468.4923461914062 1984.0533447265625 577.1416870117188 0.7079148065476191 1527.4010986328126 594.0891082763671 1829.2048583984374 781.2074615478516 0.7609281994047619 
271 1805.3896423339843 460.6468872070312 1986.6734680175782 581.5027709960938 0.7272367931547619 1548.8031982421876 616.7136688232422 1838.8574462890624 794.9760894775391 0.744140625 
272 1801.7277954101562 456.91463470458984 1990.0065795898438 590.5318069458008 0.7287248883928571 1555.0500183105469 619.147348022461 1816.2108459472656 804.3893341064453 0.6695498511904762 
273 1808.0518737792968 460.87280120849607 1989.4245666503907 581.7879959106446 0.7292596726190477 1531.3421325683594 615.2721710205078 1894.0876770019531 808.7364349365234 0.7170991443452381 
274 1812.4702270507812 455.4218276977539 1987.8093139648438 585.414567565918 0.7489071800595238 1527.253466796875 618.9011352539062 1917.231884765625 803.3094360351563 0.6903134300595238 
275 1807.3991760253907 456.0689041137695 1988.9886413574218 583.1815536499023 0.7373279389880952 1532.6869018554687 620.0814544677735 1895.8658325195313 798.6444366455078 0.6962193080357143 
276 1811.5393371582031 459.35081634521487 1989.5696716308594 586.0842727661133 0.7408854166666666 1520.9344116210937 612.8932891845703 1904.1522583007813 796.9585784912109 0.6884300595238095 
277 1810.5695861816407 457.0328704833984 1988.6011901855468 583.7672393798828 0.7494187127976191 1535.0501403808594 609.880029296875 1827.7461242675781 799.98154296875 0.7215053013392857 
278 1815.0691284179688 453.48022918701173 1989.8769165039062 586.0930435180665 0.7327241443452381 1536.8603576660157 624.4626983642578 1832.2252136230468 802.2844329833985 0.7044038318452381 
279 1812.1332092285156 454.0848617553711 1990.3285827636719 589.996711730957 0.7500697544642857 1550.6480529785156 625.4266632080078 1840.593280029297 806.6424896240235 0.7201915922619048 
280 1809.826922607422 449.0325241088867 1991.1602600097656 591.0770034790039 0.7732049851190477 1550.2645935058595 619.5556030273438 1825.286798095703 794.8445434570312 0.7584402901785714 
281 1806.807928466797 452.24627685546875 1989.0147033691405 585.8644409179688 0.7504650297619048 1545.411474609375 611.9107055664062 1806.574365234375 778.9334106445312 0.6950334821428571 
282 1808.8210510253907 460.09131774902346 1986.8685241699218 580.8014434814453 0.7357700892857143 1548.3658325195313 607.0327178955079 1810.9102905273437 782.0624359130859 0.7247721354166666 
283 1807.8431457519532 457.0749206542969 1988.9089294433593 583.8209533691406 0.7487211681547619 1571.4130798339843 604.0167297363281 1809.8162902832032 785.0825134277344 0.7507440476190477 
284 1807.2127990722656 460.59653625488284 1985.4557800292969 581.4391693115234 0.7138671875 1570.407647705078 612.6956176757812 1827.1984313964845 784.8964233398438 0.7137509300595238 
285 1800.8445983886718 452.09801330566404 1989.3552307128907 591.9607635498047 0.712890625 1565.5572143554687 615.2322326660156 1827.0397094726563 800.7023376464844 0.7154017857142857 
286 1803.534979248047 457.1760452270508 1988.7410217285155 587.7310287475586 0.7312127976190477 1554.8032775878905 623.6978912353516 1831.094061279297 808.9038543701172 0.7256789434523809 
287 1808.7210266113282 464.7326263427734 1986.6345642089843 582.3365264892578 0.7492559523809523 1545.3300170898438 634.4116058349609 1834.8164672851562 809.3097686767578 0.7268647693452381 
288 1807.4091796875 472.8778900146484 1982.360107421875 581.4681182861328 0.7263299851190477 1545.5629455566407 632.2827850341797 1838.1532409667968 807.2336334228515 0.7323986235119048 
289 1812.1708557128907 468.1182922363281 1984.3175476074218 582.8828063964844 0.7416294642857143 1539.6633239746093 623.4220825195313 1838.6549133300782 801.6090454101562 0.7307942708333334 
290 1808.6181335449219 458.0487289428711 1986.6056213378906 590.7851638793945 0.7459542410714286 1542.797216796875 614.5709442138672 1832.403955078125 798.5919586181641 0.7375837053571429 
291 1804.1847717285157 457.77877655029295 1988.9632995605468 591.0615859985352 0.7284691220238095 1557.7747131347655 621.9356353759765 1818.282049560547 806.7140838623047 0.7054268973214286 
292 1809.6592834472656 455.99774169921875 1990.573992919922 588.6685180664062 0.7535342261904762 1556.3787841796875 624.387564086914 1821.7203369140625 805.3021942138672 0.7363978794642857 
293 0.0 0.0 0.0 0.0 0.19999186197916666 0.0 0.0 0.0 0.0 0.19999186197916666 
294 1801.080096435547 455.0435729980469 1988.5992248535156 588.1217102050781 0.767578125 1551.7911560058594 630.6974426269531 1802.824932861328 794.0205749511719 0.7240745907738095 
295 1800.4945129394532 454.77291107177734 1988.8537536621093 588.4472122192383 0.7607654389880952 1574.627178955078 626.189111328125 1796.4049255371094 793.2819580078125 0.7034272693452381 
296 1807.7353454589843 451.9009780883789 1990.0855773925782 591.702751159668 0.7661597842261905 1576.4079284667969 624.78291015625 1798.2672424316406 785.8588134765625 0.7379324776785714 
297 1809.4053039550781 448.96246643066405 1991.7647399902344 594.8500946044921 0.7636253720238095 1573.6238830566406 623.8405364990234 1813.730487060547 794.0427032470703 0.76904296875 
298 1802.2486999511718 457.74720458984376 1989.1032287597657 593.3674194335938 0.7240280877976191 1549.438702392578 620.7232818603516 1817.6654235839844 810.5915985107422 0.7146809895833334 
299 1808.7965576171875 458.59273834228514 1986.6680419921875 588.2277877807617 0.7482328869047619 1544.8883850097657 631.5941223144531 1819.2323425292968 809.4654479980469 0.7045200892857143 
