0 1958.8669128417969 591.0363494873047 2233.8973693847656 770.8641021728515 0.6642950148809523 1854.8488830566407 66.8779525756836 2020.5723815917968 511.1581497192383 0.8076869419642857 
1 1952.6977294921876 584.7057739257813 2238.4927001953124 775.2357543945312 0.6423223586309523 1857.9755554199219 61.01992988586426 2023.8072814941406 509.1180934906006 0.8071056547619048 
2 1959.344677734375 586.971646118164 2244.496630859375 784.1137420654297 0.6795479910714286 1862.5338134765625 56.745941162109375 2024.4720458984375 507.3565368652344 0.7942940848214286 
3 1949.2961120605469 582.3160736083985 2250.1742248535156 778.2367218017578 0.6405087425595238 1869.770684814453 62.37279357910156 2020.2096618652345 496.1970916748047 0.7968517485119048 
4 1956.0093627929687 588.6790893554687 2242.7174438476563 773.9903442382813 0.6395554315476191 1875.322314453125 62.46486053466797 2022.172802734375 496.0233901977539 0.7893880208333334 
5 1950.9766906738282 590.8869140625 2248.3854919433593 779.8290283203125 0.6074683779761905 1867.9444580078125 64.29832382202149 2021.8973388671875 501.66427688598634 0.7957356770833334 
6 1942.8678833007812 596.5621856689453 2228.582556152344 794.093392944336 0.6638764880952381 1871.5070007324218 70.85239944458007 2023.1828186035157 497.66089096069334 0.7746930803571429 
7 1949.5140808105468 596.1910217285156 2234.9191467285154 782.9376403808594 0.6692010788690477 1869.6927856445313 72.13508872985841 2024.7276245117187 502.00462837219237 0.7839704241071429 
8 1950.53505859375 595.6326629638672 2236.01328125 778.9024322509765 0.64990234375 1871.100115966797 70.62959938049318 2022.6502502441406 504.13327140808104 0.7843424479166666 
9 1948.1055786132813 591.7771606445312 2245.009899902344 790.8777465820312 0.6875465029761905 1863.6019470214844 70.38072624206544 2031.265606689453 503.51189002990725 0.8025483630952381 
10 1951.0424865722657 590.3216400146484 2247.826043701172 785.8496856689453 0.61669921875 1875.8393005371095 67.5256477355957 2032.960137939453 510.95547714233396 0.7910388764880952 
11 1948.0070434570312 600.8973236083984 2231.830114746094 790.1126251220703 0.6233026413690477 1882.1051879882812 75.16455383300782 2036.2805541992188 499.1469696044922 0.7957589285714286 
12 1946.465020751953 593.265982055664 2259.0040954589845 793.4314666748047 0.6153273809523809 1892.5742919921875 65.16409530639649 2040.0646240234375 511.1468330383301 0.7913178943452381 
13 1955.573175048828 599.0872985839844 2247.5394958496095 792.5589416503906 0.6341843377976191 1883.5962829589844 77.5257396697998 2048.926544189453 499.6456241607666 0.7805757068452381 
14 1939.8596069335938 599.1735687255859 2235.9292114257814 794.1461944580078 0.6230003720238095 1882.2288635253906 81.32949676513672 2051.9272644042967 503.77026519775393 0.7796456473214286 
15 1938.3439514160157 603.6843780517578 2231.676922607422 787.017465209961 0.6300223214285714 1869.241455078125 81.04411697387695 2052.574462890625 491.71020126342773 0.7905040922619048 
16 1936.4556274414062 598.6929931640625 2243.2457885742188 780.49462890625 0.6092819940476191 1866.8231872558595 80.38358764648439 2044.837335205078 512.1624328613282 0.7821335565476191 
17 1946.3749206542968 605.4325927734375 2253.5778381347654 782.665185546875 0.6886625744047619 1863.96943359375 82.06651763916017 2045.1404296875 515.3015548706055 0.7986421130952381 
18 1949.4062561035157 601.3089965820312 2253.254754638672 784.3973022460938 0.6294177827380952 1868.349920654297 88.00248031616212 2043.6472717285155 512.611548614502 0.7789946056547619 
19 1951.7267639160157 603.7322143554687 2248.963543701172 779.0255981445313 0.6760602678571429 1871.9946655273438 84.74062805175782 2047.2880493164062 515.3526947021485 0.7912016369047619 
20 1944.9484130859375 598.1671752929688 2259.2595947265627 776.1506958007812 0.6486235119047619 1876.6389282226562 89.9967124938965 2050.8354370117186 506.5537788391113 0.7868768601190477 
21 1951.1603149414063 597.4288391113281 2245.4087768554687 780.4370056152344 0.5824265252976191 1880.7724731445312 99.33187408447266 2067.3691284179686 508.409001159668 0.7903878348214286 
22 1948.873876953125 600.1459716796875 2245.570947265625 774.45546875 0.6003534226190477 1902.6575500488282 103.32122039794922 2080.6758239746096 503.86209869384766 0.7896205357142857 
23 1959.5710144042969 593.3316467285156 2268.5868225097656 791.2406188964844 0.6602725074404762 1921.3780212402344 96.55591583251953 2098.454620361328 502.79024505615234 0.7868536086309523 
24 1962.2672119140625 594.4177459716797 2265.9105224609375 782.7535797119141 0.6906389508928571 1936.3969177246095 94.30794296264648 2105.514825439453 517.1025337219238 0.8218238467261905 
25 1961.998797607422 597.3192474365235 2259.319683837891 776.4741485595703 0.69580078125 1935.0229736328124 92.10823974609374 2110.3661865234376 507.5951904296875 0.8190336681547619 
26 1966.5355102539063 589.203857421875 2263.528698730469 782.5947265625 0.6650623139880952 1941.4318786621093 92.04587326049804 2110.648809814453 496.0946449279785 0.8069196428571429 
27 1962.6553894042968 599.2521087646485 2244.7812561035157 786.1146514892578 0.6431826636904762 1938.2759704589844 91.93294754028321 2114.146514892578 498.63380966186526 0.8054780505952381 
28 1962.5900512695312 592.7115356445313 2255.236364746094 783.2719848632812 0.6911272321428571 1947.2772155761718 96.80951766967775 2100.4060119628907 501.75037307739257 0.7878069196428571 
29 1963.6028259277343 597.2204864501953 2250.375811767578 790.6253997802735 0.6639229910714286 1947.8277709960937 95.11152648925781 2104.552355957031 505.2633514404297 0.7929920014880952 
30 1969.2820617675782 597.0732727050781 2245.0351989746096 789.7682800292969 0.6875930059523809 1938.1033020019531 99.74627685546875 2107.5420837402344 505.0703125 0.7894810267857143 
31 1962.7731506347657 599.5684204101562 2245.670574951172 789.2760620117188 0.6532273065476191 1943.3160339355468 101.36193923950196 2106.3979553222657 504.074568939209 0.7914574032738095 
32 1961.1266296386718 598.392935180664 2235.6264221191404 795.8987518310547 0.6110258556547619 1945.9339172363282 114.28475418090821 2106.6167419433596 512.644002532959 0.7950148809523809 
33 1958.0539184570312 602.0295104980469 2249.690954589844 787.6167297363281 0.6472749255952381 1941.6111999511718 116.52008438110352 2110.6281799316407 510.8929252624512 0.8135463169642857 
34 1948.1152404785157 594.7541595458985 2248.866082763672 799.6611846923828 0.6339285714285714 1948.8778869628907 120.49339218139649 2110.820721435547 513.7828071594238 0.822265625 
35 1949.4553955078125 602.8145385742188 2238.8253662109373 796.8627075195312 0.7198195684523809 1947.4913208007813 119.13454666137696 2117.709118652344 510.63515243530276 0.8063151041666666 
36 1948.5273742675781 603.6642303466797 2236.1912536621094 792.1336822509766 0.6206752232142857 1948.5273010253907 130.96453247070312 2103.932049560547 514.5164245605469 0.8193591889880952 
37 1939.5114501953126 602.5483551025391 2231.1272216796874 791.4359588623047 0.6464378720238095 1950.090069580078 129.18244171142578 2105.839495849609 510.27132415771484 0.8201962425595238 
38 1942.026190185547 611.2581115722656 2221.1204162597655 791.8484558105469 0.6319521949404762 1948.4667602539062 134.2723587036133 2106.073034667969 508.5868637084961 0.7995024181547619 
39 1933.867333984375 603.2906036376953 2218.209326171875 791.7497406005859 0.5736142113095238 1953.8323852539063 131.37984390258788 2109.228405761719 508.2980583190918 0.8134533110119048 
40 1908.8330322265624 606.4940521240235 2208.2284912109376 786.1313751220703 0.5796828497023809 1950.5436889648438 134.24245681762696 2110.2212036132814 503.4969078063965 0.7887137276785714 
41 1910.9494262695312 606.0979187011719 2201.888220214844 776.6481750488281 0.6353236607142857 1954.6802490234375 135.34840545654296 2111.8539306640623 506.5459732055664 0.7997349330357143 
42 1903.2757141113282 598.6568756103516 2219.9648864746096 760.3003387451172 0.5946568080357143 1951.616522216797 130.2208282470703 2113.2600646972655 502.9903533935547 0.7960379464285714 
43 1892.7121826171874 583.6238525390625 2223.5094970703126 749.022509765625 0.6841750372023809 1953.2735290527344 135.39343643188477 2112.056182861328 502.5784721374512 0.7962472098214286 
44 1901.9934875488282 558.2446350097656 2231.6509216308596 721.4084411621094 0.7332356770833334 1946.8187927246095 132.6612106323242 2109.982598876953 498.94727935791013 0.8053617931547619 
45 1893.9006591796874 516.1077178955078 2246.9718994140626 732.613656616211 0.7393275669642857 1943.6074951171875 132.41812973022462 2110.1503173828123 498.81284255981444 0.8131277901785714 
46 1901.9791687011718 491.0661285400391 2260.2870666503904 720.9240447998047 0.7657412574404762 1939.8120971679687 138.2186706542969 2105.4449829101563 496.5265686035156 0.8111746651785714 
47 1910.512548828125 467.2860702514648 2279.077783203125 699.3455520629883 0.8229631696428571 1939.7825317382812 128.25345993041992 2100.1766967773438 500.23117446899414 0.80908203125 
48 1931.2137145996094 456.64295349121096 2296.453887939453 687.5023712158203 0.8342168898809523 1939.165216064453 121.48597717285156 2097.6657165527345 500.50889587402344 0.8162434895833334 
49 1944.9634155273438 475.44138793945314 2299.486047363281 683.1416198730469 0.8050827752976191 1940.1426940917968 132.21261825561524 2097.7085021972657 497.47855911254885 0.8035016741071429 
50 1967.6398864746093 491.9746551513672 2308.015020751953 684.3606109619141 0.7803431919642857 1936.4767639160157 122.57096710205079 2102.964520263672 507.34275970458987 0.8064081101190477 
51 2037.512158203125 487.9745239257812 2306.744189453125 706.7255493164063 0.7438848586309523 1935.4177001953126 127.00302047729492 2107.8943115234374 501.4037940979004 0.7908993675595238 
52 2020.447900390625 509.13368835449216 2297.782080078125 718.2009674072266 0.7532319568452381 1942.3348510742187 132.6812629699707 2100.202014160156 503.882381439209 0.8068963913690477 
53 2029.4413818359376 517.9009887695313 2284.9135986328124 708.5518920898437 0.7265392485119048 1942.7686706542968 122.5204963684082 2110.5415100097657 511.44823837280273 0.8034551711309523 
54 2024.3723266601562 532.1367797851562 2290.6288940429686 726.4321899414062 0.7118908110119048 1942.3087158203125 131.78306350708007 2104.2215576171875 509.57971420288084 0.8225213913690477 
55 2017.451318359375 528.8362640380859 2268.239599609375 727.9916778564453 0.7381882440476191 1945.817889404297 136.76685638427733 2104.404400634766 512.9492385864257 0.8103143601190477 
56 2005.955303955078 534.7381713867187 2256.411761474609 732.2813598632813 0.75146484375 1945.9868286132812 136.8027244567871 2104.7267944335936 514.2512458801269 0.8323102678571429 
57 2007.8909729003906 531.6358947753906 2252.8344909667967 730.1247253417969 0.7517438616071429 1946.1677307128907 153.50006713867188 2106.648065185547 504.02288208007815 0.7915736607142857 
58 1995.6632080078125 531.1959625244141 2242.9647216796875 731.5953582763672 0.7646949404761905 1943.677508544922 147.94439239501952 2101.438824462891 514.632664489746 0.7848074776785714 
59 2004.3100830078124 540.236538696289 2242.8949951171876 736.2170135498047 0.7232375372023809 1941.058837890625 154.01092987060548 2102.955810546875 516.1486465454102 0.7812034970238095 
60 1998.1713562011719 551.8010803222656 2223.6710510253906 747.5178894042969 0.7597423735119048 1932.5505981445312 172.80445556640626 2102.7391967773438 504.67198486328124 0.7667410714285714 
61 2011.5974975585937 562.8959655761719 2211.3236450195313 758.3728332519531 0.7170991443452381 1932.3279052734374 182.56594161987306 2110.8068603515626 501.27825088500975 0.7745303199404762 
62 2003.1892944335937 572.1869812011719 2200.0843872070313 773.3624572753906 0.7252371651785714 1934.7039611816406 191.56698303222657 2097.3564636230467 495.4703094482422 0.7473958333333334 
63 2008.9962524414063 577.9986572265625 2210.2959838867187 762.1663818359375 0.7253069196428571 1938.1625244140625 199.44994506835937 2096.6323974609377 494.97492065429685 0.7518833705357143 
64 2004.2651733398438 575.4970642089844 2215.413293457031 765.0994934082031 0.73974609375 1941.1196350097657 215.5176574707031 2096.248895263672 508.5395935058594 0.7423037574404762 
65 1995.1376708984376 580.4292053222656 2215.3613525390624 766.1081481933594 0.7254696800595238 1935.1823303222657 216.37901000976564 2099.270672607422 505.69264526367186 0.7194940476190477 
66 2007.5824279785156 581.3342834472656 2211.517547607422 772.2522644042969 0.7365838913690477 1941.9962158203125 224.19767150878906 2106.8797607421875 501.8964447021484 0.7642996651785714 
67 1998.6661560058594 589.4772338867188 2220.2944152832033 771.9945678710938 0.7065197172619048 1952.7025024414063 235.13950805664064 2109.145886230469 504.5699035644531 0.7609979538690477 
68 2013.7533020019532 588.517300415039 2209.8090759277343 771.5025360107422 0.6984747023809523 1947.3960510253905 243.82811737060547 2108.597479248047 509.5923843383789 0.7700892857142857 
69 2006.9421081542969 588.0857635498047 2215.8363342285156 779.5722564697265 0.712890625 1954.3838012695312 276.58558654785156 2067.5348999023436 498.53575134277344 0.7194010416666666 
70 2019.1099670410156 584.0532073974609 2211.3552429199217 771.9291534423828 0.6345563616071429 1906.1828125 321.7326599121094 2028.520556640625 452.80890502929685 0.5361095610119048 
71 2008.9969177246094 582.8280944824219 2224.724395751953 772.6682434082031 0.6237211681547619 1770.5351684570312 341.5453079223633 1981.9479858398438 436.46534271240233 0.47603934151785715 
72 2005.050030517578 583.3183349609375 2217.998187255859 778.882958984375 0.6711077008928571 1718.5561218261719 360.3411499023438 1835.8949279785156 460.2964233398437 0.32914806547619047 
73 2013.1733703613281 573.6740661621094 2222.1834411621094 769.6209777832031 0.67236328125 1738.010302734375 366.67372131347656 1951.37470703125 440.69810485839844 0.3507486979166667 
74 2009.7003051757813 588.0121154785156 2213.509899902344 770.1398620605469 0.6164202008928571 1762.6937622070313 392.2081329345703 1910.1304565429687 478.93560485839845 0.28083728608630953 
75 2004.3819763183594 577.5783386230469 2215.1557434082033 771.1461486816406 0.6615048363095238 1689.710186767578 378.2199905395508 1788.6449157714844 464.25013275146483 0.2864292689732143 
76 1995.3111328125 588.9461364746094 2210.2123046875 769.4631652832031 0.6253720238095238 1658.7427001953124 352.2241516113281 1753.2992919921876 635.8937683105469 0.23519461495535715 
77 1993.328875732422 584.7501647949218 2221.561871337891 765.6140930175782 0.6595517113095238 1745.7175537109374 415.97691345214844 1823.2306884765626 566.6968536376953 0.27559988839285715 
78 2009.93359375 590.1230865478516 2198.37646484375 770.0005096435547 0.6063755580357143 2044.5252197265625 643.9874908447266 2104.4845458984373 699.6638153076171 0.18681117466517858 
79 1998.8245849609375 581.8498321533203 2217.3204345703125 761.7875579833984 0.6651088169642857 1747.7027221679687 483.9716537475586 2086.1568969726563 655.3408767700196 0.19826543898809523 
80 2005.0127807617187 571.8887115478516 2223.3312133789063 760.2418426513672 0.6578311011904762 1749.3199890136718 430.7884262084961 2014.7267639160157 614.8608963012696 0.2475527808779762 
81 2003.3163024902344 578.1235198974609 2217.3019836425783 762.1511993408203 0.6553199404761905 1294.3652099609376 484.13440704345703 2146.0283447265624 655.3229598999023 0.21438453311011904 
82 2004.6882934570312 568.957470703125 2228.4130249023438 758.26298828125 0.5795665922619048 1672.410791015625 472.4845031738281 2051.021826171875 580.0444274902344 0.21429152715773808 
83 1996.788555908203 576.5953521728516 2216.243060302734 758.0673065185547 0.6854306175595238 1320.245379638672 440.7347946166992 2113.657818603516 617.9865493774414 0.22247605096726192 
84 1997.4838745117188 574.891488647461 2223.9704711914064 754.3713897705078 0.6781529017857143 1887.36337890625 479.56336364746096 2071.1166015625 659.0432647705078 0.20478166852678573 
85 2002.4486999511719 576.3547393798829 2224.1778869628906 751.1797454833984 0.6423688616071429 1334.8009399414063 182.91657409667968 1884.8599487304687 669.015249633789 0.24240257626488096 
86 0.0 0.0 0.0 0.0 0.20425851004464285 0.0 0.0 0.0 0.0 0.20425851004464285 
87 0.0 0.0 0.0 0.0 0.20425851004464285 0.0 0.0 0.0 0.0 0.20425851004464285 
88 0.0 0.0 0.0 0.0 0.20425851004464285 0.0 0.0 0.0 0.0 0.20425851004464285 
89 0.0 0.0 0.0 0.0 0.20425851004464285 0.0 0.0 0.0 0.0 0.20425851004464285 
90 0.0 0.0 0.0 0.0 0.20425851004464285 0.0 0.0 0.0 0.0 0.20425851004464285 
91 0.0 0.0 0.0 0.0 0.20425851004464285 0.0 0.0 0.0 0.0 0.20425851004464285 
92 0.0 0.0 0.0 0.0 0.20445324125744047 0.0 0.0 0.0 0.0 0.20445324125744047 
93 0.0 0.0 0.0 0.0 0.20445324125744047 0.0 0.0 0.0 0.0 0.20445324125744047 
94 0.0 0.0 0.0 0.0 0.20445324125744047 0.0 0.0 0.0 0.0 0.20445324125744047 
95 0.0 0.0 0.0 0.0 0.20425851004464285 0.0 0.0 0.0 0.0 0.20425851004464285 
96 0.0 0.0 0.0 0.0 0.20445324125744047 0.0 0.0 0.0 0.0 0.20445324125744047 
97 0.0 0.0 0.0 0.0 0.20425851004464285 0.0 0.0 0.0 0.0 0.20425851004464285 
98 0.0 0.0 0.0 0.0 0.20445324125744047 0.0 0.0 0.0 0.0 0.20445324125744047 
99 1981.9291625976562 594.848178100586 2220.080847167969 803.2308624267578 0.6244652157738095 1906.5252685546875 595.1753356933593 2089.3917236328125 744.0200988769532 0.22537667410714285 
100 0.0 0.0 0.0 0.0 0.20445324125744047 0.0 0.0 0.0 0.0 0.20445324125744047 
101 1976.692559814453 591.2402587890625 2223.1588806152345 807.9606689453125 0.6370675223214286 1318.3592468261718 517.0388214111329 2227.7351135253907 725.2604339599609 0.21859305245535715 
102 1981.7841552734376 596.0044952392578 2223.6533447265624 786.9538177490234 0.6534598214285714 2025.1965576171874 668.4673370361328 2088.8464111328126 740.6037689208985 0.22449893043154762 
103 1980.172430419922 588.9751831054688 2233.3174377441405 791.4911254882812 0.6604352678571429 1340.8194580078125 517.4131134033203 2184.6356201171875 749.4625579833985 0.2255917503720238 
104 1983.721942138672 579.8969787597656 2238.018414306641 791.8107849121094 0.6487630208333334 
105 1976.911114501953 578.7507019042969 2224.726947021484 797.1648254394531 0.6845935639880952 2036.1994262695312 627.3769409179688 2078.202185058594 732.3836791992187 0.24141438802083334 
106 1990.4466430664063 584.4475402832031 2232.164440917969 784.4899597167969 0.6202799479166666 2044.7849548339843 640.0682739257812 2065.622882080078 719.2517944335938 0.19283621651785715 
107 1967.2316650390626 588.0303771972656 2223.3894287109374 789.5971862792969 0.6521577380952381 2037.6509155273438 653.765756225586 2075.444543457031 733.5525421142578 0.18524460565476192 
108 1968.0806396484375 579.1497192382812 2234.9545166015623 787.6448364257812 0.6765718005952381 2040.893536376953 645.707763671875 2065.912982177734 749.955322265625 0.22854468936011904 
109 1991.5011413574218 592.0247406005859 2233.2660705566404 783.7692657470703 0.6197684151785714 
110 1969.8129821777343 587.8105895996093 2230.023565673828 777.8056213378907 0.6402064732142857 2038.2811767578125 649.2888916015625 2063.0630615234377 719.504443359375 0.20375279017857142 
111 1992.4169677734376 586.8525604248047 2238.9199462890624 779.0414215087891 0.6085844494047619 2052.998291015625 721.5133056640625 2052.998291015625 721.5133056640625 0.16706775483630953 
112 1966.7683227539062 589.5851928710938 2223.7700073242186 796.8447387695312 0.6787341889880952 2032.6130615234374 646.6612670898437 2078.2101806640626 746.1458618164063 0.2039736793154762 
113 1960.0372436523437 582.6234313964844 2237.119738769531 793.5368469238281 0.6391834077380952 2045.13427734375 691.2613494873046 2053.4052734375 732.6168853759766 0.18296595982142858 
114 1964.0493896484375 580.3407653808594 2220.0814697265623 799.2068420410156 0.6900344122023809 2019.6394470214843 634.9778503417969 2069.194171142578 738.2166076660156 0.2264462425595238 
115 1979.46162109375 585.2813079833984 2222.05888671875 798.5996124267579 0.6581333705357143 1701.4721618652343 512.5664642333984 2094.647100830078 742.6156036376954 0.23419480096726192 
116 1965.6295776367188 580.7531341552734 2226.7705688476562 800.4432159423828 0.6789667038690477 1704.4884704589845 553.4911987304688 2073.402032470703 760.7459838867187 0.2529413132440476 
117 1977.7374206542968 588.6284973144532 2216.0961975097657 801.8968933105468 0.6712704613095238 1752.72802734375 570.7756561279297 1878.179931640625 771.4989410400391 0.24977911086309523 
118 1987.3176025390626 597.1034515380859 2221.3220458984374 801.8571807861329 0.6564127604166666 1726.31298828125 592.2819000244141 2077.3193359375 755.2491668701172 0.22328404017857142 
119 1965.2003173828125 596.2413269042969 2220.3729248046875 805.3992980957031 0.6645042782738095 2019.742254638672 647.8872436523437 2053.2075744628905 744.0999389648438 0.22805059523809523 
120 1958.1835632324219 591.5329528808594 2242.2149963378906 808.7334045410156 0.6246279761904762 1724.5967407226562 555.7077392578125 1916.7355346679688 777.085107421875 0.2809942336309524 
121 1968.7953979492188 586.4396392822266 2241.0041625976564 808.3944061279296 0.6803385416666666 1370.7418395996094 549.7156921386719 2024.042462158203 754.9190734863281 0.27006603422619047 
122 1947.3748718261718 580.4561798095704 2262.8005432128907 820.1796234130859 0.6344866071428571 1383.0057006835937 541.3110321044921 1879.2753051757813 755.8004791259766 0.2600504557291667 
123 1945.1244018554687 601.2435577392578 2275.311389160156 825.6012298583985 0.6741536458333334 1393.0220703125 500.78728942871095 1795.17275390625 720.9118682861329 0.2657470703125 
124 1950.9546508789062 618.762075805664 2265.9269409179688 835.8377166748047 0.6738048735119048 1367.9935913085938 534.7803131103516 1968.1438598632812 713.5484832763672 0.26172456287202384 
125 1947.09306640625 642.9807800292969 2285.38251953125 844.2416320800781 0.6628766741071429 1697.4110900878907 507.9285430908203 1915.8004577636718 709.1893157958984 0.2670317150297619 
126 1934.5530090332031 679.9341766357422 2298.8077087402344 851.348110961914 0.6260928199404762 1733.1415893554688 579.2284118652344 1985.9773071289062 737.7863586425781 0.22008114769345238 
127 1921.9187255859374 707.7734527587891 2315.9069580078126 874.7902069091797 0.63427734375 1690.500146484375 513.4147369384766 1891.776708984375 766.0810516357421 0.3231608072916667 
128 1953.3559875488281 733.6605285644531 2309.6951599121094 896.8037048339844 0.6614815848214286 1659.2690063476562 154.89861526489258 1959.7959350585938 897.6293235778809 0.28298804873511907 
129 1976.320623779297 750.7023406982422 2292.8533264160155 906.800650024414 0.6745024181547619 1637.7740661621094 624.9564910888672 2084.3886535644533 859.1039947509765 0.23013160342261904 
130 1976.0320434570312 755.5961120605468 2278.3280639648438 915.3810607910157 0.6509951636904762 1673.9022521972656 151.83468475341797 1773.2279968261719 937.8041397094727 0.26921154203869047 
131 1963.6888305664063 749.552099609375 2280.131237792969 918.610498046875 0.6394856770833334 1672.4214782714844 499.6324890136719 1767.7878723144531 898.4368469238282 0.2806803385416667 
132 1967.908221435547 747.2114776611328 2273.208111572266 910.6113372802735 0.6238606770833334 1638.2968811035157 453.15784912109376 2076.896600341797 900.3575317382813 0.25892857142857145 
133 1953.4515625 753.070703125 2242.3892578125 901.788671875 0.6473446800595238 1680.5294677734375 518.06357421875 1757.0130126953125 862.2395263671875 0.32459077380952384 
134 1940.0764221191407 745.6807159423828 2248.158807373047 904.000863647461 0.6418573288690477 1677.9101501464843 529.7596893310547 1776.3253234863282 876.3524322509766 0.3576078869047619 
135 1929.063427734375 749.1418731689453 2220.106005859375 898.8209564208985 0.6375790550595238 1371.1250732421875 611.4563385009766 2007.2611572265625 873.3946746826172 0.24741327194940477 
136 1931.9136901855468 740.6562744140625 2201.4711975097657 881.6554931640625 0.6065848214285714 1367.4382080078126 609.7055877685547 2022.6699462890624 862.6748443603516 0.25759161086309523 
137 1944.1734130859375 743.6217590332031 2198.6693603515623 875.1113952636719 0.5933430989583334 1321.4737182617187 655.2006683349609 2080.7203735351563 846.0727081298828 0.24029250372023808 
138 1894.1226989746094 737.9261138916015 2197.6420715332033 883.4490692138672 0.5711844308035714 1433.406494140625 509.4070770263672 1433.406494140625 833.7154205322265 0.3069428943452381 
139 1888.7183898925782 745.1347869873047 2183.6516052246093 882.2164703369141 0.5601748511904762 1433.8565673828125 693.529443359375 1433.8565673828125 834.7651123046875 0.26978120349702384 
140 1883.1554809570312 729.4860107421875 2187.202185058594 862.766796875 0.49905831473214285 1428.04638671875 324.1971267700195 1428.04638671875 832.3300643920899 0.2962646484375 
141 1890.4098022460937 732.7694091796875 2205.013293457031 847.5572509765625 0.4867350260416667 1364.5441162109375 331.9931396484375 1645.1365478515625 774.138818359375 0.3267182849702381 
142 1940.3945434570312 733.2810302734375 2201.1032592773436 852.950537109375 0.5071614583333334 1932.1754150390625 741.8288635253906 2064.6668701171875 844.4027038574219 0.25437127976190477 
143 1915.1239501953125 726.9422882080078 2215.3496826171877 868.477328491211 0.5588960193452381 1929.1454528808595 737.0047607421875 2079.258477783203 848.5172119140625 0.309814453125 
144 1937.241259765625 721.6732604980468 2235.622998046875 866.6015197753907 0.5623488653273809 1977.5720153808593 709.5412078857422 2011.6727355957032 845.9443267822265 0.2498837425595238 
145 1951.6425231933595 720.3966430664062 2242.927423095703 848.9046264648438 0.5451311383928571 1924.4581909179688 702.4384521484375 2108.6528930664062 843.797265625 0.27768670944940477 
146 1961.8955627441405 712.026821899414 2265.493963623047 863.8260223388672 0.5975864955357143 1970.7364929199218 721.2014892578125 2139.8842346191404 851.3151123046875 0.3203241257440476 
147 1998.6624572753906 714.6951354980469 2264.4897644042967 858.5033508300781 0.5600818452380952 2018.9430847167969 735.4786071777344 2167.1092834472656 844.4242248535156 0.31751069568452384 
148 1992.6851318359375 719.5895080566406 2263.9261962890623 837.7106628417969 0.5337495349702381 2001.6030395507812 47.20753860473633 2224.7209350585936 917.8041648864746 0.25598725818452384 
149 2009.6976135253906 714.5338623046875 2250.2422058105467 856.393505859375 0.5334821428571429 1824.0701416015625 723.0738952636718 2234.2296630859373 852.5979797363282 0.2454833984375 
150 2018.7815063476562 708.667691040039 2285.1586791992186 830.9391815185547 0.5408761160714286 2052.036828613281 703.7969604492188 2204.876013183594 839.1689819335937 0.25151134672619047 
151 2014.5523986816406 710.4753479003906 2245.274627685547 848.9086853027344 0.5631742931547619 1875.52734375 716.7462738037109 1875.52734375 821.3403350830079 0.20589192708333334 
152 2010.1674865722657 702.279541015625 2258.048699951172 843.051513671875 0.6121186755952381 1837.9690551757812 715.5799194335938 2211.3207397460938 822.6890014648437 0.3003452845982143 
153 2001.957049560547 695.5721801757812 2264.511822509766 829.9025512695313 0.5622674851190477 1830.4039916992188 54.21522369384766 2297.5073852539062 902.9387985229492 0.22496396019345238 
154 2007.4756164550781 691.1581604003907 2266.5623474121094 831.3697937011718 0.5918433779761905 1847.0996459960938 708.3915222167968 2215.917199707031 821.1704895019532 0.27035086495535715 
155 2014.559014892578 690.2938659667968 2270.6928161621095 819.9036437988282 0.542236328125 1875.57275390625 716.99912109375 1875.57275390625 800.3197265625 0.21686081659226192 
156 2018.0929565429688 692.0176605224609 2257.2456665039062 811.5940948486328 0.5525948660714286 1882.950439453125 715.1310821533203 1882.950439453125 797.9147552490234 0.19166782924107142 
157 1993.1669616699219 681.3671203613281 2276.1954650878906 822.8812927246094 0.6025506882440477 1837.2174682617188 693.6726867675782 2200.2319946289062 810.5757263183593 0.22821335565476192 
158 1994.4385803222656 684.880239868164 2251.1760437011717 820.9820037841797 0.5998186383928571 1824.4304565429688 700.3463836669922 2214.176232910156 805.5158599853515 0.2943638392857143 
159 1989.9987487792969 695.0681091308594 2247.2748107910156 828.3557189941406 0.638671875 1825.9524536132812 716.408413696289 2182.4193725585938 809.3997528076172 0.24766322544642858 
160 1981.2111572265626 698.3462280273437 2247.6648193359374 834.6713500976563 0.6266741071428571 1823.6744506835937 718.2467895507813 2195.470324707031 826.6872924804687 0.25684175037202384 
161 1995.1046752929688 700.0593566894531 2251.2310180664062 838.9230651855469 0.6063871837797619 1832.0288024902343 723.3220153808594 2205.418096923828 825.1554016113281 0.2675141834077381 
162 1990.2482543945312 706.8106994628906 2249.137731933594 845.5014343261719 0.5863560267857143 1824.6491821289062 733.8376098632813 2265.3774291992186 823.2161010742187 0.30165318080357145 
163 1989.9082885742187 709.30625 2252.2350219726563 851.2712646484375 0.5720563616071429 1834.6490478515625 740.0495025634766 2208.0784912109375 841.8939178466796 0.26772925967261907 
164 2006.5600036621095 713.9766265869141 2241.769708251953 850.1507537841796 0.5820545014880952 1830.9857055664063 722.1899597167969 2205.464733886719 849.0794494628906 0.2698858351934524 
165 2002.8306213378905 709.7466705322265 2254.752752685547 860.8999969482422 0.5748465401785714 1894.7662170410156 728.8973693847656 2194.1091491699217 832.6299743652344 0.3330775669642857 
166 2007.8713928222655 715.8042785644532 2246.057196044922 851.9105651855468 0.5539202008928571 1831.1948974609375 729.1293701171875 2239.5135986328123 852.8623291015625 0.3041875930059524 
167 2008.3665954589844 715.3697052001953 2249.6598937988283 854.5773773193359 0.5755557105654762 1829.8952392578126 726.3159729003906 2256.7986083984374 853.1496032714844 0.30824497767857145 
168 2005.3149108886719 709.4627502441406 2291.3204650878906 854.6655456542969 0.6342540922619048 2035.777197265625 718.2629028320313 2233.780908203125 845.8653930664062 0.33837890625 
169 2007.3053588867188 719.8934967041016 2245.9819946289062 856.2802703857421 0.6042829241071429 2008.0206787109375 733.7229248046875 2240.4978759765627 832.9133056640625 0.3273228236607143 
170 1991.7422912597656 714.9635589599609 2298.5945007324217 846.4716827392579 0.6056198846726191 1986.5155700683595 724.2365844726562 2192.545098876953 833.8266479492188 0.2863653273809524 
171 2002.011279296875 714.1381469726563 2286.663037109375 845.5159057617187 0.5733816964285714 2027.7815063476562 738.3925140380859 2176.6762573242186 834.7362091064454 0.2984212239583333 
172 1990.1446166992187 707.7276550292969 2291.9982055664063 856.4670471191406 0.6210704985119048 1985.938232421875 727.5819580078125 2178.424560546875 850.0733154296875 0.29416038876488093 
173 1996.0525268554688 708.2945709228516 2298.416467285156 857.2855682373047 0.6150948660714286 2008.0190063476562 731.5533630371094 2235.887487792969 854.2518127441406 0.3507719494047619 
174 1987.7664733886718 702.5883178710938 2301.4782775878907 850.7299194335938 0.5934244791666666 2003.854266357422 741.1319183349609 2178.138531494141 845.7024932861328 0.307861328125 
175 1997.6090209960937 714.5388336181641 2291.201770019531 854.7621307373047 0.5924711681547619 1989.013653564453 708.808544921875 2181.820697021484 840.26787109375 0.25610932849702384 
176 1995.5128662109375 711.0185028076172 2292.5076416015627 855.148306274414 0.6033528645833334 1991.8172241210937 709.1706787109375 2175.2552856445313 840.1977294921875 0.26858956473214285 
177 1994.3165588378906 709.3771514892578 2291.308319091797 857.8730316162109 0.5859375 2030.0967163085938 724.8314697265625 2191.695031738281 855.8572509765625 0.2943696521577381 
178 1992.723455810547 712.6464904785156 2294.2947326660155 839.3937927246094 0.5174618675595238 2007.348162841797 720.8833892822265 2182.171978759766 834.5188934326172 0.28198823474702384 
179 1990.8750732421875 713.5695159912109 2299.0785400390623 848.1372100830079 0.5722191220238095 2012.7465759277343 716.073876953125 2160.337042236328 828.937109375 0.25727771577380953 
180 2017.4951538085938 725.8424194335937 2262.158898925781 866.9946166992188 0.5472005208333334 2024.4923950195312 750.212271118164 2250.335974121094 847.4505096435547 0.3879975818452381 
181 2008.4302856445313 718.3961791992188 2268.841931152344 872.1332397460938 0.5949474516369048 1841.0573608398438 736.859097290039 2255.2060668945314 856.0837127685547 0.32874116443452384 
182 1987.6700622558594 715.6909393310547 2306.2778137207033 855.3545318603516 0.5623023623511905 2003.7851013183595 718.7125091552734 2182.729180908203 832.1891632080078 0.2610270182291667 
183 2005.7730651855468 719.9411468505859 2309.9951232910157 854.6681671142578 0.6031203497023809 2034.3564086914062 737.3253143310546 2177.775671386719 837.2839996337891 0.29719470796130953 
184 2016.3962890625 720.6987152099609 2286.0041015625 846.8056182861328 0.5692313058035714 2057.372607421875 723.7092254638671 2174.782666015625 823.7250396728516 0.25023832775297616 
185 2006.4812316894531 718.3878479003906 2291.3838806152344 843.5723571777344 0.5342029389880952 2022.7519226074219 737.9790618896484 2195.4200744628906 837.2633087158204 0.26168968563988093 
186 2000.8248718261718 715.6723510742188 2289.8163635253904 849.3847778320312 0.5411900111607143 2029.027276611328 727.6168975830078 2188.6195739746095 844.0761566162109 0.26601446242559523 
187 2003.1141479492187 717.8750885009765 2275.765979003906 856.3648406982422 0.5780552455357143 1323.1494995117187 728.8610534667969 2180.0548461914063 858.6952209472656 0.20501999627976192 
188 2006.3190307617188 709.2819702148438 2298.9761352539062 847.0029418945312 0.5668015252976191 2026.8447814941405 691.7358184814453 2198.995916748047 838.0642913818359 0.2708740234375 
189 2017.9343505859374 714.3070526123047 2284.4489501953126 864.7588043212891 0.5708356584821429 2028.8462646484375 719.1016815185546 2200.7909423828123 856.6575347900391 0.23849632626488096 
190 2027.4106689453124 713.2980895996094 2298.1401123046876 837.9195617675781 0.5718238467261905 1341.3313415527343 723.7108001708984 2200.789874267578 844.0349884033203 0.21999395461309523 
191 2016.7759521484375 716.1041290283204 2299.0111572265623 844.3928802490234 0.5826590401785714 2042.4337158203125 724.6567230224609 2102.3016357421875 835.8402862548828 0.22662062872023808 
192 2015.2262878417969 716.3869903564453 2299.1561584472656 854.0499603271485 0.6041666666666666 2023.8302368164063 727.803744506836 2204.5127807617187 852.5608184814453 0.2852260044642857 
193 2024.7986694335937 714.6823364257813 2296.0502075195313 839.5442260742187 0.5295526413690477 2037.2185302734374 698.1223999023438 2114.7189697265626 822.9842895507812 0.2126522972470238 
194 2017.5383666992188 710.7193359375 2295.819299316406 852.000390625 0.5783342633928571 2040.2619995117188 729.161669921875 2207.230432128906 853.3177001953125 0.28063383556547616 
195 2022.5795166015625 714.9610260009765 2313.2456787109377 843.1961395263672 0.5386090959821429 2050.19912109375 734.3606628417969 2186.98349609375 836.9487854003906 0.2880975632440476 
196 2021.9695434570312 712.6162628173828 2308.1742553710938 840.7675872802735 0.5616396949404762 2072.4085083007812 212.99032897949218 2149.2992553710938 883.6490142822265 0.23513067336309523 
197 2028.8273315429688 714.6223815917969 2315.3589477539062 847.1968322753906 0.5265183221726191 2068.6324829101563 724.1624420166015 2124.2281127929687 831.0773651123047 0.23982747395833334 
198 2023.7298461914063 710.9892883300781 2323.960339355469 848.2375183105469 0.5463750930059523 2068.5995361328123 702.5762390136719 2094.3335693359377 826.9574523925781 0.24019368489583334 
199 2027.2131713867188 706.100473022461 2331.468713378906 847.5150665283203 0.5579310825892857 2061.4952758789063 708.57275390625 2211.4805541992187 828.5609130859375 0.25720796130952384 
200 2014.2068115234374 716.5221771240234 2339.6530517578126 849.2699981689453 0.5550362723214286 1375.8313842773437 695.2759674072265 2180.8827270507813 840.8703338623047 0.21750023251488096 
201 2001.0183837890625 707.8559478759765 2319.9303466796873 848.1773162841797 0.5307152157738095 2060.221398925781 691.0108947753906 2234.560095214844 835.5843200683594 0.2592657180059524 
202 2024.436474609375 716.5047485351563 2326.320849609375 844.0615356445312 0.5377139136904762 2073.660302734375 742.5067321777344 2260.743505859375 814.7889221191406 0.29208519345238093 
203 2025.8612915039062 713.1310089111328 2355.165319824219 845.7079193115235 0.5665922619047619 1370.2140258789063 733.5274291992188 2221.2725463867187 831.8910278320312 0.21908133370535715 
204 2034.08359375 711.296923828125 2358.27236328125 843.53193359375 0.5577101934523809 2070.669641113281 738.2033233642578 2134.654333496094 836.3130950927734 0.22233654203869047 
205 2025.7753662109376 721.0420623779297 2344.2353759765624 856.918325805664 0.5403878348214286 2071.8295166015623 737.6999694824219 2245.9209716796877 814.1303527832031 0.31467982700892855 
206 2025.7255615234376 724.3150146484375 2344.1792236328124 855.9425537109375 0.5341680617559523 2070.3091064453124 753.0574981689454 2257.1352294921876 833.7324798583984 0.3119535900297619 
207 2041.63359375 708.9925170898438 2330.97626953125 853.6638549804687 0.5249720982142857 2076.8196044921874 62.22666625976562 2259.7863525390626 904.7242614746094 0.2656773158482143 
208 2005.3361022949218 709.2038055419922 2359.4735900878904 845.738638305664 0.5063011532738095 2042.0956176757813 87.248046875 2276.7649780273437 863.7901611328125 0.24228631882440477 
209 2009.7777709960938 698.8490783691407 2358.8338012695312 847.8363464355468 0.5315290178571429 2072.483508300781 377.13489837646483 2247.011364746094 845.3805130004882 0.2543247767857143 
210 2029.9204956054687 701.6971496582031 2384.8468383789063 842.8123718261719 0.5256463913690477 2061.8278076171873 720.2822448730469 2254.2576416015627 814.3591125488281 0.3010660807291667 
211 2038.8157836914063 709.8098785400391 2352.788952636719 851.7429168701171 0.5934012276785714 2062.9677124023438 699.3882629394532 2196.2986450195312 845.6222351074218 0.29956635974702384 
212 2014.344580078125 703.7175323486329 2341.421533203125 841.4341400146484 0.53564453125 1996.7990234375 664.9847259521484 2246.41044921875 794.0940704345703 0.24142020089285715 
213 2023.4404418945312 693.7046844482422 2339.2531616210936 849.4478424072265 0.5272042410714286 1727.9278137207032 89.20152282714844 2355.2268493652346 638.6288604736328 0.26095726376488093 
214 0.0 0.0 0.0 0.0 0.20425851004464285 0.0 0.0 0.0 0.0 0.20425851004464285 
215 0.0 0.0 0.0 0.0 0.20425851004464285 0.0 0.0 0.0 0.0 0.20425851004464285 
216 2019.9283813476563 698.2006988525391 2331.9121948242187 847.7820281982422 0.5164271763392857 2063.8163940429686 165.4610626220703 2251.8615844726564 857.8088958740234 0.2359677269345238 
217 2016.3283203125 691.6847839355469 2373.91337890625 836.4216613769531 0.5677548363095238 2069.3765380859377 704.9468933105469 2222.6273681640623 819.8850158691406 0.29769461495535715 
218 2019.3973876953125 704.8626312255859 2371.4707763671877 840.6017852783203 0.5118466331845238 2060.6736450195312 57.81729965209961 2281.2499389648438 880.7362434387207 0.3105585007440476 
219 2038.8412231445313 702.0525695800782 2373.9114624023437 846.2600524902343 0.5409458705357143 2065.2683715820312 719.5075042724609 2256.1312866210938 825.5424835205079 0.31126185825892855 
220 2044.4215454101563 704.4369384765625 2357.9986206054687 840.03779296875 0.5238792782738095 2064.631298828125 736.8703216552734 2259.557666015625 817.3832794189453 0.3934733072916667 
221 2042.6575561523437 712.5604370117187 2347.9960083007813 835.5440551757813 0.523681640625 2068.9178955078123 740.7781585693359 2259.7544677734377 817.1127716064453 0.3635370163690476 
222 2030.2695068359376 712.1368621826172 2325.2051025390624 848.9186187744141 0.5680803571428571 2066.437780761719 58.14930572509766 2275.884729003906 904.4861618041992 0.27812267485119047 
223 2032.5276123046874 714.4129486083984 2335.8014892578126 851.0998077392578 0.5591517857142857 2068.0134521484374 34.42903289794923 2320.0300048828126 910.0788101196289 0.25757417224702384 
224 2024.6777099609376 715.8235382080078 2337.3232666015624 844.3081146240235 0.5403180803571429 2072.6121826171875 716.9765838623047 2226.7935791015625 806.9158111572266 0.2783610026041667 
225 2040.3508544921874 716.6053894042968 2327.7555908203126 858.1630432128907 0.6404854910714286 2068.3982666015627 731.9490203857422 2227.1144287109373 826.3208160400391 0.35153924851190477 
226 2056.2820434570312 713.7738677978516 2315.7948608398438 852.1807830810546 0.5851469494047619 2075.7454345703127 730.7420135498047 2253.0792724609373 808.5959381103515 0.32756115141369047 
227 2036.0090698242188 714.1685974121094 2308.742150878906 857.0287902832031 0.5824730282738095 2050.161901855469 712.8365661621094 2257.958459472656 838.3803527832031 0.30050223214285715 
228 2037.140234375 714.7621948242188 2336.058984375 859.9511840820312 0.5845889136904762 2068.510388183594 713.1197143554688 2209.429309082031 815.6061157226562 0.29407319568452384 
229 2026.122998046875 710.0071533203125 2332.114306640625 854.502978515625 0.5589076450892857 1713.9204467773438 701.343881225586 2147.407922363281 807.5908721923828 0.23036411830357142 
230 2040.3078735351562 719.4906585693359 2311.6996948242186 855.1866485595704 0.5679640997023809 2075.373583984375 732.701449584961 2240.752880859375 838.7138946533203 0.32192266555059523 
231 2020.7695678710938 716.6511840820312 2336.222375488281 844.5374145507812 0.5593377976190477 2066.6775512695312 737.145751953125 2211.6151733398438 801.0888671875 0.3290434337797619 
232 2025.134814453125 706.7617858886719 2340.921826171875 858.1665588378906 0.5767531622023809 2043.9354248046875 699.2747406005859 2225.6212158203125 829.0502716064453 0.2665434337797619 
233 2016.2719604492188 708.3720062255859 2323.7419555664064 855.6112091064454 0.5671037946428571 2045.419970703125 712.0363555908203 2244.625927734375 798.6476654052734 0.2382754371279762 
234 2016.8098999023437 717.5733947753906 2333.1615356445313 854.3741149902344 0.5631742931547619 2073.536022949219 712.6406311035156 2154.761584472656 806.6911560058594 0.20515950520833334 
235 2022.3599487304687 709.8508422851562 2312.0450805664063 858.9534790039063 0.5077194940476191 2070.8592163085937 706.2461669921875 2224.2220825195313 829.78837890625 0.2450009300595238 
236 2024.1743774414062 712.9239929199218 2317.1710815429688 850.8047668457032 0.5226702008928571 2071.9024658203125 86.99170455932618 2209.7830810546875 909.9675392150879 0.25192406063988093 
237 2032.2427856445313 708.7747802734375 2331.813122558594 854.280517578125 0.5662318638392857 2064.5042724609375 708.1164428710938 2227.1280517578125 802.2671020507812 0.24709937686011904 
238 2032.24658203125 709.1327209472656 2319.84619140625 850.7862243652344 0.5850423177083334 2068.402722167969 704.179818725586 2214.348986816406 802.9080108642578 0.26087007068452384 
239 2034.0307250976562 707.537890625 2319.301062011719 845.85078125 0.5509207589285714 2067.1129150390625 708.7015808105468 2209.7479248046875 808.1139709472657 0.262939453125 
240 2029.5746948242188 705.5046844482422 2321.8928344726564 851.6638336181641 0.5447358630952381 2070.413232421875 723.6918884277344 2238.066259765625 826.8630432128906 0.31982421875 
241 2052.711389160156 719.5719024658204 2320.246374511719 840.3942230224609 0.5425153459821429 2061.1755859375 720.5676849365234 2255.35419921875 832.7598907470704 0.36572265625 
242 2032.6769653320312 701.3808746337891 2338.685095214844 843.6100311279297 0.5027087983630952 2065.830676269531 697.2366638183594 2113.240368652344 817.9159240722656 0.23907180059523808 
243 2028.278759765625 701.6630584716797 2342.725146484375 839.502651977539 0.5264136904761905 2055.614794921875 705.4735565185547 2219.299267578125 839.0056304931641 0.2781401134672619 
244 2026.2686279296875 708.6092254638672 2332.0472900390623 846.425015258789 0.5308198474702381 2060.22568359375 699.1674957275391 2215.26845703125 832.6765594482422 0.23202659970238096 
245 2033.3354248046876 712.31572265625 2335.7104736328124 848.59736328125 0.599609375 2032.5164428710937 699.5392486572266 2228.4213012695313 776.1977508544921 0.2706415085565476 
246 2008.9700500488282 716.2069946289063 2320.9936950683596 853.7657836914062 0.5593145461309523 1815.278125 747.435171508789 2150.7873046875 838.0226531982422 0.21177455357142858 
247 2021.4765380859376 719.8305938720703 2294.7793212890624 854.835482788086 0.5323079427083334 1838.3461608886719 722.7434967041015 2249.9464416503906 854.4555389404297 0.26622953869047616 
248 2009.6032348632812 714.1521118164062 2301.830603027344 861.9074584960938 0.5701032366071429 1841.8945739746093 730.5693725585937 2252.326251220703 845.4901977539063 0.27425711495535715 
249 2025.6057495117188 716.9089416503906 2348.307580566406 850.7957702636719 0.6018996465773809 1825.1715087890625 209.0894317626953 1825.1715087890625 830.4618988037109 0.2631138392857143 
250 2013.7856567382812 715.5015716552734 2305.8137084960936 856.5937042236328 0.5995163690476191 1845.1817810058594 727.8691772460937 2242.2084777832033 849.2741333007813 0.3231084914434524 
251 2023.718115234375 714.577279663086 2309.681298828125 859.2022003173828 0.5925757998511905 1842.4314575195312 726.9664978027344 2253.2977905273438 851.8698059082031 0.30386788504464285 
252 2011.273974609375 716.0399475097656 2329.911083984375 845.2171325683594 0.5465727306547619 1742.9829650878905 689.5420227050781 2233.856268310547 818.7192077636719 0.24723307291666666 
253 2003.021875 708.0053680419921 2341.07138671875 849.2158843994141 0.5507696242559523 1783.635546875 682.9890808105469 2254.337109375 841.3159729003906 0.24061802455357142 
254 2013.1613891601562 714.8826141357422 2332.1161987304686 852.8088531494141 0.5636858258928571 2066.2101440429688 703.9413543701172 2212.7568969726562 850.4880279541015 0.26904296875 
255 2035.6725708007812 712.9240814208985 2343.235876464844 851.5441192626953 0.5218447730654762 2078.991259765625 734.083642578125 2213.279736328125 833.7167724609375 0.3135579427083333 
256 2020.9102783203125 715.3436676025391 2338.8865966796875 848.5499481201172 0.515380859375 2070.490759277344 698.3209991455078 2216.588098144531 835.8243255615234 0.2597074962797619 
257 2010.660546875 712.7475616455079 2343.4478515625 849.2755706787109 0.5700334821428571 1781.582373046875 684.6871337890625 2250.897607421875 808.4156494140625 0.2605678013392857 
258 2011.8588134765625 712.723843383789 2337.9639404296877 852.4831268310547 0.5326915922619048 1736.0864562988281 682.4263000488281 2278.1834411621094 830.6559753417969 0.25663829985119047 
259 2016.469677734375 715.3326995849609 2342.710009765625 855.1499053955079 0.5613839285714286 1729.3391845703125 684.2078796386719 2284.3712646484373 811.3144592285156 0.26815359933035715 
260 2011.4496215820313 709.3647827148437 2329.9778686523437 853.7641235351563 0.5165783110119048 1981.393780517578 716.0619873046875 2248.957171630859 830.732080078125 0.29688081287202384 
261 2027.1062744140625 711.5575866699219 2329.8444091796873 852.2668762207031 0.5554431733630952 2044.1617797851563 699.0938537597656 2227.5103393554687 805.6917907714844 0.26785714285714285 
262 2008.912042236328 717.324496459961 2334.9271911621095 856.0543487548828 0.6311616443452381 1814.423583984375 234.43812103271483 1814.423583984375 581.2625930786132 0.36037481398809523 
263 2019.4283203125 714.1721984863282 2309.8412109375 854.2537048339843 0.5926920572916666 1834.7991943359375 596.035855102539 1834.7991943359375 848.8659393310547 0.26378813244047616 
264 2020.02138671875 718.578482055664 2315.3130859375 849.0562225341797 0.6055850074404762 1826.9461669921875 202.0821762084961 1826.9461669921875 459.60401153564453 0.20113699776785715 
265 2013.2551025390626 712.8577301025391 2337.2693115234374 850.7362030029296 0.5868443080357143 1822.611572265625 241.0217025756836 1822.611572265625 492.64989776611327 0.23053850446428573 
266 2006.5382751464845 712.5504089355469 2350.819757080078 848.5627502441406 0.5766136532738095 1783.5566284179688 649.2850402832031 1991.8254516601562 823.5508972167969 0.2691243489583333 
267 2011.9625366210937 709.1918670654297 2344.288684082031 854.051968383789 0.5834379650297619 1786.642803955078 638.7281890869141 2055.059954833984 826.1942352294922 0.24552408854166666 
268 2018.4175659179687 714.5787170410156 2308.5152954101563 849.7379333496094 0.5547805059523809 1842.4317932128906 733.470571899414 2251.205780029297 858.7400604248047 0.31905691964285715 
269 2010.5899658203125 712.05078125 2299.7479248046875 856.6297607421875 0.5565941220238095 1847.9386352539063 719.8863464355469 2232.3872924804687 884.1806701660156 0.31349981398809523 
270 2006.15654296875 709.2223846435547 2352.43134765625 852.060757446289 0.5306105840773809 1774.751727294922 695.4047180175781 2250.879742431641 842.5714782714844 0.2606898716517857 
271 2020.3699096679688 715.7265502929688 2310.997033691406 847.8298461914062 0.5208682105654762 1858.9244873046875 728.428759765625 2139.6438720703127 860.5320556640625 0.2846795944940476 
272 2023.3916015625 711.7396179199219 2307.626953125 847.2473205566406 0.5365978422619048 1890.9345703125 717.9683959960937 1890.9345703125 843.5609008789063 0.27149018787202384 
273 2006.8604736328125 710.7232299804688 2339.7601318359375 851.5653442382812 0.5926804315476191 1784.4350341796876 655.7324523925781 1967.9565673828124 817.9142761230469 0.30393182663690477 
274 2013.8913696289062 707.7190582275391 2343.7451049804686 853.3686492919921 0.5516764322916666 1785.8609191894532 656.1485534667969 2064.3086364746096 848.9200500488281 0.2995721726190476 
275 2033.9561645507813 709.9142517089844 2333.075817871094 850.9279113769531 0.5954938616071429 1782.1694946289062 663.8958190917969 1927.4562377929688 804.9094787597656 0.33642578125 
276 2034.4966064453124 708.7717712402343 2335.1425537109376 854.7997619628907 0.5892392113095238 2049.3637084960938 702.8249572753906 2221.1614379882812 814.4934020996094 0.2890101841517857 
277 2015.6974243164063 701.0516418457031 2342.9663940429687 860.3798767089844 0.5830078125 1790.6173889160157 663.6210815429688 2259.989910888672 831.5616577148437 0.2799769810267857 
278 2017.4223999023438 711.8288696289062 2344.008996582031 849.3390991210938 0.6219773065476191 1802.2322082519531 632.3308471679687 2103.0357360839844 799.9213500976563 0.2842610677083333 
279 2020.478759765625 694.602783203125 2375.807861328125 839.2135009765625 0.5674990699404762 1767.8072448730468 617.0532745361328 1916.5498107910157 827.7717376708985 0.36342075892857145 
280 2010.2465576171876 704.6498596191407 2354.9795166015624 847.5878112792968 0.5873442150297619 2025.4458618164062 688.9654388427734 2210.4244995117188 827.6994171142578 0.2639741443452381 
281 2010.8508422851562 693.7996337890625 2368.3613159179686 847.6122314453125 0.5696614583333334 1768.9398559570313 608.4192626953125 2005.8943725585937 837.059619140625 0.2848423549107143 
282 2013.99453125 702.3022613525391 2368.97958984375 841.7606658935547 0.5799502418154762 1798.63046875 685.0731262207031 2217.00576171875 832.9835144042969 0.2648286365327381 
283 2014.8604736328125 704.7803100585937 2333.4017333984375 855.4416137695313 0.5873790922619048 2004.0990173339844 695.8399597167969 2215.0251281738283 837.8920959472656 0.26449148995535715 
284 2025.3207397460938 700.7441986083984 2346.8215942382812 850.7779571533204 0.5272158668154762 1798.6213134765626 654.90966796875 2227.2893310546874 830.66357421875 0.24735514322916666 
285 2005.1317443847656 701.3608703613281 2349.870574951172 854.5782165527344 0.5947265625 1805.4254516601563 691.0482055664063 2235.2852416992187 848.5214965820312 0.27089146205357145 
286 2028.7242065429687 709.0312133789063 2344.3395141601563 841.2484497070312 0.5752418154761905 1801.198956298828 688.8541534423828 2069.898577880859 825.336459350586 0.28855096726190477 
287 2004.6933349609376 707.0257049560547 2350.4990478515624 839.3710845947265 0.56884765625 1826.536199951172 655.1384979248047 2065.6116271972655 838.714224243164 0.28988211495535715 
288 2025.18603515625 705.3062866210937 2325.79833984375 847.0234252929688 0.5736839657738095 1803.1956909179687 687.4677917480469 2224.052600097656 812.0070617675781 0.27348400297619047 
289 2025.9348754882812 704.9011749267578 2328.9418334960938 847.7473236083985 0.5748930431547619 1779.034130859375 544.0743835449218 1913.22294921875 782.1513244628907 0.40219261532738093 
290 1995.150860595703 705.2596221923828 2346.820697021484 849.3172210693359 0.5828683035714286 1794.2198974609375 621.0088195800781 1938.2774169921875 845.5690612792969 0.35775902157738093 
291 2015.601025390625 703.8274200439453 2358.783251953125 843.6422454833985 0.5800316220238095 1780.13212890625 563.0348114013672 1932.657421875 821.4805084228516 0.36343238467261907 
292 2009.1853759765625 692.579541015625 2348.5240966796873 847.9393798828125 0.5745907738095238 1784.3225708007812 580.6198333740234 1919.2404174804688 834.1016632080078 0.35946800595238093 
293 2019.446533203125 701.4776336669922 2362.524658203125 841.2500885009765 0.5822172619047619 1827.0558166503906 651.4657897949219 2115.071990966797 829.3580627441406 0.2802211216517857 
294 1996.6698974609376 693.0074310302734 2344.8940673828124 856.3719024658203 0.5826590401785714 1820.5735900878906 646.5445190429688 2061.3213073730467 840.0023559570312 0.28086635044642855 
295 2039.1083374023438 701.4670440673829 2348.3963012695312 847.5197113037109 0.5838681175595238 2052.1607299804687 689.4061340332031 2219.6915649414063 796.7978454589844 0.29820033482142855 
296 2018.650537109375 698.9051361083984 2336.755712890625 853.6590118408203 0.5812639508928571 1807.351953125 650.627230834961 2065.275 822.5759552001953 0.26564825148809523 
297 2020.7067016601563 703.3972015380859 2351.2828002929687 843.2563018798828 0.5764508928571429 1807.983984375 648.4641540527343 1947.8431640625 784.0851623535157 0.3211030505952381 
298 2005.9232666015625 704.8309265136719 2349.9732177734377 844.9993957519531 0.5976795014880952 1785.7051818847656 571.8505645751953 1942.863787841797 788.4745697021484 0.36414155505952384 
299 2008.5285400390626 697.2528015136719 2354.4739013671874 847.3013977050781 0.5759393601190477 1807.02109375 520.9136932373046 1898.717431640625 837.6829254150391 0.38464936755952384 
