0 1787.1792846679687 1011.7152526855468 1864.0846313476563 1050.1679260253907 0.6574358258928571 1798.3770874023437 987.1013549804687 1869.7891723632813 1055.7668090820312 0.8390299479166666 
1 1783.5186767578125 1013.6636444091797 1860.0968017578125 1051.9526275634767 0.5992373511904762 1799.1919494628905 987.0506622314454 1867.565252685547 1055.4238861083984 0.8424711681547619 
2 1782.634503173828 1017.2769317626953 1859.2476989746094 1058.3196868896484 0.6242559523809523 1797.999200439453 986.4421936035156 1869.1400817871095 1057.583074951172 0.8420526413690477 
3 1779.8950927734375 1011.1501922607422 1861.8966552734375 1052.150894165039 0.6357886904761905 1795.874932861328 984.5522308349609 1866.9428161621095 1055.6201934814453 0.8399600074404762 
4 1780.704522705078 1013.2874450683594 1859.9894470214845 1051.5630187988281 0.6309058779761905 1793.9537170410156 981.8469055175781 1867.770770263672 1055.6639587402344 0.8390997023809523 
5 1783.0343383789063 1015.3848907470704 1859.4248901367187 1064.4929779052734 0.6031436011904762 1795.9409301757812 981.0721038818359 1869.6032592773438 1054.7343536376952 0.8447265625 
6 1779.7460998535157 1009.3292510986328 1858.9097839355468 1053.005648803711 0.61376953125 1795.0749084472657 982.7663848876953 1868.7789733886718 1056.4703704833985 0.8440522693452381 
7 1780.5271850585937 1011.8290863037109 1859.6224731445313 1050.0130157470703 0.6310918898809523 1795.8427673339843 982.5618133544922 1869.4830383300782 1056.202163696289 0.8454706101190477 
8 1779.781756591797 1011.077749633789 1858.9273498535156 1049.2859588623046 0.6229306175595238 1792.6927124023437 981.7917449951171 1869.1092895507813 1055.479067993164 0.8398902529761905 
9 1780.0944763183593 1012.4581695556641 1859.4381164550782 1053.4980682373048 0.6048642113095238 1793.3534057617187 984.0460174560546 1867.2252075195313 1052.4457427978516 0.8367978050595238 
10 1781.2845642089844 1007.1952667236328 1857.922833251953 1053.725570678711 0.6234188988095238 1794.548895263672 983.6142974853516 1865.7129455566405 1052.0411590576173 0.8400995163690477 
11 1777.5310363769531 1007.1577392578125 1854.1766052246094 1050.9552978515626 0.6259533110119048 1790.7966430664062 982.9428131103516 1861.9675170898438 1054.1137664794921 0.8393089657738095 
12 1777.5081909179687 1007.112338256836 1856.9341918945313 1050.9336212158203 0.6453683035714286 1786.5673583984376 980.4614532470703 1860.5156494140624 1054.4098236083985 0.8379371279761905 
13 1779.5079162597656 1006.3449279785157 1856.152850341797 1050.1420104980468 0.6422991071428571 1788.562078857422 982.1301422119141 1859.7324768066405 1053.3004608154297 0.8359375 
14 1777.3886962890624 1006.9380249023437 1856.8886474609376 1050.8000122070312 0.6506928943452381 1788.8813415527343 980.2622924804688 1860.1571105957032 1054.2794555664063 0.8335193452380952 
15 1777.6842956542969 1006.516796875 1859.8475646972656 1050.33720703125 0.6665969122023809 1786.4273010253905 979.5503814697265 1865.851873779297 1056.2361785888672 0.8384719122023809 
16 1778.1876586914063 1007.5386932373046 1857.6917358398437 1056.8859283447266 0.6203962053571429 1789.3646362304687 981.8106079101562 1863.3856079101563 1053.0900268554688 0.8303803943452381 
17 1777.9273254394532 1010.0059173583984 1860.2737243652343 1051.1789581298829 0.6357189360119048 1789.1180114746094 981.1846923828125 1865.9746398925781 1052.5513916015625 0.8403087797619048 
18 1776.96767578125 1011.8618988037109 1859.336767578125 1053.0463653564452 0.6134207589285714 1790.5902038574218 980.9206146240234 1864.7224182128907 1052.3072296142577 0.8287062872023809 
19 1776.0200805664062 1009.3748046875 1858.2809448242188 1050.505078125 0.6363467261904762 1789.6247802734374 980.2671142578125 1863.6593994140626 1054.3017333984376 0.8357514880952381 
20 1775.6858337402343 1005.4157318115234 1858.0039855957032 1046.5748077392577 0.6730143229166666 1786.556170654297 978.0819366455078 1866.1302307128906 1054.912142944336 0.8387044270833334 
21 1774.4802856445312 1008.1665161132812 1856.7887573242188 1046.5771362304688 0.6820359002976191 1780.8117065429688 980.5193817138672 1863.1201782226562 1057.340542602539 0.8351004464285714 
22 1773.178466796875 1009.6058135986328 1855.56787109375 1048.054281616211 0.6726655505952381 1777.403564453125 981.9313537597657 1859.79296875 1058.8282897949218 0.8187081473214286 
23 1768.2909240722656 1012.0908813476562 1850.6239929199219 1045.0241088867188 0.6763392857142857 1771.8798889160157 986.5465362548828 1859.7017761230468 1057.901889038086 0.8162434895833334 
24 1769.4063415527344 1018.6431701660156 1854.4736633300781 1059.804705810547 0.6471121651785714 1773.3113952636718 991.9409057617188 1861.1228088378907 1063.2876098632812 0.81298828125 
25 1769.0235656738282 1021.2836486816407 1854.2524353027343 1059.7740905761718 0.6488327752976191 1773.2533020019532 991.7813079833984 1858.4821716308593 1066.0129425048829 0.8072451636904762 
26 1766.155419921875 1022.821240234375 1854.0533203125 1064.0232421875 0.6514136904761905 1770.38125 993.9797393798829 1858.279150390625 1065.396664428711 0.8114769345238095 
27 1763.767510986328 1025.7655456542968 1848.7304138183595 1058.6544982910157 0.6436476934523809 1772.2004760742188 994.2470245361328 1857.1635375976562 1062.765609741211 0.8280087425595238 
28 1764.573175048828 1025.4115905761719 1846.7272399902345 1061.0116271972656 0.6517392113095238 1772.9993408203125 994.2351470947266 1855.1532470703125 1062.6969207763673 0.8309151785714286 
29 1766.7801330566406 1026.6215759277343 1854.396990966797 1067.6920227050782 0.6564360119047619 1770.6764831542969 993.6599487304687 1861.0314025878906 1064.8485961914062 0.8256138392857143 
30 1767.0853515625 1019.5993225097657 1851.96494140625 1060.6700866699218 0.6816638764880952 1768.8754821777343 990.8497467041016 1856.4932922363282 1062.0391082763672 0.8128022693452381 
31 1767.1555297851562 1027.6450927734375 1852.0881225585938 1071.4813720703125 0.6588774181547619 1771.0543640136718 988.3400817871094 1858.7267639160157 1062.3136047363282 0.8170340401785714 
32 1767.8227172851562 1024.6352478027343 1855.5032104492188 1071.2154602050782 0.6600632440476191 1769.61435546875 987.7504791259765 1860.034814453125 1061.730905151367 0.8133370535714286 
33 1772.1195434570313 1045.9555297851562 1859.8311401367187 1081.5884155273438 0.5883556547619048 1769.6947448730468 989.1326873779296 1860.1474182128907 1060.3983795166016 0.8119419642857143 
34 1770.3519714355468 1025.8091186523438 1860.9220764160157 1080.7001586914062 0.6074916294642857 1770.66865234375 990.1299987792969 1858.494189453125 1061.4882873535157 0.8025251116071429 
35 1769.7793090820312 1030.2582153320313 1857.6064331054688 1076.9163452148437 0.6239071800595238 1769.145947265625 988.7726135253906 1862.46220703125 1065.6213073730469 0.8173363095238095 
36 1764.3764953613281 1014.4462463378907 1852.0669860839844 1063.7721374511718 0.7078218005952381 1767.6437377929688 990.5211151123046 1863.5552368164062 1064.5099517822266 0.8152204241071429 
37 1770.041552734375 1021.7416564941407 1857.750927734375 1073.8192565917968 0.6925223214285714 1769.092755126953 991.8023986816406 1865.0250427246094 1065.8073425292969 0.8176385788690477 
38 1765.6713562011719 1021.3971923828125 1856.1437072753906 1073.4873291015624 0.7016369047619048 1767.14755859375 989.0253082275391 1863.103173828125 1065.7898162841798 0.8126627604166666 
39 1764.603253173828 1019.1604858398438 1855.0575134277344 1071.2401489257813 0.7131928943452381 1770.2962768554687 991.0120697021484 1866.2325317382813 1067.7611846923828 0.8079194568452381 
40 1764.8446533203125 1023.7042236328125 1860.7393310546875 1075.7613525390625 0.7088448660714286 1768.7437316894532 991.3529693603516 1867.3782165527343 1068.0686004638671 0.8028041294642857 
41 1766.7962890625 1007.1602447509765 1859.83896484375 1067.3643524169922 0.7261672247023809 1768.2698974609375 987.7939331054688 1866.7855224609375 1069.8903930664062 0.7928757440476191 
42 1770.554864501953 993.0625671386719 1860.9640563964845 1061.5542541503905 0.7618815104166666 1769.9226379394531 975.4654357910156 1865.8111267089844 1068.614276123047 0.7863653273809523 
43 1771.3743530273437 970.7734649658203 1859.0770629882813 1044.7726165771485 0.7180292038690477 1766.525457763672 967.9273468017578 1859.7095275878905 1066.592855834961 0.7775065104166666 
44 1758.1462524414062 942.3826843261719 1854.1142456054688 1019.1571105957031 0.6702473958333334 1758.1462524414062 959.3616271972656 1854.1142456054688 1071.781317138672 0.7924572172619048 
45 1753.8151000976563 917.5857391357422 1850.1309448242187 986.3828277587891 0.7027064732142857 1768.4211669921874 967.0138122558594 1848.2258056640626 1066.081524658203 0.7476981026785714 
46 1737.1449401855468 903.9144470214844 1850.0460998535157 970.0029113769531 0.7317475818452381 1763.6226928710937 986.4191314697266 1848.9869262695313 1071.7834442138671 0.8375186011904762 
47 1733.8548645019532 909.7343719482421 1841.3005310058593 953.8146392822266 0.7436755952380952 1766.3852844238281 992.4908233642578 1849.0357360839844 1072.386312866211 0.8422154017857143 
48 1722.1733459472657 918.3463928222657 1829.6094909667968 962.4227722167968 0.7426292782738095 1767.4151794433594 990.5002624511719 1850.058331298828 1070.3885314941406 0.8264741443452381 
49 1719.9273254394532 935.4987365722657 1830.0542419433593 974.0431335449218 0.6922200520833334 1775.5201843261718 987.914892578125 1844.3495666503907 1067.756982421875 0.7688104538690477 
50 1740.2147521972656 955.6358520507813 1817.3459167480469 1013.4842651367187 0.6442987351190477 1770.1984985351562 979.3685485839844 1844.5749389648438 1070.273175048828 0.7950846354166666 
51 1741.8735046386719 994.9433807373047 1824.3636779785156 1047.1870513916015 0.6844075520833334 1770.3220275878907 989.3382263183594 1844.5631042480468 1071.8283996582031 0.8282180059523809 
52 1753.0258666992188 1018.2279296875 1829.9680297851562 1067.690771484375 0.6940104166666666 1768.139581298828 988.7404235839844 1842.3336853027345 1073.926446533203 0.8280087425595238 
53 1755.9186096191406 1027.8408081054688 1832.7482604980469 1071.7434204101562 0.6833844866071429 1771.326727294922 989.6370269775391 1842.6685119628905 1071.9544647216796 0.8480747767857143 
54 1754.8424194335937 1037.578436279297 1837.1248657226563 1086.9478088378905 0.6713634672619048 1768.4506530761719 989.4748840332031 1842.5047912597656 1071.7571716308594 0.8434477306547619 
55 1755.7908142089843 1037.1670776367187 1838.1153137207032 1086.5616821289063 0.6669921875 1766.9785278320312 991.4664672851562 1843.8146850585938 1071.0467163085937 0.8301246279761905 
56 1758.7470947265624 1033.8430908203125 1841.1923583984376 1086.0582763671875 0.6729910714285714 1767.8372314453125 990.5065277099609 1844.7860595703125 1070.2034942626954 0.8271484375 
57 1758.4847900390625 1032.731494140625 1835.4761474609375 1079.47626953125 0.6652018229166666 1769.377880859375 988.7364227294922 1843.61943359375 1068.477505493164 0.8311244419642857 
58 1764.3513122558593 1053.1586975097657 1846.9417785644532 1097.2071472167968 0.63818359375 1769.539617919922 985.4980651855469 1843.8711486816405 1065.3355529785156 0.8320545014880952 
59 1765.231103515625 1051.762646484375 1845.21982421875 1093.13603515625 0.6528552827380952 1770.1110229492188 985.77724609375 1844.5833129882812 1065.765966796875 0.8284737723214286 
60 1763.8335815429687 1052.3814514160156 1846.3534301757813 1093.641375732422 0.6322777157738095 1770.8159912109375 986.8945007324219 1847.8346435546875 1063.9129943847656 0.8087565104166666 
61 1774.2251342773438 1072.3354248046876 1859.4611450195312 1119.0776611328124 0.6325567336309523 1770.6296875 984.2441772460937 1850.36640625 1061.2314086914062 0.8260556175595238 
62 1771.6917541503906 1072.8246704101562 1859.673602294922 1122.3144897460938 0.6366024925595238 1771.1629699707032 985.3714660644531 1845.3976989746093 1059.6061950683593 0.8148018973214286 
63 1765.5665100097656 1056.1505126953125 1850.783953857422 1097.3848876953125 0.5878673735119048 1773.49619140625 987.1095245361328 1844.968896484375 1058.582308959961 0.8214053199404762 
64 1762.0587890625 1038.4104614257812 1844.428515625 1082.3410034179688 0.5790783110119048 1773.8861877441407 986.3486236572265 1845.2733581542968 1060.481393432617 0.8190336681547619 
65 1766.0008239746094 1052.4847351074218 1845.6186828613281 1090.9209045410157 0.5719168526785714 1776.6658142089843 991.6627258300781 1837.0655090332032 1063.0441833496093 0.7940848214285714 
66 1776.9532531738282 1086.4199523925781 1864.6830993652343 1138.5096130371094 0.6234886532738095 1775.2661437988281 986.5639739990235 1841.0635681152344 1063.327688598633 0.8040829613095238 
67 1780.756201171875 1082.022686767578 1863.048486328125 1131.3980895996094 0.6304640997023809 1776.9582153320312 990.5518005371093 1837.3057006835938 1064.6148254394532 0.7665318080357143 
68 1769.6425354003907 1074.2696044921875 1857.2638366699218 1107.1276123046875 0.6247209821428571 1774.2763916015624 991.2821655273438 1839.9924072265626 1067.9507446289062 0.7951543898809523 
69 1772.5755249023437 1080.1532165527344 1868.4222778320313 1129.445782470703 0.6500186011904762 1775.735302734375 993.3645263671875 1844.197314453125 1064.5649169921876 0.7705775669642857 
70 1773.2197326660157 1078.5935485839843 1866.3546081542968 1133.3787414550782 0.6367885044642857 1778.4876037597655 990.6209716796875 1844.229803466797 1059.1026611328125 0.7785063244047619 
71 1781.0201477050782 1059.3915466308595 1854.9089294433593 1116.860528564453 0.5932849702380952 1787.7564758300782 1000.4489196777344 1839.7521911621093 1057.917901611328 0.6960332961309523 
72 1771.118603515625 1026.211163330078 1845.007861328125 1069.9974548339844 0.5939360119047619 1785.3280456542968 990.3191833496094 1845.5341369628907 1053.2617492675781 0.7862955729166666 
73 1771.0891235351562 1005.5621734619141 1842.2060424804688 1054.7968963623048 0.673828125 1787.0799560546875 987.1517364501954 1847.2557373046875 1050.0628021240234 0.7767159598214286 
74 1784.995849609375 994.3681701660156 1845.16845703125 1046.3353210449218 0.7521391369047619 1791.6231994628906 989.2135009765625 1849.0607604980469 1049.3861083984375 0.7342122395833334 
75 1783.3341247558594 999.4920043945312 1851.644268798828 1048.6752319335938 0.7886904761904762 1799.623388671875 1024.7141540527343 1854.271630859375 1073.8975402832032 0.5777297247023809 
76 1787.8029052734375 989.376742553711 1842.3679931640625 1052.1267364501953 0.7575799851190477 1796.8270080566406 1002.2835266113282 1845.935809326172 1062.3052185058593 0.6027948288690477 
77 1788.4930053710937 1005.1794860839843 1843.0133422851563 1076.0559875488282 0.5121837797619048 1788.4930053710937 980.6453033447266 1843.0133422851563 1046.0697235107423 0.6998697916666666 
78 1794.5215454101562 1081.3463928222657 1873.5704956054688 1144.0404479980468 0.6911737351190477 1792.0053466796876 974.8294403076172 1838.3445068359374 1070.233364868164 0.5771484375 
79 1789.0605224609376 1047.8642333984376 1859.8762451171874 1118.6799560546874 0.5169270833333334 1789.7937377929688 958.5065460205078 1836.0963989257812 1113.756332397461 0.3965541294642857 
80 1793.09521484375 1069.0814208984375 1858.37451171875 1131.6407470703125 0.48158482142857145 1770.49853515625 798.3396606445312 1814.01806640625 958.8179321289062 0.36145600818452384 
81 1795.0400146484376 1079.9091430664062 1871.1687255859374 1142.4433959960938 0.6342075892857143 1778.2039123535155 777.4862335205078 1818.987127685547 1177.161410522461 0.35753813244047616 
82 1794.8534545898438 1073.63701171875 1868.3482055664062 1141.6876953125 0.5636625744047619 1781.8714294433594 926.5427795410156 1822.7019348144531 1144.304998779297 0.34005301339285715 
83 1794.5325073242188 1065.8595275878906 1868.0190063476562 1131.1808776855469 0.6374162946428571 1781.8660766601563 932.9140838623047 1819.9701049804687 1134.3213287353515 0.35069056919642855 
84 1789.1628051757812 1064.598095703125 1865.3984741210938 1127.220263671875 0.6069568452380952 1798.0638916015625 1004.1749237060546 1833.4590576171875 1118.5285064697266 0.39524042038690477 
85 1796.5184387207032 1081.592755126953 1867.2873474121093 1136.0304138183594 0.6155133928571429 1796.41376953125 1048.1973022460938 1831.79814453125 1138.0194946289062 0.40572684151785715 
86 1795.9262634277343 1087.0391967773437 1872.1309875488282 1146.9144165039063 0.6856863839285714 1794.042041015625 1000.5760040283203 1832.144482421875 1120.3265228271484 0.3903692336309524 
87 1798.1909973144532 1085.3906799316405 1868.8196228027343 1145.153387451172 0.6823846726190477 1789.414697265625 997.3140045166016 1827.44541015625 1114.1227020263673 0.3912760416666667 
88 1795.2709838867188 1082.4682922363281 1871.2959106445312 1139.4869079589844 0.6745954241071429 1793.391290283203 1005.1903594970703 1831.4037536621095 1116.5124603271483 0.4137369791666667 
89 1791.6473205566406 1081.651788330078 1870.231463623047 1135.8476013183595 0.6666666666666666 1789.7713989257813 1000.3578094482422 1830.4182983398437 1108.749673461914 0.3887532552083333 
90 1782.0544799804688 1076.2310119628905 1860.6032348632812 1141.236883544922 0.6601329985119048 1794.763983154297 1001.3283477783203 1835.3926330566405 1101.5458587646485 0.4337681361607143 
91 1788.8785583496094 1058.5913330078124 1859.356427001953 1118.2262939453126 0.5873558407738095 1788.1487670898437 999.6859344482422 1828.8089965820313 1099.981362915039 0.4144694010416667 
92 1790.1327514648438 1050.5462524414063 1855.0740356445312 1101.9581420898437 0.5827520461309523 1786.3861083984375 981.0258148193359 1829.6802978515625 1075.7318145751954 0.4622395833333333 
93 1790.7401916503907 1069.2945861816406 1861.1085632324218 1120.7177429199219 0.6551571800595238 1789.69921875 978.9397277832031 1833.0029296875 1073.6665954589844 0.5042898995535714 
94 1789.761456298828 1062.1125366210938 1854.7806579589844 1116.2951782226562 0.6055617559523809 1790.4907958984375 971.0439758300781 1831.1278564453125 1073.9910583496094 0.48375883556547616 
95 1787.9328308105469 1075.26865234375 1855.7472229003906 1121.382470703125 0.6251162574404762 1791.062725830078 962.2793579101562 1831.7513610839844 1065.3573608398438 0.5280412946428571 
96 1790.46669921875 1058.7146118164062 1858.274267578125 1115.6730834960938 0.5905645461309523 1784.3118103027343 950.2223602294922 1833.1333801269532 1061.4268707275392 0.5297154017857143 
97 1799.5085876464843 1072.5800354003907 1867.3667785644532 1126.8666198730468 0.6505998883928571 1789.4864013671875 955.1330780029297 1835.6300537109375 1050.1345611572265 0.5710797991071429 
98 1794.49794921875 1072.1965393066407 1862.432470703125 1126.5440612792968 0.6536458333333334 1784.1510131835937 948.03310546875 1833.0638305664063 1045.858740234375 0.5562686011904762 
99 1793.6574645996093 1075.2057861328126 1877.9617980957032 1140.4736572265624 0.7419782366071429 1786.9634643554687 949.1677398681641 1838.6337036132813 1055.2279510498047 0.5625 
100 1796.129412841797 1071.8898620605469 1869.5145080566406 1128.9671936035156 0.6799432663690477 1790.5888732910157 959.0942993164062 1839.5123229980468 1051.5050659179688 0.6330915178571429 
101 1799.1161254882813 1076.2798156738281 1869.8160034179687 1130.6641540527344 0.7027994791666666 1780.7090759277344 940.8415283203125 1829.6550598144531 1063.2065673828124 0.48962983630952384 
102 1795.3486083984376 1079.9444885253906 1871.5090576171874 1134.3446960449219 0.6999860491071429 1782.37626953125 937.5622802734375 1825.896435546875 1065.4028076171876 0.4911528087797619 
103 1789.2025756835938 1077.3611267089843 1870.6223754882812 1137.0689270019532 0.7353980654761905 1785.236016845703 945.523681640625 1828.6598571777345 1062.225341796875 0.4723423549107143 
104 1797.3803344726562 1084.9878967285156 1876.0757202148438 1136.546893310547 0.7508603050595238 1786.5257202148437 948.2623779296875 1832.6576293945313 1081.2305419921875 0.4169340587797619 
105 1793.1680114746093 1067.185723876953 1861.2007629394532 1124.3331970214845 0.5922154017857143 1786.9928405761718 968.6954559326172 1835.9762756347657 1044.892007446289 0.5423874627976191 
106 1790.1303833007812 1069.4144958496095 1869.0803100585938 1126.585137939453 0.5541759672619048 1788.1409057617188 975.9101104736328 1848.0338989257812 1063.027328491211 0.6320219494047619 
107 1793.6802368164062 1029.5109497070312 1864.4740600585938 1141.1474975585938 0.5136602492559523 1786.8731689453125 974.0068878173828 1844.0528564453125 1058.4149261474608 0.5797061011904762 
108 1798.9433837890624 1054.5447143554688 1858.8227294921876 1106.2587524414062 0.5771019345238095 1793.6045471191405 982.9409454345703 1845.318426513672 1056.4291107177735 0.5812639508928571 
109 1793.8629089355468 1073.038397216797 1872.7749084472657 1127.4605041503905 0.6389043898809523 1797.630596923828 982.6139434814453 1843.8893005371094 1058.8049407958983 0.6210704985119048 
110 1804.23115234375 1071.8008239746093 1872.252001953125 1137.1009094238282 0.6777111235119048 1797.7431091308595 989.0246978759766 1849.438897705078 1046.1622528076173 0.6615048363095238 
111 1809.5590759277343 1082.960711669922 1880.3175109863282 1145.5547912597656 0.7362583705357143 1794.6956176757812 977.0323516845704 1849.1251831054688 1050.5122650146484 0.6732933407738095 
112 1799.037042236328 1081.9767150878906 1877.7379821777345 1136.2531433105469 0.7019624255952381 1793.1918884277343 970.9186706542969 1850.1822570800782 1046.9056701660156 0.7092401413690477 
113 1793.271990966797 1044.8032775878905 1861.2457092285156 1096.463201904297 0.607421875 1798.7098693847656 973.2739898681641 1855.8078308105469 1046.6856658935546 0.7519996279761905 
114 1795.202734375 1079.7477905273438 1876.65078125 1136.7614868164062 0.6979166666666666 1800.1104614257813 971.6723846435547 1857.1241577148437 1042.2607818603515 0.7638113839285714 
115 1797.4222412109375 1055.3484497070312 1862.7078857421875 1104.3126831054688 0.5840308779761905 1795.643572998047 969.1376739501953 1858.2090881347656 1039.8639739990235 0.7401646205357143 
116 1799.6667724609374 1071.3905456542968 1864.9162353515626 1123.0463439941407 0.5814499627976191 1796.4251220703125 971.84326171875 1853.5184814453125 1034.3740234375 0.7251674107142857 
117 1801.8462890625 1078.1082336425782 1877.844873046875 1140.5356872558593 0.7293759300595238 1800.4891235351563 975.4892639160156 1852.0597045898437 1040.6309753417968 0.6813383556547619 
118 1809.4154724121095 1080.472216796875 1871.826104736328 1140.169384765625 0.6486700148809523 1797.51787109375 979.0289825439453 1854.501416015625 1049.5800872802733 0.6326497395833334 
119 1803.3321655273437 1081.4575805664062 1881.9678833007813 1146.5353393554688 0.7307245163690477 1797.8046508789062 978.3133270263672 1852.0361694335938 1051.525845336914 0.6703869047619048 
120 1808.3639038085937 1067.2338745117188 1865.3858520507813 1121.5402954101562 0.6223028273809523 1791.6541870117187 972.1972808837891 1848.6761352539063 1053.6571502685547 0.6455078125 
121 1802.4970092773438 1015.3185180664062 1856.7742309570312 1083.1651245117187 0.6202566964285714 1792.0590026855468 973.4623596191407 1846.3363830566407 1060.3060729980468 0.6200474330357143 
122 1797.0451538085938 999.7992584228516 1854.1731079101562 1070.5290496826171 0.6535063244047619 1793.1738708496093 987.2436462402344 1847.5813781738282 1057.9735168457032 0.5953776041666666 
123 1797.9976745605468 1002.8650756835938 1855.0134338378907 1070.7408813476563 0.6863141741071429 1796.2224487304688 989.7076416015625 1850.5231567382812 1063.0135498046875 0.6460658482142857 
124 1796.10048828125 993.1907440185547 1855.986181640625 1066.6870025634767 0.7364211309523809 1789.5046508789062 990.7827209472656 1852.1125366210938 1067.0010925292968 0.6582728794642857 
125 1791.9994995117188 981.6001434326172 1857.3286254882812 1049.651382446289 0.6430431547619048 1794.407452392578 972.5964416503906 1857.0145446777344 1046.0916687011718 0.6254417782738095 
126 1780.1293579101562 979.088037109375 1859.0849975585938 1049.875830078125 0.5928664434523809 1781.3859375 949.1392944335937 1849.451220703125 1025.3724243164063 0.6096307663690477 
127 1795.557794189453 973.1565765380859 1850.0678161621095 1054.9216094970702 0.5204845610119048 1786.857080078125 916.8645629882812 1844.092626953125 995.9039916992188 0.5061383928571429 
128 1790.3095764160157 925.8268585205078 1850.0875183105468 1075.271713256836 0.5045805431547619 1774.7381591796875 897.9235687255859 1842.6676025390625 963.1358184814453 0.4824800037202381 
129 1796.151318359375 992.9015686035157 1850.619921875 1066.4342468261718 0.7362118675595238 1765.2508850097656 882.4978332519531 1833.3366394042969 950.5835876464844 0.7419084821428571 
130 1786.0866271972657 972.2378601074219 1846.0067565917968 1062.1179748535155 0.6210704985119048 1773.5160888671876 884.662319946289 1833.4360595703124 952.7533905029297 0.6319056919642857 
131 1791.2435485839844 976.5939514160157 1845.757061767578 1063.8153503417968 0.6452287946428571 1771.4300659179687 884.1308563232421 1834.1204711914063 954.9982330322266 0.6889415922619048 
132 1792.4952026367187 929.3948211669922 1846.9964965820313 1030.222183227539 0.5631045386904762 1783.7960266113282 892.3968780517578 1841.0222106933593 968.6986419677735 0.6728283110119048 
133 1793.7244506835937 942.0367279052734 1850.7425903320313 1034.3518829345703 0.6013997395833334 1784.4302185058593 899.7430603027344 1849.5938293457032 978.4824035644531 0.7142624627976191 
134 1795.9015625 940.9111633300781 1852.84892578125 1030.3996276855469 0.6221168154761905 1786.9319091796874 908.1612823486328 1849.3027099609376 992.2262298583985 0.6965448288690477 
135 1792.8516235351562 982.608642578125 1855.3744506835938 1053.28662109375 0.6472749255952381 1790.7605590820312 918.6220001220703 1853.2833862304688 1000.1735931396485 0.7276785714285714 
136 1791.3759155273438 971.4514587402343 1859.3831176757812 1042.1787902832032 0.6010974702380952 1791.3759155273438 932.5304748535157 1859.3831176757812 1014.1389587402343 0.6908017113095238 
137 1791.0426635742188 965.3926544189453 1861.7984008789062 1030.7056732177734 0.6299293154761905 1797.6366821289062 944.9822845458984 1865.6711791992188 1023.9022979736328 0.7284923735119048 
138 1790.9131958007813 970.9392913818359 1861.6695678710937 1038.9743438720702 0.6067475818452381 1797.5073547363281 961.9377410888671 1865.5423278808594 1035.415591430664 0.6781296502976191 
139 1793.7555847167969 977.3675933837891 1864.5406799316406 1048.1526092529298 0.6689220610119048 1797.6299255371093 959.9854858398437 1871.1375305175782 1036.2154418945313 0.7336309523809523 
140 1787.0556396484376 994.4736419677735 1857.8015380859374 1048.893606567383 0.6482514880952381 1804.114239501953 969.8800384521485 1872.1390563964844 1037.9049346923828 0.7601376488095238 
141 1791.357275390625 990.0226623535157 1859.354638671875 1052.5802429199218 0.6481352306547619 1803.9106201171876 970.5649871826172 1871.9079833984374 1038.562271118164 0.7519996279761905 
142 1789.9499206542969 998.5258392333984 1855.1903381347656 1055.6111846923827 0.6731538318452381 1802.1825439453125 971.5515106201171 1870.1411865234375 1044.946841430664 0.7570917038690477 
143 1798.1617004394532 990.4414459228516 1852.5371520996093 1050.2545379638673 0.6937779017857143 1803.8083374023438 975.174526977539 1863.6213500976562 1040.4250213623047 0.7525809151785714 
144 1795.2346740722655 987.7020935058594 1854.911688232422 1060.941827392578 0.6995907738095238 1801.494580078125 973.7218048095704 1861.171435546875 1041.5364349365234 0.69384765625 
145 1798.4390502929687 990.9714599609375 1858.2533325195313 1069.8176025390626 0.7059616815476191 1797.6024597167968 976.3315673828125 1846.5414611816407 1055.1777099609376 0.6131417410714286 
146 1800.2159545898437 995.8799743652344 1860.0276977539063 1066.5666809082031 0.732421875 1793.4190795898437 978.5220611572265 1839.6373168945313 1054.6460906982422 0.5980980282738095 
147 1803.950634765625 993.9668426513672 1852.776171875 1069.917739868164 0.7410016741071429 1793.5178955078125 973.3098968505859 1842.3434326171875 1065.5358673095702 0.6239071800595238 
148 1800.2816650390625 996.365512084961 1857.3445556640625 1069.7319610595703 0.7323753720238095 1797.0418395996094 980.1663146972656 1845.9529113769531 1067.119207763672 0.6505998883928571 
149 1798.9344421386718 992.1223052978515 1858.7209533691407 1065.496530151367 0.7263532366071429 1793.60390625 985.8510131835938 1845.237646484375 1059.2251586914062 0.6190708705357143 
150 1798.303045654297 991.209814453125 1863.5479064941405 1072.765771484375 0.7274693080357143 1793.5980163574218 977.4080535888672 1845.2500061035157 1069.838101196289 0.5889136904761905 
151 1800.7351989746094 994.7258544921875 1860.4214172363281 1070.6901611328126 0.74267578125 1795.4135864257812 983.3521026611328 1846.9606811523438 1067.4554534912108 0.6232793898809523 
152 1798.246844482422 990.253384399414 1863.2466857910156 1071.5031463623047 0.7379092261904762 1791.4760864257812 971.3992706298828 1842.9343139648438 1071.607260131836 0.5617327008928571 
153 1799.7580261230469 988.3361145019531 1859.3363342285156 1069.5792907714845 0.7390485491071429 1792.36279296875 976.0455078125 1843.81689453125 1073.537255859375 0.5950055803571429 
154 1802.7754333496093 989.0161682128906 1856.9290344238282 1070.246649169922 0.7349562872023809 1796.5268981933593 983.9132568359375 1850.6804992675782 1073.2666748046875 0.6423223586309523 
155 1802.8613037109376 988.7927429199219 1854.3135009765624 1070.0330627441406 0.7526739211309523 1792.4458984375 976.5025573730469 1843.898095703125 1073.9909729003907 0.5689057849702381 
156 1801.1893676757813 991.1245025634765 1860.8951049804687 1069.827584838867 0.7477678571428571 1796.1791198730468 979.4338226318359 1845.0292541503907 1068.9925079345703 0.6251627604166666 
157 1801.5678344726562 991.3033935546875 1858.5129760742188 1069.9419677734375 0.7376767113095238 1794.162860107422 977.2235260009766 1842.9730041503906 1069.4204559326172 0.6068173363095238 
158 1801.9391357421875 988.9891998291016 1856.1424072265625 1070.2941864013671 0.7222842261904762 1798.0822692871093 982.1095642089844 1849.5755676269532 1068.834893798828 0.6582263764880952 
159 1798.1437438964845 983.4127319335937 1855.063653564453 1072.8585083007813 0.7236560639880952 1796.996875 973.8218414306641 1845.785595703125 1074.1094940185546 0.6388578869047619 
160 1799.4801391601563 991.2088897705078 1859.0652709960937 1069.752963256836 0.7185639880952381 1796.2507873535155 979.2293487548828 1847.710760498047 1071.315512084961 0.6413457961309523 
161 1802.6850646972657 986.38623046875 1856.8326354980468 1070.31494140625 0.7349562872023809 1794.9795349121093 971.7038879394531 1843.7122375488282 1074.5843200683594 0.6130254836309523 
162 1803.4458801269532 988.7124725341797 1860.2207458496093 1069.8195709228517 0.7345842633928571 1793.0474243164062 981.5376068115235 1849.8224487304688 1070.755422973633 0.6159551711309523 
163 1803.4161315917968 981.4370941162109 1857.5564025878907 1070.7685333251952 0.7516741071428571 1793.3168701171876 971.5460754394531 1844.7500244140624 1074.4125427246095 0.5979585193452381 
164 1805.3266906738281 986.1388916015625 1856.7657165527344 1067.3584228515624 0.7470005580357143 1793.4562255859375 969.0619506835938 1839.4805419921875 1071.9400024414062 0.5633138020833334 
165 1804.0568481445312 992.5526489257812 1858.2185424804688 1065.6709838867187 0.7095424107142857 1799.0572143554687 969.5338531494141 1842.3866333007813 1061.6089080810548 0.5670340401785714 
166 1801.7223999023438 987.38251953125 1864.0109985351562 1068.6287109375 0.6816173735119048 1803.2848205566406 972.7998779296875 1852.0324401855469 1054.0460693359375 0.6335100446428571 
167 1800.3912658691406 981.2567169189454 1862.7609558105469 1068.0317962646484 0.7050083705357143 1797.1580627441406 957.8941467285156 1851.392596435547 1066.363055419922 0.6335565476190477 
168 1796.6810668945313 981.9955444335938 1858.9576049804687 1057.8103637695312 0.6847098214285714 1794.598321533203 966.4785003662109 1856.8747009277345 1050.4163360595703 0.6360909598214286 
169 1792.1868774414063 980.6652893066406 1859.9471557617187 1061.9776550292968 0.6404389880952381 1799.3798522949219 967.8429534912109 1859.0089416503906 1051.8658477783204 0.6632719494047619 
170 1796.1755981445312 976.7277770996094 1864.0368041992188 1063.5902160644532 0.6665504092261905 1796.4888000488281 961.4851623535156 1861.6355895996094 1053.776434326172 0.6672247023809523 
171 1791.402978515625 976.162710571289 1864.818701171875 1060.4549041748046 0.6361374627976191 1801.338153076172 970.5153625488281 1861.1583068847656 1049.3692810058594 0.68310546875 
172 1789.1289978027344 973.0837280273438 1857.0798645019531 1054.6247680664062 0.5774274553571429 1810.1414794921875 978.206167602539 1859.0660400390625 1051.5930877685546 0.6752697172619048 
173 1800.7803649902344 978.2476684570313 1868.7788391113281 1065.2857788085937 0.6875465029761905 1802.349560546875 977.4107360839844 1856.74833984375 1053.5691223144531 0.6229306175595238 
174 1801.5119873046874 976.7520324707032 1861.3342041015626 1071.9238708496093 0.720703125 1797.9559997558595 966.8165069580078 1852.340020751953 1075.584310913086 0.6025855654761905 
175 1799.2315551757813 983.8668701171875 1861.8502319335937 1068.2659423828125 0.7127511160714286 1798.3938781738282 972.1389251708985 1850.1223571777343 1067.428274536133 0.6280226934523809 
176 1803.5251892089843 991.0017578125 1868.9363586425782 1070.040234375 0.7214936755952381 1797.8645874023437 977.4792236328125 1857.8248657226563 1064.6941162109374 0.5853097098214286 
177 1804.9305541992187 983.9892272949219 1870.3377563476563 1071.1988830566406 0.7192847842261905 1803.1487060546874 984.9326049804688 1865.8305419921876 1063.9663208007812 0.6298363095238095 
178 1803.1419189453125 984.4099060058594 1871.2802001953125 1068.9014953613282 0.7273065476190477 1792.6589904785155 975.7091918945313 1860.797430419922 1062.9263061523438 0.5752650669642857 
179 1798.5020690917968 979.6201751708984 1863.9062561035157 1072.2758819580079 0.7189360119047619 1788.649658203125 973.0168395996094 1848.603271484375 1068.3978332519532 0.5287853422619048 
180 1801.0825805664062 988.3486114501953 1866.2999877929688 1064.4355072021485 0.7353283110119048 1797.8426879882813 982.3912872314453 1854.9078002929687 1055.7607513427733 0.5925176711309523 
181 1797.0624267578125 980.6822052001953 1862.3455322265625 1067.7264251708984 0.7506742931547619 1796.2254638671875 975.8696685791016 1850.6280517578125 1068.3541473388673 0.6155598958333334 
182 1803.0684387207032 973.1604461669922 1854.7937438964843 1071.166275024414 0.7311197916666666 1798.2518310546875 970.4380065917969 1855.4219970703125 1073.8887756347656 0.6459030877976191 
183 1797.9835083007813 979.8599578857422 1852.4264038085937 1069.690640258789 0.6932663690476191 1799.1351013183594 970.5418762207031 1861.7444152832031 1068.5390563964843 0.6799665178571429 
184 1798.2071472167968 991.0257385253906 1860.8342346191407 1064.544451904297 0.7085425967261905 1796.7410461425782 978.45849609375 1853.9221618652343 1051.97705078125 0.6545061383928571 
185 1796.9867919921876 983.7794067382813 1867.7739501953124 1065.4569213867187 0.7154947916666666 1791.9605346679687 971.5278167724609 1851.8573364257813 1050.4827423095703 0.6211635044642857 
186 1793.8576354980469 986.2636169433594 1867.4103088378906 1062.540704345703 0.7150530133928571 1795.429266357422 976.1003631591797 1855.3611389160155 1049.6531158447265 0.6574823288690477 
187 1799.387646484375 991.5344848632812 1862.03837890625 1062.3568725585938 0.7077752976190477 1798.2352111816406 978.9624633789062 1852.714129638672 1049.7848510742188 0.6653645833333334 
188 1790.52919921875 995.9386474609375 1855.85166015625 1063.9829833984375 0.6418805803571429 1798.0664001464843 974.0597991943359 1852.5018371582032 1050.2693634033203 0.6530877976190477 
189 1793.7906860351563 974.9516479492188 1861.8372436523437 1064.7732055664062 0.7490001860119048 1791.1734802246094 998.5061950683594 1845.610821533203 1047.4997863769531 0.5425502232142857 
190 1791.7820556640625 975.3785705566406 1851.5541259765625 1070.4704284667969 0.7651599702380952 1792.7225219726563 984.9922729492188 1844.3438842773437 1069.2164672851563 0.5979352678571429 
191 1791.04912109375 984.6228973388672 1850.79072265625 1068.804165649414 0.7727167038690477 1785.095849609375 991.5161590576172 1842.121923828125 1070.266372680664 0.6100725446428571 
192 1789.4447875976562 985.033090209961 1857.4888061523438 1069.4076446533204 0.7617885044642857 1778.6624816894532 982.6253479003906 1849.4282165527343 1069.721697998047 0.5885184151785714 
193 1790.3758178710937 986.0054534912109 1858.2738403320313 1062.0512481689452 0.7574637276785714 1788.6000915527343 996.242398071289 1853.7821105957032 1055.9926483154297 0.6410202752976191 
194 1786.0609130859375 989.0985107421875 1859.5128173828125 1062.5504150390625 0.7654157366071429 1783.96826171875 999.0386047363281 1857.420166015625 1058.8882751464844 0.6523670014880952 
195 1787.4257568359376 996.5564544677734 1858.2160888671874 1061.9013702392579 0.7090076264880952 1794.6514404296875 994.7761962890625 1857.2736083984375 1057.3983642578125 0.6804547991071429 
196 1790.2664916992187 996.2159057617188 1855.6102172851563 1064.2821411132813 0.6838495163690477 1790.5806457519532 984.4875579833985 1853.2017028808593 1063.444387817383 0.6155831473214286 
197 1799.1870971679687 994.9585357666016 1856.3861450195313 1060.3290008544923 0.6998697916666666 1784.5207153320312 975.1588256835937 1841.7197631835938 1048.7005493164063 0.5240420386904762 
198 1799.0666076660157 995.096078491211 1864.4869812011718 1060.5165313720704 0.7003115699404762 1776.6307067871094 948.4420989990234 1836.5993957519531 1054.7503448486327 0.43860444568452384 
199 1798.9595764160156 999.0991180419921 1861.544451904297 1078.010562133789 0.6846633184523809 1769.9695922851563 809.3558685302735 1829.8333862304687 1081.4642608642578 0.38268461681547616 
200 1770.726904296875 1002.5424987792969 1835.969384765625 1070.5035217285156 0.5040341331845238 1794.6699584960938 977.6583068847656 1851.7572875976562 1061.929949951172 0.5759044828869048 
201 1770.4200927734375 994.2780731201171 1832.9292724609375 1064.940737915039 0.5066731770833334 1806.9012756347656 994.5916778564454 1861.2570495605469 1062.5364349365234 0.7021716889880952 
202 1769.343438720703 996.0859161376953 1831.8388122558595 1066.7328704833985 0.5081380208333334 1809.683251953125 989.815478515625 1866.74423828125 1060.462353515625 0.7561848958333334 
203 1769.5813293457031 979.3967498779297 1832.1287536621094 1066.4192291259765 0.49789574032738093 1812.3604614257813 989.6470123291016 1866.7494018554687 1060.3526824951173 0.7599748883928571 
204 1771.039044189453 1003.6173553466797 1830.9705993652344 1066.2730865478516 0.5422944568452381 1809.3869384765626 992.1967712402344 1863.8701416015624 1063.0250305175782 0.7406761532738095 
205 1776.5356201171876 1000.7377990722656 1844.6313720703124 1071.5574890136718 0.5832868303571429 1807.7549682617187 997.1758819580078 1859.5077270507813 1062.547933959961 0.6827566964285714 
206 1781.5158569335938 995.3097290039062 1852.2024047851562 1071.4336791992187 0.6282087053571429 1793.2273254394531 983.0755218505859 1853.0389099121094 1056.4806915283202 0.6023995535714286 
207 1793.4510803222656 990.3071350097656 1855.9889831542969 1058.2830749511718 0.6992652529761905 1788.9542419433594 977.1302124023438 1854.211163330078 1050.5443481445313 0.5558268229166666 
208 1786.2974487304687 978.9997314453125 1851.5961059570313 1047.0193115234374 0.6992652529761905 1790.4832397460937 967.9073333740234 1855.7818969726563 1041.3683624267578 0.6436476934523809 
209 1775.0933044433593 971.8108062744141 1848.5850402832032 1048.0243377685547 0.6282319568452381 1790.6920043945313 961.6559967041015 1856.0179565429687 1035.147653198242 0.6026088169642857 
210 1781.2213134765625 977.2073486328125 1851.9532470703125 1045.2186767578125 0.6741071428571429 1790.2198547363282 959.5243743896484 1855.5107360839843 1035.6971221923827 0.6236049107142857 
211 1772.9381591796875 975.220492553711 1846.4732177734375 1046.0320098876953 0.5832170758928571 1794.8311096191405 962.6503540039063 1860.195623779297 1033.4619506835938 0.6615280877976191 
212 1771.4823364257813 996.1127136230468 1844.9497924804687 1050.5329162597657 0.5930292038690477 1804.44853515625 974.2399810791015 1864.3107421875 1036.823190307617 0.7239583333333334 
213 1780.8500244140625 999.3254913330078 1856.9971435546875 1059.1554046630858 0.6086542038690477 1803.3385375976563 984.0542388916016 1865.8880249023437 1049.3231414794923 0.7062872023809523 
214 1765.964825439453 1010.0241027832031 1836.6461364746094 1069.8312438964845 0.4914434523809524 1809.6701171875 991.2036682128906 1864.04033203125 1051.010809326172 0.6634579613095238 
215 1767.9739501953125 1006.6966064453125 1835.9313232421875 1074.6539794921875 0.5093354724702381 1811.675799560547 998.6462341308594 1863.3233459472656 1063.8853820800782 0.6745721726190477 
216 1762.5092895507812 1006.8038970947266 1825.1425659179688 1074.8835418701171 0.49208286830357145 1816.4493896484375 1001.1480834960937 1865.4666259765625 1063.7813598632813 0.7189360119047619 
217 1766.0175170898438 1009.1310821533203 1831.3523559570312 1077.1881927490235 0.48293340773809523 1815.7515197753905 1000.4407440185547 1867.474920654297 1071.2202056884767 0.7312593005952381 
218 1778.6954162597656 1011.3199584960937 1838.623797607422 1073.9722778320313 0.5532691592261905 1815.26005859375 998.1189514160156 1867.01630859375 1066.219305419922 0.7577427455357143 
219 1773.4642822265625 1003.7487579345703 1830.6001708984375 1071.7677825927735 0.5134626116071429 1816.2638549804688 997.4701416015625 1865.2376098632812 1065.4890869140625 0.7587890625 
220 1777.605645751953 1003.2796508789063 1840.1581481933595 1071.2716186523437 0.5910993303571429 1812.0199645996095 994.5976287841797 1866.413507080078 1065.3091705322265 0.7582077752976191 
221 1774.5625366210938 1007.243862915039 1842.5265747070312 1075.2079803466797 0.5650111607142857 1807.4989685058595 994.0692657470703 1861.870294189453 1067.4704681396483 0.7134254092261905 
222 1785.747979736328 1005.5173431396485 1859.0661071777345 1067.973440551758 0.6423688616071429 1795.9832885742187 978.5713409423828 1853.0084106445313 1057.3204437255858 0.5602562313988095 
223 1780.707696533203 987.9417724609375 1859.5197204589845 1058.6007080078125 0.5720563616071429 1799.9404357910157 981.9838043212891 1857.0111022949218 1049.9250701904298 0.5632672991071429 
224 1781.9500915527344 980.3611724853515 1852.669171142578 1048.3602020263672 0.6050502232142857 1793.353045654297 967.4936706542969 1855.9122131347656 1038.2127502441406 0.6156529017857143 
225 1786.9799560546876 973.6384857177734 1854.9900146484374 1047.0893585205079 0.6600399925595238 1789.3865051269531 960.7689422607422 1854.6761169433594 1036.940103149414 0.61083984375 
226 1786.936785888672 973.6448425292969 1854.9454162597656 1047.0940490722655 0.6579008556547619 1789.343194580078 960.7754547119141 1854.6315368652345 1036.9451873779296 0.6197684151785714 
227 1793.530255126953 980.228060913086 1858.8351013183594 1053.6960723876953 0.7057059151785714 1782.4367370605469 955.006201171875 1853.1837463378906 1047.52138671875 0.5478515625 
228 1786.755548095703 983.733056640625 1857.4235290527345 1059.83701171875 0.6484840029761905 1793.9685974121094 972.9656463623047 1856.4826965332031 1051.7875885009767 0.6048642113095238 
229 1766.0422912597655 1001.3380615234375 1839.379461669922 1069.2427490234375 0.46981956845238093 1803.7555603027345 986.7123809814453 1858.079278564453 1054.6171478271485 0.6841052827380952 
230 1774.9552795410157 997.1292785644531 1848.3419616699218 1065.0798278808593 0.5366327194940477 1808.8260437011718 996.293002319336 1860.4685119628907 1053.3713653564453 0.6835704985119048 
231 1769.0690856933593 1002.1672637939453 1842.4903625488282 1061.9920989990235 0.49514043898809523 1811.322998046875 991.080810546875 1862.98974609375 1056.34423828125 0.7166341145833334 
232 1782.6001098632812 999.6337463378907 1847.8708374023438 1062.1849792480468 0.5478166852678571 1810.7376770019532 987.91845703125 1867.8496032714843 1061.34814453125 0.7580450148809523 
233 1786.06201171875 996.8407501220703 1854.05810546875 1062.1169525146483 0.6065383184523809 1812.4236694335937 988.1581512451172 1869.5401977539063 1056.1541656494142 0.7664620535714286 
234 1778.887274169922 999.7754669189453 1852.3047424316405 1067.7545013427734 0.5411086309523809 1812.1447814941407 986.5979675292969 1869.2471862792968 1060.0154357910155 0.7599051339285714 
235 1770.1011962890625 994.2303283691406 1840.8553466796875 1064.984637451172 0.4997442336309524 1813.8515014648438 987.636361694336 1868.2778930664062 1061.1119903564454 0.7677641369047619 
236 1766.277276611328 994.7960144042969 1831.6703552246095 1068.3632873535157 0.4482305617559524 1812.1781372070313 989.1370086669922 1861.2229858398437 1057.254898071289 0.7231212797619048 
237 1771.254541015625 991.6052673339843 1844.892431640625 1073.4251281738282 0.4869907924107143 1809.437237548828 989.2975616455078 1861.2564880371094 1054.753402709961 0.6856166294642857 
238 1787.9620422363282 990.4317596435546 1858.8896423339843 1064.0873443603516 0.6148390997023809 1793.4180114746093 977.5263031005859 1853.4336730957032 1053.9097930908204 0.5157412574404762 
239 1787.303204345703 977.6655090332031 1858.2035095214844 1048.5658142089844 0.6071893601190477 1801.1475952148437 974.0994934082031 1861.1402465820313 1039.5458923339843 0.6784086681547619 
240 1791.7332580566406 972.8163879394531 1857.177752685547 1038.2608825683594 0.6647367931547619 1776.4208740234376 935.7940246582032 1847.3191162109374 1031.2340515136718 0.47734142485119047 
241 1777.6187438964844 965.4053955078125 1851.1618957519531 1041.6724853515625 0.6174897693452381 1793.2283569335937 959.7482635498047 1858.6000122070313 1030.5677154541015 0.6795014880952381 
242 1770.6878295898437 959.5862243652343 1846.9425415039063 1052.1812316894532 0.5028831845238095 1796.7694458007813 956.9676483154296 1864.8540893554687 1035.9457427978516 0.7041945684523809 
243 1781.5296203613282 969.8058654785157 1857.8362243652343 1046.1124694824218 0.5691964285714286 1803.7508056640625 966.556527709961 1869.1564208984375 1034.6874298095704 0.7001953125 
244 1784.5966552734376 996.6072265625 1860.9665771484374 1056.612255859375 0.5494559151785714 1803.2694580078125 974.3676116943359 1863.2744873046875 1045.2825958251954 0.5739164806547619 
245 1778.2569396972656 993.7507446289062 1857.463153076172 1059.3007690429688 0.5168573288690477 1808.0905822753907 973.896694946289 1865.4468933105468 1047.6403533935547 0.6416248139880952 
246 1775.1795654296875 998.8255340576172 1859.8604736328125 1061.653286743164 0.5225539434523809 1810.1656921386718 976.5521362304687 1864.7985412597657 1050.3065063476563 0.6387416294642857 
247 1770.44912109375 998.6618835449219 1849.612646484375 1058.7169006347656 0.4608793712797619 1811.3957397460938 978.8184600830078 1863.2614868164062 1047.062826538086 0.6163504464285714 
248 1765.4898498535156 993.4630767822266 1841.877703857422 1061.6665008544921 0.43861607142857145 1808.1957153320313 976.3597076416015 1860.0303588867187 1047.2913543701172 0.62060546875 
249 1764.993914794922 993.1585693359375 1838.6011779785156 1064.0396728515625 0.4269903273809524 1796.240283203125 968.5179473876954 1853.4904296875 1053.0300872802734 0.5266694568452381 
250 1762.615283203125 974.5329650878906 1836.37568359375 1064.6844421386718 0.44613792782738093 1806.8504821777344 978.5256317138671 1861.487774658203 1052.285952758789 0.6322544642857143 
251 1768.8949890136719 991.585073852539 1848.0780334472656 1059.8462615966796 0.4878627232142857 1807.436260986328 983.4987579345703 1862.0453063964844 1049.0295013427735 0.6511114211309523 
252 1793.5217590332031 988.8914764404296 1864.5782165527344 1057.2150299072266 0.6884068080357143 1783.325732421875 939.698599243164 1851.649365234375 1051.7490936279296 0.46084449404761907 
253 1763.4731750488281 965.7169158935546 1839.9187927246094 1053.0834381103516 0.47617885044642855 1796.2355895996093 964.8768615722656 1861.7603820800782 1041.3224792480469 0.6568545386904762 
254 1766.6840270996095 961.7290283203125 1848.588311767578 1049.0937255859376 0.5050804501488095 1791.0452819824218 958.7888397216797 1862.0290588378907 1035.2329498291015 0.6434384300595238 
255 1767.5312072753907 961.8578857421875 1846.7767761230468 1049.3012939453124 0.49697730654761907 1791.5991821289062 958.5998107910157 1862.6469116210938 1037.8453796386718 0.6063058035714286 
256 1780.0478637695312 978.1841339111328 1856.5856811523438 1051.9884124755858 0.5874720982142857 1786.986767578125 945.9078826904297 1858.057666015625 1044.3136138916016 0.5291341145833334 
257 1782.567608642578 999.6479400634765 1859.2538024902344 1057.162545776367 0.5933082217261905 1794.3654724121093 964.8863555908204 1860.0965637207032 1049.7888763427734 0.5081380208333334 
258 1767.8262634277344 1001.2348266601563 1839.0588684082031 1064.2483276367188 0.45521763392857145 1809.7649719238282 983.742788696289 1864.5593688964843 1052.2356658935546 0.6213727678571429 
259 1766.303973388672 999.5647918701172 1848.6297424316406 1062.681362915039 0.4669828869047619 1809.5777648925782 984.471728515625 1864.4616638183593 1050.332470703125 0.6511579241071429 
260 1771.5770385742187 999.0717346191407 1848.5306274414063 1067.7801940917968 0.4828985305059524 1814.9162963867188 988.8182800292968 1864.3864379882812 1054.7785217285157 0.6415783110119048 
261 1778.6030578613281 1018.00458984375 1849.9959411621094 1081.1599609375 0.4852818080357143 1812.1872680664062 987.4831146240234 1867.1049682617188 1058.8760772705077 0.6711542038690477 
262 1762.4618896484376 1007.5382659912109 1833.7695556640624 1084.3311798095704 0.44128999255952384 1813.5165954589843 989.183935546875 1862.8834289550782 1060.4916015625 0.6675037202380952 
263 1761.6856689453125 997.5701385498047 1835.7882080078125 1071.6725982666017 0.44888160342261907 1808.5539184570312 987.3308410644531 1860.7002319335938 1058.6888122558594 0.6775483630952381 
264 1756.5985046386718 993.0744537353515 1830.4514221191407 1064.192086791992 0.43588402157738093 1804.7817138671876 984.026904296875 1862.2229248046874 1060.615185546875 0.7290271577380952 
265 1758.3106323242187 998.1587951660156 1832.2230590820313 1066.596209716797 0.4534388950892857 1813.7975830078126 987.9458618164062 1863.0725341796874 1053.6456909179688 0.7393275669642857 
266 1793.4826293945312 996.7210754394531 1859.1748413085938 1059.6760192871093 0.6947312127976191 1793.4826293945312 971.3496520996093 1859.1748413085938 1053.4646789550782 0.5683361235119048 
267 1800.3011535644532 986.8836029052734 1857.8478942871093 1044.4304229736329 0.7089146205357143 1799.6687622070312 978.4518402099609 1862.6962280273438 1035.9986602783204 0.6222098214285714 
268 1802.5689819335937 978.58525390625 1860.0955688476563 1033.372509765625 0.6747349330357143 1793.1919006347657 965.9420654296875 1858.9366394042968 1020.7293212890625 0.5243908110119048 
269 1787.6002014160156 981.2617095947265 1867.012713623047 1027.813912963867 0.6433454241071429 1801.8185668945312 974.9424346923828 1867.5393432617188 1021.4946380615235 0.6781296502976191 
270 1793.8871154785156 999.8735870361328 1873.3034362792969 1049.1663909912108 0.6923828125 1805.3677856445313 991.1314544677734 1876.5684936523437 1043.1627960205078 0.6947544642857143 
271 1769.7325744628906 998.6413543701171 1849.1520690917969 1058.890689086914 0.5204031808035714 1810.4955627441407 994.1121826171875 1865.2677429199218 1057.0999755859375 0.6804082961309523 
272 1770.7336853027343 1001.851773071289 1841.9434387207032 1053.8896209716797 0.5220075334821429 1806.338555908203 987.9469573974609 1861.1151794433595 1050.9400665283204 0.6932663690476191 
273 1764.532940673828 997.5049194335937 1833.0433532714844 1071.4960571289062 0.47829473586309523 1806.1662109375 993.6050415039062 1860.9744140625 1064.8558959960938 0.6924293154761905 
274 1764.6063171386718 996.6532958984375 1836.0725158691407 1068.1196533203124 0.49636114211309523 1808.162664794922 989.6758422851562 1868.6340881347655 1066.6395874023438 0.7868303571428571 
275 1764.9190979003906 996.3868530273437 1830.8847351074219 1070.5982543945313 0.488525390625 1812.3847961425781 989.7268188476562 1870.1048278808594 1066.6867553710938 0.7812267485119048 
276 1750.166680908203 909.8615783691406 1807.5997985839845 1082.1612487792968 0.3790690104166667 1811.8074523925782 992.4349395751954 1863.7707946777343 1069.0125091552734 0.7493722098214286 
277 1761.842822265625 973.0671173095703 1830.2521484375 1074.3129486083985 0.4648553757440476 1805.5195251464843 995.8000274658203 1860.2469543457032 1064.2094329833985 0.7379789806547619 
278 1752.5880126953125 909.5513610839844 1807.3143310546875 1087.4118957519531 0.38571893601190477 1803.420343017578 993.1143096923828 1855.4103454589845 1066.9947601318358 0.7014276413690477 
279 1765.2988342285157 1000.0724273681641 1833.7032409667968 1068.4770721435548 0.47846912202380953 1809.6039184570313 996.8101043701172 1858.8550659179687 1057.006118774414 0.7088913690476191 
280 1759.6648986816406 996.6675659179688 1838.998065185547 1073.2650512695313 0.46298363095238093 1810.5896423339843 998.8771179199218 1868.0376770019532 1056.3251525878907 0.7172619047619048 
281 1763.0750122070312 1000.6101470947266 1847.9955444335938 1066.3551239013673 0.47396995907738093 1817.1249084472656 991.0223846435547 1871.9123229980469 1048.5492095947266 0.7291201636904762 
282 1762.8992797851563 994.3227478027344 1847.7855346679687 1060.0411437988282 0.4744466145833333 1814.505108642578 988.9515197753906 1872.0086853027344 1046.455096435547 0.7179827008928571 
283 1765.3886169433595 976.8854248046875 1842.167169189453 1050.9219482421875 0.4435221354166667 1821.2851135253907 984.7952819824219 1870.6427429199218 1045.1213439941407 0.7178896949404762 
284 1758.7919006347656 987.80146484375 1851.9477233886719 1056.298388671875 0.44663783482142855 1815.9077941894532 991.1736419677734 1870.7053649902343 1048.7109405517579 0.7274460565476191 
285 1749.4976196289062 811.5197052001953 1812.4235229492188 1071.4309173583983 0.34476143973214285 1809.68759765625 985.776010131836 1861.66982421875 1048.7018341064454 0.7438383556547619 
286 1758.3330200195312 912.6030670166016 1818.5161010742188 1060.3248504638673 0.38913690476190477 1807.3632385253907 989.0943420410156 1862.0751159667968 1057.484149169922 0.7802269345238095 
287 1775.1049194335938 998.2650909423828 1832.4956665039062 1058.388900756836 0.47572544642857145 1812.9450073242188 994.9015258789062 1870.3357543945312 1065.9568725585937 0.7899693080357143 
288 1773.6456787109375 998.383447265625 1836.5261962890625 1063.997900390625 0.49130394345238093 1811.5001708984375 995.64951171875 1874.3806884765625 1066.7318359375 0.7872256324404762 
289 1775.617431640625 1006.1031799316406 1841.185546875 1055.2792663574219 0.5299827938988095 1810.187890625 993.3887969970704 1867.559912109375 1061.6890228271484 0.7968284970238095 
290 1767.7117004394531 998.3226531982422 1830.5257263183594 1058.405679321289 0.5024065290178571 1808.8874633789062 991.0748596191406 1860.7773315429688 1059.3510437011719 0.7961542038690477 
291 1760.2554443359375 992.8779388427735 1831.2469970703125 1061.138967895508 0.4661225818452381 1811.0837158203126 990.7775970458985 1860.2317138671874 1059.038626098633 0.7786923363095238 
292 1774.8560607910156 992.7440521240235 1845.810321044922 1063.6983917236328 0.5306454613095238 1810.9629028320312 998.5169708251954 1860.0851928710938 1055.8262298583984 0.7532087053571429 
293 1767.4702087402343 993.3825256347657 1849.3909973144532 1061.6498229980468 0.5206240699404762 1814.7322021484374 1000.9444061279297 1869.3461669921876 1058.2890533447267 0.7529761904761905 
294 1774.0903564453124 1000.9216857910156 1858.8112548828126 1061.046209716797 0.5754045758928571 1815.0843200683594 997.3478363037109 1872.4758605957031 1052.0064727783204 0.7438616071428571 
295 1774.6381042480468 998.7383972167969 1853.8744689941407 1058.8486389160157 0.5621279761904762 1812.8902160644532 990.646615600586 1870.2681091308593 1048.0245880126954 0.7245163690476191 
296 1760.1054138183595 1000.3741088867188 1850.252130126953 1063.2035278320313 0.4573451450892857 1818.83740234375 995.0157470703125 1873.4716796875 1049.6500244140625 0.7320963541666666 
297 1767.2317260742188 993.8456115722656 1851.9154907226562 1056.6755065917969 0.5021042596726191 1817.2434875488282 996.8925231933594 1869.1465270996093 1051.527276611328 0.7334914434523809 
298 1763.3332092285157 993.4899993896485 1828.8964050292968 1059.053274536133 0.466064453125 1809.0383850097655 996.2218017578125 1860.942694091797 1056.3214111328125 0.7397693452380952 
299 1763.8196960449218 1003.8832977294921 1829.3920959472657 1072.187808227539 0.468994140625 1809.8464660644531 999.6799285888671 1859.0257263183594 1067.984439086914 0.7763904389880952 
