0 1797.9176208496094 501.73260803222655 1920.182843017578 662.2055633544921 0.6609933035714286 1572.7853149414063 582.556918334961 1863.1648803710937 857.6534698486328 0.7460007440476191 
1 1789.6344970703126 481.2787567138672 1919.8452392578124 649.786734008789 0.5428524925595238 1569.8671813964843 594.4030364990234 1868.5858215332032 854.8244415283203 0.7237723214285714 
2 1786.933660888672 494.4550216674805 1924.9893127441405 640.1805068969727 0.6665504092261905 1569.5252868652344 592.3919799804687 1853.306622314453 860.8337280273438 0.7523949032738095 
3 1782.831201171875 489.376448059082 1920.789892578125 634.9994979858399 0.5830078125 1568.8183654785157 587.2445617675781 1875.3931823730468 855.4976257324219 0.7451869419642857 
4 1790.1681640625 499.43170776367185 1920.434130859375 660.3484436035156 0.5437825520833334 1561.7607543945312 574.5851043701172 1883.5942260742188 850.4424224853516 0.7380487351190477 
5 1790.1921936035155 482.44859924316404 1928.056463623047 643.2903533935547 0.5277622767857143 1557.767041015625 582.0173248291015 1871.79130859375 850.0868621826172 0.7384672619047619 
6 1789.5992858886718 496.12037353515626 1927.4372131347657 641.6159545898438 0.6055850074404762 1558.9859741210937 582.1217681884766 1857.6346313476563 850.1398895263671 0.7512788318452381 
7 1789.8121948242188 477.2982696533203 1935.3052368164062 622.791390991211 0.5591517857142857 1565.0930969238282 575.0790863037109 1871.3943298339843 843.0926055908203 0.7626023065476191 
8 1789.0560607910156 483.6959884643555 1942.2575378417969 621.5773574829102 0.5190197172619048 1565.1460388183593 567.9568481445312 1871.5491516113282 843.7196655273438 0.7485584077380952 
9 1788.2464294433594 482.7286773681641 1933.8926086425781 628.3747772216797 0.5557570684523809 1565.0600158691407 589.1623626708985 1856.3522155761718 834.4611114501953 0.7325613839285714 
10 1795.1111450195312 488.83116149902344 1932.9869995117188 634.3666534423828 0.6065150669642857 1559.4262390136719 582.51591796875 1850.4972229003906 835.2881591796875 0.7238653273809523 
11 1798.6588562011718 483.6608093261719 1928.9176818847657 613.9196350097657 0.6418108258928571 1563.7803161621093 575.6081909179687 1839.6226379394532 828.4635864257813 0.7245396205357143 
12 1802.2330810546875 473.80062713623045 1925.0037353515625 634.9369522094727 0.5978190104166666 1551.6750183105469 574.4370269775391 1850.9281311035156 835.3245086669922 0.7196800595238095 
13 1800.9520080566406 465.62508697509764 1931.345721435547 649.7103317260742 0.5741257440476191 1553.1449279785156 568.8780151367188 1836.9430847167969 829.6654418945312 0.7235863095238095 
14 1793.1226745605468 435.2106018066406 1938.9421447753907 726.8497009277344 0.5059640066964286 1551.0740295410155 555.0542083740235 1850.387762451172 831.3438018798828 0.7194010416666666 
15 1789.7927001953126 466.1579849243164 1927.7983642578124 650.1654708862304 0.5427827380952381 1560.6680480957032 562.584994506836 1844.3462341308593 830.9292266845703 0.7091471354166666 
16 1798.8848449707032 477.93920440673827 1936.4971130371093 623.196629333496 0.6652948288690477 1563.6502075195312 571.4450073242188 1854.1649780273438 823.7341918945312 0.7529761904761905 
17 1798.179132080078 478.4671829223633 1935.9259704589845 616.2140609741211 0.5895879836309523 1560.0655090332032 564.4117889404297 1873.8220642089843 824.6002349853516 0.7336542038690477 
18 1804.9692321777343 478.06592559814453 1935.0211242675782 623.4179306030273 0.6339518229166666 1569.5813903808594 558.9804748535156 1852.6352844238281 819.0841003417969 0.7426990327380952 
19 1798.3444458007812 477.97864990234376 1936.0635131835938 623.3488647460938 0.6585286458333334 1562.9270263671874 572.4398529052735 1853.6674560546876 817.2739532470703 0.7530226934523809 
20 1798.220947265625 471.64945220947266 1936.0634765625 617.1498336791992 0.6171875 1556.7021728515624 558.5373138427734 1847.7028564453126 818.9063507080078 0.7459077380952381 
21 1792.8476623535157 465.84657135009763 1938.0904479980468 618.7337203979492 0.5456426711309523 1552.6385803222656 567.8693176269531 1843.1239929199219 804.8443054199219 0.7338169642857143 
22 1782.2084899902343 471.7741363525391 1943.2369445800782 655.8067352294922 0.46073986235119047 1533.5876342773438 545.5051513671875 1855.6445434570312 806.2179931640625 0.7248418898809523 
23 1775.01435546875 415.0717544555664 1943.77568359375 1082.4462814331055 0.3252650669642857 1519.5119689941407 543.7080230712891 1857.0347839355468 812.1920623779297 0.7072637648809523 
24 1776.3485046386718 472.60645904541013 1937.4340881347657 641.3627487182617 0.31874302455357145 1508.1675598144532 559.0497772216797 1845.6802185058593 796.842739868164 0.7318173363095238 
25 3223.1988525390625 782.049594116211 3522.2147216796875 1188.4045684814453 0.3636067708333333 1502.5306640625 577.3977355957031 1839.88193359375 815.0769958496094 0.7210751488095238 
26 1569.7226867675781 380.21851806640626 3517.2923278808594 1047.2994262695313 0.3680013020833333 1498.649951171875 597.5654174804688 1813.021435546875 812.2580688476562 0.7321428571428571 
27 1776.7593200683593 408.0672409057617 1922.6111633300782 1037.5330093383789 0.35556756882440477 1504.2468017578126 590.8248962402344 1811.3032470703124 813.4408508300781 0.7484886532738095 
28 1570.4148376464843 400.1520599365234 3516.547686767578 1105.0506378173827 0.32621837797619047 1505.2882751464845 605.8457275390625 1819.427911376953 805.0561279296875 0.7212611607142857 
29 1774.0841979980469 484.5621612548828 1934.6505432128906 614.544467163086 0.47366768973214285 1504.414892578125 599.2524719238281 1810.25576171875 805.6949157714844 0.7508370535714286 
30 1781.0263305664062 476.8788696289063 1926.3879760742188 622.2405151367187 0.4804106212797619 1500.8962951660155 592.5207977294922 1829.872625732422 806.7379302978516 0.7584635416666666 
31 1776.3612915039062 490.069189453125 1936.7637084960938 635.1953369140625 0.43128022693452384 1509.3174255371093 576.1459869384765 1845.3990051269532 790.0160614013672 0.7238885788690477 
32 1773.623388671875 508.48736572265625 1934.156884765625 638.4429321289062 0.42646716889880953 1508.7138793945312 581.109619140625 1875.6474487304688 795.1541748046875 0.7228190104166666 
33 1656.9458251953124 797.6964477539062 3665.2065185546876 1179.4949584960937 0.3286016555059524 1503.3454345703126 560.981298828125 1839.3281494140624 805.332421875 0.7034737723214286 
34 1774.3676025390625 457.6825897216797 1942.4795654296875 671.643276977539 0.35445731026785715 1503.0960388183594 573.4799743652344 1831.6784973144531 802.7235168457031 0.6938011532738095 
35 1643.6556213378906 377.34942321777345 3647.9091979980467 1234.1296417236329 0.3233119419642857 1505.6645202636719 561.5336395263672 1849.9066467285156 791.0283111572265 0.6941034226190477 
36 1775.8612426757813 478.01416168212893 1959.4351440429687 630.992399597168 0.3953450520833333 1505.2073303222655 584.510595703125 1841.759588623047 783.3823486328125 0.7235863095238095 
37 1783.2555236816406 475.6184906005859 1944.0932312011719 636.4562774658203 0.42709495907738093 1502.820294189453 582.2545654296875 1847.4727966308594 789.0459716796875 0.7331659226190477 
38 1789.2289978027343 489.2571060180664 1942.5513977050782 627.2472579956054 0.41259765625 1502.6341491699218 594.2239929199219 1839.9433654785157 793.5430969238281 0.7342122395833334 
39 1788.030340576172 495.4247329711914 1941.4854064941405 625.861491394043 0.47791108630952384 1509.7456970214844 587.7928436279296 1824.3283996582031 787.2843658447266 0.7359095982142857 
40 1790.4449462890625 495.9509521484375 1936.6378173828125 657.5324462890625 0.42263067336309523 1496.8756713867188 585.3238525390625 1827.7329711914062 793.071533203125 0.7216796875 
41 1799.8664978027343 496.29727630615236 1938.1201965332032 611.5087844848633 0.6790364583333334 1502.6799621582031 599.6922119140625 1809.9104919433594 791.7113525390625 0.7765066964285714 
42 1789.291571044922 469.5628356933594 1935.0056701660155 576.9310607910156 0.6991024925595238 1512.9068908691406 602.2982788085938 1804.3349304199219 786.3580932617188 0.7872953869047619 
43 1782.6483642578125 417.8029754638672 1928.2451904296875 563.3997222900391 0.7404203869047619 1512.3807312011718 601.1252136230469 1803.5742248535157 792.6998596191406 0.7977585565476191 
44 1756.331610107422 382.8583587646484 1917.3562561035155 520.8794952392578 0.7547433035714286 1516.2691223144532 607.5851348876953 1815.3149841308593 791.6132904052735 0.8075939360119048 
45 1717.7447387695313 337.1397979736328 1924.2933471679687 490.1387054443359 0.7683919270833334 1525.6134521484375 610.1839996337891 1816.3113525390625 793.7827362060547 0.8105933779761905 
46 1681.8671325683595 302.10897674560545 1903.753106689453 447.4824844360352 0.8071754092261905 1526.7824584960938 608.7470581054688 1817.5295532226562 800.0279663085937 0.8231956845238095 
47 1645.7750183105468 301.2096710205078 1882.8293518066407 408.26646423339844 0.8134300595238095 1521.9538940429688 615.9094970703125 1812.5365844726562 799.4354736328125 0.8189406622023809 
48 1626.1491333007812 290.5310531616211 1878.7734741210938 420.67082061767576 0.8098725818452381 1520.741925048828 613.2305725097656 1819.2977478027344 804.6125671386719 0.8225446428571429 
49 1606.6968322753905 303.5931640625 1867.096258544922 479.745703125 0.8075474330357143 1520.6825073242187 607.2942779541015 1811.7171508789063 806.4231903076172 0.8270321800595238 
50 1601.0136291503907 331.53224792480466 1868.8671081542968 530.5091339111328 0.7825055803571429 1520.9519653320312 608.2160552978515 1819.4171752929688 807.1929412841797 0.8263113839285714 
51 1612.216729736328 371.0685668945313 1856.7882751464845 592.7115844726562 0.7416759672619048 1524.6176330566407 602.9999938964844 1815.0465515136718 801.7144836425781 0.8201264880952381 
52 1634.8440979003906 439.3016784667969 1818.285174560547 622.7427551269532 0.6651785714285714 1520.781475830078 614.8054321289062 1826.5164978027344 805.8898803710938 0.7969215029761905 
53 1646.0124450683593 509.36692199707034 1813.6519836425782 654.1465667724609 0.5837518601190477 1524.6788818359375 616.3397369384766 1829.4781005859375 799.2192840576172 0.7989908854166666 
54 1668.934619140625 584.1267852783203 1851.76044921875 698.3929290771484 0.5914481026785714 1518.3379211425781 605.5150726318359 1838.2828063964844 788.3408233642579 0.7634626116071429 
55 1662.7060974121093 590.9019287109375 1852.4868957519532 704.7703125 0.5149623325892857 1519.3487121582032 607.2522338867187 1838.1802185058593 781.8505493164063 0.7566499255952381 
56 1677.1078735351562 601.9507385253906 1897.4162963867188 715.9033874511719 0.5895879836309523 1517.8663513183594 612.4694641113281 1852.127423095703 787.1967956542969 0.7586495535714286 
57 1700.609796142578 606.5455169677734 1890.9945739746095 736.0071563720703 0.5352725074404762 1522.526806640625 586.9212158203125 1834.757861328125 784.921435546875 0.7410714285714286 
58 1754.8217834472657 623.3315307617188 1906.8121276855468 767.7223022460937 0.6790829613095238 1527.713330078125 603.16357421875 1824.094287109375 770.3529052734375 0.7357933407738095 
59 1743.067529296875 618.0708648681641 1910.079443359375 769.8998992919921 0.5593494233630952 1532.8427490234376 591.2088470458984 1851.6836181640624 773.4036407470703 0.7051711309523809 
60 1768.3946533203125 623.7909545898438 1912.6705322265625 775.6602172851562 0.6072126116071429 1522.191424560547 602.7629028320313 1825.9297912597656 785.0060180664062 0.7382347470238095 
61 1770.6380310058594 623.2678192138671 1937.3996887207031 774.8694488525391 0.6015159970238095 1532.4486328125 610.731576538086 1843.231787109375 769.9132598876953 0.6998232886904762 
62 1777.219140625 631.4482513427735 1943.85654296875 767.7878936767578 0.5670107886904762 1533.3808837890624 610.472933959961 1843.9323486328126 777.1102569580078 0.6827334449404762 
63 1759.172918701172 636.6435119628907 1940.9829650878905 780.5764587402343 0.46732003348214285 1532.7845092773437 604.8850189208985 1858.5275024414063 771.5442413330078 0.6834077380952381 
64 1766.830029296875 634.2745513916016 1932.849169921875 770.1084442138672 0.5628255208333334 1522.1549438476563 604.9600341796875 1846.6468139648437 793.6180908203125 0.7301897321428571 
65 1752.8443664550782 634.1008117675781 1948.8779235839843 822.5946228027344 0.39929780505952384 1524.3317993164062 593.5021087646485 1841.0014526367188 781.9959991455078 0.7225399925595238 
66 1706.2788208007812 638.1522003173828 1939.3307983398438 848.6507171630859 0.3341703869047619 1524.1166442871095 612.707275390625 1832.346612548828 793.1346435546875 0.6865931919642857 
67 3213.724328613281 839.8651519775391 3521.459020996094 1110.0713104248048 0.38267299107142855 1530.4202270507812 601.1252258300781 1815.6378784179688 788.7684509277344 0.7277948288690477 
68 3211.430126953125 823.121127319336 3504.408740234375 1086.0508087158203 0.31394159226190477 1517.9900695800782 601.5090301513671 1863.5547302246093 781.8036529541016 0.7258649553571429 
69 1630.2607666015624 712.031460571289 3684.3324951171876 1041.8824188232422 0.2635498046875 1513.4866516113282 595.8339630126953 1880.8205993652343 783.2492279052734 0.7194242931547619 
70 3220.5089111328125 836.9471374511719 3497.0477294921875 1091.0639709472657 0.3191615513392857 1507.5202880859374 590.8793212890625 1881.2214111328126 785.2039306640625 0.7139136904761905 
71 3241.3714111328127 889.0583770751953 3479.9982177734373 1135.1424896240235 0.5534319196428571 1512.4728515625 585.3251861572265 1870.41337890625 779.2096649169922 0.7154250372023809 
72 3233.94833984375 888.03359375 3495.54287109375 1134.680029296875 0.5574079241071429 1515.1842468261718 590.2180145263671 1873.9428283691407 777.0713531494141 0.7245628720238095 
73 3239.516979980469 857.8239501953125 3492.789416503906 1125.9946533203124 0.44320824032738093 1512.4522827148437 574.1819244384766 1884.9114868164063 767.8607391357422 0.7163550967261905 
74 3228.0384521484375 894.5294372558594 3488.6446533203125 1140.243878173828 0.5970284598214286 1510.0419677734376 600.4167022705078 1867.4448486328124 764.2263031005859 0.6814081101190477 
75 3218.5412109375 884.6447235107422 3486.01494140625 1129.8292144775392 0.5916806175595238 1514.8231994628907 590.3090423583984 1886.3148620605468 761.1951690673828 0.6719447544642857 
76 3205.506982421875 872.3277313232422 3509.158544921875 1131.542446899414 0.5449335007440477 1510.64150390625 599.4401672363281 1888.354345703125 754.9690124511719 0.6463681175595238 
77 3185.2027587890625 872.0273406982421 3525.2244873046875 1145.523013305664 0.5918898809523809 1497.8884826660155 593.9829803466797 1874.868963623047 763.993765258789 0.6197219122023809 
78 3182.835339355469 864.4589752197265 3536.781604003906 1159.414010620117 0.6150483630952381 1495.6354064941406 616.5832153320313 1871.7030944824219 749.3130249023437 0.5998883928571429 
79 3204.4736083984376 867.1155456542969 3513.7168212890624 1132.1814514160155 0.5653134300595238 1502.7848571777345 622.7225921630859 1834.117120361328 747.8925811767579 0.5437593005952381 
80 3183.470849609375 847.326528930664 3536.519873046875 1148.8894744873046 0.5710100446428571 1489.7959899902344 617.9010772705078 1909.0420227050781 750.2945404052734 0.5674525669642857 
81 3197.1241821289063 860.5788177490234 3527.3448120117187 1146.7701202392577 0.5876581101190477 1477.4362426757812 591.8864135742188 1888.3774780273438 760.6658325195312 0.5894949776785714 
82 3197.192175292969 849.0800354003907 3526.781213378906 1142.0480163574218 0.5457938058035714 1487.2736694335938 597.8037292480469 1890.1045043945312 773.5844543457031 0.5595703125 
83 3203.420446777344 853.6663116455078 3525.303430175781 1153.6026702880858 0.5964471726190477 1482.8659729003907 611.6913452148438 1841.3265319824218 765.3173217773438 0.5444800967261905 
84 3204.158544921875 868.8069458007812 3525.846337890625 1139.3170776367188 0.5750093005952381 1517.5470886230469 624.447900390625 1883.1014709472656 770.6696533203125 0.5189615885416666 
85 3210.9104125976564 850.2453979492187 3517.1191284179686 1134.5819946289062 0.5226120721726191 1543.3075927734376 630.6837768554688 1915.1323486328124 776.4973754882812 0.5711960565476191 
86 3197.2617309570314 857.3767364501953 3532.9045288085936 1134.6468841552735 0.5585007440476191 1542.0597229003906 625.569873046875 1921.4821472167969 771.5015380859375 0.5585239955357143 
87 3210.6679443359376 856.77216796875 3517.3784423828124 1134.272021484375 0.5853213355654762 1515.3345764160156 636.8506744384765 1909.676531982422 775.6006805419922 0.5351213727678571 
88 3191.622119140625 866.8717437744141 3527.213818359375 1151.3950408935548 0.6158621651785714 1520.6790710449218 624.7182586669921 1892.7480529785157 770.6276275634766 0.5221586681547619 
89 3185.601037597656 869.31025390625 3528.412878417969 1139.1833984375 0.6126302083333334 1509.4136657714844 619.9160400390625 1888.6948547363281 765.7934326171875 0.5375162760416666 
90 3192.718408203125 864.119760131836 3527.943212890625 1133.7570098876954 0.5779854910714286 1508.1861083984375 602.0502288818359 1916.2858154296875 762.3751251220704 0.5694056919642857 
91 3193.1849731445313 870.2507720947266 3528.6868530273437 1132.8175262451173 0.5920061383928571 1522.6878662109375 601.5125305175782 1894.6573486328125 761.9700134277343 0.5588146391369048 
92 3212.484912109375 863.9484680175781 3526.145458984375 1126.5479919433594 0.5881463913690477 1507.5513061523438 588.7238494873047 1813.9174438476562 756.495816040039 0.5533156622023809 
93 3200.4713623046873 876.3927001953125 3521.5427978515627 1131.7906494140625 0.5939825148809523 1526.9136901855468 577.7737030029297 1855.2822326660157 745.6066070556641 0.6017950148809523 
94 3200.7236083984376 876.1215637207031 3529.2636962890624 1131.6529724121094 0.5583031063988095 1544.2625549316406 582.1201477050781 1821.696551513672 757.3416442871094 0.5824032738095238 
95 3206.013537597656 862.6718688964844 3527.470593261719 1132.9879211425782 0.5665457589285714 1529.0420776367187 594.3226959228516 1821.2757934570313 755.0511444091796 0.5738932291666666 
96 3191.6629028320312 851.9871063232422 3526.7255249023438 1128.777847290039 0.5169154575892857 1547.1666015625 577.1573089599609 1809.38955078125 759.2565704345703 0.5935174851190477 
97 3220.841906738281 837.8768310546875 3511.887341308594 1092.5416259765625 0.3800688244047619 1555.4453979492187 579.2940063476562 1824.6625122070313 746.6452026367188 0.5931222098214286 
98 3208.982067871094 859.9900329589843 3514.901965332031 1114.9231750488282 0.4238862537202381 1549.1151916503907 549.0275970458985 1818.6158874511718 731.1227325439453 0.6392066592261905 
99 3195.7594970703126 871.3907989501953 3523.5696044921874 1126.3540130615233 0.5262509300595238 1549.4256164550782 550.0250854492188 1818.9580505371093 724.8569946289062 0.6113746279761905 
100 3202.5116943359376 838.9635528564453 3515.8618408203124 1079.4414154052733 0.37269810267857145 1569.896533203125 567.9354125976563 1846.810498046875 728.2540405273437 0.5868675595238095 
101 3214.0578735351564 866.8041595458984 3520.1015502929686 1107.2669464111327 0.44387090773809523 1556.6019897460938 566.0854614257812 1848.0720825195312 740.9675170898438 0.5846354166666666 
102 3221.42412109375 859.8247161865235 3512.747265625 1114.732229614258 0.4563802083333333 1532.031756591797 560.9386779785157 1801.5054748535156 735.7323425292968 0.5910760788690477 
103 3208.1956420898437 865.6679840087891 3521.2338012695313 1120.4664764404297 0.46652948288690477 1538.0057312011718 572.5098022460937 1814.6440490722657 747.2287231445313 0.5867745535714286 
104 3213.548974609375 870.2993011474609 3526.518896484375 1132.3206329345703 0.5074404761904762 1538.1242614746093 590.9219024658203 1814.7022766113282 751.0460540771485 0.5588495163690477 
105 3215.0075805664064 878.1017669677734 3520.5497924804686 1125.4454132080077 0.5275413876488095 1523.8932006835937 616.4882568359375 1887.6338989257813 754.7097412109375 0.5572219122023809 
106 3222.5607055664063 872.8600891113281 3498.8326049804687 1120.0506774902344 0.5004185267857143 1527.45966796875 616.1621765136719 1905.51591796875 761.5684143066406 0.5940057663690477 
107 3222.2206909179686 865.7492950439453 3498.2570922851564 1119.9933197021485 0.44192940848214285 1533.313458251953 608.4319000244141 1918.3116638183594 768.2424774169922 0.6068870907738095 
108 3207.6088623046876 871.3821380615234 3519.9941650390624 1132.9140655517579 0.5242513020833334 1541.1814819335937 615.7180053710938 1911.6849731445313 768.2782104492187 0.58642578125 
109 3224.48271484375 891.9970458984375 3493.45576171875 1117.3528076171874 0.5386090959821429 1542.4220703125 608.7644439697266 1898.6296875 768.6943572998047 0.595703125 
110 3224.708142089844 879.1341003417969 3500.870227050781 1126.2266174316405 0.5244721912202381 1537.5471557617188 608.8417907714844 1900.9184204101562 775.9925598144531 0.5933547247023809 
111 3232.8447143554686 868.9156799316406 3479.7961547851564 1108.6039733886719 0.4753999255952381 1575.419500732422 603.5264831542969 1902.2671447753905 770.5820373535156 0.6013067336309523 
112 3223.164440917969 867.1978454589844 3514.002307128906 1121.6809387207031 0.48800223214285715 1556.1599182128907 604.0454803466797 1897.8944030761718 764.0063385009765 0.5641624813988095 
113 3216.1742309570313 884.7395874023438 3514.4534545898437 1124.8177856445313 0.5084170386904762 1577.5988403320312 591.7770782470703 1817.6770385742188 751.8291839599609 0.6005161830357143 
114 3226.14599609375 873.4810180664062 3488.0439453125 1113.5541381835938 0.46225120907738093 1569.697265625 591.7167938232421 1831.59521484375 751.7655670166016 0.6244419642857143 
115 3227.2180908203127 885.0198425292969 3489.1979248046873 1125.1680236816405 0.4932221912202381 1574.1694580078124 597.5695983886719 1850.7038330078126 757.6684387207031 0.6058175223214286 
116 3219.2718017578127 871.4560607910156 3510.3810302734373 1133.4544616699218 0.5450846354166666 1576.7435546875 598.5410949707032 1838.741796875 751.3734558105468 0.5923781622023809 
117 3224.8662719726562 876.9457336425781 3486.7721557617188 1087.9254821777345 0.46519252232142855 1577.0414123535156 585.3795440673828 1860.7729187011719 752.708285522461 0.6072591145833334 
118 3217.9510498046875 836.2772399902344 3494.3946533203125 1054.522198486328 0.3516438802083333 1561.2472106933594 609.6381286621094 1888.614727783203 755.1348205566406 0.5787179129464286 
119 3200.2375610351564 877.0232727050782 3520.5888549804686 1131.8481872558593 0.5562220982142857 1563.1976440429687 608.7570770263671 1898.1104614257813 761.6520416259766 0.5872395833333334 
120 3187.1111694335937 876.5800323486328 3521.8583129882813 1138.556137084961 0.5691731770833334 1553.3989379882812 595.5714385986328 1880.8691284179688 770.222201538086 0.6257672991071429 
121 3200.832373046875 882.7050415039063 3513.893701171875 1130.2417358398438 0.5437476748511905 1545.360595703125 594.2855407714844 1887.543701171875 769.0173156738281 0.6303943452380952 
122 3172.153942871094 851.721240234375 3528.912219238281 1128.3908203125 0.48572358630952384 1531.7385375976562 589.8932037353516 1932.1813842773438 757.3511199951172 0.6618303571428571 
123 1735.4677185058595 505.2250640869141 1924.825128173828 723.7143280029297 0.39712379092261907 1534.3456115722656 586.1781646728516 1913.0602722167969 782.8184783935546 0.7316080729166666 
124 1729.142315673828 476.5518829345703 1925.7039978027344 614.8731048583984 0.6730608258928571 1534.8206420898437 591.3528594970703 1862.4234985351563 802.4747161865234 0.7419084821428571 
125 1744.0383422851562 406.046647644043 1947.9164916992188 522.5484756469726 0.7467447916666666 1528.1178405761718 595.0820770263672 1855.7792541503907 820.8043365478516 0.7915736607142857 
126 1718.7530944824218 328.53036346435545 1954.3988830566407 469.30578765869143 0.7773670014880952 1545.0201538085937 584.1860656738281 1878.5967895507813 835.1335144042969 0.7191452752976191 
127 1726.5918212890624 274.47369079589845 1958.6672119140626 424.1011993408203 0.8005022321428571 1546.8979431152343 588.0572082519532 1870.5819152832032 829.2933776855468 0.7378859747023809 
128 1743.502215576172 220.06854629516602 1954.5140197753906 376.0337333679199 0.8098028273809523 1548.4869873046875 598.2194427490234 1839.0103271484375 800.0567413330078 0.6997302827380952 
129 1728.4972351074218 186.15316009521484 1939.7140686035157 353.6699905395508 0.7595331101190477 1547.254083251953 600.7432739257813 1824.0209411621095 768.2601440429687 0.7589750744047619 
130 1766.9442443847656 168.02836837768555 1941.7626647949219 342.84676895141604 0.7890159970238095 1543.098162841797 594.708544921875 1812.6099670410156 762.24287109375 0.7730887276785714 
131 1762.479052734375 172.79275131225586 1951.877880859375 354.90690994262695 0.7906203497023809 1526.5711853027344 602.0217864990234 1817.953839111328 754.9976837158204 0.7844819568452381 
132 1769.6612426757813 205.97041702270508 1966.4090698242187 371.9764060974121 0.8334495907738095 1548.7928405761718 583.7404479980469 1794.7275451660157 795.8592834472656 0.6314639136904762 
133 1767.68525390625 240.31423797607422 1971.174609375 392.9312149047852 0.7918526785714286 1528.4176452636718 602.0109039306641 1819.1166564941407 769.1628631591797 0.7864815848214286 
134 1767.7595092773438 274.37693939208987 1971.2866333007812 419.75346221923826 0.7732514880952381 1532.3614318847656 605.6676727294922 1837.652117919922 787.388296508789 0.7730189732142857 
135 1774.1788452148437 281.5742446899414 1977.6634399414063 455.98962860107423 0.7892717633928571 1539.668524169922 608.8825500488281 1837.6279846191405 805.0998718261719 0.8045479910714286 
136 1803.827081298828 311.41102600097656 1985.6171325683595 464.11460876464844 0.77587890625 1536.1764099121094 606.7498382568359 1856.126690673828 817.6261993408203 0.8115699404761905 
137 1802.5227844238282 336.1722473144531 1976.6848571777343 488.5640808105469 0.7470935639880952 1533.743798828125 609.4169189453125 1860.297705078125 812.6060302734375 0.7951311383928571 
138 1816.4037536621095 351.75173034667966 1983.096856689453 482.20725402832034 0.7035667782738095 1543.2276306152344 610.1540557861329 1854.8713684082031 820.3323333740234 0.7812034970238095 
139 1848.8651977539062 350.92234802246094 1986.4509643554688 488.50819396972656 0.6015857514880952 1538.3222351074219 609.9401947021485 1856.9420471191406 819.9396270751953 0.7737862723214286 
140 1857.9123474121093 363.16312408447266 1980.9215148925782 500.64403533935547 0.5902855282738095 1540.37041015625 610.8513793945312 1858.747265625 820.6906127929688 0.771484375 
141 1846.8966796875 373.4931671142578 1977.073779296875 518.1342742919921 0.5478399367559523 1535.0838195800782 604.3626251220703 1860.5264099121093 821.3243255615234 0.7696940104166666 
142 1823.8535705566405 384.50316467285154 1975.606512451172 529.0298553466797 0.5868443080357143 1531.4649780273437 610.4650238037109 1856.6500122070313 820.0286895751954 0.7597191220238095 
143 1830.9078063964844 392.10304870605466 1968.2004699707031 522.1697784423828 0.6525995163690477 1537.701837158203 604.4341827392578 1855.6427673339845 821.2121185302734 0.7766694568452381 
144 1820.3846496582032 400.033219909668 1957.4706970214843 522.6891006469726 0.6613420758928571 1532.3375183105468 605.66220703125 1857.0148986816407 822.1137939453125 0.7571847098214286 
145 1830.423602294922 406.4947036743164 1945.6270568847656 536.098649597168 0.6525995163690477 1536.5993347167969 615.0240509033204 1846.2086486816406 809.4299896240234 0.7360258556547619 
146 1800.5913146972657 400.5359481811523 1944.5931335449218 537.3377395629883 0.6841750372023809 1549.6957397460938 601.8616241455078 1852.0996704101562 817.8645111083985 0.7580915178571429 
147 1776.5145568847656 389.410546875 1934.8163757324219 540.5168212890625 0.6154203869047619 1543.21298828125 596.9741455078125 1852.621240234375 820.0358642578125 0.7203776041666666 
148 1792.6823303222657 402.75296783447266 1936.6359069824218 532.3112106323242 0.6908714657738095 1542.7012634277344 599.3050262451172 1837.8061828613281 800.8401763916015 0.7141462053571429 
149 1794.8364379882812 391.59264221191404 1938.5959350585938 528.1641326904297 0.7222842261904762 1549.892401123047 605.2966674804687 1851.7874084472655 806.5598999023438 0.7567196800595238 
150 1760.7092895507812 400.01640167236326 1948.2079467773438 544.4825912475586 0.7533017113095238 1553.585919189453 594.8448455810546 1876.3294860839844 813.0809967041016 0.6901739211309523 
151 1755.040948486328 401.9271926879883 1942.3629821777345 546.2572250366211 0.7525344122023809 1555.908184814453 599.2883941650391 1872.2057067871094 814.2480438232421 0.6776413690476191 
152 1747.06376953125 396.7029754638672 1934.31708984375 544.049771118164 0.7395368303571429 1554.7337341308594 595.644808959961 1873.9851379394531 819.7347686767578 0.6671316964285714 
153 1745.9539978027344 395.30719604492185 1927.185772705078 536.6065002441406 0.7386067708333334 1552.0809692382813 596.3869415283203 1877.6836791992187 817.5511077880859 0.6866396949404762 
154 1742.706805419922 395.1389984130859 1920.6314514160156 533.1839385986328 0.7454427083333334 1550.0337951660156 595.5991882324219 1884.409442138672 816.4711242675781 0.6996605282738095 
155 1740.0387268066406 400.6560577392578 1921.3920593261719 538.9763275146485 0.7480933779761905 1552.4196655273438 593.713345336914 1884.3884399414062 821.1734344482422 0.6999395461309523 
156 1738.1600769042968 405.57113189697264 1919.7555725097657 547.1540573120117 0.7360723586309523 1555.0256103515626 592.4937683105469 1887.4377685546874 817.1796936035156 0.6839192708333334 
157 1737.9352661132812 415.21439361572266 1922.3699096679688 550.4664840698242 0.7349562872023809 1552.6730346679688 594.0923492431641 1887.7293090820312 818.4877899169921 0.6919177827380952 
158 1751.1547302246095 420.0983139038086 1928.807061767578 560.9949783325195 0.7543480282738095 1554.0642822265625 586.2055847167969 1887.9281494140625 818.9914367675781 0.6934756324404762 
159 1750.3533264160155 425.9861724853516 1928.201483154297 560.9053680419922 0.7364908854166666 1552.69208984375 585.2002655029297 1889.9900390625 812.1098541259765 0.6930571056547619 
160 1754.5761108398438 422.75125579833986 1932.3533325195312 563.7469436645508 0.7476515997023809 1552.2780334472657 581.9019256591797 1889.4415710449218 814.8513092041015 0.6966145833333334 
161 1753.2480590820312 417.3224670410156 1936.7248413085938 567.1619079589843 0.7531854538690477 1554.1285705566406 587.2738006591796 1893.5607604980469 813.5619537353516 0.7022414434523809 
162 1765.1170288085937 393.7047607421875 1930.5975708007813 551.9905517578125 0.6438337053571429 1542.0778747558593 581.5999908447266 1865.8443664550782 790.2494354248047 0.6819893973214286 
163 1764.8013549804687 398.9502243041992 1930.2342895507813 557.1904312133789 0.6242792038690477 1546.5294677734375 574.8956481933594 1877.3953369140625 790.6777160644531 0.6696428571428571 
164 1764.1102783203125 400.03197784423827 1929.6927001953125 544.016697692871 0.6524832589285714 1555.332470703125 576.1363739013672 1850.501025390625 777.7150054931641 0.6668294270833334 
165 1771.1914855957032 399.844465637207 1929.5637634277343 536.6204696655274 0.6736421130952381 1556.0600341796876 587.0115844726563 1851.2082763671874 781.3774536132812 0.6927780877976191 
166 1768.2986938476563 386.32054748535154 1933.9779174804687 544.7962127685547 0.5099167596726191 1564.940008544922 564.1901184082031 1860.2810607910155 765.8864196777344 0.6123046875 
167 1774.299053955078 390.51884307861326 1932.8287536621094 556.2544418334961 0.49501255580357145 1572.5339416503907 565.4003875732421 1846.3580261230468 752.7536041259766 0.60302734375 
168 1755.497784423828 401.22100524902345 1936.6410095214844 557.8023712158204 0.7392810639880952 1599.7430480957032 582.8364837646484 1820.7990661621093 782.4010040283204 0.6077706473214286 
169 1774.1058532714844 405.78053283691406 1925.344952392578 542.6157684326172 0.6312779017857143 1586.0267211914063 558.9584808349609 1830.8897827148437 760.6104278564453 0.6835239955357143 
170 1755.8838684082032 394.76331787109376 1921.6289489746093 538.8893920898438 0.6288364955357143 1578.7751037597657 547.20439453125 1838.2020690917968 763.393505859375 0.6838030133928571 
171 1755.9866455078125 403.1603302001953 1939.2460205078125 561.9851165771485 0.7736932663690477 1614.0781188964843 581.2508666992187 1846.2066711425782 764.5102416992188 0.6316499255952381 
172 1760.3308349609374 401.3501998901367 1940.8442138671876 560.4467056274414 0.7849469866071429 1605.7059936523438 580.6867492675781 1841.2913208007812 776.4978210449219 0.6423688616071429 
173 1757.4439758300782 396.9854461669922 1941.1027770996093 556.1563385009765 0.7552083333333334 1596.624853515625 587.4725463867187 1847.625146484375 789.4971801757813 0.6331845238095238 
174 1756.7995910644531 400.22239990234374 1943.4436950683594 556.2690551757812 0.7569289434523809 1577.3341918945312 588.631689453125 1871.0691284179688 784.45498046875 0.6794782366071429 
175 1773.8273986816407 393.37754974365237 1925.4686218261718 530.5767044067383 0.6050734747023809 1555.5308410644532 585.011962890625 1866.0342224121093 794.421142578125 0.6673642113095238 
176 1780.9685424804688 392.72791290283203 1932.6200805664062 537.1579208374023 0.6969866071428571 1537.1039611816407 596.318716430664 1876.5145690917968 805.7422576904297 0.7130766369047619 
177 1770.644952392578 398.52235412597656 1929.6056579589845 535.8066864013672 0.6796642485119048 1546.6547546386719 595.8338195800782 1864.5763244628906 805.3729675292968 0.6791294642857143 
178 1781.9612365722655 385.4481567382812 1926.585760498047 530.0728393554688 0.6186755952380952 1555.2898864746094 582.9164459228516 1880.6953430175781 799.8533905029296 0.6452287946428571 
179 1774.407489013672 387.27733917236327 1918.9878967285156 524.628758239746 0.6354864211309523 1555.590643310547 579.1244293212891 1909.8125549316405 788.7660125732422 0.6638299851190477 
180 1760.3409423828125 385.3874313354492 1919.5306396484375 537.3412368774414 0.49939546130952384 1555.787744140625 560.7187103271484 1895.874853515625 785.0314727783203 0.638671875 
181 1760.4597961425782 393.29567260742186 1919.6414001464843 523.5351379394531 0.61669921875 1548.1250854492187 578.0798706054687 1859.2526000976563 795.1455932617188 0.6765020461309523 
182 1753.425360107422 399.94931640625 1937.7871643066405 556.6567626953125 0.7313290550595238 1568.3546875 597.9017517089844 1881.769580078125 800.6996887207031 0.62158203125 
183 1752.525213623047 396.0765579223633 1939.7593322753905 558.7554428100586 0.7387927827380952 1581.582470703125 598.6577728271484 1817.927294921875 785.8919708251954 0.5824265252976191 
184 1755.3560852050782 398.3744552612305 1942.4108825683593 560.8974258422852 0.7659040178571429 1600.381298828125 590.61865234375 1842.6326171875 783.806396484375 0.6179780505952381 
185 1756.2228088378906 396.7484100341797 1937.2555847167969 559.3711578369141 0.7521391369047619 1607.2896728515625 588.756494140625 1831.2794189453125 785.1310791015625 0.6128859747023809 
186 1757.6232360839845 401.22532043457034 1938.509698486328 560.6505950927734 0.7656482514880952 1607.3955444335938 586.3567840576172 1843.4677368164062 776.4407623291015 0.6419270833333334 
187 1754.8870544433594 399.5410873413086 1935.9595031738281 559.1303298950195 0.7539527529761905 1604.5049987792968 587.2236907958984 1840.8198303222657 777.5031768798829 0.6275692894345238 
188 1755.1770446777343 398.7771682739258 1939.1719543457032 561.3059310913086 0.7670200892857143 1600.5506225585937 585.2488525390625 1836.6774047851563 787.6432373046875 0.6285109747023809 
189 1752.4093078613282 396.49695739746096 1936.4235778808593 559.0428985595703 0.7386532738095238 1589.6273559570313 590.7735961914062 1834.9798217773437 787.0555053710938 0.6220005580357143 
190 1749.0168518066407 401.7933685302734 1936.0875183105468 558.1966827392578 0.7308407738095238 1556.0486389160155 591.9307220458984 1841.254705810547 797.4017364501954 0.6725027901785714 
191 1750.2402709960938 403.71786041259764 1937.1911254882812 560.0210006713867 0.7494652157738095 1556.2169250488282 581.8279998779296 1871.8879333496093 808.6207916259766 0.6969168526785714 
192 1752.03193359375 404.91303100585935 1936.265673828125 558.4410949707031 0.7579287574404762 1556.5788635253907 587.3752838134766 1878.9879089355468 817.6673797607422 0.7058454241071429 
193 1753.1582153320312 405.3017349243164 1934.3371459960938 555.772331237793 0.7533714657738095 1545.7592468261719 586.7168029785156 1886.6212463378906 823.1706481933594 0.7056594122023809 
194 1750.581854248047 404.7822967529297 1934.8516174316405 555.2692779541015 0.7446521577380952 1558.161669921875 585.5084045410156 1874.49140625 828.1302673339844 0.6852678571428571 
195 1749.2368225097657 402.0647720336914 1933.4002624511718 555.5343185424805 0.7437453497023809 1564.3650146484374 586.1101379394531 1877.4428466796876 822.4532165527344 0.6846865699404762 
196 1751.245428466797 402.2741012573242 1929.2056213378905 552.6197280883789 0.7402111235119048 1562.900341796875 588.9670623779297 1900.4109375 819.0879302978516 0.7105422247023809 
197 1750.7781677246094 402.3015533447266 1925.6711730957031 552.6480926513672 0.7372581845238095 1570.1027404785157 595.8403106689453 1919.8885925292968 807.5528167724609 0.7042643229166666 
198 1747.9647399902344 395.9534851074219 1928.904522705078 558.4926818847656 0.7362351190476191 1583.1843688964843 600.719839477539 1883.7285949707032 787.7932830810547 0.6598772321428571 
199 1750.92568359375 400.73971099853514 1928.528662109375 556.9079635620117 0.755859375 1610.6568725585937 596.7155212402344 1840.3160278320313 789.6292053222656 0.6496233258928571 
200 1751.7203002929687 401.0067596435547 1932.5621704101563 560.3928375244141 0.7700427827380952 1625.3431030273437 599.8857055664063 1818.4454711914063 792.9880737304687 0.6878022693452381 
201 1751.165234375 398.8801071166992 1932.1521484375 558.3939712524414 0.767578125 1627.0464233398438 599.2163269042969 1820.3036743164062 801.6762512207031 0.7098214285714286 
202 1752.8180053710937 400.9998306274414 1930.5374633789063 557.270280456543 0.7533249627976191 1617.5250549316406 602.4072418212891 1844.2704772949219 810.7678680419922 0.7327938988095238 
203 1752.4132446289063 397.98711853027345 1929.9505249023437 557.1583282470704 0.7569521949404762 1627.3838745117187 601.5426239013672 1847.7748168945313 812.7506500244141 0.7259812127976191 
204 1752.842791748047 398.87418365478516 1931.2530334472656 558.8281784057617 0.7666480654761905 1625.5420227050781 599.4082092285156 1840.8648376464844 805.5028015136719 0.7150297619047619 
205 1752.253173828125 398.9239242553711 1930.82861328125 559.0260574340821 0.7694382440476191 1622.8214111328125 595.262255859375 1835.2647705078125 798.4688232421875 0.7203078497023809 
206 1753.6324279785156 398.3468505859375 1931.389178466797 557.7149169921875 0.7708565848214286 1627.1517150878906 601.6825927734375 1838.620867919922 776.3745361328125 0.6744326636904762 
207 1751.835919189453 398.90333404541013 1929.7069274902344 555.3070846557617 0.7589983258928571 1624.9201110839845 589.5130737304687 1839.591973876953 770.4507934570313 0.6736188616071429 
208 1750.406427001953 396.25032501220704 1928.2164978027345 552.6005966186524 0.7563941592261905 1611.742938232422 581.3709259033203 1826.3411682128906 768.3780364990234 0.6765252976190477 
209 1750.1233703613282 399.57452087402345 1928.0337341308593 552.9455596923829 0.759765625 1608.432080078125 573.7096130371094 1807.814501953125 751.6199768066406 0.6642717633928571 
210 1748.0592651367188 403.9351867675781 1925.7666625976562 554.0672546386719 0.7465587797619048 1608.886700439453 566.7942962646484 1808.0414001464844 735.3098907470703 0.6343936011904762 
211 1749.2601928710938 398.9365753173828 1927.0310668945312 555.2524505615235 0.7571382068452381 1622.1798828125 569.2807861328125 1818.340869140625 740.921728515625 0.6452055431547619 
212 1747.0291809082032 399.37123718261716 1928.0092712402343 555.8116851806641 0.7533947172619048 1622.2071960449218 573.8624847412109 1821.5919982910157 751.7751495361329 0.6536458333333334 
213 1748.9168701171875 400.98292236328126 1926.4703369140625 557.1076538085938 0.7464890252976191 1629.645037841797 589.957406616211 1840.8726623535156 761.3884796142578 0.6734328497023809 
214 1750.3788818359376 397.69715881347656 1927.8796630859374 559.8960418701172 0.7602771577380952 1653.3891540527343 608.7440643310547 1855.3726867675782 798.4862213134766 0.6725492931547619 
215 1753.7697875976562 396.76572265625 1931.0576049804688 561.8266845703125 0.7534412202380952 1635.029345703125 604.0324859619141 1842.883984375 827.1704559326172 0.6998465401785714 
216 1751.1078796386719 400.81251831054686 1926.3119201660156 560.6479309082031 0.7560686383928571 1638.7974243164062 613.6110778808594 1844.7391967773438 834.9216369628906 0.7318638392857143 
217 1751.0705139160157 400.44237365722654 1928.9650085449218 563.0011688232422 0.7525809151785714 1641.3609558105468 617.8559936523437 1849.9270080566407 838.6906372070313 0.7284226190476191 
218 1752.8677062988281 402.44860076904297 1927.8543395996094 562.0856094360352 0.7634393601190477 1637.6267700195312 617.3446166992187 1849.4528198242188 838.3804809570313 0.7410481770833334 
219 1753.1302795410156 403.1712158203125 1928.2184753417969 559.829150390625 0.7626488095238095 1632.7422912597656 615.8290863037109 1847.762957763672 833.9214630126953 0.7418154761904762 
220 1754.0875549316406 400.1915679931641 1928.9726257324219 559.7358612060547 0.7607654389880952 1626.050958251953 602.4540710449219 1846.9584411621095 829.4978332519531 0.7400483630952381 
221 1750.5595458984376 403.7166091918945 1931.7990966796874 563.4530380249023 0.7642764136904762 1626.149432373047 603.2690246582031 1841.1793029785156 815.2269470214844 0.7286783854166666 
222 1747.5708862304687 400.65186767578126 1928.4540161132813 563.1401245117188 0.7653692336309523 1638.6165100097655 607.0048828125 1844.026190185547 800.1513671875 0.6870814732142857 
223 1746.683123779297 404.2499694824219 1924.5569885253906 557.5895080566406 0.7322591145833334 1632.1502746582032 595.2166717529296 1862.1596618652343 770.0237457275391 0.6713169642857143 
224 1746.6426696777344 400.3336547851562 1927.3533020019531 559.6039672851563 0.7507905505952381 1613.4069213867188 580.5730438232422 1846.1865844726562 770.4723052978516 0.6889415922619048 
225 1749.1679260253907 400.53711700439453 1929.8553894042968 556.7245712280273 0.7543712797619048 1617.0092529296876 572.743798828125 1840.5718017578124 747.30625 0.6946149553571429 
226 1746.3561584472657 399.3092666625977 1929.7286804199218 558.2320846557617 0.7544642857142857 1629.63251953125 569.1639038085938 1846.62333984375 743.3677124023437 0.6819661458333334 
227 1748.8119384765625 403.1092132568359 1929.4287841796875 556.1742950439453 0.7536039806547619 1643.0793029785157 572.5404907226563 1842.0638854980468 747.0347045898437 0.6815941220238095 
228 1748.0759216308593 400.6362014770508 1928.7027648925782 559.8327621459961 0.7538597470238095 1658.5867858886718 581.8517913818359 1839.2136291503907 762.4787139892578 0.6766183035714286 
229 1750.00625 403.98544158935545 1928.32333984375 560.7815567016602 0.7623465401785714 1648.3135009765624 591.6441070556641 1826.6305908203126 782.2589080810546 0.6838727678571429 
230 1752.4153259277343 401.79523010253905 1927.7774230957032 561.7746551513671 0.7655319940476191 1651.5998901367188 596.6814208984375 1839.2680297851562 790.5026611328125 0.6849423363095238 
231 1750.0770446777344 400.9751739501953 1931.102520751953 563.5914154052734 0.7615327380952381 1646.4652038574218 594.2736846923829 1845.9001525878907 799.8451507568359 0.7175874255952381 
232 1748.044366455078 402.97565002441405 1926.7494567871095 560.1129119873046 0.7538132440476191 1642.2196472167968 593.6497406005859 1854.8170959472657 803.1661163330078 0.7224237351190477 
233 1747.4038818359375 402.42481231689453 1928.9779541015625 559.3787460327148 0.7609747023809523 1642.4128112792969 592.8764953613281 1851.6847229003906 802.1484069824219 0.7188197544642857 
234 1749.7243347167969 402.5453628540039 1927.1500549316406 561.616716003418 0.75537109375 1636.8919738769532 589.1482574462891 1854.0854431152343 803.2827117919921 0.7337937127976191 
235 1749.4048645019532 405.6323715209961 1926.9819763183593 561.7776931762695 0.7592075892857143 1640.5977478027344 588.7439971923828 1842.6682434082031 790.8144134521484 0.720703125 
236 1746.4514282226562 397.5026626586914 1923.9423706054688 559.6926193237305 0.7512555803571429 1647.1130920410155 597.4741180419921 1849.085516357422 781.0853912353516 0.6937546502976191 
237 1744.6855224609376 407.24389495849607 1920.3296142578124 561.317658996582 0.7464425223214286 1643.9449035644532 589.999136352539 1850.4038513183593 762.5618377685547 0.6762230282738095 
238 1740.9981384277344 404.4823532104492 1922.5910949707031 558.3747329711914 0.7484654017857143 1630.9057373046876 583.2342956542968 1843.2773681640624 767.9052307128907 0.6946149553571429 
239 1743.2862365722656 404.67540740966797 1918.891131591797 561.7955703735352 0.7447451636904762 1633.9181823730469 584.0720245361329 1812.6039123535156 747.3538177490234 0.6327194940476191 
240 1745.6718322753907 406.63011322021487 1914.6351745605468 560.2331985473633 0.7238420758928571 1642.6395751953125 566.8499267578125 1823.8911865234375 745.02958984375 0.6376953125 
241 1741.1211730957032 408.1446990966797 1916.0227478027343 561.5671539306641 0.7417689732142857 1656.1487609863282 557.0824554443359 1831.0503356933593 728.9156524658204 0.6492280505952381 
242 1740.6810424804687 407.6208297729492 1914.9918090820313 563.5831802368164 0.7357235863095238 1661.2884704589844 557.7022552490234 1850.889630126953 738.1292266845703 0.6656668526785714 
243 1743.4048156738281 407.8547607421875 1915.0113220214844 561.0748046875 0.736328125 1683.0597045898437 564.3749359130859 1866.9236938476563 729.8525421142579 0.6549479166666666 
244 1742.9613342285156 403.07291107177736 1918.1257019042969 562.8719436645508 0.7455357142857143 1664.9529113769531 576.4643341064453 1840.1172790527344 770.0669769287109 0.6766648065476191 
245 1747.1348815917968 402.643489074707 1918.3418029785157 561.6213729858398 0.7427455357142857 1675.2891235351562 581.8463562011718 1837.3241577148438 777.5114318847657 0.6904761904761905 
246 1744.7065795898438 400.67455902099607 1919.2033325195312 559.864533996582 0.7542085193452381 1666.9955200195313 582.1180969238281 1841.4922729492187 781.1055358886719 0.6959867931547619 
247 1745.8090881347657 405.2629425048828 1917.1026550292968 561.2623870849609 0.7500697544642857 1665.4565185546876 578.7917175292969 1839.8088623046874 780.6733703613281 0.7031017485119048 
248 1745.937548828125 402.53873138427736 1917.194775390625 561.5633499145508 0.7568824404761905 1658.1917846679687 577.0894226074219 1835.5652954101563 772.8119445800781 0.6940104166666666 
249 1745.2199951171874 405.10230560302733 1916.4753173828126 561.0670364379882 0.7493257068452381 1654.7699279785156 572.5938293457032 1835.1996765136719 765.2561462402343 0.6879417782738095 
250 1746.9169372558595 405.7078201293945 1915.120782470703 558.6205184936523 0.7449079241071429 1663.5206481933594 573.2060760498047 1840.899395751953 762.8177886962891 0.6569707961309523 
251 1746.9529968261718 406.5647888183594 1917.9377502441407 562.2831115722656 0.7385370163690477 1652.8877380371093 568.85947265625 1845.2456848144532 742.897607421875 0.6488327752976191 
252 1742.8128845214844 401.92834320068357 1919.728253173828 563.592317199707 0.7325613839285714 1656.3496643066405 562.3018218994141 1830.214666748047 757.5186737060546 0.6553664434523809 
253 1744.2676879882813 400.4182632446289 1915.5899780273437 556.444010925293 0.7269112723214286 1648.0163696289062 565.9749877929687 1837.6948120117188 755.6534301757813 0.6555757068452381 
254 1742.8272033691405 402.64552307128906 1917.422186279297 555.7989959716797 0.7290736607142857 1656.943426513672 563.3388610839844 1840.7275939941405 753.2491516113281 0.6395786830357143 
255 1743.3371154785157 398.41455535888673 1920.4571960449218 563.319483947754 0.7349330357142857 1663.1163391113282 560.7354858398437 1843.2902770996093 743.9631225585938 0.6691778273809523 
256 1744.0393188476562 404.7062255859375 1918.3342163085938 557.5965087890625 0.7299339657738095 1670.0639892578124 571.9446960449219 1853.5322021484376 743.1817687988281 0.6709681919642857 
257 1746.1794311523438 400.6776412963867 1920.5866821289062 556.7263198852539 0.7455124627976191 1668.15498046875 585.0881164550781 1845.622119140625 774.7943298339844 0.6918480282738095 
258 1744.6148681640625 400.45631408691406 1922.4190673828125 559.8669891357422 0.7611839657738095 1663.1408813476562 589.933349609375 1831.7482788085938 783.0655517578125 0.7014043898809523 
259 1744.7867431640625 399.99537353515626 1922.6004638671875 559.4145385742188 0.7526506696428571 1656.3515014648438 587.0063232421875 1864.8228149414062 801.6091552734375 0.7250511532738095 
260 1743.6753356933593 397.52843475341797 1924.6773254394532 560.1234512329102 0.7496977306547619 1652.8203369140624 591.7456787109375 1864.5007080078126 809.5616943359375 0.7157505580357143 
261 1744.0488891601562 400.5123687744141 1921.5595092773438 559.6599334716797 0.7520461309523809 1643.6399475097655 586.8515197753907 1854.816473388672 804.1490905761718 0.7244466145833334 
262 1745.9062438964843 402.52087860107423 1920.2901672363282 558.5486099243165 0.7484421502976191 1640.8287414550782 581.3762390136719 1848.8657165527343 798.5912902832031 0.7273297991071429 
263 1743.798046875 404.8793609619141 1918.2341796875 560.9537078857422 0.7437453497023809 1633.6280090332032 565.8972290039062 1844.7873962402343 795.4183227539063 0.7282598586309523 
264 1744.5507507324219 399.0169158935547 1918.8121643066406 564.1066802978515 0.7512323288690477 1643.6626098632812 587.3886016845703 1836.2673217773438 770.821664428711 0.7087983630952381 
265 1740.9982177734375 400.0110717773438 1915.3245361328125 559.0455688476562 0.7242838541666666 1648.3065002441406 579.3953735351563 1871.566424560547 753.7216918945312 0.6747814360119048 
266 1740.2650573730468 403.8236770629883 1917.5536682128907 565.8287582397461 0.7295851934523809 1638.6886108398437 560.1856079101562 1840.4307739257813 752.7576293945312 0.6770833333333334 
267 1738.4850646972657 399.7745895385742 1916.0875671386718 562.0665054321289 0.7327241443452381 1629.1913146972656 551.2313873291016 1855.7875671386719 707.3990447998046 0.6736653645833334 
268 1737.6826049804688 402.49582824707034 1915.3049438476562 561.7433685302734 0.7227725074404762 1634.737042236328 549.0224090576172 1867.4835388183594 683.770376586914 0.6790829613095238 
269 1736.7152404785156 407.7623519897461 1911.0988464355469 560.730354309082 0.7055199032738095 1628.3432189941407 565.9077545166016 1885.3295104980468 694.4009002685547 0.6579008556547619 
270 1738.549560546875 408.3019729614258 1913.510009765625 561.7761215209961 0.7378394717261905 1647.291357421875 574.4082550048828 1856.016259765625 761.6467376708985 0.69970703125 
271 1741.8209533691406 405.4050979614258 1916.2077331542969 561.4354476928711 0.7572544642857143 1656.0394958496095 580.7333099365235 1839.604669189453 767.3578155517578 0.7106817336309523 
272 1742.8552795410155 402.9305847167969 1914.504949951172 565.3847229003907 0.7495814732142857 1636.281494140625 589.316650390625 1832.45263671875 791.6180419921875 0.6849655877976191 
273 1741.077325439453 400.73927307128906 1915.8436950683595 563.2412567138672 0.7353748139880952 1632.2317443847655 588.8311614990234 1871.385565185547 797.3242950439453 0.7308640252976191 
274 1741.3085998535157 398.4940216064453 1916.0806823730468 561.0014007568359 0.7318405877976191 1637.1766296386718 592.0169525146484 1876.3383850097657 794.3845977783203 0.7082635788690477 
275 1743.0836303710937 401.1008041381836 1914.7220336914063 560.4793045043946 0.7382579985119048 1638.6389038085938 589.4786407470704 1877.7065551757812 791.7667816162109 0.7180524553571429 
276 1743.2061157226562 401.68841857910155 1915.2355346679688 564.5020721435546 0.7333984375 1630.7252868652345 583.760855102539 1876.481622314453 786.5098358154297 0.7332821800595238 
277 1745.3626586914063 402.0861389160156 1917.4434936523437 561.8755310058593 0.7460704985119048 1627.5297790527343 583.8583526611328 1857.9952453613282 786.6679534912109 0.7292364211309523 
278 1743.4832885742187 401.5717529296875 1915.4930297851563 564.3666015625 0.7513950892857143 1630.0702758789062 591.0659545898437 1863.5119995117188 790.7200561523438 0.7204008556547619 
279 1746.9486694335938 404.6634582519531 1919.0320434570312 564.4550720214844 0.7657645089285714 1662.9163146972655 587.8565551757813 1825.780828857422 778.3773315429687 0.7026134672619048 
280 1743.8629089355468 404.0330093383789 1915.6506408691407 560.4824630737305 0.7397693452380952 1666.9360961914062 587.9732421875 1850.9943237304688 765.896142578125 0.6887555803571429 
281 1743.6663696289063 403.82896881103517 1915.8043334960937 560.5973922729493 0.7152855282738095 1660.0802124023437 590.6269775390625 1859.8831665039063 747.395361328125 0.6689220610119048 
282 1743.3957458496093 406.88084716796874 1915.6690734863282 560.6963012695312 0.7323753720238095 1674.0604614257813 577.8526336669922 1852.4864135742187 747.0496490478515 0.6712007068452381 
283 1743.60087890625 403.1596450805664 1918.466748046875 565.754264831543 0.7480701264880952 1687.0821533203125 571.2999298095704 1840.4732666015625 749.2337005615234 0.6811755952380952 
284 1746.3548706054687 404.14640045166016 1918.4026977539063 563.9052047729492 0.7587890625 1677.5828979492187 581.6298767089844 1831.1971313476563 759.8223937988281 0.7009858630952381 
285 1739.4782653808593 399.4823989868164 1912.3260559082032 569.243522644043 0.7366768973214286 1641.776629638672 582.7769622802734 1879.4422424316406 789.5768585205078 0.7095424107142857 
286 1744.8008056640624 404.73026580810546 1917.0463623046876 564.6725967407226 0.7407924107142857 1639.6317260742187 599.2163513183593 1882.6209594726563 796.0684387207032 0.7257021949404762 
287 1742.6963684082032 405.2743942260742 1917.9438903808593 562.0746353149414 0.7399553571428571 1639.227117919922 600.9790771484375 1891.3374572753905 803.8971435546875 0.7255626860119048 
288 1742.5303649902344 401.9722366333008 1915.1223449707031 565.3182601928711 0.72607421875 1636.4384338378907 602.6578430175781 1886.0804870605468 793.7418151855469 0.7164481026785714 
289 1741.3834716796875 400.61572723388673 1916.2969482421875 563.254542541504 0.7259579613095238 1628.31533203125 592.2887908935547 1883.01376953125 791.751431274414 0.7422572544642857 
290 1742.381005859375 403.5493667602539 1914.27109375 563.161540222168 0.7495582217261905 1629.9914306640626 576.6199737548828 1875.5486083984374 791.4825042724609 0.7423502604166666 
291 1743.6125793457031 401.18113403320314 1918.6499938964844 563.9351989746094 0.7526041666666666 1638.8500427246095 596.7694885253907 1841.524835205078 784.0902526855468 0.7064499627976191 
292 1741.9388488769532 403.7074279785156 1920.0529724121093 566.4668884277344 0.7554873511904762 1664.10244140625 598.0030059814453 1820.720068359375 776.1170501708984 0.7056594122023809 
293 1742.931134033203 403.2596908569336 1917.8123962402344 565.8685134887695 0.7415132068452381 1670.4769165039063 590.2952667236328 1839.2220581054687 768.2445892333984 0.6767345610119048 
294 1742.343280029297 403.0482482910156 1913.9773986816406 562.4228210449219 0.7195638020833334 1662.420147705078 601.0876770019531 1852.4437438964844 760.4622497558594 0.6507393973214286 
295 1741.7372192382813 405.97814483642577 1916.5545288085937 565.4606674194335 0.7459542410714286 1674.3818725585938 580.4416229248047 1839.9982543945312 761.3929107666015 0.6920805431547619 
296 1743.3441345214844 409.1848648071289 1915.295635986328 565.7834884643555 0.7549758184523809 1690.554132080078 593.064242553711 1828.7294372558595 752.7334259033203 0.6984979538690477 
297 1745.0197875976562 403.1923263549805 1917.5627319335938 569.5730850219727 0.7533714657738095 1659.4592712402343 601.5693481445312 1813.5154602050782 774.1122924804688 0.6947544642857143 
298 1744.0982482910156 402.94151763916017 1910.245135498047 566.0115768432618 0.7342122395833334 1634.1621826171875 588.9691436767578 1871.0751220703125 801.267855834961 0.7471400669642857 
299 1743.954638671875 403.1355407714844 1916.18623046875 563.0648986816407 0.7413969494047619 1630.395263671875 604.7032989501953 1864.13818359375 801.539437866211 0.7166108630952381 
