0 1766.1423217773438 861.5788787841797 1845.1220825195312 923.0076080322266 0.23024204799107142 1797.4192810058594 853.70341796875 1858.8479309082031 885.880322265625 0.20344470796130953 
1 0.0 0.0 0.0 0.0 0.20254371279761904 0.0 0.0 0.0 0.0 0.20254371279761904 
2 0.0 0.0 0.0 0.0 0.20254371279761904 0.0 0.0 0.0 0.0 0.20254371279761904 
3 0.0 0.0 0.0 0.0 0.20254371279761904 0.0 0.0 0.0 0.0 0.20254371279761904 
4 0.0 0.0 0.0 0.0 0.20254371279761904 0.0 0.0 0.0 0.0 0.20254371279761904 
5 0.0 0.0 0.0 0.0 0.20254371279761904 0.0 0.0 0.0 0.0 0.20254371279761904 
6 1803.0345031738282 1150.1295654296875 1820.5364196777343 1158.8804443359375 0.1465395972842262 
7 1783.0213989257813 1142.9463684082032 1812.2171264648437 1157.5442321777343 0.14107549758184523 
8 1825.5602111816406 871.2556274414062 1872.3210144042969 941.3965942382813 0.16634695870535715 
9 1772.1309692382813 1087.2059265136718 1804.3062866210937 1204.2070373535157 0.15105910528273808 
10 1833.5933776855468 874.9078063964844 1883.2839416503907 892.4455871582031 0.15324765159970238 1793.6836364746093 799.5851379394531 1974.9077941894532 846.3526062011719 0.20112537202380953 
11 0.0 0.0 0.0 0.0 0.20254371279761904 0.0 0.0 0.0 0.0 0.20254371279761904 
12 0.0 0.0 0.0 0.0 0.20254371279761904 0.0 0.0 0.0 0.0 0.20254371279761904 
13 0.0 0.0 0.0 0.0 0.20254371279761904 0.0 0.0 0.0 0.0 0.20254371279761904 
14 0.0 0.0 0.0 0.0 0.20254371279761904 0.0 0.0 0.0 0.0 0.20254371279761904 
15 0.0 0.0 0.0 0.0 0.20254371279761904 0.0 0.0 0.0 0.0 0.20254371279761904 
16 0.0 0.0 0.0 0.0 0.20254371279761904 0.0 0.0 0.0 0.0 0.20254371279761904 
17 0.0 0.0 0.0 0.0 0.20254371279761904 0.0 0.0 0.0 0.0 0.20254371279761904 
18 0.0 0.0 0.0 0.0 0.20254371279761904 0.0 0.0 0.0 0.0 0.20254371279761904 
19 0.0 0.0 0.0 0.0 0.20359874906994047 0.0 0.0 0.0 0.0 0.20359874906994047 
20 0.0 0.0 0.0 0.0 0.20254371279761904 0.0 0.0 0.0 0.0 0.20254371279761904 
21 0.0 0.0 0.0 0.0 0.20254371279761904 0.0 0.0 0.0 0.0 0.20254371279761904 
22 0.0 0.0 0.0 0.0 0.2031802222842262 0.0 0.0 0.0 0.0 0.2031802222842262 
23 0.0 0.0 0.0 0.0 0.2031802222842262 0.0 0.0 0.0 0.0 0.2031802222842262 
24 0.0 0.0 0.0 0.0 0.2031802222842262 0.0 0.0 0.0 0.0 0.2031802222842262 
25 0.0 0.0 0.0 0.0 0.2031802222842262 0.0 0.0 0.0 0.0 0.2031802222842262 
26 0.0 0.0 0.0 0.0 0.2031802222842262 0.0 0.0 0.0 0.0 0.2031802222842262 
27 0.0 0.0 0.0 0.0 0.2031802222842262 0.0 0.0 0.0 0.0 0.2031802222842262 
28 0.0 0.0 0.0 0.0 0.2031802222842262 0.0 0.0 0.0 0.0 0.2031802222842262 
29 0.0 0.0 0.0 0.0 0.2031802222842262 0.0 0.0 0.0 0.0 0.2031802222842262 
30 0.0 0.0 0.0 0.0 0.2031802222842262 0.0 0.0 0.0 0.0 0.2031802222842262 
31 0.0 0.0 0.0 0.0 0.2031802222842262 0.0 0.0 0.0 0.0 0.2031802222842262 
32 0.0 0.0 0.0 0.0 0.2031802222842262 0.0 0.0 0.0 0.0 0.2031802222842262 
33 0.0 0.0 0.0 0.0 0.2031802222842262 0.0 0.0 0.0 0.0 0.2031802222842262 
34 0.0 0.0 0.0 0.0 0.2031802222842262 0.0 0.0 0.0 0.0 0.2031802222842262 
35 0.0 0.0 0.0 0.0 0.2031802222842262 0.0 0.0 0.0 0.0 0.2031802222842262 
36 0.0 0.0 0.0 0.0 0.2031802222842262 0.0 0.0 0.0 0.0 0.2031802222842262 
37 0.0 0.0 0.0 0.0 0.2031802222842262 0.0 0.0 0.0 0.0 0.2031802222842262 
38 0.0 0.0 0.0 0.0 0.20254371279761904 0.0 0.0 0.0 0.0 0.20254371279761904 
39 0.0 0.0 0.0 0.0 0.20254371279761904 0.0 0.0 0.0 0.0 0.20254371279761904 
40 0.0 0.0 0.0 0.0 0.20254371279761904 0.0 0.0 0.0 0.0 0.20254371279761904 
41 0.0 0.0 0.0 0.0 0.20254371279761904 0.0 0.0 0.0 0.0 0.20254371279761904 
42 0.0 0.0 0.0 0.0 0.20254371279761904 0.0 0.0 0.0 0.0 0.20254371279761904 
43 0.0 0.0 0.0 0.0 0.20254371279761904 0.0 0.0 0.0 0.0 0.20254371279761904 
44 0.0 0.0 0.0 0.0 0.20254371279761904 0.0 0.0 0.0 0.0 0.20254371279761904 
45 0.0 0.0 0.0 0.0 0.20254371279761904 0.0 0.0 0.0 0.0 0.20254371279761904 
46 0.0 0.0 0.0 0.0 0.2031802222842262 0.0 0.0 0.0 0.0 0.2031802222842262 
47 0.0 0.0 0.0 0.0 0.2031802222842262 0.0 0.0 0.0 0.0 0.2031802222842262 
48 0.0 0.0 0.0 0.0 0.2031802222842262 0.0 0.0 0.0 0.0 0.2031802222842262 
49 0.0 0.0 0.0 0.0 0.20298549107142858 0.0 0.0 0.0 0.0 0.20298549107142858 
50 1745.1996459960938 782.6350708007812 1909.0247192382812 869.0155639648438 0.17282249813988096 1971.9197998046875 794.5496215820312 1977.8770751953125 797.5282592773438 0.17914109002976192 
51 0.0 0.0 0.0 0.0 0.20298549107142858 0.0 0.0 0.0 0.0 0.20298549107142858 
52 0.0 0.0 0.0 0.0 0.20298549107142858 0.0 0.0 0.0 0.0 0.20298549107142858 
53 0.0 0.0 0.0 0.0 0.20298549107142858 0.0 0.0 0.0 0.0 0.20298549107142858 
54 0.0 0.0 0.0 0.0 0.20298549107142858 0.0 0.0 0.0 0.0 0.20298549107142858 
55 0.0 0.0 0.0 0.0 0.20298549107142858 0.0 0.0 0.0 0.0 0.20298549107142858 
56 0.0 0.0 0.0 0.0 0.20298549107142858 0.0 0.0 0.0 0.0 0.20298549107142858 
57 0.0 0.0 0.0 0.0 0.20298549107142858 0.0 0.0 0.0 0.0 0.20298549107142858 
58 0.0 0.0 0.0 0.0 0.20254371279761904 0.0 0.0 0.0 0.0 0.20254371279761904 
59 0.0 0.0 0.0 0.0 0.20298549107142858 0.0 0.0 0.0 0.0 0.20298549107142858 
60 0.0 0.0 0.0 0.0 0.20298549107142858 0.0 0.0 0.0 0.0 0.20298549107142858 
61 0.0 0.0 0.0 0.0 0.20298549107142858 0.0 0.0 0.0 0.0 0.20298549107142858 
62 0.0 0.0 0.0 0.0 0.20298549107142858 0.0 0.0 0.0 0.0 0.20298549107142858 
63 0.0 0.0 0.0 0.0 0.20254371279761904 0.0 0.0 0.0 0.0 0.20254371279761904 
64 0.0 0.0 0.0 0.0 0.2031802222842262 0.0 0.0 0.0 0.0 0.2031802222842262 
65 0.0 0.0 0.0 0.0 0.2031802222842262 0.0 0.0 0.0 0.0 0.2031802222842262 
66 0.0 0.0 0.0 0.0 0.2031802222842262 0.0 0.0 0.0 0.0 0.2031802222842262 
67 0.0 0.0 0.0 0.0 0.2031802222842262 0.0 0.0 0.0 0.0 0.2031802222842262 
68 0.0 0.0 0.0 0.0 0.2031802222842262 0.0 0.0 0.0 0.0 0.2031802222842262 
69 0.0 0.0 0.0 0.0 0.2031802222842262 0.0 0.0 0.0 0.0 0.2031802222842262 
70 0.0 0.0 0.0 0.0 0.2031802222842262 0.0 0.0 0.0 0.0 0.2031802222842262 
71 0.0 0.0 0.0 0.0 0.2031802222842262 0.0 0.0 0.0 0.0 0.2031802222842262 
72 0.0 0.0 0.0 0.0 0.20254371279761904 0.0 0.0 0.0 0.0 0.20254371279761904 
73 0.0 0.0 0.0 0.0 0.20254371279761904 0.0 0.0 0.0 0.0 0.20254371279761904 
74 0.0 0.0 0.0 0.0 0.20254371279761904 0.0 0.0 0.0 0.0 0.20254371279761904 
75 0.0 0.0 0.0 0.0 0.20254371279761904 0.0 0.0 0.0 0.0 0.20254371279761904 
76 0.0 0.0 0.0 0.0 0.20254371279761904 0.0 0.0 0.0 0.0 0.20254371279761904 
77 0.0 0.0 0.0 0.0 0.20254371279761904 0.0 0.0 0.0 0.0 0.20254371279761904 
78 0.0 0.0 0.0 0.0 0.20254371279761904 0.0 0.0 0.0 0.0 0.20254371279761904 
79 0.0 0.0 0.0 0.0 0.20254371279761904 0.0 0.0 0.0 0.0 0.20254371279761904 
80 0.0 0.0 0.0 0.0 0.20254371279761904 0.0 0.0 0.0 0.0 0.20254371279761904 
81 0.0 0.0 0.0 0.0 0.20254371279761904 0.0 0.0 0.0 0.0 0.20254371279761904 
82 0.0 0.0 0.0 0.0 0.20254371279761904 0.0 0.0 0.0 0.0 0.20254371279761904 
83 0.0 0.0 0.0 0.0 0.20254371279761904 0.0 0.0 0.0 0.0 0.20254371279761904 
84 0.0 0.0 0.0 0.0 0.20254371279761904 0.0 0.0 0.0 0.0 0.20254371279761904 
85 0.0 0.0 0.0 0.0 0.20254371279761904 0.0 0.0 0.0 0.0 0.20254371279761904 
87 0.0 0.0 0.0 0.0 0.20298549107142858 0.0 0.0 0.0 0.0 0.20298549107142858 
88 2071.779052734375 405.5028991699219 2071.779052734375 405.5028991699219 0.1640683128720238 
89 0.0 0.0 0.0 0.0 0.2022152855282738 0.0 0.0 0.0 0.0 0.2022152855282738 
90 0.0 0.0 0.0 0.0 0.2022152855282738 0.0 0.0 0.0 0.0 0.2022152855282738 
92 0.0 0.0 0.0 0.0 0.20298549107142858 0.0 0.0 0.0 0.0 0.20298549107142858 
93 0.0 0.0 0.0 0.0 0.20298549107142858 0.0 0.0 0.0 0.0 0.20298549107142858 
94 0.0 0.0 0.0 0.0 0.20298549107142858 0.0 0.0 0.0 0.0 0.20298549107142858 
96 0.0 0.0 0.0 0.0 0.20298549107142858 0.0 0.0 0.0 0.0 0.20298549107142858 
97 0.0 0.0 0.0 0.0 0.20298549107142858 0.0 0.0 0.0 0.0 0.20298549107142858 
100 0.0 0.0 0.0 0.0 0.20298549107142858 0.0 0.0 0.0 0.0 0.20298549107142858 
103 1997.0215209960938 377.9388885498047 2076.722375488281 419.68702697753906 0.19788760230654762 1987.2413146972656 392.68210754394534 2025.194110107422 407.8632415771484 0.17184593563988096 
104 1981.4215209960937 378.97156219482423 2076.402453613281 435.9599868774414 0.23894391741071427 1995.1572204589843 410.9727722167969 2021.7518371582032 418.57123413085935 0.17130824497767858 
105 0.0 0.0 0.0 0.0 0.20298549107142858 0.0 0.0 0.0 0.0 0.20298549107142858 
108 1432.5039794921875 1079.2557006835937 1447.6298095703125 1222.9510864257813 0.18137904575892858 
109 0.0 0.0 0.0 0.0 0.20411900111607142 0.0 0.0 0.0 0.0 0.20411900111607142 
112 2904.535888671875 740.381103515625 2904.535888671875 740.381103515625 0.1298828125 
114 0.0 0.0 0.0 0.0 0.20298549107142858 0.0 0.0 0.0 0.0 0.20298549107142858 
115 0.0 0.0 0.0 0.0 0.20298549107142858 0.0 0.0 0.0 0.0 0.20298549107142858 
116 1949.4717712402344 370.7084426879883 2057.907989501953 430.5353012084961 0.19840494791666666 
117 0.0 0.0 0.0 0.0 0.2031802222842262 0.0 0.0 0.0 0.0 0.2031802222842262 
118 0.0 0.0 0.0 0.0 0.2031802222842262 0.0 0.0 0.0 0.0 0.2031802222842262 
119 0.0 0.0 0.0 0.0 0.2031802222842262 0.0 0.0 0.0 0.0 0.2031802222842262 
120 0.0 0.0 0.0 0.0 0.2031802222842262 0.0 0.0 0.0 0.0 0.2031802222842262 
122 0.0 0.0 0.0 0.0 0.2031802222842262 0.0 0.0 0.0 0.0 0.2031802222842262 
124 1994.9012817382813 394.5503982543945 2074.9480834960937 413.60911712646487 0.18147205171130953 
125 0.0 0.0 0.0 0.0 0.2031802222842262 0.0 0.0 0.0 0.0 0.2031802222842262 
127 2032.4848266601562 403.5592498779297 2086.122839355469 426.54689025878906 0.17470005580357142 
129 0.0 0.0 0.0 0.0 0.2031802222842262 0.0 0.0 0.0 0.0 0.2031802222842262 
130 0.0 0.0 0.0 0.0 0.2031802222842262 0.0 0.0 0.0 0.0 0.2031802222842262 
131 0.0 0.0 0.0 0.0 0.2031802222842262 0.0 0.0 0.0 0.0 0.2031802222842262 
132 0.0 0.0 0.0 0.0 0.2031802222842262 0.0 0.0 0.0 0.0 0.2031802222842262 
133 0.0 0.0 0.0 0.0 0.2031802222842262 0.0 0.0 0.0 0.0 0.2031802222842262 
134 0.0 0.0 0.0 0.0 0.2031802222842262 0.0 0.0 0.0 0.0 0.2031802222842262 
137 0.0 0.0 0.0 0.0 0.2031802222842262 0.0 0.0 0.0 0.0 0.2031802222842262 
138 0.0 0.0 0.0 0.0 0.2031802222842262 0.0 0.0 0.0 0.0 0.2031802222842262 
139 0.0 0.0 0.0 0.0 0.20254371279761904 0.0 0.0 0.0 0.0 0.20254371279761904 
140 0.0 0.0 0.0 0.0 0.20254371279761904 0.0 0.0 0.0 0.0 0.20254371279761904 
141 0.0 0.0 0.0 0.0 0.20254371279761904 0.0 0.0 0.0 0.0 0.20254371279761904 
142 0.0 0.0 0.0 0.0 0.20254371279761904 0.0 0.0 0.0 0.0 0.20254371279761904 
143 0.0 0.0 0.0 0.0 0.20254371279761904 0.0 0.0 0.0 0.0 0.20254371279761904 
144 0.0 0.0 0.0 0.0 0.20254371279761904 0.0 0.0 0.0 0.0 0.20254371279761904 
148 0.0 0.0 0.0 0.0 0.20298549107142858 0.0 0.0 0.0 0.0 0.20298549107142858 
149 0.0 0.0 0.0 0.0 0.20298549107142858 0.0 0.0 0.0 0.0 0.20298549107142858 
154 1933.6414123535155 379.91825714111326 2091.231024169922 460.6349349975586 0.3634440104166667 1979.321728515625 379.1791168212891 2048.507373046875 440.67751159667966 0.21859305245535715 
160 2124.1872314453126 396.7447280883789 2220.0793701171874 458.1156539916992 0.22554524739583334 
161 2127.618603515625 396.6956481933594 2219.674853515625 458.0663757324219 0.22360956101190477 
163 0.0 0.0 0.0 0.0 0.2031802222842262 0.0 0.0 0.0 0.0 0.2031802222842262 
164 0.0 0.0 0.0 0.0 0.2031802222842262 0.0 0.0 0.0 0.0 0.2031802222842262 
165 0.0 0.0 0.0 0.0 0.2031802222842262 0.0 0.0 0.0 0.0 0.2031802222842262 
166 1934.30732421875 381.1746109008789 2073.42509765625 462.32657928466796 0.33437965029761907 1960.4661193847655 360.6636688232422 2053.211248779297 465.0019195556641 0.30602446056547616 
167 1960.3355895996094 377.6331756591797 2057.1054504394533 424.08270568847655 0.24632045200892858 
168 1942.2948852539062 385.6428619384766 2074.047155761719 455.3940032958984 0.321533203125 1958.2423522949218 361.2001205444336 2055.1188537597654 461.95182647705076 0.2908528645833333 
169 2052.29638671875 396.2870788574219 2052.29638671875 396.2870788574219 0.17154947916666666 2012.0141967773438 381.5169372558594 2050.804406738281 431.9443054199219 0.20179385230654762 
171 2011.13125 395.7417510986328 2065.36435546875 422.8582244873047 0.20611281622023808 1975.671337890625 383.67344360351564 2053.147021484375 437.90639038085936 0.24521600632440477 
172 2026.8567443847655 394.3919204711914 2162.572332763672 409.90229949951174 0.18607584635416666 2045.0516235351563 395.28675231933596 2048.929089355469 403.0419219970703 0.17733328683035715 
174 1624.8230102539062 755.5785278320312 1671.3871948242188 806.0230346679688 0.17647588820684523 1577.9603576660156 719.9091217041016 1694.3708190917969 820.7982147216796 0.23870558965773808 
182 1585.1074951171875 726.7935821533204 1659.0983154296875 796.8901947021484 0.18772088913690477 
184 1627.4608154296875 760.5770263671875 1627.4608154296875 760.5770263671875 0.15108816964285715 
185 1623.850341796875 764.8336181640625 1623.850341796875 764.8336181640625 0.1528872535342262 
190 1606.5003723144532 770.8515686035156 1676.9518981933593 821.7332702636719 0.17937941778273808 1577.8981811523438 747.9698669433594 1687.4895141601562 814.5074279785156 0.20355515252976192 
192 0.0 0.0 0.0 0.0 0.20298549107142858 0.0 0.0 0.0 0.0 0.20298549107142858 
197 1612.6608337402345 767.7327850341796 1667.466973876953 822.5390045166016 0.18525041852678573 
200 2126.0278564453124 386.29073333740234 2227.3700927734376 491.5307083129883 0.2593994140625 2024.2358764648438 376.39637298583983 2254.204797363281 489.4319046020508 0.22111583891369047 
201 2122.7072875976564 378.0095474243164 2228.4760620117186 487.6955001831055 0.33555385044642855 2164.592919921875 378.46155242919923 2246.857275390625 484.2301284790039 0.2766229538690476 
202 2122.44970703125 380.9641540527344 2228.1953125 482.7934143066406 0.28586542038690477 2177.28076171875 391.9605010986328 2251.6943359375 450.70813903808596 0.21212332589285715 
203 2128.8308837890627 384.13946533203125 2226.7809326171873 458.58160400390625 0.24075172061011904 2211.410290527344 402.8253662109375 2246.672473144531 445.9234130859375 0.18769182477678573 
204 2170.9862426757813 394.72611541748046 2214.0008178710937 426.00938873291017 0.20112537202380953 2068.8644409179688 418.038151550293 2240.9224243164062 429.76937408447264 0.1732235863095238 
205 2119.455078125 380.54484100341796 2232.8623046875 497.86266021728517 0.31358119419642855 2155.252001953125 377.9879150390625 2245.195751953125 491.3951416015625 0.28759184337797616 
206 2188.7952880859375 399.108137512207 2216.1759033203125 414.7541976928711 0.17674037388392858 2240.09619140625 415.9577331542969 2240.09619140625 415.9577331542969 0.15552920386904762 
207 2134.4487060546876 402.87847290039065 2212.6753173828124 414.6124328613281 0.17417689732142858 
209 2138.3622924804686 394.0986892700195 2224.3816040039064 425.3783920288086 0.20949009486607142 2024.5224487304688 386.72992248535155 2106.6316040039064 429.7394989013672 0.19345819382440477 
210 2123.790661621094 380.3318725585938 2225.468371582031 493.741796875 0.30648949032738093 2168.6130493164064 385.14501190185547 2246.8266479492186 482.9122085571289 0.24830264136904762 
211 1947.4966613769532 383.67494812011716 2064.2346618652346 445.9352203369141 0.21982538132440477 
212 2127.7151489257812 347.28975372314454 2205.7040405273438 846.4198104858399 0.18766857328869047 1951.3398071289062 361.3877899169922 2076.122351074219 478.3713653564453 0.27750069754464285 
213 2119.477990722656 385.6819793701172 2225.014440917969 491.2183502197266 0.31154668898809523 2072.272424316406 384.4792770385742 2248.166296386719 474.38061676025393 0.20730445498511904 
214 2180.8930908203124 338.1886642456055 2208.3168701171876 867.0745498657227 0.18182082403273808 
215 2106.036730957031 338.8291809082031 2211.838513183594 879.5937927246093 0.23335774739583334 2036.1050537109375 397.1557983398437 2094.8837158203123 432.4230590820313 0.18199521019345238 
216 2135.632458496094 388.81101684570314 2213.734973144531 455.19813842773436 0.22446986607142858 
217 2125.4238403320314 381.2013900756836 2231.0212280273436 486.79857940673827 0.3354608444940476 2168.59541015625 389.0234085083008 2238.99345703125 478.97656097412107 0.24551246279761904 
218 2123.137109375 383.2908279418945 2224.8697265625 485.0231674194336 0.24420456659226192 2178.367639160156 404.9616195678711 2244.885046386719 475.39168243408204 0.19197009858630953 
219 2113.0668090820313 382.4474411010742 2222.8142944335937 484.3556900024414 0.2515287853422619 2133.7197998046877 390.2865188598633 2247.3866455078123 476.51661224365233 0.19961402529761904 
220 2127.994030761719 382.1182144165039 2225.869494628906 460.41849822998046 0.22063337053571427 
221 0.0 0.0 0.0 0.0 0.20411900111607142 0.0 0.0 0.0 0.0 0.20411900111607142 
222 0.0 0.0 0.0 0.0 0.20411900111607142 0.0 0.0 0.0 0.0 0.20411900111607142 
223 0.0 0.0 0.0 0.0 0.20411900111607142 0.0 0.0 0.0 0.0 0.20411900111607142 
224 2104.2861450195314 381.05552825927737 2225.6320678710936 490.65824737548826 0.2828892299107143 2082.4558227539064 395.35807342529296 2262.5175659179686 485.38890533447267 0.20511300223214285 
225 2108.640869140625 383.9612518310547 2233.867431640625 493.53441467285154 0.29896763392857145 2171.254187011719 381.4025360107422 2249.520471191406 487.06236877441404 0.24568684895833334 
226 2121.587744140625 329.73753967285154 2227.093408203125 892.4335418701172 0.2529820033482143 2238.515673828125 408.04005432128906 2242.423291015625 474.46946716308594 0.17689150855654762 
227 2114.9051025390627 384.51835174560546 2232.1837646484373 486.1598403930664 0.2786748976934524 2163.169787597656 384.51835174560546 2253.083386230469 486.1598403930664 0.214111328125 
228 2124.3918212890626 390.0766860961914 2225.8381591796874 460.3087814331055 0.21113513764880953 
229 2119.1922241210937 381.21580810546874 2232.4823364257813 490.59925537109376 0.33768136160714285 2171.780615234375 385.5731140136719 2246.005029296875 483.23688354492185 0.25280180431547616 
231 2186.0556640625 410.00244140625 2186.0556640625 410.00244140625 0.16431535993303573 
232 2153.0727294921876 393.0492004394531 2223.3647705078124 420.38506469726565 0.19564383370535715 
233 0.0 0.0 0.0 0.0 0.2031802222842262 0.0 0.0 0.0 0.0 0.2031802222842262 
234 0.0 0.0 0.0 0.0 0.2031802222842262 0.0 0.0 0.0 0.0 0.2031802222842262 
235 0.0 0.0 0.0 0.0 0.2022152855282738 0.0 0.0 0.0 0.0 0.2022152855282738 
236 2167.2459716796875 394.37767486572267 2225.8316650390625 417.8119918823242 0.18752906436011904 
237 1589.2833435058594 747.4424346923828 1690.429913330078 790.235238647461 0.1968994140625 
238 2120.9441040039064 386.50093231201174 2226.4589721679686 492.01576080322263 0.27539643787202384 2184.6737426757813 396.57143249511716 2258.9251342773437 466.91465148925784 0.19593447730654762 
239 2124.8655639648437 387.24803619384767 2226.5394653320313 488.9219772338867 0.25615001860119047 2189.539831542969 393.7154541015625 2252.108361816406 491.4788818359375 0.20592099144345238 
240 0.0 0.0 0.0 0.0 0.20254371279761904 0.0 0.0 0.0 0.0 0.20254371279761904 
241 0.0 0.0 0.0 0.0 0.20254371279761904 0.0 0.0 0.0 0.0 0.20254371279761904 
243 2094.626574707031 761.8198699951172 2215.358044433594 999.3884429931641 0.19733537946428573 2008.1970764160155 402.3213485717773 2047.142645263672 406.2159133911133 0.16949172247023808 
245 2127.197265625 403.48468017578125 2127.197265625 403.48468017578125 0.17231096540178573 1976.8706665039062 381.83765869140626 2055.0404663085938 413.10557861328124 0.19862002418154762 
246 2185.4940673828123 792.6641387939453 2201.1162841796877 800.4753265380859 0.17071823846726192 2268.4130859375 865.6690063476562 2268.4130859375 865.6690063476562 0.13552129836309523 
247 2168.1856689453125 390.7588256835937 2219.0272216796875 414.2242065429688 0.19313848586309523 
248 2179.41455078125 400.620361328125 2179.41455078125 400.620361328125 0.17063685825892858 
249 2089.865087890625 388.01501617431643 2121.090478515625 403.6275924682617 0.17198544456845238 1985.8314025878906 367.7486770629883 2059.9912292480467 402.87696380615233 0.1772519066220238 
250 2012.8951538085937 394.29350128173826 2145.600207519531 429.4213119506836 0.20444452194940477 1991.578271484375 381.38330078125 2100.864599609375 424.3172607421875 0.21790713355654762 
251 0.0 0.0 0.0 0.0 0.2031802222842262 0.0 0.0 0.0 0.0 0.2031802222842262 
252 0.0 0.0 0.0 0.0 0.2031802222842262 0.0 0.0 0.0 0.0 0.2031802222842262 
253 0.0 0.0 0.0 0.0 0.2031802222842262 0.0 0.0 0.0 0.0 0.2031802222842262 
254 0.0 0.0 0.0 0.0 0.2031802222842262 0.0 0.0 0.0 0.0 0.2031802222842262 
255 0.0 0.0 0.0 0.0 0.2031802222842262 0.0 0.0 0.0 0.0 0.2031802222842262 
256 0.0 0.0 0.0 0.0 0.2031802222842262 0.0 0.0 0.0 0.0 0.2031802222842262 
257 0.0 0.0 0.0 0.0 0.2031802222842262 0.0 0.0 0.0 0.0 0.2031802222842262 
258 0.0 0.0 0.0 0.0 0.2031802222842262 0.0 0.0 0.0 0.0 0.2031802222842262 
259 0.0 0.0 0.0 0.0 0.2031802222842262 0.0 0.0 0.0 0.0 0.2031802222842262 
260 0.0 0.0 0.0 0.0 0.20298549107142858 0.0 0.0 0.0 0.0 0.20298549107142858 
261 0.0 0.0 0.0 0.0 0.20371791294642858 0.0 0.0 0.0 0.0 0.20371791294642858 
263 2119.650830078125 385.61148834228516 2221.450732421875 487.4114303588867 0.23468308221726192 2223.4083251953125 418.7416534423828 2235.1546630859375 442.2339324951172 0.17384556361607142 
264 2167.4721069335938 396.4724975585938 2210.5838012695312 408.2302612304687 0.17154947916666666 
265 0.0 0.0 0.0 0.0 0.2031802222842262 0.0 0.0 0.0 0.0 0.2031802222842262 
266 0.0 0.0 0.0 0.0 0.2031802222842262 0.0 0.0 0.0 0.0 0.2031802222842262 
267 0.0 0.0 0.0 0.0 0.2031802222842262 0.0 0.0 0.0 0.0 0.2031802222842262 
268 2129.946984863281 386.14318084716797 2216.199255371094 491.99808502197266 0.2806977771577381 2190.8665283203127 393.53191528320315 2245.7540771484373 487.6251281738281 0.20164853050595238 
269 2173.444970703125 396.191943359375 2208.768408203125 419.7407958984375 0.18691871279761904 
270 2155.1625122070313 331.02007751464845 2217.9436889648437 872.5074493408204 0.1993466331845238 2268.0478515625 855.3030395507812 2268.0478515625 855.3030395507812 0.14894321986607142 
271 2164.007531738281 402.6328399658203 2207.133825683594 426.1562225341797 0.1778622581845238 
272 2128.3304443359375 393.9559066772461 2222.4693603515625 425.3355056762695 0.2038632347470238 
273 0.0 0.0 0.0 0.0 0.20254371279761904 0.0 0.0 0.0 0.0 0.20254371279761904 
274 0.0 0.0 0.0 0.0 0.2031802222842262 0.0 0.0 0.0 0.0 0.2031802222842262 
275 0.0 0.0 0.0 0.0 0.2031802222842262 0.0 0.0 0.0 0.0 0.2031802222842262 
277 0.0 0.0 0.0 0.0 0.20298549107142858 0.0 0.0 0.0 0.0 0.20298549107142858 
278 0.0 0.0 0.0 0.0 0.2031802222842262 0.0 0.0 0.0 0.0 0.2031802222842262 
279 0.0 0.0 0.0 0.0 0.2031802222842262 0.0 0.0 0.0 0.0 0.2031802222842262 
280 0.0 0.0 0.0 0.0 0.2031802222842262 0.0 0.0 0.0 0.0 0.2031802222842262 
281 0.0 0.0 0.0 0.0 0.20254371279761904 0.0 0.0 0.0 0.0 0.20254371279761904 
282 0.0 0.0 0.0 0.0 0.20254371279761904 0.0 0.0 0.0 0.0 0.20254371279761904 
283 0.0 0.0 0.0 0.0 0.20254371279761904 0.0 0.0 0.0 0.0 0.20254371279761904 
284 0.0 0.0 0.0 0.0 0.2031802222842262 0.0 0.0 0.0 0.0 0.2031802222842262 
285 0.0 0.0 0.0 0.0 0.2031802222842262 0.0 0.0 0.0 0.0 0.2031802222842262 
286 2150.860705566406 398.28979339599607 2205.557507324219 429.5451370239258 0.17938523065476192 
288 0.0 0.0 0.0 0.0 0.2031802222842262 0.0 0.0 0.0 0.0 0.2031802222842262 
289 0.0 0.0 0.0 0.0 0.20254371279761904 0.0 0.0 0.0 0.0 0.20254371279761904 
290 0.0 0.0 0.0 0.0 0.20298549107142858 0.0 0.0 0.0 0.0 0.20298549107142858 
291 0.0 0.0 0.0 0.0 0.20298549107142858 0.0 0.0 0.0 0.0 0.20298549107142858 
292 0.0 0.0 0.0 0.0 0.20298549107142858 0.0 0.0 0.0 0.0 0.20298549107142858 
293 0.0 0.0 0.0 0.0 0.20298549107142858 0.0 0.0 0.0 0.0 0.20298549107142858 
294 0.0 0.0 0.0 0.0 0.20298549107142858 0.0 0.0 0.0 0.0 0.20298549107142858 
295 0.0 0.0 0.0 0.0 0.20298549107142858 0.0 0.0 0.0 0.0 0.20298549107142858 
296 0.0 0.0 0.0 0.0 0.20298549107142858 0.0 0.0 0.0 0.0 0.20298549107142858 
297 0.0 0.0 0.0 0.0 0.20298549107142858 0.0 0.0 0.0 0.0 0.20298549107142858 
298 0.0 0.0 0.0 0.0 0.20298549107142858 0.0 0.0 0.0 0.0 0.20298549107142858 
299 0.0 0.0 0.0 0.0 0.20298549107142858 0.0 0.0 0.0 0.0 0.20298549107142858 
