0 2028.8564453125 567.5349212646485 2245.34326171875 697.4269317626953 0.7870163690476191 2186.919482421875 747.6629699707031 2356.500927734375 928.0685974121094 0.8385416666666666 
1 2029.9091186523438 567.6251373291016 2249.7713012695312 693.7756805419922 0.7930385044642857 2182.6760131835936 747.9788146972656 2352.0781372070314 920.9852966308594 0.8331705729166666 
2 2026.4671875 568.38076171875 2249.70029296875 694.39951171875 0.7873418898809523 2182.2596801757813 748.1306182861329 2351.4847045898437 924.5568206787109 0.8332635788690477 
3 2024.1409912109375 569.1257537841797 2247.1055908203125 694.9927154541016 0.7777157738095238 2182.0972412109377 741.4667144775391 2354.7147705078123 932.0653289794922 0.8385881696428571 
4 2020.0266418457031 572.8995422363281 2245.8580017089844 698.3614440917969 0.7959914434523809 2181.0590942382814 744.6858703613282 2349.5363647460936 934.6710632324218 0.8344029017857143 
5 2023.7971069335938 577.3038360595704 2249.8964965820314 706.5034759521484 0.7672061011904762 2169.5607666015626 750.5362823486328 2352.5935302734374 933.569125366211 0.8246837797619048 
6 2027.5517211914062 574.44384765625 2246.489050292969 696.474365234375 0.7829706101190477 2176.0867431640627 749.6211547851562 2351.9542724609373 932.6669311523438 0.8235212053571429 
7 2029.2034057617188 570.0643585205078 2249.060510253906 707.0243255615235 0.7959914434523809 2181.9665283203126 756.7901947021485 2351.3645263671874 933.3965118408203 0.8357747395833334 
8 2023.84453125 567.5092834472656 2251.56416015625 708.4785095214844 0.7871558779761905 2176.2136108398436 752.8268249511718 2360.5581176757814 926.3274719238282 0.8251488095238095 
9 2022.14482421875 574.134390258789 2257.57685546875 708.1493621826172 0.7687174479166666 2172.0410400390624 745.7627471923828 2364.0087646484376 937.7302337646485 0.8064313616071429 
10 2026.291845703125 571.7901336669922 2248.086572265625 702.6853912353515 0.7867838541666666 2183.1983154296877 756.9453399658203 2354.0892822265623 931.4723236083985 0.8264043898809523 
11 2025.6323120117188 577.1182342529297 2251.4777954101564 700.968862915039 0.80615234375 2178.7644775390627 758.5510375976562 2364.5406982421873 937.0417358398438 0.8318684895833334 
12 2024.256884765625 576.1601379394531 2254.674267578125 700.5124694824219 0.7963402157738095 2178.4310668945313 758.3279052734375 2364.9598022460937 937.5416015625 0.8388671875 
13 2023.1170043945312 576.008511352539 2254.2875366210938 697.0977508544922 0.8040132068452381 2184.2871337890624 761.1705657958985 2364.0864013671876 940.9697540283203 0.8418433779761905 
14 2025.302978515625 579.3362426757812 2249.692626953125 700.7272338867188 0.7919921875 2176.6883056640627 765.3842468261719 2364.2926513671873 941.9530334472656 0.8380998883928571 
15 2030.09970703125 573.2942352294922 2255.074609375 702.3781890869141 0.7914806547619048 2176.20556640625 756.9906188964844 2364.29931640625 941.3962219238281 0.8426571800595238 
16 2025.2905639648438 577.6672882080078 2253.710656738281 699.2456146240235 0.7831798735119048 2187.1115966796874 767.6865936279297 2363.9528564453126 937.1594146728515 0.8409133184523809 
17 2024.0122314453124 580.135498046875 2256.0146240234376 705.343017578125 0.7692522321428571 2188.595068359375 757.8905395507812 2369.041162109375 938.3366333007813 0.8438430059523809 
18 2021.5869262695312 576.7744262695312 2262.8019897460936 712.0010864257813 0.7338634672619048 2189.425402832031 756.8423675537109 2364.854626464844 939.5811553955078 0.8183361235119048 
19 2027.1753662109375 572.9089508056641 2267.6874267578123 707.7415008544922 0.7388625372023809 2185.2743286132813 755.2553192138672 2367.4803100585937 937.461538696289 0.8189871651785714 
20 2022.4569946289062 573.3044189453125 2261.072058105469 709.13125 0.7516741071428571 2184.122204589844 754.17158203125 2367.671984863281 937.7213623046875 0.8379138764880952 
21 2026.6587280273438 566.2837097167969 2264.632043457031 705.4067199707031 0.7615327380952381 2187.8893188476563 749.4811065673828 2370.9458862304687 936.198764038086 0.8348911830357143 
22 2020.5175415039062 572.9587524414062 2269.485632324219 708.4266235351563 0.7528134300595238 2184.9941650390624 746.8702453613281 2375.3813232421876 937.2575622558594 0.8317522321428571 
23 2027.992041015625 569.4061004638672 2265.700341796875 715.6880767822265 0.7417224702380952 2186.2297607421874 760.1353393554688 2369.0822509765626 935.6737426757812 0.8287295386904762 
24 2016.8092834472657 568.9866149902343 2264.604168701172 700.1721984863282 0.7718563988095238 2190.6022705078126 756.9352233886718 2365.5163818359374 935.4933654785157 0.8211030505952381 
25 2030.0872680664063 565.9157684326171 2256.081921386719 704.4285308837891 0.7730422247023809 2183.320654296875 757.5625183105469 2369.219384765625 936.1711242675781 0.8338448660714286 
26 2026.5447875976563 567.042837524414 2262.936901855469 708.8781219482422 0.7487676711309523 2189.921252441406 761.8915252685547 2368.124401855469 936.4580230712891 0.8270786830357143 
27 2032.9324340820312 564.3257629394532 2254.9179077148438 709.8900573730468 0.7633231026785714 2185.914794921875 762.5171203613281 2367.870361328125 937.1943054199219 0.8312639508928571 
28 2031.4587036132812 564.9818908691407 2253.772985839844 699.8281677246093 0.7591843377976191 2187.0506225585937 754.9161224365234 2372.9198364257813 944.4297637939453 0.8326125372023809 
29 2022.9321655273438 568.0346038818359 2270.871301269531 717.5272247314454 0.7404203869047619 2190.3750854492187 767.0308502197265 2372.6832641601563 942.0466033935547 0.8206147693452381 
30 2024.288671875 566.1007873535157 2264.63125 708.1215026855468 0.7614629836309523 2193.4810180664062 766.3864196777344 2375.5587768554688 944.8226867675781 0.8228469122023809 
31 2029.6852172851563 565.8189514160156 2255.9629760742187 697.2060729980469 0.7697405133928571 2198.410852050781 764.4437805175781 2373.593786621094 950.5756286621094 0.83203125 
32 2031.2008911132812 566.3254547119141 2255.076696777344 694.7786102294922 0.7784365699404762 2194.379016113281 761.5460205078125 2374.213513183594 959.73095703125 0.8483537946428571 
33 2026.4080444335937 570.6517303466796 2257.8788208007813 710.2689849853516 0.7685314360119048 2193.8640747070312 772.3053649902344 2370.2225952148438 952.3380676269531 0.8296828497023809 
34 2024.8388916015624 569.5663391113281 2254.2197021484376 695.3557800292969 0.7679036458333334 2199.151416015625 770.0610168457031 2373.036572265625 958.7452575683594 0.8425641741071429 
35 2028.5754516601562 570.9920867919922 2261.6909057617186 711.6014801025391 0.76708984375 2189.8207153320313 780.19833984375 2382.2337280273437 957.810205078125 0.8206845238095238 
36 2031.1124755859375 572.1127899169921 2260.9617431640627 716.6954986572266 0.7560686383928571 2186.531640625 781.7149505615234 2379.30869140625 963.3701934814453 0.8250790550595238 
37 2034.1648803710937 580.4938507080078 2264.5946411132813 710.5751800537109 0.7601609002976191 2189.547888183594 776.6164398193359 2386.528039550781 966.1634063720703 0.8529575892857143 
38 2030.2086791992188 574.4501129150391 2260.4365844726562 708.1308807373047 0.7785295758928571 2192.02529296875 779.3987060546875 2381.40634765625 968.7797607421875 0.8488885788690477 
39 2024.618994140625 567.3313171386719 2259.089990234375 697.5929992675781 0.7935267857142857 2186.8020141601564 787.4878814697265 2380.3334838867186 969.8542205810547 0.8318684895833334 
40 2020.6559204101563 576.4364166259766 2263.3487182617187 699.6495819091797 0.7857840401785714 2192.407751464844 784.089389038086 2390.295617675781 974.5097930908203 0.8510044642857143 
41 2026.1684814453124 571.8269012451171 2250.4394287109376 698.9138824462891 0.7767624627976191 2194.3717651367188 795.3791534423829 2381.2642211914062 978.5338714599609 0.8400297619047619 
42 2021.6067016601562 572.326220703125 2261.5204956054686 711.026318359375 0.7642996651785714 2194.909777832031 796.6685333251953 2382.342419433594 965.3578948974609 0.8282877604166666 
43 2021.9702880859375 571.6654724121094 2262.1586181640623 714.2771545410156 0.7602074032738095 2195.9047729492186 797.1305206298828 2379.7985961914064 962.259799194336 0.8194289434523809 
44 2022.1826293945312 570.7917327880859 2262.0139038085936 713.1914825439453 0.7606491815476191 2195.4262817382814 795.056997680664 2382.7941772460936 967.4356170654297 0.82763671875 
45 2022.0687255859375 568.5893005371094 2261.7784423828125 710.9169250488281 0.7682989211309523 2195.2243041992188 795.6220520019531 2382.4976196289062 967.9134704589844 0.8198009672619048 
46 2020.51484375 569.5891510009766 2256.89775390625 712.1693328857422 0.7595331101190477 2196.864013671875 794.1384826660156 2380.717529296875 966.7355407714844 0.8142206101190477 
47 2018.7473083496093 569.6042572021485 2262.949102783203 701.0974639892578 0.7831798735119048 2195.7573852539062 782.3054260253906 2383.6051635742188 973.9099060058594 0.8324962797619048 
48 2025.7454345703125 573.6211608886719 2262.5314208984373 705.1688781738281 0.7893182663690477 2191.986962890625 783.9528991699219 2391.187841796875 971.8782775878906 0.8614211309523809 
49 2030.7264038085937 577.3788421630859 2259.7279418945313 701.2650177001954 0.7957124255952381 2193.0200805664062 780.8236358642578 2391.9889526367188 968.5299407958985 0.8703264508928571 
50 2028.4403686523438 587.3462615966797 2264.4382934570312 714.710317993164 0.7978515625 2194.9930908203123 775.9430419921875 2386.0391357421877 966.9890869140625 0.8579334077380952 
51 2027.2933227539063 582.674038696289 2262.930065917969 717.3234588623047 0.7979445684523809 2187.4053344726562 774.7221069335938 2381.8991088867188 965.4755249023438 0.8328915550595238 
52 2016.1150390625 594.0242523193359 2261.6779296875 731.6883331298828 0.7982933407738095 2191.414990234375 770.7551940917969 2381.168017578125 964.2290588378906 0.8332403273809523 
53 2021.2304931640624 612.2208618164062 2266.2138427734376 749.5600219726563 0.7760416666666666 2190.8343994140623 771.4029235839844 2376.4278076171877 964.4200744628906 0.8315197172619048 
54 2022.5648559570313 624.7193603515625 2274.7156616210937 761.919189453125 0.7807152157738095 2193.2800537109374 775.6106353759766 2374.9772705078126 964.7238983154297 0.8292410714285714 
55 2028.5096313476563 632.7471923828125 2276.765515136719 766.138427734375 0.7925967261904762 2192.9684448242188 774.1190734863281 2374.5288696289062 966.7953552246094 0.8108491443452381 
56 2029.6942138671875 640.6108551025391 2281.1534423828125 770.0383758544922 0.7834588913690477 2197.523327636719 779.7098571777344 2375.023791503906 960.9083068847656 0.8175455729166666 
57 2027.9152954101562 645.5707458496094 2282.5619995117186 782.1204162597656 0.7915736607142857 2195.4087036132814 779.5654418945312 2376.2448608398436 960.4015991210938 0.8182896205357143 
58 2035.44267578125 642.7370849609375 2283.27802734375 777.5885986328125 0.7935035342261905 2191.1806396484376 783.4760620117188 2377.0571533203124 962.0632446289062 0.8124302455357143 
59 2032.3890625 645.5158294677734 2287.3794921875 780.2964874267578 0.7627418154761905 2188.465710449219 782.9584289550781 2377.887072753906 965.0944274902344 0.822265625 
60 2033.1622314453125 648.6654510498047 2284.0755615234375 783.2131500244141 0.7798781622023809 2189.388537597656 777.0591705322265 2371.209851074219 962.5168182373047 0.8235444568452381 
61 2029.2519775390624 645.9892303466797 2282.8364013671876 783.6495025634765 0.7926897321428571 2184.886022949219 776.6828735351562 2369.640588378906 965.0600463867188 0.8253813244047619 
62 2036.7456909179687 641.2080871582032 2284.6822875976563 776.1146667480468 0.7748325892857143 2187.3587036132812 781.583871459961 2369.6649780273438 963.8900665283203 0.8342866443452381 
63 2031.6356567382813 637.3406707763672 2287.8680053710937 770.8702056884765 0.7780645461309523 2187.096240234375 787.8043548583985 2371.150341796875 964.6407745361328 0.8401692708333334 
64 2035.1895751953125 637.086050415039 2291.6253662109375 763.4981170654297 0.7600213913690477 2187.578662109375 789.61396484375 2375.390576171875 966.5907470703125 0.8469354538690477 
65 2042.2992797851562 635.1051361083985 2293.032019042969 758.6545684814453 0.7779715401785714 2187.232275390625 790.520230102539 2368.922509765625 972.2105438232422 0.8507021949404762 
66 2044.643603515625 631.4725555419922 2290.606396484375 758.0710845947266 0.7813895089285714 2190.8580688476563 792.1553131103516 2375.3301635742187 973.0102752685547 0.8501906622023809 
67 2040.815869140625 633.1240447998047 2297.536669921875 766.9081207275391 0.7676711309523809 2191.4273071289062 797.7813232421875 2372.2164916992188 974.9548828125 0.8498883928571429 
68 2037.913623046875 638.5799743652344 2294.749951171875 761.5720031738281 0.7676478794642857 2194.1578857421873 796.0765350341796 2375.0286376953127 976.9472076416016 0.8519577752976191 
69 2039.2055053710938 642.7580352783203 2299.2293090820312 758.3241790771484 0.7826683407738095 2198.803356933594 794.7164459228516 2375.764270019531 989.7342987060547 0.8388671875 
70 2035.7900024414062 642.8255859375 2302.944128417969 761.9618896484375 0.7694614955357143 2198.109655761719 808.33896484375 2382.229455566406 985.2383056640625 0.8566545758928571 
71 2041.0468139648438 638.3186950683594 2304.9172973632812 753.9880676269531 0.7468377976190477 2199.9531494140624 808.7641448974609 2387.9155029296876 989.4973907470703 0.8570963541666666 
72 2043.7245849609376 638.0376831054688 2300.9360595703124 757.5865844726562 0.7725074404761905 2193.369738769531 802.8702270507813 2385.372692871094 991.2502563476562 0.8487258184523809 
73 2038.992919921875 638.4942230224609 2299.824462890625 758.0420928955078 0.7802036830357143 2201.4552368164063 810.1527282714844 2382.5884643554687 987.6631896972656 0.8569800967261905 
74 2037.5882446289063 646.0793487548829 2312.834362792969 765.5940521240234 0.7864350818452381 2198.055712890625 801.2534606933593 2386.381787109375 1000.4446594238282 0.8479585193452381 
75 2035.6396484375 649.4656311035156 2303.7900390625 772.6699890136719 0.7837844122023809 2196.892138671875 803.1923004150391 2396.193310546875 995.2461151123047 0.8505626860119048 
76 2039.023193359375 645.7471710205078 2314.555908203125 779.8881439208984 0.7529064360119048 2195.61376953125 803.1746276855469 2395.0126953125 998.9479309082031 0.8488653273809523 
77 2042.1713012695313 649.3318817138672 2302.3201538085937 772.179898071289 0.7663922991071429 2196.5653686523438 805.3932891845703 2395.2898559570312 996.8916839599609 0.8525623139880952 
78 2045.7525146484375 647.362060546875 2309.2113525390623 766.4599609375 0.7614629836309523 2195.2492919921874 805.6040924072265 2390.1369384765626 996.8825408935547 0.8380766369047619 
79 2041.7838256835937 650.9885955810547 2316.257434082031 777.390982055664 0.7484188988095238 2194.9944458007812 803.3659698486329 2393.6268920898438 1005.6096771240234 0.8417038690476191 
80 2039.36435546875 647.1063232421875 2313.92080078125 773.546875 0.7623465401785714 2194.98330078125 805.0874877929688 2397.28818359375 1007.3923706054687 0.8435872395833334 
81 2043.36494140625 649.428744506836 2307.080859375 768.6427276611328 0.7444661458333334 2195.3698974609374 807.408169555664 2394.0597900390626 1002.4856903076172 0.8447033110119048 
82 2038.9130981445312 648.7209289550781 2291.6618530273436 771.4847595214844 0.7716703869047619 2195.9782470703126 801.481332397461 2387.3454833984374 996.4590362548828 0.8401227678571429 
83 2045.1967163085938 649.4727996826172 2298.1873168945312 768.7397857666016 0.7426525297619048 2199.215197753906 809.8855163574219 2394.379284667969 1008.6638000488281 0.8419131324404762 
84 2043.7727783203125 642.2360595703125 2304.0133544921873 772.35634765625 0.7848307291666666 2197.8040161132812 815.4517761230469 2400.2133178710938 1010.6322082519531 0.8632347470238095 
85 2044.2689575195313 638.9575012207031 2300.8948608398437 776.3066589355469 0.77978515625 2198.3001953125 809.8098205566406 2397.09482421875 1008.6046081542969 0.8720005580357143 
86 2038.9210571289063 644.0892028808594 2299.4825073242187 770.7511291503906 0.7906901041666666 2198.709765625 819.8847534179688 2401.36884765625 1015.3059204101562 0.8705589657738095 
87 2039.0099975585938 640.6693939208984 2295.9209106445314 767.3155303955078 0.7758556547619048 2204.7635131835937 822.4275604248047 2400.1605590820313 1014.2060455322265 0.8655133928571429 
88 2045.0108520507813 648.0282562255859 2305.441540527344 774.6264678955079 0.7789248511904762 2198.737255859375 820.5357238769532 2404.911669921875 1019.4758728027343 0.8733956473214286 
89 2039.1403076171875 640.0626037597656 2299.5154541015627 770.2500183105469 0.7805757068452381 2202.013916015625 824.9121063232421 2400.911376953125 1016.5769683837891 0.8726050967261905 
90 2038.5849487304688 644.92890625 2302.7956665039064 771.6052734375 0.7819242931547619 2199.2272216796873 816.7076873779297 2398.2903564453127 1023.0092926025391 0.8589099702380952 
91 2037.5369750976563 642.3144012451172 2309.076062011719 776.2736724853515 0.7775530133928571 2199.0677856445313 821.3909240722656 2398.1966186523437 1020.5195983886719 0.8610258556547619 
92 2038.8999633789062 645.8969818115235 2296.1339721679688 769.0795196533203 0.7751348586309523 2198.451806640625 820.6377807617188 2401.340673828125 1023.5266479492187 0.8741164434523809 
93 2039.38916015625 637.3047698974609 2304.23876953125 778.7996612548828 0.7660202752976191 2200.420031738281 814.8013092041016 2399.964001464844 1014.3453582763672 0.8679780505952381 
94 2039.5524536132812 638.2327087402343 2300.511267089844 765.0876037597657 0.7466285342261905 2203.2092895507812 819.453970336914 2398.9281616210938 1018.7974334716797 0.8635602678571429 
95 2036.3982177734374 641.4988006591797 2296.9333251953126 771.7662750244141 0.7671130952380952 2198.1193359375 813.6578063964844 2407.99443359375 1019.9145812988281 0.8747907366071429 
96 2038.4899291992188 643.2600646972656 2299.0088500976562 777.1380065917969 0.7645554315476191 2201.03583984375 810.6770324707031 2403.6619140625 1013.3029479980469 0.8759068080357143 
97 2037.7033203125 641.5338592529297 2290.9265625 768.1454010009766 0.7926897321428571 2200.211315917969 816.4248077392579 2395.555041503906 1019.0033538818359 0.8698149181547619 
98 2040.30927734375 641.1694885253906 2293.35478515625 767.6920837402344 0.7793201264880952 2203.5374389648437 816.3546752929688 2391.5140747070313 1015.1759643554688 0.8802548363095238 
99 2040.3482421875 635.8875 2299.51162109375 765.469189453125 0.7496977306547619 2200.5255615234373 818.6308502197265 2391.2986572265627 1020.2023406982422 0.8738839285714286 
100 2038.0553588867188 639.1567169189453 2293.8071899414062 765.2314056396484 0.7596028645833334 2205.1392211914062 826.0520477294922 2381.6437377929688 1013.3630523681641 0.8605840773809523 
101 2037.5309326171875 641.2357635498047 2293.8499267578127 771.2004547119141 0.7870163690476191 2201.3751586914063 826.1854797363281 2385.4917846679687 1013.9121765136719 0.8637462797619048 
102 2039.7775024414063 638.8077514648437 2292.7852416992187 758.0827514648438 0.7684616815476191 2199.7840576171875 824.6709533691406 2391.3468017578125 1019.8482116699219 0.8632114955357143 
103 2041.951904296875 639.8954803466797 2298.593994140625 766.4092681884765 0.7701125372023809 2195.5757446289062 823.4099884033203 2397.9977416992188 1022.2173919677734 0.8663504464285714 
104 2036.510888671875 636.9570983886719 2297.068212890625 756.3792053222656 0.7826218377976191 2199.916125488281 828.6171142578125 2395.334118652344 1024.035107421875 0.8729771205357143 
105 2040.3495727539062 633.3107086181641 2286.949987792969 763.8636688232422 0.7448381696428571 2200.05390625 829.8376159667969 2392.25712890625 1022.0406799316406 0.8720238095238095 
106 2041.8045776367187 639.9074249267578 2299.666369628906 774.2861175537109 0.7650204613095238 2203.0029174804686 825.9702819824219 2395.4914672851564 1018.4586730957031 0.8783947172619048 
107 2038.4306274414062 638.7111785888671 2303.775671386719 773.2011138916016 0.7604166666666666 2199.7626708984376 827.3046325683594 2399.6802001953124 1023.5873352050781 0.8773716517857143 
108 2038.8505249023438 640.1538543701172 2296.8049926757812 767.3144683837891 0.7639508928571429 2199.2686279296877 833.8292510986328 2399.0922119140623 1026.386752319336 0.8862072172619048 
109 2038.9462280273438 640.4945556640625 2293.1174926757812 763.949169921875 0.7704845610119048 2195.638623046875 834.0557403564453 2398.975634765625 1022.8687591552734 0.8942057291666666 
110 2038.4130249023438 645.6250396728516 2289.1629028320312 769.1828826904297 0.7806919642857143 2198.0319580078126 834.1765167236329 2397.9050537109374 1019.5132415771484 0.8934849330357143 
111 2038.2739868164062 642.6395599365235 2293.0641479492188 773.6744659423828 0.7813197544642857 2198.14765625 837.9320220947266 2401.97978515625 1023.5648651123047 0.8877418154761905 
112 2038.3016357421875 639.851953125 2293.0870361328125 774.5241455078125 0.77978515625 2197.752575683594 834.7207183837891 2405.220324707031 1027.6295623779297 0.8859049479166666 
113 2035.2808227539062 639.1455078125 2293.4098510742188 777.299072265625 0.7948056175595238 2197.7650756835938 839.8037628173828 2404.9954223632812 1032.4917083740233 0.8817661830357143 
114 2038.484033203125 646.6273559570312 2292.769873046875 777.4030395507813 0.7889694940476191 2197.6224853515623 831.0546051025391 2404.6836669921877 1034.4834197998048 0.8897879464285714 
115 2038.5859497070312 647.3170227050781 2292.7819702148436 774.4150329589844 0.7850864955357143 2197.668017578125 830.8409820556641 2404.656201171875 1037.8292449951173 0.8932989211309523 
116 2037.0195556640624 643.6170440673828 2298.9892333984376 778.2404388427734 0.7921781994047619 2197.2522216796874 834.7765960693359 2404.6447509765626 1034.8924102783203 0.8907645089285714 
117 2030.214697265625 648.3558807373047 2288.832177734375 775.8433990478516 0.7832728794642857 2195.3881713867186 842.5291412353515 2406.6530883789064 1035.5817596435547 0.8835100446428571 
118 2037.969775390625 646.051171875 2286.001904296875 777.3622802734375 0.7805989583333334 2196.9179443359376 844.1400817871094 2404.8271728515624 1033.811700439453 0.8833472842261905 
119 2038.1625732421876 642.1582977294922 2293.5713134765624 780.808804321289 0.7980840773809523 2200.81015625 843.5383148193359 2408.78603515625 1036.9192657470703 0.8856956845238095 
120 2037.6041381835937 644.00927734375 2292.692004394531 778.8414306640625 0.7807849702380952 2199.6271240234373 841.0716613769531 2410.9856689453127 1041.4977966308593 0.8765345982142857 
121 2034.722705078125 644.3616882324219 2296.808544921875 782.6845764160156 0.7791108630952381 2196.9863403320314 845.2659576416015 2411.7507202148436 1038.1900360107422 0.8763718377976191 
122 2039.2306274414063 645.5317260742188 2290.7149291992187 784.0302856445312 0.7950381324404762 2198.0552978515625 849.9153137207031 2409.4481201171875 1039.4396667480469 0.8682570684523809 
123 2032.2280883789062 644.7105255126953 2298.8375854492188 779.8414154052734 0.7759021577380952 2201.9141845703125 849.0925048828125 2410.0887451171875 1039.0061279296874 0.8739769345238095 
124 2027.5225708007813 645.3897705078125 2294.047009277344 780.4774169921875 0.7826683407738095 2199.963134765625 846.4766387939453 2408.071044921875 1039.9805755615234 0.8749302455357143 
125 2031.182177734375 647.5656677246094 2298.187451171875 782.8972229003906 0.7864583333333334 2197.4626953125 846.2020141601563 2413.26142578125 1040.0553100585937 0.8693498883928571 
126 2036.5831298828125 645.2326599121094 2292.8919677734375 780.7102111816406 0.7844819568452381 2198.9590087890624 846.8998046875 2414.9906982421876 1040.962255859375 0.8732793898809523 
127 2036.64775390625 644.3747497558594 2292.7794921875 779.7586730957031 0.7908063616071429 2198.48935546875 848.2950317382813 2418.0306640625 1045.8823364257812 0.8814639136904762 
128 2030.622802734375 642.5137512207032 2290.622802734375 781.6684997558593 0.8068963913690477 2198.6508056640623 850.6825347900391 2418.3692138671877 1041.1050018310548 0.8809291294642857 
129 2033.3661376953125 643.712353515625 2293.6079833984377 782.9967529296875 0.7950148809523809 2198.7309814453124 852.0750549316406 2418.6537841796876 1042.6747009277344 0.8730933779761905 
130 2036.6960327148438 646.1207641601562 2296.9013793945314 781.7206665039063 0.7851795014880952 2199.6412841796873 850.7892395019531 2415.8684814453127 1045.0270446777345 0.8708147321428571 
131 2037.3524291992187 644.5786712646484 2293.982775878906 787.5585968017579 0.79150390625 2199.5091186523437 850.1651641845704 2419.4779418945313 1044.471127319336 0.8729073660714286 
132 2028.9832397460937 645.7996551513672 2299.7713989257813 781.193814086914 0.7754836309523809 2197.7331420898436 856.2095245361328 2420.9506958007814 1046.4932952880858 0.8771391369047619 
133 2039.7576171875 645.9955352783203 2296.0734375 781.4768157958985 0.7756231398809523 2198.8988525390623 860.2024505615234 2418.5982177734377 1043.2852813720704 0.8780691964285714 
134 2030.0766479492188 642.7489196777344 2297.2517211914064 778.1664855957031 0.7855980282738095 2198.433544921875 859.248095703125 2421.689501953125 1045.904736328125 0.8769996279761905 
135 2033.740625 644.5857757568359 2297.071875 776.2513214111328 0.7736932663690477 2198.744775390625 857.6983184814453 2421.844580078125 1044.224594116211 0.8803013392857143 
136 2035.109765625 647.164599609375 2295.19736328125 775.3767822265625 0.7794596354166666 2200.3766479492188 860.616845703125 2420.1690063476562 1043.777197265625 0.8777669270833334 
137 2036.4015380859375 646.3880798339844 2292.8538330078127 778.2779357910156 0.7822963169642857 2200.8410766601564 863.5272033691406 2424.3207885742186 1043.0438415527344 0.875 
138 2030.0150024414063 642.2245880126953 2294.051159667969 785.2443450927734 0.7936430431547619 2201.5256958007812 857.1773071289062 2421.5560913085938 1044.2030639648438 0.8672805059523809 
139 2032.9744018554688 645.2509124755859 2296.935021972656 784.5634796142579 0.7905040922619048 2201.6159912109374 860.1420196533203 2421.5832275390626 1043.4481292724608 0.8669317336309523 
140 2033.7862060546875 642.9129852294922 2294.0458251953123 782.2068267822266 0.7897832961309523 2201.5592529296873 863.8375366210937 2425.1624267578127 1043.4533569335938 0.8587704613095238 
141 2031.0325561523437 643.5372528076172 2295.1048950195313 782.9088531494141 0.7940150669642857 2202.566650390625 861.3405853271485 2422.627197265625 1044.7242950439454 0.8633742559523809 
142 2029.4496215820313 647.6068145751954 2293.8133178710937 783.4603851318359 0.7869698660714286 2200.7492797851564 865.650341796875 2424.7241088867186 1045.564501953125 0.8688848586309523 
143 2032.9939331054688 648.2689971923828 2289.756311035156 782.2319183349609 0.7902250744047619 2202.880725097656 870.1092834472656 2426.152233886719 1041.2841491699219 0.8642345610119048 
144 2038.0214599609376 648.0638366699219 2292.1289306640624 776.9588684082031 0.7626953125 2203.318737792969 870.0182830810547 2424.281604003906 1039.4231842041015 0.8770693824404762 
145 2027.2442749023437 649.1434478759766 2299.623156738281 785.3328094482422 0.7555803571428571 2202.2236083984376 867.7259185791015 2430.4326416015624 1048.0848114013672 0.8821149553571429 
146 2030.5456665039062 649.9428955078125 2299.1064331054686 782.38388671875 0.7577427455357143 2202.18134765625 867.9894500732422 2430.27421875 1048.2564605712892 0.8786504836309523 
147 2035.2326538085938 649.6170104980469 2296.5234497070314 782.1025939941406 0.7890625 2203.6703491210938 864.9061096191406 2428.1599731445312 1045.233660888672 0.8767671130952381 
148 2034.5486083984374 649.0472351074219 2299.5588134765626 781.5524963378906 0.7834821428571429 2203.436071777344 863.9435302734375 2427.958703613281 1047.9785888671875 0.8764183407738095 
149 2032.82734375 650.454965209961 2294.264453125 783.0145782470703 0.7876674107142857 2204.616650390625 869.5465789794922 2425.549365234375 1042.6105865478517 0.8702799479166666 
150 2033.9110473632813 649.7660705566407 2291.8636108398437 778.7423522949218 0.7816685267857143 2202.1469848632814 868.1752868652344 2426.9343139648436 1045.0570129394532 0.8723493303571429 
151 2037.6620971679688 645.9036102294922 2292.0466430664064 782.3127593994141 0.7750186011904762 2202.7144287109377 868.5256103515625 2427.6049072265623 1041.8020263671874 0.8663504464285714 
152 2029.2991333007812 648.4106750488281 2294.9945678710938 781.2583923339844 0.7909923735119048 2201.0358276367188 867.5526000976563 2429.8291625976562 1044.6829956054687 0.8698846726190477 
153 2028.9139282226563 648.3915832519531 2291.293347167969 781.4290954589844 0.7981305803571429 2203.738977050781 864.5776062011719 2429.163610839844 1045.6564025878906 0.8775809151785714 
154 2032.6103271484376 651.6618438720703 2291.5991455078124 781.1563323974609 0.7863653273809523 2204.3684814453127 868.529574584961 2430.0587646484373 1042.4222686767578 0.8763718377976191 
155 2033.4682739257812 648.0378448486329 2288.9084350585936 781.3110931396484 0.8017578125 2204.473767089844 867.4545227050781 2433.999621582031 1048.8541931152345 0.8752790178571429 
156 2028.295068359375 648.509033203125 2293.721044921875 775.614501953125 0.7840401785714286 2208.4569458007813 873.3879119873047 2432.7605834960937 1045.3540924072265 0.8645600818452381 
157 2021.6742797851562 649.3890014648438 2298.572058105469 776.6122192382812 0.7711588541666666 2205.7450927734376 874.0444732666016 2433.9985595703124 1049.9117645263673 0.8658854166666666 
158 2031.517138671875 647.5261474609375 2286.423779296875 774.9794677734375 0.78271484375 2207.5582885742188 875.9040893554687 2436.2246704101562 1048.3410278320312 0.8616071428571429 
159 2027.3571899414062 645.9781860351562 2293.4487182617186 773.4023071289063 0.763671875 2204.2229736328127 880.0694854736328 2436.5846435546873 1052.466830444336 0.8687453497023809 
160 2034.1643310546874 649.7564331054688 2290.3576416015626 783.4225219726562 0.7837611607142857 2205.2453002929688 873.1045013427735 2439.1611938476562 1051.325979614258 0.8745349702380952 
161 2029.2021118164062 650.1648223876953 2296.299108886719 776.2941009521485 0.7609979538690477 2203.8424682617188 872.4604644775391 2441.2622680664062 1050.5253143310547 0.8814174107142857 
162 2027.1188110351563 651.15927734375 2294.1548706054687 780.9685302734375 0.7742978050595238 2205.0003173828127 867.6982269287109 2438.6569091796873 1049.4312286376953 0.8834170386904762 
163 2026.3435546875 649.1025817871093 2293.2599609375 778.8535949707032 0.7957356770833334 2204.14521484375 861.8371887207031 2437.6970703125 1050.9029235839844 0.8853934151785714 
164 2023.7112060546874 648.8352905273438 2293.7868408203126 785.7228149414062 0.8025483630952381 2204.852502441406 861.5660003662109 2434.231726074219 1053.9484649658202 0.8857421875 
165 2027.9994506835938 648.6708679199219 2293.8440551757812 781.5931701660156 0.7962472098214286 2202.672888183594 867.0837463378906 2431.594445800781 1051.6978698730468 0.8778599330357143 
166 2024.3645263671874 647.7008972167969 2297.7536376953126 777.0066223144531 0.7797386532738095 2199.5665771484373 868.6573699951172 2432.3167236328127 1053.379800415039 0.8745582217261905 
167 2032.7941650390626 649.0702514648438 2287.8918701171874 782.1647338867188 0.7888067336309523 2200.7262939453126 873.8804718017578 2429.9446044921874 1055.036947631836 0.8661876860119048 
168 2031.848681640625 648.7459075927734 2289.567333984375 775.7376739501954 0.7878534226190477 2201.5063232421876 875.4348358154297 2433.0796142578124 1054.7173248291015 0.8700939360119048 
169 2025.4153564453125 645.5235961914062 2298.6241943359373 782.1280151367188 0.7774600074404762 2200.5020263671877 872.86630859375 2433.0985595703123 1057.466943359375 0.8815569196428571 
170 2030.1535278320312 646.8610656738281 2296.253942871094 776.2153503417969 0.78466796875 2201.7256591796877 876.8558319091796 2434.5634033203123 1057.9518463134766 0.8800920758928571 
171 2025.1213256835938 649.8012451171875 2291.5664184570314 775.6225830078125 0.7916666666666666 2202.6090454101563 880.0941314697266 2435.7486206054687 1057.7241668701172 0.8762555803571429 
172 2026.51806640625 648.8780242919922 2296.24267578125 785.5877349853515 0.7937825520833334 2200.8870239257812 873.1273651123047 2437.3578491210938 1061.5650787353516 0.8796270461309523 
173 2028.5932373046876 644.738525390625 2298.5444580078124 774.167236328125 0.7736932663690477 2203.53515625 877.2835144042969 2436.5068359375 1062.1816955566405 0.8857421875 
174 2028.3488037109375 648.7023254394531 2294.1385009765627 775.9818786621094 0.7809012276785714 2205.44609375 884.543896484375 2433.80048828125 1064.23271484375 0.8689081101190477 
175 2027.3658325195313 649.3097198486328 2300.847302246094 776.6847259521485 0.7711821056547619 2205.0280151367188 882.4462677001953 2437.2998657226562 1062.2697357177735 0.8815104166666666 
176 2030.87763671875 651.7922332763671 2296.61845703125 775.3054840087891 0.7826218377976191 2204.631396484375 881.4001922607422 2436.686474609375 1061.055923461914 0.8793480282738095 
177 2033.1664306640625 645.3747589111329 2297.4517333984377 783.1008880615234 0.7801571800595238 2202.67568359375 874.5842468261719 2437.1822265625 1060.7005432128906 0.8863234747023809 
178 2028.7454833984375 644.4527160644532 2292.9127197265625 763.5139587402343 0.7782273065476191 2207.623498535156 879.999462890625 2434.584265136719 1066.032763671875 0.8834867931547619 
179 2026.2007202148438 643.0053741455079 2302.640832519531 770.0182464599609 0.7615327380952381 2206.6625 884.0999725341796 2438.27451171875 1063.4122955322266 0.8881370907738095 
180 2032.148388671875 646.343716430664 2294.429736328125 781.2311737060547 0.7818545386904762 2206.089953613281 879.9468627929688 2434.649060058594 1063.5436157226563 0.8921595982142857 
181 2030.3611572265625 648.8560241699219 2285.4918701171873 783.9251037597656 0.7967819940476191 2202.8052978515625 885.2269256591796 2439.1761474609375 1072.8229400634766 0.8986700148809523 
182 2030.0336181640625 652.9037384033203 2285.7876708984377 773.2585540771485 0.7869698660714286 2199.571984863281 888.9843658447265 2440.281774902344 1069.516549682617 0.9043201264880952 
183 2030.801416015625 647.423291015625 2287.055029296875 775.55009765625 0.7980143229166666 2197.7718994140623 890.6323303222656 2438.9517333984377 1071.5172058105468 0.9048781622023809 
184 2032.2638549804688 642.2267028808594 2289.2407836914062 774.4942443847656 0.8081287202380952 2193.8918334960936 901.5292297363281 2435.7524536132814 1079.1456970214845 0.9069475446428571 
185 2033.944091796875 646.6566192626954 2285.355712890625 768.5532806396484 0.7860398065476191 2186.314660644531 901.29169921875 2437.726599121094 1076.518115234375 0.9067615327380952 
186 2024.8196533203125 633.8515075683594 2285.2570068359373 767.9002014160156 0.7890625 2178.901953125 905.4842803955078 2431.67958984375 1085.492465209961 0.9025065104166666 
187 2020.627197265625 631.6487365722656 2287.051025390625 761.0547546386719 0.7828543526785714 2171.6982543945314 907.4415588378906 2422.8981811523436 1082.5202331542969 0.8888346354166666 
188 2019.9231689453125 624.0801147460937 2270.7057373046873 749.4713989257813 0.80810546875 2163.5825439453124 900.1455688476562 2410.5654052734376 1090.1325073242188 0.9093191964285714 
189 2012.5599609375 623.3081024169921 2271.07333984375 744.9614898681641 0.7765531994047619 2150.443395996094 907.848355102539 2405.155480957031 1097.9318572998047 0.9090401785714286 
190 2006.1658813476563 620.5044830322265 2255.107312011719 741.2033416748047 0.7789713541666666 2141.6619262695312 908.1797332763672 2398.1469116210938 1100.543472290039 0.9074358258928571 
191 2000.5129089355469 604.6601257324219 2247.4740295410156 739.0360412597656 0.7900158110119048 2137.403186035156 910.4281585693359 2384.364147949219 1106.5443145751954 0.9137834821428571 
192 1984.976873779297 608.0903045654297 2237.3538146972655 734.278775024414 0.7515811011904762 2127.724084472656 917.280517578125 2380.100866699219 1110.274658203125 0.91748046875 
193 1987.4689208984375 601.1655822753906 2226.4588134765627 722.4989685058594 0.7822498139880952 2127.610498046875 924.014208984375 2377.630712890625 1115.20625 0.9301292782738095 
194 1985.3990478515625 601.4236114501953 2220.1575927734375 733.4752532958985 0.7771809895833334 2124.786901855469 923.5111541748047 2374.217736816406 1125.2567291259766 0.9383138020833334 
195 1983.9961730957032 608.9039184570313 2218.6101501464846 718.8792846679687 0.7948288690476191 2126.11806640625 926.2814025878906 2375.39560546875 1120.5712585449219 0.9312918526785714 
196 1983.2778869628905 608.3669799804687 2218.366033935547 725.9109741210938 0.7846214657738095 2125.6869384765623 927.2333312988281 2375.4678466796877 1121.9154724121095 0.9336170014880952 
197 1982.3183837890624 612.9571655273437 2216.6376708984376 730.1168090820313 0.7959449404761905 2123.8394165039062 927.9646636962891 2376.4650268554688 1122.0103729248046 0.9295479910714286 
198 1982.7362670898438 615.8878143310546 2221.0447387695312 733.2089263916016 0.7819242931547619 2124.8751708984373 928.9321044921875 2377.8489501953127 1119.5788818359374 0.9327334449404762 
199 1985.8293579101562 617.0888916015625 2221.0458862304686 742.0475830078125 0.8025018601190477 2125.913134765625 928.9202117919922 2372.155224609375 1120.033462524414 0.9329659598214286 
200 1992.7754760742187 625.8504058837891 2220.2345336914063 745.1730926513671 0.8221726190476191 2125.005749511719 933.622689819336 2374.837756347656 1120.0643829345704 0.9301525297619048 
201 1989.5997619628906 631.572412109375 2224.816131591797 752.855810546875 0.8073149181547619 2123.6053100585937 934.922216796875 2373.5223754882813 1122.36025390625 0.9293154761904762 
202 1985.1856750488282 638.8865386962891 2226.8430114746093 759.7152069091796 0.8152436755952381 2122.350378417969 935.0436553955078 2371.330529785156 1125.440414428711 0.9296642485119048 
203 1994.5704772949218 640.4092346191406 2238.0873596191404 763.9849304199219 0.7955496651785714 2122.3400024414063 935.6489501953125 2373.1260620117187 1117.3779052734376 0.9341517857142857 
204 1996.1078857421876 647.2783599853516 2243.9756103515624 767.5671600341797 0.7872953869047619 2122.2848510742188 931.316928100586 2370.1528930664062 1117.2178009033203 0.9196661086309523 
205 2005.316748046875 648.4216888427734 2260.836572265625 776.1815216064454 0.7829473586309523 2124.0912353515623 927.66826171875 2372.3106201171877 1117.482861328125 0.9143415178571429 
206 2006.6901245117188 657.4103271484375 2270.2178344726562 780.1492431640625 0.7859235491071429 2121.792529296875 927.6024749755859 2374.490185546875 1115.3206817626954 0.9074125744047619 
207 2016.473406982422 663.008203125 2268.941754150391 785.6357177734375 0.7981305803571429 2121.4836547851564 927.4063537597656 2377.5585815429686 1114.954364013672 0.91748046875 
208 2019.1046752929688 664.8806915283203 2284.9873657226562 794.2288665771484 0.8032924107142857 2119.847216796875 925.9263061523437 2374.950634765625 1116.3556762695312 0.9159458705357143 
209 2027.3952514648438 672.2389831542969 2285.7089965820314 804.9835510253906 0.8168480282738095 2122.4689331054688 924.2053588867187 2370.0195922851562 1121.5282836914062 0.91259765625 
210 2030.4544311523437 678.9670349121094 2291.6957153320313 814.9555725097656 0.8351004464285714 2119.783056640625 925.618310546875 2370.288232421875 1118.865087890625 0.9142485119047619 
211 2035.1813354492188 692.1785125732422 2294.8496704101562 820.2341461181641 0.8318452380952381 2121.235888671875 925.5790832519531 2370.232861328125 1117.6624938964844 0.9093424479166666 
212 2049.191943359375 707.7770843505859 2312.483837890625 821.6330108642578 0.7960379464285714 2121.9939819335937 926.3203247070312 2371.0541137695313 1114.8942749023438 0.9080403645833334 
213 2051.2542358398437 717.6739532470704 2323.2928833007813 837.7948577880859 0.7888764880952381 2121.6417724609373 926.9344055175782 2372.4827392578127 1117.7146423339843 0.9087611607142857 
214 2062.9614379882814 716.2955535888672 2324.3303100585936 843.4479156494141 0.7969215029761905 2124.364050292969 929.0312469482421 2371.604943847656 1119.759829711914 0.9130859375 
215 2072.3015625 719.8063354492188 2330.128125 850.4855346679688 0.7894112723214286 2124.73623046875 927.50751953125 2375.49912109375 1118.228564453125 0.9172944568452381 
216 2082.569787597656 722.2434906005859 2333.499304199219 845.9411407470703 0.7544410342261905 2123.7571411132812 932.393603515625 2371.1522827148438 1119.7072265625 0.9248511904761905 
217 2082.3642333984376 727.445034790039 2339.1948486328124 843.5466033935547 0.7261672247023809 2123.3651489257813 930.4198669433594 2376.6775756835937 1116.885919189453 0.9115280877976191 
218 2078.70078125 730.0423553466796 2334.9505859375 852.9017974853516 0.7112165178571429 2122.3091796875 930.6678070068359 2375.04873046875 1116.7121368408202 0.9085984002976191 
219 2085.2513061523437 724.4260101318359 2331.8802856445313 840.6940460205078 0.6785481770833334 2125.4978515625 933.5187408447266 2375.65009765625 1116.7290008544921 0.9097842261904762 
220 2073.6379638671874 726.4706634521484 2337.7848876953126 853.2612091064453 0.7469773065476191 2120.9134765625 933.9953308105469 2374.4947265625 1117.1371154785156 0.9063895089285714 
221 2085.611962890625 727.735726928711 2332.344091796875 861.6759552001953 0.7735537574404762 2122.7573120117186 939.7626037597656 2376.5388305664064 1115.9997253417969 0.9162248883928571 
222 2083.289514160156 722.6000305175781 2332.498815917969 855.9796813964844 0.7187034970238095 2123.384521484375 939.1395111083984 2376.103759765625 1114.6391143798828 0.9196428571428571 
223 2078.355517578125 729.0625152587891 2335.287060546875 854.0561981201172 0.7682291666666666 2127.23125 932.8448669433594 2377.21845703125 1120.335430908203 0.9152948288690477 
224 2084.4060546875 724.3868133544922 2333.19990234375 847.031704711914 0.7314220610119048 2124.0297607421876 926.9530029296875 2379.8320556640624 1116.1766357421875 0.9162946428571429 
225 2073.7837768554687 715.5095428466797 2328.7535766601563 851.7263580322266 0.7849934895833334 2125.2343627929686 933.2684143066406 2376.7116821289064 1114.890887451172 0.9136672247023809 
226 2078.8002319335938 720.0533416748046 2334.1140747070312 852.9563629150391 0.7479306175595238 2128.0336303710938 923.039828491211 2376.3523559570312 1115.3994415283203 0.8981584821428571 
227 2074.1241943359373 724.3655670166015 2335.3308837890627 842.7792694091797 0.7762974330357143 2129.3124145507813 922.2129516601562 2376.5882202148437 1113.7645874023438 0.9025530133928571 
228 2075.9349853515623 711.2786071777343 2334.8692138671877 844.2447082519532 0.8000372023809523 2127.479638671875 920.9559265136719 2382.914404296875 1102.9094299316407 0.8931594122023809 
229 2076.1397216796877 715.4724853515625 2337.9926025390623 841.1617919921875 0.7806454613095238 2135.627307128906 914.6148376464844 2393.988659667969 1106.6401672363281 0.9136439732142857 
230 2072.6621215820314 711.9384338378907 2341.8449584960936 841.2860534667968 0.8036179315476191 2141.1007446289063 909.4557678222657 2399.7959838867187 1098.2333190917968 0.9136439732142857 
231 2071.938122558594 718.3215301513671 2336.299914550781 843.5454742431641 0.7831566220238095 2148.062634277344 900.2708618164063 2401.988879394531 1095.0636108398437 0.9111328125 
232 2072.1504516601562 720.0678619384765 2338.2267456054688 842.6030975341797 0.7704613095238095 2154.5587646484373 897.8113006591797 2406.6311767578127 1090.3667388916015 0.9143880208333334 
233 2074.1181762695314 723.682339477539 2331.1769897460936 843.4084197998047 0.7925734747023809 2167.8403442382814 889.3214569091797 2410.8137084960936 1075.9532623291016 0.9183640252976191 
234 2076.7768432617186 719.7795532226562 2341.8000610351564 832.8560668945313 0.7154715401785714 2171.2339599609377 885.1810729980468 2418.5887939453123 1072.4640686035157 0.9169921875 
235 2079.006384277344 727.7386596679687 2336.651086425781 837.1494018554688 0.7408621651785714 2176.064318847656 881.6738739013672 2416.061901855469 1068.730972290039 0.9123418898809523 
236 2072.48876953125 730.6086242675781 2337.04638671875 850.5414001464844 0.7533714657738095 2178.447473144531 883.7806732177735 2418.313024902344 1063.6798370361328 0.8973214285714286 
237 2077.371130371094 733.5817291259766 2334.406457519531 856.8177459716796 0.7463495163690477 2183.137658691406 880.6524139404297 2415.525671386719 1067.2670806884767 0.9022972470238095 
238 2076.3484375 728.5073547363281 2343.88056640625 851.7129821777344 0.7071010044642857 2183.30712890625 880.9573547363282 2415.6376953125 1067.5259216308593 0.8913690476190477 
239 2071.9149169921875 735.4977874755859 2342.6456298828125 855.0412139892578 0.7703450520833334 2181.856982421875 878.8417358398438 2413.912060546875 1068.7048950195312 0.8955310639880952 
240 2071.9216430664064 728.450146484375 2342.2470581054686 854.8361083984375 0.7658110119047619 2181.699084472656 884.0020812988281 2413.406628417969 1066.5595642089843 0.8956705729166666 
241 2068.339794921875 722.6520233154297 2345.068408203125 855.7619781494141 0.7115652901785714 2181.3753662109375 887.1532379150391 2412.5665283203125 1065.8008026123048 0.9011811755952381 
242 2081.8284912109375 724.7750762939453 2347.6397705078125 850.685678100586 0.7270275297619048 2183.121875 884.7191802978516 2410.46064453125 1070.0876434326171 0.8983444940476191 
243 2082.6281005859373 715.4397094726562 2341.3909423828127 841.3242065429688 0.7130998883928571 2183.093603515625 886.5135772705078 2410.385400390625 1068.346713256836 0.9087611607142857 
244 2085.4750122070313 715.2282318115234 2340.4378295898437 837.4706817626953 0.7137276785714286 2185.821484375 882.2033630371094 2409.350390625 1070.8060363769532 0.9114350818452381 
245 2081.6465576171877 723.8936553955078 2343.6010009765623 846.1391204833984 0.7381882440476191 2185.4880615234374 883.2158142089844 2409.0226806640626 1068.3304504394532 0.8968796502976191 
246 2078.4667236328123 719.8266540527344 2347.5064208984377 845.6113342285156 0.7323521205357143 2182.34677734375 881.8954071044922 2412.95205078125 1070.572427368164 0.9076915922619048 
247 2081.932092285156 711.4619171142579 2347.531042480469 837.2719085693359 0.7051013764880952 2182.7413330078125 884.7194366455078 2413.3929443359375 1069.939682006836 0.9085053943452381 
248 2083.511682128906 713.2554290771484 2345.968542480469 839.2347442626954 0.72216796875 2187.552111816406 886.7462127685546 2411.515515136719 1072.2157623291016 0.9115048363095238 
249 2079.1839111328127 723.6409698486328 2341.8873779296873 842.7332366943359 0.7710658482142857 2185.612451171875 885.7088256835938 2413.288916015625 1071.3526977539063 0.9118536086309523 
250 2076.0061767578127 721.2949645996093 2342.2516357421873 843.9080383300782 0.7668108258928571 2182.450476074219 886.4857757568359 2413.663537597656 1072.1568634033204 0.90478515625 
251 2075.9367919921874 715.4871795654296 2338.5348876953126 834.5316802978516 0.7794363839285714 2181.918701171875 888.6673156738282 2413.005126953125 1070.7353942871093 0.9108305431547619 
252 2078.5275390625 713.7298065185547 2341.02470703125 836.228384399414 0.7452566964285714 2181.7763671875 883.7470733642579 2412.77392578125 1072.744808959961 0.91064453125 
253 2082.5520629882812 716.1355743408203 2341.6522827148438 835.1815032958984 0.7464657738095238 2182.7445434570313 888.9138122558594 2413.8338256835937 1074.4854797363282 0.9045293898809523 
254 2082.8826171875 716.7356658935547 2342.14375 835.8557037353515 0.7591843377976191 2180.038330078125 886.9264312744141 2414.774658203125 1072.6135467529298 0.9077380952380952 
255 2086.6181396484376 712.7748016357422 2338.8847900390624 835.4044586181641 0.7417922247023809 2182.970080566406 891.8680297851563 2417.718151855469 1074.0606811523437 0.9119466145833334 
256 2078.356103515625 713.1503631591797 2337.675634765625 835.8016021728515 0.7538132440476191 2183.6203491210936 892.2749755859375 2418.4096801757814 1074.4996826171875 0.9115048363095238 
257 2088.898645019531 706.750375366211 2337.860388183594 832.9845489501953 0.7070079985119048 2181.82119140625 894.4832489013672 2420.26328125 1076.821499633789 0.9109002976190477 
258 2086.6668212890627 705.797232055664 2332.0919677734373 821.4976287841797 0.7231910342261905 2178.7688842773437 891.8887908935546 2420.6879028320313 1077.7106353759766 0.9135509672619048 
259 2073.8052612304687 707.8643096923828 2336.6842407226563 820.0258880615235 0.7225167410714286 2178.2827270507814 893.9015289306641 2423.6364624023436 1076.1640838623048 0.9053896949404762 
260 2077.416125488281 709.6683288574219 2340.589001464844 832.4823059082031 0.7563941592261905 2179.716271972656 891.7299285888672 2421.835241699219 1074.1964019775392 0.9133417038690477 
261 2077.9963623046874 708.8377838134766 2337.3254150390626 824.4845428466797 0.7540690104166666 2179.7600830078127 889.45166015625 2421.5670654296873 1075.187255859375 0.9176664806547619 
262 2075.439343261719 708.031591796875 2335.110217285156 830.8489013671875 0.7913876488095238 2180.0365478515623 886.5890625 2422.1621826171877 1076.078662109375 0.9192475818452381 
263 2072.4123413085936 708.5482666015625 2335.4296997070314 820.7691162109375 0.7580450148809523 2179.642578125 891.5815246582031 2425.12548828125 1077.4474060058594 0.9170619419642857 
264 2075.1620361328123 711.2208770751953 2332.0777099609377 827.3608489990235 0.7906901041666666 2179.6608764648436 892.6049865722656 2422.4990356445314 1079.1329284667968 0.9128301711309523 
265 2073.7422485351562 702.8917419433594 2334.5499877929688 812.1490295410156 0.75732421875 2181.5084716796873 894.9730529785156 2424.6941650390627 1078.2433776855469 0.9329659598214286 
266 2069.2072998046874 695.5654693603516 2330.3390869140626 804.9585174560547 0.7303524925595238 2182.12919921875 898.743408203125 2429.145703125 1082.241455078125 0.9224562872023809 
267 2066.722277832031 680.5326965332031 2318.551892089844 804.6739685058594 0.7342819940476191 2184.8611083984374 902.7591674804687 2429.5968994140626 1087.1976196289063 0.921875 
268 2072.131103515625 675.2920349121093 2310.161865234375 799.6364318847657 0.7537899925595238 2189.2333740234376 902.9379577636719 2430.8169189453124 1091.2308654785156 0.9241768973214286 
269 2066.8720947265624 668.2407836914062 2309.2211669921876 803.6712036132812 0.7840634300595238 2190.2397705078124 906.4776458740234 2432.5888427734376 1091.8034210205078 0.9162946428571429 
270 2072.627062988281 654.4611663818359 2313.906872558594 805.7111358642578 0.7938523065476191 2191.743518066406 913.4698669433594 2433.023327636719 1100.731915283203 0.9156668526785714 
271 2079.134973144531 652.0438873291016 2313.255895996094 788.9146697998046 0.7854585193452381 2191.900915527344 915.3954193115235 2433.225793457031 1099.0904815673828 0.90869140625 
272 2075.483996582031 647.1973419189453 2324.241345214844 780.5889739990234 0.7660202752976191 2189.1856201171877 912.7326782226562 2437.9432861328123 1100.2021362304688 0.9300595238095238 
273 2088.0050048828125 654.8103485107422 2333.5291748046875 773.9618072509766 0.7796921502976191 2190.7696533203125 917.1379638671875 2436.2938232421875 1097.6703857421876 0.9197823660714286 
274 2089.0396118164062 641.3575836181641 2353.8717651367188 773.7735809326172 0.7668805803571429 2190.21005859375 913.6225646972656 2437.1478515625 1096.1419616699218 0.916015625 
275 2086.160107421875 631.6003021240234 2358.153369140625 764.0180450439453 0.7253534226190477 2190.9105834960938 915.7065399169921 2437.8518676757812 1091.070620727539 0.9172479538690477 
276 2096.631066894531 638.0292358398438 2347.230505371094 770.4889526367188 0.7502790178571429 2193.8414794921873 919.4716156005859 2437.2810791015627 1094.8912384033204 0.9192475818452381 
277 2097.139501953125 637.3589965820313 2364.929345703125 753.1599243164062 0.7605096726190477 2191.50615234375 916.5617034912109 2437.583203125 1097.5006134033204 0.9273390997023809 
278 2101.7292602539064 652.1363006591797 2362.0698120117186 746.1481842041015 0.7619280133928571 2189.621960449219 917.9006317138671 2435.499377441406 1095.076968383789 0.9052269345238095 
279 2113.9828979492186 670.6880310058593 2371.3698852539064 760.0584289550782 0.7524879092261905 2186.30419921875 916.5253601074219 2436.54150390625 1091.6913146972656 0.8920200892857143 
280 2116.4178955078123 657.5308685302734 2377.5230224609377 761.2575225830078 0.7366303943452381 2186.4404418945314 916.1598052978516 2436.8151733398436 1091.4221649169922 0.8869280133928571 
281 2118.435583496094 663.3959014892578 2382.935754394531 767.051303100586 0.7636951264880952 2189.2347778320313 915.9356628417969 2435.8631225585937 1094.6518615722657 0.8822544642857143 
282 2112.58310546875 665.8729064941406 2370.324609375 766.1057312011719 0.7795293898809523 2187.7578369140624 915.6287719726563 2438.3398193359376 1094.6158569335937 0.8978097098214286 
283 2115.191259765625 671.3043914794922 2365.264794921875 771.333853149414 0.7882254464285714 2187.0528930664063 917.8056762695312 2433.5542846679687 1096.4296752929688 0.8989722842261905 
284 2108.50263671875 671.6840393066407 2358.80595703125 771.8054626464843 0.7857840401785714 2189.094873046875 915.2486450195313 2432.246923828125 1097.6126831054687 0.8898809523809523 
285 2104.1865356445314 668.3552551269531 2350.6511108398436 771.9418640136719 0.7910621279761905 2186.6159790039064 915.2320037841797 2433.0805541992186 1093.8295806884767 0.9045991443452381 
286 2092.2932983398437 669.1263763427735 2337.2909301757813 773.6106231689453 0.7962472098214286 2186.5233154296875 914.9552734375 2431.5206298828125 1098.70341796875 0.9121326264880952 
287 2077.238732910156 664.5775939941407 2329.571081542969 776.3247497558593 0.7922479538690477 2188.9859008789062 913.7210662841796 2434.1085815429688 1101.1679107666016 0.9150855654761905 
288 2077.5490112304688 666.7371032714843 2316.3843383789062 771.6798889160157 0.7856212797619048 2188.0591552734377 914.0624877929688 2434.1317626953123 1094.9983032226562 0.9088541666666666 
289 2066.8545532226562 674.3712097167969 2298.9010620117188 772.2658752441406 0.7953636532738095 2188.316271972656 915.7610534667969 2431.240124511719 1097.0474182128905 0.9085053943452381 
290 2040.9817016601562 668.5393890380859 2280.9907104492186 776.0060821533203 0.7950381324404762 2189.368408203125 913.370492553711 2432.959716796875 1096.0638946533204 0.91259765625 
291 2033.8292846679688 673.4859924316406 2269.0464477539062 771.1914978027344 0.7881324404761905 2182.4752685546873 911.2081481933594 2432.1673095703127 1095.762921142578 0.9119698660714286 
292 2025.160107421875 673.4022369384766 2262.088916015625 777.5073699951172 0.7917596726190477 2181.317590332031 912.8164459228516 2429.016149902344 1095.8978485107423 0.9065755208333334 
293 2014.873065185547 673.4527099609375 2247.619244384766 777.2933837890625 0.7629278273809523 2181.651513671875 909.5042694091796 2425.139990234375 1092.1205474853516 0.9193173363095238 
294 2013.8104370117187 674.0761657714844 2240.232287597656 789.0841125488281 0.7966657366071429 2174.8492919921873 907.5478363037109 2419.2410400390627 1083.6536407470703 0.9197126116071429 
295 2011.7606262207032 677.6466888427734 2231.0996032714843 789.1139923095703 0.8025018601190477 2166.5149780273437 898.9217468261719 2411.0238403320313 1082.3034729003907 0.9205031622023809 
296 2000.197216796875 676.7063751220703 2230.867236328125 797.3646087646484 0.8081984747023809 2157.2986328125 886.9027740478516 2398.61494140625 1078.5363739013671 0.9264322916666666 
297 1992.3394409179687 676.9905700683594 2224.4767211914063 796.5764465332031 0.7961309523809523 2139.522009277344 879.501919555664 2385.728234863281 1072.9496795654297 0.9012276785714286 
298 1985.5397338867188 688.9554931640625 2219.7539672851562 797.3233154296875 0.8039667038690477 2126.8479736328127 878.6663299560547 2371.5494873046873 1067.4360260009767 0.8996930803571429 
299 1987.8197875976562 690.9544036865234 2220.556921386719 803.9003936767579 0.8066173735119048 2108.5325317382812 868.7982788085938 2344.6923217773438 1060.4641723632812 0.9013206845238095 
