0 1828.8055725097656 542.2431182861328 2032.6423034667969 663.1631927490234 0.5853794642857143 2044.0698364257812 690.1376159667968 2178.8093139648436 842.1514465332032 0.8045944940476191 
1 1819.9032165527344 524.1847351074218 2030.934063720703 645.2680236816407 0.6483212425595238 2051.1589965820312 694.3666442871094 2172.2421264648438 839.6665588378906 0.8038271949404762 
2 1821.5531066894532 530.2727508544922 2036.1218200683593 654.8609771728516 0.5905877976190477 2050.2311157226563 698.6532165527344 2174.8194213867187 840.5453918457031 0.8175688244047619 
3 1825.7109375 530.0557067871093 2043.31494140625 657.8548156738282 0.5847051711309523 2048.6289672851562 698.9046905517578 2176.4279174804688 837.065951538086 0.8199172247023809 
4 1817.4387329101562 525.2844146728515 2031.2795288085938 646.0010467529297 0.6558314732142857 2041.4939331054688 689.2467529296875 2176.006799316406 837.555615234375 0.7826915922619048 
5 1819.1190185546875 519.3856872558594 2028.6741943359375 643.0575500488281 0.6975911458333334 2051.003869628906 696.7015380859375 2174.675573730469 840.9853515625 0.8027576264880952 
6 1824.6495666503906 517.3052856445313 2027.4294128417969 634.1615112304687 0.7015671502976191 2046.729296875 693.5149475097656 2180.77021484375 841.3037780761719 0.7940848214285714 
7 1819.1525146484375 518.8206756591796 2032.6597412109375 642.7925445556641 0.6868024553571429 2061.1361328125 702.2619842529297 2174.776953125 843.4521881103516 0.7965727306547619 
8 1825.9946411132812 517.969482421875 2032.3102905273438 648.635986328125 0.6875465029761905 2057.7029296875 701.5374725341796 2181.4923828125 845.9583160400391 0.8195219494047619 
9 1824.5150085449218 517.6748443603516 2041.6630920410157 655.5466522216797 0.6501116071428571 2065.260461425781 705.1274200439453 2172.110876464844 849.8927825927734 0.7917596726190477 
10 1812.7711303710937 519.8851745605468 2044.0489379882813 654.5096008300782 0.6660621279761905 2062.6362426757814 707.6158050537109 2176.5490600585936 849.1440216064453 0.8015950520833334 
11 1828.8130859375 516.8605499267578 2042.466943359375 661.5938568115234 0.6695731026785714 2059.962158203125 705.0668487548828 2177.127197265625 849.8001556396484 0.8131045386904762 
12 1825.5096008300782 518.4124755859375 2049.5198181152346 659.7113037109375 0.6761765252976191 2063.5701171875 703.5854431152344 2177.29853515625 848.3305725097656 0.8128952752976191 
13 1827.5670959472657 516.0484741210937 2050.894940185547 653.4809448242188 0.6590401785714286 2061.4666381835937 699.0715850830078 2181.7201293945313 853.6831146240235 0.8127557663690477 
14 1828.0119506835938 515.7120697021485 2054.0637329101564 645.8630645751953 0.6573660714285714 2054.7223999023436 696.9749542236328 2188.2983520507814 854.5260833740234 0.8165922619047619 
15 1835.5987182617187 509.4525207519531 2053.9964965820313 639.1260925292969 0.6309988839285714 2052.4215698242188 698.3192138671875 2188.9199829101562 851.880126953125 0.8181268601190477 
16 1834.9674926757812 507.6336730957031 2059.509802246094 643.7199645996094 0.5925874255952381 2051.920275878906 698.9395355224609 2188.006726074219 855.4386993408203 0.82861328125 
17 1833.5437561035155 520.4375213623047 2044.298162841797 666.6058746337891 0.5421433221726191 2048.74345703125 702.2981323242187 2184.7140625 858.6643920898438 0.8365420386904762 
18 1830.806170654297 518.0320892333984 2050.190533447266 669.9136505126953 0.5811011904761905 2047.4643188476562 701.9774993896484 2189.220495605469 857.2341094970703 0.8410993303571429 
19 1837.3439392089845 525.5315155029297 2056.113214111328 673.6216217041016 0.5351446242559523 2048.993688964844 701.1943237304688 2183.620812988281 852.6500366210937 0.8409598214285714 
20 1831.0102416992188 518.3685272216796 2038.4411743164062 642.1579010009766 0.6486700148809523 2044.231689453125 697.2325775146485 2188.094970703125 854.4785430908203 0.8296828497023809 
21 1832.5963989257812 524.4608154296875 2049.366003417969 661.1925048828125 0.5565243675595238 2052.9574584960938 702.494140625 2183.0193481445312 852.5654296875 0.8248232886904762 
22 1846.5456176757812 529.9126373291016 2050.454870605469 670.3092254638672 0.5062430245535714 2055.983349609375 703.6084259033203 2183.008837890625 854.0333587646485 0.8161969866071429 
23 1840.4292541503905 534.4061431884766 2050.533026123047 681.1453094482422 0.46608770461309523 2058.2292358398436 702.9509857177734 2181.6235473632814 856.3601104736329 0.8160342261904762 
24 1820.1199096679688 526.3432861328125 2057.261682128906 659.9443115234375 0.6164899553571429 2056.7477416992188 701.6946166992187 2180.3286743164062 851.9956909179688 0.7998511904761905 
25 1868.279718017578 627.9036437988282 2098.8451599121095 711.4418151855468 0.41831752232142855 2058.3612548828123 702.8309783935547 2178.6563232421877 849.8581695556641 0.8031761532738095 
26 1825.6590515136718 539.6178894042969 2046.3110412597657 673.3463439941406 0.542724609375 2055.054931640625 704.8496856689453 2182.096923828125 855.2942962646484 0.8177083333333334 
27 1881.8517700195312 654.1444396972656 2076.014196777344 741.1827087402344 0.4334077380952381 2060.3058837890626 703.4575073242188 2180.8205810546874 854.1007202148437 0.8047572544642857 
28 1852.9580322265624 564.8819519042969 2070.2402099609376 701.9368957519531 0.44936988467261907 2058.797412109375 704.7654541015625 2185.824169921875 855.1915771484375 0.8177083333333334 
29 1835.4632629394532 551.2112396240234 2059.6518493652343 691.7473175048829 0.4365350632440476 2062.4830688476563 707.0621856689453 2192.9810424804687 857.636605834961 0.8131975446428571 
30 1848.5349670410155 542.4817138671875 2062.358465576172 682.8033203125 0.5171828497023809 2070.068322753906 708.3747711181641 2190.344030761719 858.7194061279297 0.80126953125 
31 1839.7768798828124 541.8228149414062 2064.1430419921876 689.1677856445312 0.49311755952380953 2067.362890625 708.4875274658203 2194.615625 862.5299896240234 0.8049897693452381 
32 1852.1646545410156 540.5177978515625 2059.3205749511717 690.8728271484375 0.4477422805059524 2066.6456298828125 710.149136352539 2196.9534912109375 860.5042449951172 0.8051990327380952 
33 1835.5761413574219 533.4121337890625 2065.7096252441406 693.5051025390625 0.4818522135416667 2067.3771850585936 717.4933776855469 2200.7880981445314 860.9099426269531 0.8061290922619048 
34 1830.4829833984375 521.9465209960938 2047.8197509765625 669.0667846679687 0.5263206845238095 2062.3517333984373 717.420947265625 2209.4719970703127 864.5412109375 0.8154296875 
35 1820.6223205566407 529.6658935546875 2037.7396179199218 648.4019775390625 0.5901925223214286 2072.7082275390626 718.8607727050781 2208.4065185546874 871.5214294433594 0.8224516369047619 
36 1874.2624755859374 544.36171875 2078.0876220703126 691.3832763671875 0.4695405505952381 2075.5174194335937 721.3273071289062 2205.8319458007813 871.6902709960938 0.8134533110119048 
37 1836.7861389160157 519.2735595703125 2049.593377685547 658.9283447265625 0.5771251860119048 2082.0771606445314 725.6864044189454 2208.4313842773436 871.9913909912109 0.8118954613095238 
38 1834.2127624511718 520.0328155517578 2055.0742248535157 667.2737640380859 0.5554082961309523 2082.231311035156 725.9642028808594 2206.047741699219 873.2052307128906 0.8105003720238095 
39 1836.71904296875 526.130712890625 2049.7248046875 671.51552734375 0.5646158854166666 2084.7056396484377 731.594091796875 2199.6610595703123 876.97890625 0.8164992559523809 
40 1842.1676696777345 517.307974243164 2051.643975830078 665.9685760498047 0.6070498511904762 2076.8540161132814 733.41162109375 2211.9997436523436 878.693603515625 0.8285667782738095 
41 1833.801202392578 528.0220458984375 2064.2396911621095 670.3517333984375 0.6213960193452381 2083.5298828125 736.9546936035156 2205.5267578125 875.8955261230469 0.8058733258928571 
42 1824.3518127441407 525.8967132568359 2037.6795593261718 664.7290802001953 0.6343238467261905 2081.1788330078125 736.4895233154297 2213.2386474609375 878.7080474853516 0.8191731770833334 
43 1832.4959533691406 519.9301971435547 2054.8799011230467 663.6245513916016 0.5767764136904762 2089.4876708984375 739.156201171875 2205.8116455078125 876.007861328125 0.8134533110119048 
44 1828.3511962890625 526.0548553466797 2056.5557861328125 669.1084136962891 0.6112351190476191 2087.209912109375 739.0631530761718 2206.421435546875 875.3046447753907 0.8022228422619048 
45 1834.9842041015625 537.6888153076172 2069.3644287109373 690.545376586914 0.4911993117559524 2085.6950805664064 734.8345977783204 2207.9804565429686 877.5007904052734 0.8107561383928571 
46 1826.3277770996094 523.2786712646484 2045.023419189453 663.3805694580078 0.6509486607142857 2084.0575439453123 733.1686920166015 2210.4907958984377 876.6876922607422 0.8089890252976191 
47 1824.2964233398438 528.3678771972657 2055.871301269531 671.3994567871093 0.5694056919642857 2085.735144042969 725.8876525878907 2208.333459472656 882.5413024902343 0.8116164434523809 
48 1827.5660339355468 537.9419738769532 2035.7607482910157 653.9849060058593 0.5655110677083334 2089.450244140625 731.3031311035156 2212.319287109375 878.0633239746094 0.8404947916666666 
49 1847.480889892578 535.5268127441407 2051.8209899902345 675.1592224121093 0.5757300967261905 2087.449328613281 727.816064453125 2210.053356933594 881.0710205078125 0.8293805803571429 
50 1854.811572265625 539.2628967285157 2063.08515625 675.8357360839843 0.5560360863095238 2090.531042480469 727.1818969726562 2213.446740722656 873.9977905273438 0.8235444568452381 
51 1861.5490112304688 556.0662628173828 2076.5806274414062 696.0074066162109 0.5579659598214286 2088.264050292969 719.5059234619141 2204.312854003906 876.5130584716796 0.7993861607142857 
52 1874.6746765136718 556.5698974609375 2064.6452697753907 692.2631103515625 0.5710100446428571 2086.8259155273436 719.0103057861328 2202.1650512695314 871.665170288086 0.7989443824404762 
53 1901.0171630859375 597.6354187011718 2066.7316162109373 749.8222229003907 0.5253789992559523 2088.9743774414064 719.9051330566406 2203.9599487304686 872.0919372558594 0.8058500744047619 
54 1896.0659423828124 651.0545166015625 2075.0527099609376 776.0074951171875 0.4542643229166667 2088.6911010742188 718.0770751953125 2196.7583618164062 870.0469482421875 0.8011300223214286 
55 1887.1739379882813 583.6860992431641 2076.218884277344 701.8392303466796 0.5471423921130952 2091.28037109375 720.016650390625 2199.3060546875 871.9278076171875 0.7988048735119048 
56 1905.1962646484376 656.6603790283203 2079.5010009765624 767.2769378662109 0.48442150297619047 2088.6546020507812 724.60322265625 2192.5673217773438 872.0919677734375 0.810546875 
57 1896.2071594238282 666.3818664550781 2086.7722106933593 783.3953552246094 0.43075706845238093 2081.7572265625 724.6314758300781 2202.1138671875 871.7341247558594 0.8114769345238095 
58 1903.4083129882813 665.171923828125 2078.190075683594 789.53583984375 0.44119698660714285 2080.646203613281 724.5098022460937 2198.287634277344 872.4019409179688 0.7980143229166666 
59 1913.0305786132812 683.6589935302734 2118.1376342773438 818.1552764892579 0.3987630208333333 2086.841259765625 726.465054321289 2197.800830078125 871.0485565185547 0.8091517857142857 
60 1918.1394348144531 693.5787750244141 2115.9712829589844 820.9959930419922 0.38058035714285715 2075.8634521484373 724.401400756836 2203.2805908203127 875.2901885986328 0.8138020833333334 
61 1917.2559753417968 690.7238800048829 2124.8476623535157 824.6541107177734 0.3494349888392857 2073.7223510742188 724.8502960205078 2197.6079711914062 875.5218353271484 0.7993861607142857 
62 1913.445782470703 689.7779113769532 2101.853900146484 807.5331237792968 0.36293247767857145 2079.079345703125 728.0807250976562 2200.198974609375 872.7514282226563 0.7888997395833334 
63 1912.8009094238282 689.3427825927735 2117.1784606933593 823.3607696533203 0.35305059523809523 2073.7514892578124 726.0688873291016 2201.0683349609376 876.8391326904297 0.7973865327380952 
64 1925.57451171875 688.0780059814454 2114.02119140625 822.6826751708984 0.3771158854166667 2074.933972167969 724.9648315429688 2202.808459472656 876.3951538085937 0.8101515997023809 
65 1912.8323791503906 690.0563934326171 2115.9194519042967 825.4476959228516 0.32221912202380953 2083.2431762695314 730.1530578613281 2208.4802124023436 879.0835144042969 0.8178245907738095 
66 1927.3681091308595 699.8946380615234 2107.308770751953 828.9087677001953 0.31449962797619047 2069.309680175781 725.4885314941406 2218.694470214844 881.6635681152344 0.8197777157738095 
67 1926.36708984375 696.3915161132812 2083.76865234375 833.2625366210938 0.3899739583333333 2079.9522094726562 726.3978729248047 2206.5578002929688 876.9559478759766 0.7795061383928571 
68 1929.6548645019532 718.5636108398437 2150.1643493652346 840.6918823242188 0.29621814546130953 2079.9667236328123 727.6971588134766 2219.0572021484377 883.7499237060547 0.8014090401785714 
69 1919.9745056152344 698.0741760253907 2130.7419250488283 837.4526794433593 0.3094075520833333 2079.09599609375 730.4999328613281 2225.2736328125 883.4763854980469 0.8147321428571429 
70 1925.2168334960938 678.47177734375 2129.744348144531 825.049951171875 0.33980887276785715 2082.5456665039064 733.1435821533203 2218.8974487304686 883.1305267333985 0.7935732886904762 
71 1917.7959045410157 683.2738250732422 2135.900262451172 826.4048248291016 0.3151157924107143 2087.927868652344 737.9310302734375 2217.427355957031 884.4698486328125 0.7952241443452381 
72 1924.182354736328 687.6060546875 2091.655902099609 817.483544921875 0.3718145461309524 2082.4541015625 738.2161987304687 2222.5849609375 885.1828491210938 0.8001767113095238 
73 1923.1612060546875 698.7862426757813 2134.7279541015623 831.8686645507812 0.3568754650297619 2080.261267089844 738.8159881591797 2226.993371582031 888.9601959228515 0.8056640625 
74 1920.749072265625 696.8104827880859 2128.441845703125 829.5976593017579 0.36904761904761907 2089.155725097656 739.7633361816406 2221.942663574219 886.1696472167969 0.8104538690476191 
75 1922.5592895507812 691.7932708740234 2133.555700683594 831.3232452392579 0.3674897693452381 2088.660119628906 736.9506927490235 2221.383581542969 893.4965118408203 0.8183128720238095 
76 1909.3814086914062 679.5292236328125 2109.7594604492188 822.1712158203125 0.3542596726190476 2092.6476196289063 741.8371185302734 2221.7046752929687 887.8753448486328 0.8063616071428571 
77 1914.0929077148437 685.5557067871093 2121.389270019531 821.4877502441407 0.3527018229166667 2102.4372802734374 741.8890777587891 2217.9792236328126 888.0160125732422 0.7944103422619048 
78 1938.2089782714843 691.1311889648438 2146.178350830078 827.5045532226562 0.3735467819940476 2100.1523559570314 738.9929962158203 2222.8884155273436 892.4130706787109 0.8027576264880952 
79 1921.5955993652344 706.2407684326172 2139.8151672363283 825.5794830322266 0.35739862351190477 2103.8823486328124 739.4195434570313 2219.8114990234376 889.4454467773437 0.7878766741071429 
80 1924.3295166015625 687.8879150390625 2108.1328857421877 827.4424072265625 0.39169456845238093 2096.3505126953123 744.3119293212891 2218.8863037109377 894.0776580810547 0.7909226190476191 
81 1919.9806884765626 674.2835876464844 2127.1535888671874 806.7383850097656 0.4110630580357143 2097.3709350585937 739.8578582763672 2216.2406372070313 892.690298461914 0.7915271577380952 
82 1910.4277893066405 694.9925048828125 2131.449530029297 827.605517578125 0.3444940476190476 2099.2771606445312 741.9433013916016 2225.0892944335938 898.3585174560546 0.8243582589285714 
83 1889.8366271972657 642.8343566894531 2101.259442138672 751.9558044433594 0.44162713913690477 2101.6529052734377 742.2503112792969 2227.8246337890623 899.1124816894531 0.8238699776785714 
84 1881.3238159179687 668.0503509521484 2124.4742797851563 808.4610626220704 0.3627813430059524 2099.8431396484375 748.5296234130859 2229.9796142578125 899.2143341064453 0.8287992931547619 
85 1920.1786865234376 721.6398529052734 2142.7510009765624 831.2139678955078 0.3583868117559524 2102.055810546875 751.5357147216797 2232.175146484375 898.7758697509765 0.8248930431547619 
86 1930.3697143554687 652.3431396484375 2108.6153930664063 806.5943603515625 0.46579706101190477 2108.0880859375 747.2669677734375 2231.4890625 901.5181884765625 0.8260788690476191 
87 1929.3895080566406 681.9810028076172 2118.0356628417967 805.4583892822266 0.3976236979166667 2108.4054321289063 756.120230102539 2231.8828979492187 900.1771942138672 0.8166852678571429 
88 1913.5918823242187 657.5115051269531 2105.9039672851563 791.4430847167969 0.4605073474702381 2112.1118408203124 753.6674835205079 2232.3066162109376 901.3356292724609 0.8241257440476191 
89 1924.267755126953 668.8169464111328 2147.4318298339845 806.148568725586 0.3828008742559524 2116.5320556640627 751.7441223144531 2229.8307373046873 902.8089782714844 0.8091982886904762 
90 1917.1302001953125 665.0945770263672 2119.6007568359373 802.3628814697265 0.4027622767857143 2114.0572021484377 756.2987701416016 2234.1669189453123 903.8621795654296 0.8124302455357143 
91 1924.5356750488281 663.8273773193359 2128.2962341308594 833.0523223876953 0.38559105282738093 2117.802685546875 759.5975799560547 2235.224169921875 904.6474761962891 0.8192894345238095 
92 1914.3497436523437 668.7736907958985 2132.049914550781 817.3627227783203 0.4022856212797619 2117.297326660156 759.1498504638672 2234.786413574219 907.738882446289 0.8143368675595238 
93 1926.6994567871093 663.19462890625 2120.443731689453 829.2610595703125 0.39175269717261907 2115.2541015625 752.2157684326172 2243.2634765625 907.9030670166015 0.8183128720238095 
94 1928.9242553710938 671.2669647216796 2153.7883911132812 823.4827301025391 0.4000883556547619 2118.794787597656 760.2812377929688 2243.334851074219 902.1186645507812 0.8119187127976191 
95 1897.1953735351562 677.7295379638672 2128.7848510742188 798.7091217041016 0.37158203125 2120.010534667969 756.5656982421875 2240.990197753906 908.6542724609375 0.8270321800595238 
96 1892.14482421875 686.8765502929688 2161.301953125 821.4551147460937 0.33993675595238093 2118.5660766601563 756.5548126220704 2242.7925659179687 908.3870208740234 0.8180106026785714 
97 1896.8428588867187 719.2471160888672 2178.8663696289063 832.7444000244141 0.26365443638392855 2119.207629394531 760.2542663574219 2239.583630371094 908.1446594238281 0.8210100446428571 
98 1891.3985473632813 668.1247833251953 2163.388317871094 826.498568725586 0.2611490885416667 2124.5894775390625 765.8504333496094 2234.7625732421875 903.5668029785156 0.8202427455357143 
99 1923.956201171875 683.6180908203125 2113.508642578125 824.9207275390625 0.39743768601190477 2117.485144042969 759.7041107177735 2238.109338378906 907.8995880126953 0.8125697544642857 
100 1890.8060180664063 673.7430236816406 2120.964733886719 824.8919860839844 0.3022344680059524 2114.887097167969 764.77587890625 2235.119006347656 905.6192626953125 0.8111979166666666 
101 1854.5377502441406 604.5613647460938 2081.400604248047 711.1182006835937 0.5539318266369048 2108.8994018554686 761.4881530761719 2239.5173461914064 905.8555969238281 0.8140113467261905 
102 1847.9028625488281 598.8094512939454 2081.9925231933594 708.9692962646484 0.5741954985119048 2109.135217285156 762.0631591796875 2236.507604980469 903.205517578125 0.8114071800595238 
103 1878.7223876953126 631.4358947753906 2102.8943115234374 721.1046325683594 0.39733305431547616 2113.505993652344 763.4187866210938 2234.213977050781 904.8194946289062 0.8076636904761905 
104 1879.3967590332031 669.65234375 2124.2393493652344 800.6949462890625 0.28966703869047616 2113.8939575195313 767.0058227539063 2234.5911499023437 904.9454711914062 0.8045944940476191 
105 1873.6049438476562 646.6542297363281 2108.785925292969 778.0788024902344 0.31881277901785715 2115.569934082031 768.634310913086 2236.618786621094 903.5174835205078 0.8163364955357143 
106 1880.5602233886718 651.6353363037109 2102.1269104003904 786.6524444580078 0.29586356026785715 2118.504504394531 768.4104949951172 2239.673962402344 906.889614868164 0.8262416294642857 
107 1878.2642395019532 645.8380004882813 2110.1042907714846 787.7103393554687 0.2915562220982143 2119.952685546875 768.6786865234375 2241.063427734375 907.0906005859375 0.8207077752976191 
108 1885.7664306640625 636.5054595947265 2104.5314208984373 747.6241180419922 0.32045200892857145 2121.7600952148437 769.1266693115234 2239.8236450195313 911.4975372314453 0.8187546502976191 
109 1883.906561279297 667.5431915283203 2131.8401428222655 821.1920989990234 0.2709147135416667 2121.3638916015625 771.6322814941407 2243.5848388671875 907.8210876464843 0.8232886904761905 
110 1876.1813171386718 669.0414459228516 2168.4799377441404 797.7919891357421 0.25132533482142855 2126.455126953125 772.6307708740235 2244.766552734375 908.3407257080078 0.8275902157738095 
111 1878.794989013672 661.0194213867187 2129.5659729003905 828.2001831054688 0.28805687313988093 2124.0737182617186 777.5637054443359 2245.9763305664064 909.9151153564453 0.8257300967261905 
112 1877.4839599609375 635.1458343505859 2128.7679931640623 795.6884552001953 0.29281180245535715 2123.2644165039064 777.9696533203125 2245.4164916992186 910.5918701171875 0.8256603422619048 
113 1889.3078735351562 673.3978088378906 2182.6943237304686 834.0619079589844 0.24187360491071427 2123.587353515625 778.3130706787109 2249.324267578125 914.5282989501953 0.8321010044642857 
114 2078.8588623046876 752.444692993164 2187.4526611328124 783.9719940185547 0.23392159598214285 2129.24873046875 780.7383728027344 2244.8484375 917.3565979003906 0.8208472842261905 
115 1931.111260986328 720.8881683349609 2186.1342224121095 843.1595001220703 0.2842901320684524 2126.4764770507813 777.5897979736328 2248.7478881835937 920.8218841552734 0.8310779389880952 
116 1877.034405517578 656.8789123535156 2142.630023193359 737.2565856933594 0.29527064732142855 2130.1298095703123 781.7465087890625 2252.4434326171877 921.533642578125 0.8326822916666666 
117 1857.7504943847657 623.4221405029297 2106.025262451172 717.8364654541016 0.3602818080357143 2127.0062866210938 782.2588104248047 2256.3889770507812 922.1318756103516 0.8423084077380952 
118 1884.897998046875 664.3081695556641 2140.953564453125 787.0744598388671 0.29114350818452384 2126.11357421875 783.7017700195313 2255.89521484375 924.0062377929687 0.8209402901785714 
119 1890.0687927246095 696.87109375 2177.557794189453 826.591796875 0.26047479538690477 2126.721435546875 784.6550476074219 2256.442138671875 924.8936584472656 0.8348214285714286 
120 1894.4581970214845 749.5633270263672 2200.145928955078 826.863735961914 0.27157738095238093 2125.1428100585936 785.9161682128906 2258.6616333007814 922.9485778808594 0.8266834077380952 
121 2082.7540283203125 760.2127227783203 2198.5638427734375 816.3628997802734 0.26281156994047616 2130.130822753906 788.6927429199219 2256.468542480469 925.5588439941406 0.8233584449404762 
122 1882.3035095214843 668.0779754638672 2181.270343017578 822.8372467041015 0.2716064453125 2128.646765136719 785.2296722412109 2262.302697753906 932.9544708251954 0.8494931175595238 
123 1896.8718994140625 758.7286590576172 2200.2511474609373 822.2267242431641 0.26839773995535715 2134.718017578125 791.291748046875 2258.186279296875 925.3431396484375 0.8187779017857143 
124 1889.7364013671875 688.3603485107421 2189.7450439453123 776.5980865478516 0.33322870163690477 2129.2002563476562 791.2591613769531 2259.7921752929688 928.9101501464844 0.8242420014880952 
125 1873.2376220703125 668.4954772949219 2151.9689208984373 791.9838928222656 0.2825404575892857 2129.171008300781 792.1196136474609 2259.715954589844 926.1928253173828 0.8238932291666666 
126 1893.957781982422 756.9303161621094 2222.966168212891 824.1470764160156 0.2762567429315476 2135.7477294921873 792.7158050537109 2256.0301025390627 927.1492462158203 0.8168247767857143 
127 1955.5686584472655 759.6067169189453 2199.441961669922 823.225863647461 0.2513543991815476 2132.152380371094 795.3585388183594 2259.390832519531 926.1312072753906 0.8213355654761905 
128 1861.3932861328126 661.5024658203125 2129.0530029296874 746.0265869140625 0.32033575148809523 2135.0131591796876 793.9777618408203 2261.7993408203124 927.8076995849609 0.8377976190476191 
129 1902.3071411132812 756.4105285644531 2194.1638061523436 837.2864929199219 0.273681640625 2128.8409790039063 790.4920593261719 2262.4619995117187 927.6295227050781 0.8312872023809523 
130 1887.2389587402345 709.7698913574219 2194.037530517578 797.9304260253906 0.3212193080357143 2136.258435058594 790.4706726074219 2259.683215332031 931.5274963378906 0.8338216145833334 
131 1976.8160217285156 761.9797637939453 2223.4734069824217 814.8348724365235 0.3517426990327381 2137.8208740234377 792.4730895996094 2257.6259033203123 933.4200988769531 0.8147321428571429 
132 1986.111572265625 758.7808502197265 2222.238037109375 825.7420379638672 0.3536260695684524 2137.7909423828123 794.0235717773437 2257.6162841796877 931.4703247070313 0.8135928199404762 
133 1949.8530517578124 760.2208831787109 2227.9902099609376 827.1146270751954 0.33385649181547616 2135.6388549804688 791.9073791503906 2258.8643188476562 936.2570495605469 0.8173828125 
134 1901.27578125 747.8090789794921 2232.81259765625 814.8218414306641 0.33906482514880953 2134.1926879882812 793.5242767333984 2257.6371459960938 934.6037139892578 0.8019670758928571 
135 2011.569842529297 770.6481414794922 2227.215435791016 830.7460845947265 0.36572265625 2136.7965087890625 793.8986541748047 2256.9925537109375 935.305630493164 0.7985956101190477 
136 1953.422344970703 757.5736450195312 2225.384661865234 828.2132202148438 0.3653041294642857 2136.269921875 795.6103118896484 2259.8892578125 936.8893829345703 0.8041759672619048 
137 1947.255908203125 759.2146942138672 2226.182080078125 819.236782836914 0.32321893601190477 2139.4080444335937 793.2996337890625 2259.4520629882813 934.5280029296875 0.8157087053571429 
138 1966.1273498535156 750.1968353271484 2220.278778076172 820.7944366455079 0.3752557663690476 2135.5615112304686 789.704312133789 2262.6374633789064 941.4892303466797 0.80859375 
139 1972.549542236328 759.3994445800781 2226.979632568359 823.0069274902344 0.3872767857142857 2137.1407104492187 793.1059936523437 2260.8219360351563 941.5234008789063 0.8098028273809523 
140 1895.419171142578 743.0765411376954 2206.597308349609 810.2627532958984 0.323486328125 2137.371142578125 793.9422241210938 2261.135205078125 938.9230102539062 0.8136160714285714 
141 1900.6899719238281 754.6321868896484 2227.0618591308594 818.4876251220703 0.3223353794642857 2139.6019287109375 788.060757446289 2263.7652587890625 940.6042205810547 0.8095238095238095 
142 1946.4697998046875 767.9202270507812 2233.4784423828123 831.6998901367188 0.34183175223214285 2136.5823608398437 793.9499664306641 2264.1420043945313 939.2259979248047 0.8034086681547619 
143 1936.9358459472655 763.4512329101562 2231.742742919922 838.0409545898438 0.30908203125 2139.256970214844 790.363656616211 2267.125109863281 939.5430206298828 0.8169177827380952 
144 1887.1398071289063 745.6949493408204 2205.4522338867187 816.4310882568359 0.2959565662202381 2141.245703125 791.1293182373047 2261.49697265625 939.6751861572266 0.8164992559523809 
145 1861.52177734375 682.8007568359375 2140.73994140625 792.367333984375 0.2966192336309524 2140.8757202148436 792.9110717773438 2261.0454223632814 937.8217163085938 0.8234979538690477 
146 1936.6910766601563 756.5943389892578 2223.6016479492187 827.4364837646484 0.3519926525297619 2141.588427734375 794.331430053711 2258.477978515625 939.5577911376953 0.8144763764880952 
147 1868.4277709960938 711.4140869140625 2214.114465332031 820.7638916015625 0.2672526041666667 2138.2749145507814 793.7655883789063 2261.7346069335936 941.9170288085937 0.8255673363095238 
148 1890.085137939453 724.0487335205078 2215.0211853027345 815.878451538086 0.297607421875 2139.220666503906 790.4758483886719 2259.305944824219 942.3481262207031 0.8211030505952381 
149 1893.79384765625 754.2652648925781 2232.89072265625 824.9103942871094 0.29306175595238093 2139.150012207031 794.2068969726563 2259.246716308594 942.5617797851562 0.8238002232142857 
150 1943.466015625 754.6180267333984 2219.66142578125 821.8964385986328 0.3412504650297619 2140.8068725585936 791.1172119140625 2264.7407348632814 943.378759765625 0.8082914806547619 
151 1894.3989318847657 750.8247802734375 2216.604852294922 832.2614013671875 0.29148646763392855 2137.891845703125 795.2199951171875 2261.817138671875 940.3896240234375 0.8251488095238095 
152 1874.8391052246093 707.7715667724609 2207.228887939453 796.1730743408203 0.29922340029761907 2140.9956298828124 789.7809661865234 2264.7577880859376 945.3676544189453 0.8169177827380952 
153 1880.3415832519531 744.4953186035157 2212.4073181152344 818.6802185058593 0.2777099609375 2143.5212646484374 789.0605987548828 2267.1628173828126 948.028207397461 0.7993629092261905 
154 1899.3129638671876 724.4237335205078 2212.6567626953124 794.8380462646485 0.33164760044642855 2139.3986938476564 789.2861511230469 2273.1860229492186 954.7598693847656 0.7992699032738095 
155 1938.3745971679687 756.2983184814453 2224.7526000976563 834.0800384521484 0.36658296130952384 2141.6677124023436 791.2456848144532 2268.9467895507814 943.2734802246093 0.8026181175595238 
156 1943.2446411132812 760.5357635498046 2236.5549194335936 834.7467681884766 0.31178501674107145 2138.2866455078124 794.6510925292969 2272.5732177734376 950.1408996582031 0.8055710565476191 
157 1949.314141845703 757.8712615966797 2239.4904235839845 839.2621002197266 0.34579613095238093 2139.180908203125 795.9806457519531 2270.114013671875 948.1461853027344 0.8071754092261905 
158 1902.552734375 756.502084350586 2228.05419921875 830.8013214111328 0.30408296130952384 2139.6026977539063 792.9712829589844 2274.0489135742187 952.1839904785156 0.8055245535714286 
159 1954.5928344726562 763.6886169433594 2238.1251831054688 831.0275695800781 0.32992699032738093 2140.797399902344 793.9502532958984 2275.475305175781 953.4372589111329 0.8126395089285714 
160 1904.141357421875 757.8349548339844 2237.964599609375 850.1690734863281 0.29934547061011907 2143.3086181640624 794.9871856689454 2274.7070068359376 944.1422698974609 0.81787109375 
161 1899.6466491699218 763.4281646728516 2243.8500549316404 862.7858856201171 0.25697544642857145 2141.7627685546877 792.7714141845703 2280.1537353515623 945.3564544677735 0.8266369047619048 
162 1949.1129150390625 761.6966247558594 2243.4188232421875 839.7053527832031 0.29042271205357145 2144.4076904296876 793.609243774414 2282.6958251953124 949.6267791748047 0.8287062872023809 
163 1948.7639404296874 764.6160430908203 2238.6760009765626 838.8618011474609 0.3147553943452381 2142.265270996094 790.1804962158203 2287.221301269531 949.2785491943359 0.8203590029761905 
164 1895.0523010253905 761.9227508544922 2245.934393310547 839.8966461181641 0.27951195126488093 2143.150915527344 791.0947784423828 2281.377160644531 947.0424896240235 0.8274274553571429 
165 1903.0367614746094 763.6832305908204 2243.7787902832033 841.7699554443359 0.2907831101190476 2140.163708496094 793.3070892333984 2271.491320800781 945.9310089111328 0.8241257440476191 
166 1905.4239013671875 758.1257385253906 2234.5936767578123 839.5333190917969 0.31595284598214285 2139.8451293945313 792.7035064697266 2277.8841186523437 951.9792938232422 0.8197312127976191 
167 2152.1481323242188 787.3219207763672 2219.2476196289062 900.3317047119141 0.24159458705357142 2135.03349609375 792.4834381103516 2279.82734375 954.9349578857422 0.8306594122023809 
168 2129.10751953125 767.4110321044922 2213.88173828125 830.9916168212891 0.2473202659970238 2139.7043212890626 794.8539245605468 2273.9299560546874 950.2732727050782 0.8239862351190477 
169 2152.85625 772.2502593994141 2216.61591796875 832.4676971435547 0.26720610119047616 2139.2324829101562 795.8195709228515 2273.8361206054688 958.7608123779297 0.8254278273809523 
170 2153.0762451171877 780.6983917236328 2220.4242431640623 844.5016204833985 0.2620035807291667 2139.8522338867188 802.7841186523438 2274.5479125976562 958.7476196289062 0.8245675223214286 
171 1869.9426330566407 757.6316955566406 2245.722772216797 828.5335876464844 0.26696196056547616 2139.6427001953125 795.2642486572265 2281.4461669921875 965.4288055419922 0.8308454241071429 
172 1896.2047607421875 761.3566955566406 2237.0808837890627 821.7202087402344 0.30226934523809523 2139.980334472656 801.7811584472656 2285.562878417969 961.5667419433594 0.8172200520833334 
173 1897.3958251953125 757.8970581054688 2224.6866943359373 818.3746704101562 0.3027750651041667 2139.9905395507812 800.3134887695312 2285.8485717773438 967.5164672851563 0.8160109747023809 
174 1851.701678466797 722.0176788330078 2209.179302978516 822.1114105224609 0.26572381882440477 2140.846142578125 799.8378356933594 2280.262255859375 964.2775207519531 0.8338448660714286 
175 1879.313055419922 757.7385070800781 2236.0073791503905 871.8806335449219 0.24814569382440477 2139.97421875 801.7765197753906 2282.6517578125 962.2889099121094 0.8256138392857143 
176 1896.544140625 763.3969543457031 2249.209765625 827.5179626464844 0.283203125 2139.601281738281 800.8008605957032 2285.654821777344 968.2280700683593 0.8252418154761905 
177 1892.2600219726562 756.6388000488281 2249.0595581054686 842.2707458496094 0.28641183035714285 2141.608190917969 802.0621673583985 2287.895959472656 969.7579620361328 0.8266834077380952 
178 1898.2064575195313 767.4311157226563 2256.7439819335937 896.5046752929687 0.27615792410714285 2140.49521484375 807.8355865478516 2287.4955078125 969.1775360107422 0.8375418526785714 
179 1869.17001953125 686.8265533447266 2227.65517578125 823.0508270263672 0.31455775669642855 2144.100390625 808.8493103027344 2294.6642578125 962.9978576660156 0.82958984375 
180 2169.375341796875 798.7911560058594 2244.393212890625 880.9534729003906 0.302001953125 2146.1555908203127 816.5151519775391 2303.3356201171873 959.4060516357422 0.81494140625 
181 1875.9708435058594 756.5701934814454 2256.8998840332033 900.3170745849609 0.24990118117559523 2150.472021484375 817.3861724853516 2308.593408203125 961.1330535888671 0.8328915550595238 
182 2118.425439453125 803.8182708740235 2249.160498046875 909.1324737548828 0.24131556919642858 2150.550402832031 815.5508575439453 2317.600720214844 964.4434661865234 0.8263113839285714 
183 1879.9056701660156 648.6117156982422 2043.8664245605469 841.7209869384766 0.2951253255208333 2151.351696777344 832.7521942138671 2318.956164550781 960.2771636962891 0.81298828125 
184 1859.1996459960938 645.3449432373047 2254.0476684570312 897.6089752197265 0.24593680245535715 2152.9451293945312 830.3948699951172 2317.4652709960938 965.6668365478515 0.8359142485119048 
185 1866.4400329589844 651.3639526367188 2050.222930908203 831.3961791992188 0.3596307663690476 2148.7501831054688 813.9411315917969 2336.2837524414062 960.2173156738281 0.7728794642857143 
186 1841.5183715820312 611.9499664306641 2059.5714721679688 709.6979217529297 0.47009858630952384 2145.7517944335937 807.4459259033204 2333.7284301757813 965.3464935302734 0.8016880580357143 
187 1830.8618286132812 589.0184692382812 2064.9579956054686 687.1878295898438 0.6085844494047619 2141.92509765625 809.4638671875 2323.16083984375 960.49365234375 0.8011997767857143 
188 1826.9948303222657 595.5374267578125 2058.631756591797 688.9393798828125 0.49572172619047616 2130.6232421875 805.7637817382813 2321.16337890625 970.1512573242187 0.7994791666666666 
189 1821.5502075195313 583.4731628417969 2042.5244995117187 675.5457580566406 0.6001441592261905 2120.8571166992188 809.6884796142579 2301.3193969726562 979.1021087646484 0.8167550223214286 
190 1825.4382934570312 591.6375549316406 2037.5975952148438 672.1117126464844 0.5716378348214286 2116.2427490234377 811.3940216064453 2295.4808837890623 986.9740814208984 0.8380533854166666 
191 1814.7552429199218 584.8787048339843 2020.4807189941407 675.1092102050782 0.49954659598214285 2105.991589355469 826.0024169921875 2290.061877441406 992.0266357421875 0.8300083705357143 
192 1812.9916381835938 580.6520965576171 2019.9395141601562 666.2857086181641 0.468017578125 2104.4753295898436 822.8689392089843 2282.8784301757814 997.7041809082032 0.8434012276785714 
193 1805.5874572753905 565.1248260498047 2005.100164794922 672.0065826416015 0.5271344866071429 2101.2937255859374 828.6294799804688 2279.4299072265626 1003.2030395507812 0.83935546875 
194 1812.4517822265625 581.9289428710938 1977.6812744140625 682.5034301757812 0.46187918526785715 2097.7350952148436 830.1876098632813 2280.9243286132814 1006.1928833007812 0.8446800595238095 
195 1801.1466552734375 579.9379821777344 1987.6636474609375 680.3701232910156 0.5487699962797619 2096.7869506835937 827.0176818847656 2279.7171997070313 1009.9477722167969 0.8415876116071429 
196 1788.2033569335938 577.7386260986328 1995.7644165039062 674.3617767333984 0.5877511160714286 2096.6544921875 832.9229431152344 2279.16484375 1008.2761535644531 0.83203125 
197 1772.5980712890625 607.8097534179688 2266.9160888671877 713.2157592773438 0.23590378534226192 2093.429345703125 831.9023620605469 2278.798681640625 1006.3675354003906 0.8328450520833334 
198 1794.9347106933594 585.7298065185547 2254.3652160644533 848.790884399414 0.2666829427083333 2097.754150390625 835.8230712890625 2279.303466796875 1006.2570068359375 0.8158714657738095 
199 1813.3982482910155 585.5735229492187 1997.663885498047 677.7062622070313 0.5109165736607143 2094.0489013671877 833.7649536132812 2278.3143798828123 1010.6598510742188 0.8219401041666666 
200 1802.2494323730468 599.4254760742188 1997.3527404785157 689.7510375976562 0.4846772693452381 2091.7081787109373 837.6071014404297 2283.1985595703127 1007.4192047119141 0.8392624627976191 
201 1814.0540893554687 599.6736511230469 2002.1678344726563 693.7305236816406 0.4689825148809524 2088.711462402344 838.5726013183594 2284.060266113281 1008.5985412597656 0.8335425967261905 
202 1808.1608764648438 609.258657836914 2009.0822875976562 695.3678680419922 0.5831008184523809 2087.739697265625 836.6752227783203 2281.485400390625 1008.8935638427735 0.8349841889880952 
203 1822.3549682617188 605.6241485595704 2004.7856567382812 695.0509613037109 0.49654715401785715 2088.4341552734377 838.2714050292968 2278.0189697265623 1009.9709045410157 0.8161504836309523 
204 1818.1169128417969 608.6192413330078 2021.3775939941406 706.6198333740234 0.5748465401785714 2090.6202880859373 843.1507019042969 2279.3621337890627 1013.7444396972656 0.8346586681547619 
205 1831.9233947753905 616.800015258789 2036.876043701172 699.5002166748047 0.5488048735119048 2088.0450927734373 841.9436859130859 2278.6150634765627 1010.9397979736328 0.8329148065476191 
206 1853.3669555664062 626.3519287109375 2030.5500366210938 697.22509765625 0.35349237351190477 2088.884130859375 838.4263702392578 2280.241845703125 1008.5220550537109 0.8111746651785714 
207 1834.2941772460938 614.4476593017578 2056.2961547851564 688.4483978271485 0.6118629092261905 2087.3330200195314 838.8894165039062 2277.6208374023436 1011.5577270507813 0.8257765997023809 
208 1852.2879272460937 634.976205444336 2063.9000610351563 701.9867462158203 0.44444056919642855 2088.0456420898436 839.8059600830078 2278.4965942382814 1012.6225677490235 0.8310779389880952 
209 1857.1136596679687 601.4824615478516 2098.623889160156 692.4863494873047 0.6017950148809523 2087.0466796875 839.4926177978516 2272.55439453125 1014.5001190185546 0.8332170758928571 
210 1866.4218322753907 628.7823211669922 2130.054119873047 706.114468383789 0.41549246651785715 2085.439245605469 839.5528961181641 2278.769494628906 1011.7925018310547 0.8170107886904762 
211 1878.7492980957031 625.195101928711 2129.6792907714844 708.8384063720703 0.5001046316964286 2086.65107421875 839.9331695556641 2278.3337890625 1014.1900604248046 0.8239862351190477 
212 1880.1361206054687 621.0758056640625 2154.889025878906 720.6737060546875 0.6170479910714286 2085.1438720703127 845.6334045410156 2277.4708740234373 1013.9194519042969 0.8238002232142857 
213 1897.987237548828 621.7253143310547 2161.5731872558595 722.304165649414 0.5837751116071429 2084.7385498046874 843.1589477539062 2278.9596923828126 1013.1025268554688 0.8229399181547619 
214 1906.2305969238282 635.1306915283203 2154.7053161621093 742.1128997802734 0.6428803943452381 2082.499072265625 845.6441162109375 2275.757275390625 1014.7450439453125 0.8131742931547619 
215 1910.8975402832032 631.3785369873046 2159.1653259277346 731.3753082275391 0.6017717633928571 2084.3667602539062 843.5732696533203 2277.4640502929688 1012.5333587646485 0.8137323288690477 
216 1919.0985168457032 639.4607238769531 2160.4067321777343 738.8229675292969 0.5113932291666666 2082.7457885742188 846.9203887939453 2277.9219360351562 1017.2556976318359 0.8147321428571429 
217 1917.4831909179688 649.3630859375 2175.788049316406 746.2273681640625 0.462890625 2078.6476318359373 848.0591186523437 2279.5515869140627 1016.6747680664063 0.7938058035714286 
218 1910.0845581054687 643.2670684814453 2162.4835571289063 757.3653167724609 0.5521647135416666 2084.423486328125 844.3353118896484 2278.044775390625 1013.7538604736328 0.8081752232142857 
219 1912.3126831054688 636.3628021240235 2161.9390258789062 740.3738311767578 0.6107003348214286 2080.9971435546877 842.1178985595703 2278.6180908203123 1012.0025238037109 0.8095470610119048 
220 1904.4178771972656 639.7698791503906 2165.570770263672 739.4203063964844 0.5853562127976191 2086.405615234375 849.379443359375 2282.270166015625 1010.8819091796875 0.8094773065476191 
221 1916.2748779296876 643.3334167480468 2156.9189697265624 754.9364807128907 0.47061011904761907 2084.35009765625 846.5529266357422 2286.630859375 1010.4699615478515 0.8001534598214286 
222 1913.3361572265626 641.1452087402344 2161.3244873046874 749.8524719238281 0.5546642485119048 2083.8446533203123 846.5392242431641 2280.8765380859377 1009.6001190185547 0.8124069940476191 
223 1905.0007446289062 646.1771575927735 2163.1830932617186 752.8926055908203 0.5751953125 2086.5227294921874 842.9254425048828 2286.1838134765626 1011.6046478271485 0.7985258556547619 
224 1920.01162109375 656.613427734375 2160.07236328125 751.93173828125 0.5531063988095238 2085.1211669921877 840.8682556152344 2282.8182861328123 1010.3229064941406 0.8028041294642857 
225 1911.3036376953125 646.9943725585938 2160.6719482421877 752.3613403320312 0.5790085565476191 2087.995739746094 842.7337249755859 2281.168566894531 1007.8085723876953 0.8061755952380952 
226 1906.5779846191406 657.1684173583984 2157.6469909667967 766.7901397705078 0.39175269717261907 2084.4750732421876 842.9540435791016 2278.9653564453124 1016.2270477294921 0.8120814732142857 
227 1911.963397216797 646.1244934082031 2159.474224853516 748.6646911621094 0.5383649553571429 2089.028845214844 839.6453094482422 2287.037316894531 1009.3669586181641 0.8196149553571429 
228 1914.1576171875 665.7165100097657 2173.11533203125 780.8088806152343 0.48880440848214285 2089.5626708984373 832.5451080322266 2290.9744384765627 1012.3768280029296 0.7891322544642857 
229 1905.9283569335937 646.9380920410156 2169.401477050781 732.3888122558594 0.5888206845238095 2094.4951904296877 828.383999633789 2290.3197509765623 1002.8459197998047 0.8186151413690477 
230 1909.7813232421875 637.6614349365234 2171.8119384765623 743.8900177001954 0.3917643229166667 2099.2224243164064 826.4214599609375 2301.0566284179686 996.387255859375 0.8186616443452381 
231 1907.5562622070313 664.5928192138672 2157.335583496094 723.5684967041016 0.3420933314732143 2109.167517089844 819.9043579101562 2299.971398925781 989.8930053710938 0.8314267113095238 
232 1904.8705444335938 663.4891510009766 2154.0335083007812 765.2599334716797 0.39297340029761907 2115.0260009765625 817.7650207519531 2297.5115966796875 986.2132507324219 0.8196847098214286 
233 1912.277276611328 642.904541015625 2150.6693786621095 744.57177734375 0.5857863653273809 2121.8142211914064 816.3050964355468 2297.1025268554686 981.0761291503907 0.8233351934523809 
234 1906.3383728027343 662.4507873535156 2138.073370361328 795.8739196777344 0.2794596354166667 2124.2988403320314 810.8637084960938 2292.8332397460936 968.8648071289062 0.8151739211309523 
235 1907.1499267578124 672.4195983886718 2187.2485107421876 814.1978332519532 0.30710565476190477 2128.5954467773436 806.4838043212891 2287.6635864257814 962.0941375732422 0.8157087053571429 
236 1908.3448181152344 660.5854766845703 2184.336944580078 809.196566772461 0.3152669270833333 2129.084094238281 803.6168823242188 2284.772106933594 962.8430786132812 0.8041527157738095 
237 2123.5201782226563 769.7799865722657 2202.9131713867187 897.4994323730468 0.2263125465029762 2131.0876342773436 803.3694213867187 2282.9702270507814 962.1557250976563 0.8160807291666666 
238 2106.512243652344 734.7832763671875 2190.116906738281 835.8055908203125 0.27114722842261907 2130.6288452148438 802.9800384521484 2283.9041137695312 963.2224151611329 0.8102213541666666 
239 1904.8221008300782 658.2886596679688 2181.7114685058596 814.4825805664062 0.30625697544642855 2129.4192138671874 803.0138092041016 2282.0632080078126 959.2078094482422 0.8143136160714286 
240 1918.0584106445312 658.9198577880859 2149.3495483398438 797.0041534423829 0.38912527901785715 2129.035192871094 802.182339477539 2280.927941894531 964.4313690185547 0.8165922619047619 
241 1914.135888671875 662.5892364501954 2176.184912109375 838.4378021240234 0.31201171875 2128.4432006835937 804.7533782958984 2280.1556762695313 966.8099151611328 0.8239629836309523 
242 2106.9052978515624 786.6042022705078 2464.1913818359376 835.1673431396484 0.20179385230654762 2127.851611328125 809.2847595214844 2280.478466796875 961.9117736816406 0.8144763764880952 
243 2106.2712158203126 771.2284271240235 2458.3611083984374 897.7073028564453 0.20481945219494047 2129.1478637695313 804.4915252685547 2282.9734741210937 961.7355865478515 0.8216145833333334 
244 2101.984912109375 676.8142730712891 2190.982861328125 841.1180389404296 0.22341773623511904 2129.105603027344 806.6247589111329 2279.717395019531 964.0825775146484 0.8196382068452381 
245 2095.5235229492187 673.2944641113281 2192.8492797851563 841.0971374511719 0.19948032924107142 2130.633203125 809.0855438232422 2281.65537109375 963.4639556884765 0.8087565104166666 
246 1971.3507019042968 648.9563018798829 2135.6767639160157 743.3565032958984 0.3066522507440476 2128.5498291015624 805.7520721435546 2282.3871826171876 963.0856353759766 0.83056640625 
247 1967.8795104980468 669.3503326416015 2192.0195373535157 837.4553924560547 0.25590587797619047 2126.421044921875 804.8581085205078 2284.019384765625 965.9588470458984 0.8209402901785714 
248 1969.365740966797 673.9557434082031 2185.747662353516 806.5768493652344 0.29293968563988093 2129.638537597656 804.9661010742187 2283.200085449219 965.5075317382813 0.8341471354166666 
249 1930.464990234375 669.7415222167969 2155.062841796875 796.0778137207031 0.40864490327380953 2127.5280883789064 803.36640625 2281.9389526367186 964.79619140625 0.8264508928571429 
250 2101.894006347656 769.9239715576172 2455.871374511719 832.3905426025391 0.21544247581845238 2127.7882080078125 806.7632202148437 2280.4842529296875 966.4001098632813 0.8277529761904762 
251 1972.0178100585938 665.1632019042969 2130.6352661132814 744.4719299316406 0.29141671316964285 2129.3091552734377 809.8552032470703 2281.0302001953123 968.4727386474609 0.8430292038690477 
252 2092.7495727539062 671.4624603271484 2199.9503784179688 844.3668243408204 0.21933128720238096 2129.724743652344 812.1800140380859 2285.338488769531 964.3357940673828 0.8449823288690477 
253 2056.2359619140625 761.9882965087891 2473.5150146484375 905.7567596435547 0.20470028831845238 2129.7385498046874 812.4286010742187 2284.0265869140626 963.2101928710938 0.8414248511904762 
254 2080.1800537109375 668.6297454833984 2178.3243408203125 801.8253936767578 0.23724655877976192 2127.229846191406 809.1053771972656 2284.961804199219 963.3320007324219 0.8367978050595238 
255 1961.7390075683593 666.7710815429688 2184.117559814453 807.9639038085937 0.2615443638392857 2126.5544189453126 808.6427368164062 2285.3962646484374 967.4845825195313 0.8330310639880952 
256 1932.0776733398438 665.4955474853516 2153.610559082031 786.9811981201171 0.3258637927827381 2129.1484130859376 809.7941741943359 2286.3652587890624 967.0109405517578 0.8410528273809523 
257 1967.84091796875 675.9897094726563 2188.98818359375 811.5315307617187 0.28405180431547616 2131.643359375 810.7083801269531 2288.58662109375 967.6514831542969 0.8308686755952381 
258 1967.040106201172 661.9830902099609 2140.1094299316405 732.6235382080079 0.307373046875 2126.2529174804686 809.3771942138671 2285.1941040039064 968.3183013916016 0.8365885416666666 
259 2064.804736328125 669.0763092041016 2176.692333984375 704.0411834716797 0.22044445219494047 2125.9933349609373 807.456591796875 2290.3284423828127 971.79169921875 0.8465169270833334 
260 2056.962512207031 651.2861511230469 2474.256481933594 915.5722473144531 0.18703497023809523 2126.3778564453123 810.4462799072265 2289.8179443359377 970.4088836669922 0.8508649553571429 
261 2085.0872436523437 654.9418304443359 2198.5423950195313 840.5954620361329 0.22235398065476192 2127.1370239257812 808.0663848876953 2288.7245483398438 973.0918792724609 0.85205078125 
262 2058.772009277344 669.0214874267579 2188.257531738281 725.0151947021484 0.2138003394717262 2127.821887207031 810.3517944335938 2288.803845214844 971.3337524414062 0.8428896949404762 
263 2063.340954589844 668.925570678711 2185.800891113281 723.3522003173828 0.22167678106398808 2127.056640625 811.1414276123047 2286.93505859375 971.0197662353515 0.8461449032738095 
264 1898.3193237304688 622.7055480957031 2166.2815063476564 725.7678405761719 0.34358142671130953 2127.302600097656 817.5990539550781 2288.766979980469 972.1925720214844 0.8397739955357143 
265 1970.2071044921875 667.5780975341797 2163.5497314453123 704.889859008789 0.27050199962797616 2127.28173828125 815.2596435546875 2293.48876953125 974.6826171875 0.8458891369047619 
266 1914.0883178710938 641.881103515625 2140.8757934570312 712.9637451171875 0.373046875 2126.4249267578125 810.2141723632812 2295.6693115234375 979.4585571289062 0.8407738095238095 
267 2133.3046630859376 807.7353393554688 2482.8301025390624 935.7793090820312 0.17062232607886904 2127.0488891601562 817.0524658203125 2300.0812377929688 979.7029052734375 0.8395647321428571 
268 2060.232067871094 810.8826965332031 2247.222277832031 907.9737487792969 0.21237618582589285 2129.8000610351564 826.7879425048828 2313.1943237304686 977.8184417724609 0.8174758184523809 
269 1957.9362670898438 780.1100982666015 2211.7304809570314 840.7175994873047 0.31787109375 2127.229357910156 815.8044067382813 2327.992077636719 971.1112426757812 0.7923642113095238 
270 2050.7809814453126 774.092739868164 2218.3952880859374 900.7345916748047 0.2652006603422619 2129.14423828125 818.5033172607422 2337.73076171875 982.3927398681641 0.7850167410714286 
271 2052.6944091796877 793.9612854003906 2207.9066650390623 897.4361755371094 0.2560453869047619 2132.859020996094 824.5204956054688 2332.417590332031 983.4283569335937 0.7846912202380952 
272 2104.0439697265624 813.4322021484375 2260.9916748046876 891.9060546875 0.29727027529761907 2132.932568359375 831.9727081298828 2338.459521484375 973.973031616211 0.7585797991071429 
273 1950.0927734375 646.4021392822266 2217.72265625 906.3853973388672 0.3230503627232143 2131.5517456054686 823.8907470703125 2330.3625610351564 972.998779296875 0.7804594494047619 
274 1896.1884521484376 584.9196990966797 2122.0932861328124 722.7599273681641 0.4965239025297619 2131.0763916015626 825.9927947998046 2337.8366943359374 967.6619293212891 0.7797154017857143 
275 1902.3171142578126 563.1524932861328 2145.3669677734374 704.278109741211 0.5064755394345238 2130.4401733398436 828.9692596435547 2330.3681762695314 966.1747222900391 0.7891787574404762 
276 1906.033837890625 574.1958862304688 2149.877783203125 692.1848510742187 0.5358770461309523 2130.0615356445314 829.5360656738281 2346.3747436523436 963.2569030761719 0.7615327380952381 
277 1917.8736511230468 572.2845092773438 2166.1792053222657 698.4079956054687 0.44614955357142855 2131.6165405273437 825.1378448486328 2340.5087036132813 967.0267669677735 0.7668573288690477 
278 1916.8406311035155 586.5913726806641 2157.660711669922 687.5804412841796 0.5455380394345238 2130.4714599609374 820.2406585693359 2332.4494384765626 967.8400909423829 0.7990373883928571 
279 1931.7477905273438 605.7913299560547 2173.6084106445314 682.5725006103515 0.6958472842261905 2131.5264526367187 822.2550964355469 2331.1573852539063 968.1393127441406 0.794921875 
280 1947.8399353027344 611.6674499511719 2186.710968017578 701.7335510253906 0.7383975074404762 2132.189343261719 822.6752166748047 2339.733264160156 963.6483306884766 0.7902715773809523 
281 1959.151544189453 611.785546875 2183.6359313964845 702.3669189453125 0.7104957217261905 2131.0744018554688 821.4253784179688 2335.8672485351562 959.2666381835937 0.7715541294642857 
282 1949.2485412597657 615.6375885009766 2180.340203857422 701.8074188232422 0.7396763392857143 2127.6138916015625 827.1453460693359 2327.3714599609375 960.3168731689453 0.7952938988095238 
283 1949.8795959472657 609.7740509033204 2169.313153076172 709.8665130615234 0.7510928199404762 2130.6677978515627 835.1301086425781 2323.1534912109373 958.3208190917969 0.78662109375 
284 1938.2192443847657 615.5685821533203 2160.900262451172 709.3289398193359 0.7515811011904762 2130.2477294921873 827.4309906005859 2329.4885986328127 960.2581573486328 0.7841796875 
285 1923.3942138671875 607.1034088134766 2151.9929931640627 709.5787811279297 0.7428385416666666 2128.7996459960937 824.7878021240234 2337.6918090820313 958.7940460205078 0.7845284598214286 
286 1911.8625061035157 609.3353424072266 2133.460614013672 712.2201385498047 0.7203311011904762 2126.76396484375 828.3460144042969 2332.5333984375 958.9304748535156 0.7761579241071429 
287 1901.0997131347656 615.2149353027344 2124.3088562011717 707.5773010253906 0.7357235863095238 2128.7492553710936 826.4345825195312 2328.8676879882814 961.1296264648438 0.8086402529761905 
288 1873.010302734375 600.1140441894531 2105.674755859375 704.8130798339844 0.7390252976190477 2124.1685791015625 819.3556671142578 2325.8114013671875 962.8321380615234 0.7934105282738095 
289 1854.4399780273438 596.2437438964844 2109.666223144531 708.3885803222656 0.6657366071428571 2124.0932739257814 825.5904052734375 2336.7819702148436 960.9376708984375 0.7795758928571429 
290 1835.352069091797 604.4079864501953 2097.900494384766 705.6766693115235 0.6722005208333334 2125.4534545898437 821.8037506103516 2324.2401489257813 964.3299774169922 0.7772972470238095 
291 1968.6359008789063 800.1269317626953 2282.6319213867187 900.9157318115234 0.3285435267857143 2128.1685424804687 822.9386199951172 2325.8697875976563 958.6158843994141 0.7493489583333334 
292 2178.427526855469 817.4907348632812 2271.287072753906 906.4810668945313 0.33761742001488093 2130.6582885742187 827.0147308349609 2327.9850219726563 962.4349151611328 0.7615327380952381 
293 2133.7623779296873 799.6986999511719 2238.8992431640627 953.6492004394531 0.34022739955357145 2126.252648925781 820.3505828857421 2321.506872558594 970.5462066650391 0.7657180059523809 
294 1793.170654296875 631.8532653808594 2053.894287109375 730.1589416503906 0.5540364583333334 2129.6782958984377 823.6972412109375 2351.9344970703123 969.0185791015625 0.7238885788690477 
295 1806.2374572753906 603.7509246826172 2084.509979248047 763.8530181884765 0.28427269345238093 2121.3102172851563 812.3821075439453 2311.9078002929687 968.6722747802735 0.7905970982142857 
296 1804.7920227050781 626.5534912109375 2060.1272888183594 722.7668212890625 0.6038178943452381 2114.21171875 802.6124542236328 2302.9376953125 976.536410522461 0.8021298363095238 
297 1802.1294311523438 642.44423828125 2034.3771606445312 725.90830078125 0.4744233630952381 2103.8840209960936 797.0900085449218 2285.3276489257814 967.6469299316407 0.8034086681547619 
298 1821.5891174316407 632.5697143554687 2054.651727294922 758.3494750976563 0.34249441964285715 2086.5236083984373 794.4898040771484 2267.7942626953127 972.0612823486329 0.7859933035714286 
299 1791.596728515625 646.6356323242187 2061.153759765625 759.5582153320313 0.6003301711309523 2070.6806640625 780.293359375 2252.81396484375 973.3544677734375 0.7620675223214286 
