0 1649.5863647460938 904.1199462890625 1728.1624145507812 930.9508544921875 0.32883417038690477 1696.3929565429687 898.0019012451172 1765.3865844726563 965.0790924072265 0.7928292410714286 
1 1652.0580505371095 901.5205352783203 1704.617120361328 932.6666595458985 0.31379627046130953 1690.4666015625 898.7503601074219 1760.545361328125 966.8824523925781 0.7062174479166666 
2 1657.1040588378905 901.8128021240234 1707.783270263672 936.8984405517579 0.33614676339285715 1690.6152954101562 901.4379638671875 1762.7357788085938 965.76162109375 0.7536272321428571 
3 1640.2109375 909.8011260986328 1704.86181640625 929.3922943115234 0.20499093191964285 1694.0112731933593 902.0399963378907 1762.5804016113282 962.7726257324218 0.7420247395833334 
4 1635.4630126953125 907.2119140625 1700.8756103515625 929.01611328125 0.3631068638392857 1698.4360717773438 899.3593231201172 1759.8842407226562 962.7897857666015 0.7318870907738095 
5 1647.05400390625 904.237158203125 1717.57392578125 927.743798828125 0.3441801525297619 1691.5810241699219 901.4495208740234 1767.9774475097656 962.1749298095704 0.7754603794642857 
6 0.0 0.0 0.0 0.0 0.23330543154761904 0.0 0.0 0.0 0.0 0.23330543154761904 
7 1612.5430480957032 893.1610260009766 1693.5437438964843 920.8197479248047 0.43832542782738093 1700.534326171875 902.2793212890625 1769.68125 969.450537109375 0.76611328125 
8 1621.2422668457032 896.3196075439453 1688.2654235839843 923.9173919677735 0.38766043526785715 1699.865625 904.1288909912109 1768.860205078125 969.1808624267578 0.7650437127976191 
9 1630.5408142089843 902.567724609375 1699.5923645019532 926.242578125 0.33939034598214285 1697.3159606933593 903.8577301025391 1766.3675109863282 968.9634979248046 0.7654854910714286 
10 1618.4862854003907 897.6661682128906 1695.7323425292968 921.4341735839844 0.35901460193452384 1700.15068359375 903.9890319824219 1769.474072265625 965.3897521972656 0.7704613095238095 
11 1651.702081298828 903.0345001220703 1735.2494567871095 930.8836517333984 0.3186848958333333 1697.4542358398437 901.9634002685547 1769.0662719726563 965.6185699462891 0.7591378348214286 
12 1657.4671142578125 904.7893920898438 1734.6730224609375 930.5246948242187 0.36209542410714285 1699.4963928222655 903.9518493652344 1768.783758544922 963.3409973144531 0.7693684895833334 
13 1650.758056640625 903.1665740966797 1736.1435546875 928.980825805664 0.3612467447916667 1703.2265075683595 905.3813903808593 1770.740655517578 964.9527160644532 0.7618815104166666 
14 1650.0032958984375 899.9800048828125 1724.8485107421875 927.554541015625 0.38588169642857145 1700.4556030273438 903.6919738769532 1771.3617797851562 964.7499206542968 0.7883417038690477 
15 1658.4713195800782 903.3896484375 1737.1906677246093 932.909423828125 0.37031482514880953 1700.2531677246093 902.3300231933594 1771.1004699707032 967.2733703613281 0.7804594494047619 
16 1662.8417175292968 908.4183715820312 1733.8356506347657 936.0271850585938 0.4121675037202381 1699.4763671875 903.8674774169922 1768.4982421875 970.9173736572266 0.7422340029761905 
17 1657.1748840332032 902.0335296630859 1733.3354919433593 936.1054473876953 0.40547107514880953 1701.4991271972656 906.273226928711 1767.638690185547 970.4085968017578 0.7465587797619048 
18 1656.7307739257812 902.6019409179687 1731.5331420898438 932.9272338867188 0.38296363467261907 1698.9528015136718 902.8351867675781 1771.7335998535157 971.5725280761719 0.7688569568452381 
19 1660.5553955078126 912.1390838623047 1742.8857666015624 942.2599029541016 0.3102446056547619 1702.1067199707031 904.8791351318359 1772.3887634277344 971.1450958251953 0.7886672247023809 
20 1663.1091857910155 916.5036712646485 1743.641424560547 942.6765655517578 0.37319800967261907 1697.6452270507812 903.6495086669922 1774.1506713867188 974.1150787353515 0.7640904017857143 
21 1655.8396484375 907.1023681640625 1726.0802734375 937.2054931640625 0.45956566220238093 1690.4196350097657 901.1589904785156 1768.6876647949218 969.3926452636719 0.7139834449404762 
22 1659.7413146972656 911.1575012207031 1729.848162841797 941.2033386230469 0.43663969494047616 1698.8778503417968 903.9157135009766 1776.9970275878907 970.0164764404296 0.7272367931547619 
23 1648.8359252929688 906.5249938964844 1721.4553344726562 939.8906555175781 0.3528413318452381 1698.6579467773438 904.4113403320313 1771.2773559570312 969.1799682617187 0.7328404017857143 
24 1650.8123657226563 896.274136352539 1737.9203002929687 934.1471893310547 0.3609095982142857 1702.5235717773437 903.6302520751954 1770.6951782226563 966.1207855224609 0.7681129092261905 
25 1652.8237365722657 896.7019775390625 1748.4881530761718 943.596240234375 0.3023274739583333 1708.4475891113282 905.7200775146484 1772.2239196777343 961.9932403564453 0.7425362723214286 
26 1649.9345642089843 897.8945892333984 1742.3099426269532 943.1396514892579 0.3256254650297619 1708.7386901855468 908.1907684326172 1769.0653869628907 964.747036743164 0.7358863467261905 
27 1656.318994140625 902.5927825927735 1745.4927734375 940.5389923095703 0.34365699404761907 1707.108642578125 906.0225433349609 1773.5146484375 964.8392120361328 0.7599283854166666 
28 1657.33876953125 896.5247772216796 1744.5162109375 938.2183258056641 0.3102213541666667 1704.7177490234376 904.5427612304687 1772.9436279296874 965.1879516601563 0.7637648809523809 
29 1657.5572204589844 895.5455474853516 1739.3808898925781 935.5060272216797 0.3046991257440476 1706.153662109375 903.1570739746094 1772.754541015625 965.9520568847656 0.7744373139880952 
30 1662.9332214355468 901.7210693359375 1739.3855041503907 938.0360107421875 0.3545503162202381 1709.8338256835937 909.807406616211 1774.8182739257813 965.2353790283203 0.7548828125 
31 1672.8490112304687 906.4705749511719 1732.4005004882813 941.0489562988281 0.3243931361607143 1708.9050048828126 904.8451171875 1776.1406494140624 966.317724609375 0.7867373511904762 
32 1670.6118469238281 908.425 1733.6163024902344 937.0634033203125 0.31944056919642855 1711.5132568359375 906.1486175537109 1776.4269287109375 967.2437774658204 0.7640206473214286 
33 1654.8270629882813 910.0148223876953 1741.0469604492187 946.4187103271485 0.2976190476190476 1713.2650268554687 909.0567962646485 1778.4088012695313 966.5366485595703 0.7414899553571429 
34 1676.0302795410157 910.1224151611328 1735.6146179199218 942.7976898193359 0.35013253348214285 1710.405908203125 906.7957550048828 1779.600439453125 968.3020843505859 0.7304920014880952 
35 1672.3127380371093 908.5095397949219 1734.0384582519532 941.3013732910156 0.3340541294642857 1711.4848205566407 908.3611694335938 1780.9264343261718 968.1579956054687 0.7278180803571429 
36 1671.7846923828124 908.8498229980469 1724.2944091796876 943.8563537597656 0.4381510416666667 1707.9880065917969 905.4838134765625 1783.8353576660156 969.6624267578125 0.7100771949404762 
37 1680.605450439453 909.1378479003906 1729.0699645996094 945.9709167480469 0.41709681919642855 1712.4429077148438 909.4360717773437 1782.2318969726562 969.5321899414063 0.6858491443452381 
38 1676.51884765625 909.3630645751953 1738.22822265625 946.0030853271485 0.4049595424107143 1715.6805480957032 909.2147247314454 1785.1037536621093 972.8525970458984 0.7119373139880952 
39 1680.9211303710938 905.7094512939453 1717.1684692382812 953.4032806396484 0.42426990327380953 1708.3635314941407 908.3509704589844 1786.5814147949218 971.3068664550781 0.6911737351190477 
40 1673.7980102539063 908.6243896484375 1735.5000854492187 941.4036865234375 0.41078404017857145 1709.3211730957032 907.8086639404297 1784.5207458496093 973.3671783447265 0.7081473214285714 
41 1674.2640319824218 909.4292816162109 1741.6835998535157 940.2496124267578 0.3898228236607143 1717.0124816894531 908.6143188476562 1786.3582458496094 972.1813354492188 0.7150762648809523 
42 1672.682598876953 906.8134979248047 1724.7176696777344 943.4308258056641 0.41027250744047616 1714.9333618164062 907.9253601074219 1786.2407104492188 973.4511047363281 0.7146344866071429 
43 1659.3992736816406 905.3596435546875 1740.684344482422 936.3254150390625 0.41002836681547616 1715.8223815917968 910.4958068847657 1785.4953674316407 974.3625915527343 0.7328404017857143 
44 1637.7687622070312 897.281381225586 1731.8826049804688 931.8538116455078 0.40247163318452384 1716.2215270996094 910.2091339111328 1783.4455871582031 973.591830444336 0.7375139508928571 
45 1668.2363891601562 907.9380462646484 1735.6437377929688 942.6047393798829 0.4187593005952381 1713.717840576172 908.826953125 1784.9771057128905 974.3084228515625 0.7273297991071429 
46 1672.2341918945312 910.4132293701172 1735.8075561523438 937.3837066650391 0.42590913318452384 1712.6159423828126 908.9312744140625 1785.8215576171874 974.43115234375 0.7258882068452381 
47 1673.9713134765625 911.0908233642579 1722.6864013671875 944.2170989990234 0.4526483444940476 1720.1381713867188 909.2171417236328 1784.4421508789062 971.5724700927734 0.7279110863095238 
48 1679.542626953125 912.7602783203125 1719.493505859375 952.7111572265625 0.42397925967261907 1711.1960510253907 904.9237335205078 1783.1075378417968 972.8402435302735 0.6951264880952381 
49 1680.7307983398437 911.5722778320312 1724.8314575195313 949.6591674804688 0.35715448288690477 1718.509259033203 905.2501983642578 1782.6556579589844 971.4011077880859 0.6983816964285714 
50 1680.9817016601562 911.7055419921875 1721.1664916992188 955.9087158203125 0.3798130580357143 1722.171075439453 904.5186401367188 1780.4389099121095 970.8234008789062 0.6793619791666666 
51 1677.7837768554687 906.6184692382812 1711.9598754882813 954.8670043945312 0.3706170944940476 1705.3875061035155 901.2059295654296 1781.781072998047 969.5580474853516 0.6921502976190477 
52 1677.4019592285156 906.8645111083985 1718.855487060547 952.2660430908203 0.4314081101190476 1707.3912109375 903.0684112548828 1778.4544921875 968.2097259521485 0.6679920014880952 
53 1681.5600524902343 904.9274353027344 1727.6388000488282 943.3264709472656 0.40884254092261907 1716.4883728027344 904.7797821044921 1779.8467102050781 970.0580474853516 0.7096121651785714 
54 1663.43720703125 905.0071838378906 1714.198779296875 932.3403503417969 0.41501581101190477 1720.8820007324218 903.5053802490235 1781.4054748535157 969.8859161376953 0.7206333705357143 
55 1666.7770690917969 901.9277313232421 1712.7428283691406 932.5715972900391 0.42006138392857145 1722.9082824707032 908.7047668457031 1780.3655212402343 969.9924987792969 0.7369559151785714 
56 1678.8545166015624 908.9999938964844 1729.7868408203126 937.2957824707031 0.41298130580357145 1720.0648010253906 909.6529907226562 1778.542742919922 970.0172973632813 0.7339332217261905 
57 1667.5643371582032 893.8089752197266 1701.4787536621093 927.7233123779297 0.3845331101190476 1714.5952392578124 908.1573455810546 1780.5397705078126 968.4495269775391 0.7469075520833334 
58 1678.3325927734375 904.6713684082031 1734.7054931640625 936.6161071777344 0.3483189174107143 1721.0458984375 912.1877655029297 1783.05615234375 966.6816802978516 0.76123046875 
59 1665.4316772460938 905.3755279541016 1739.0165649414062 941.2246307373047 0.342041015625 1717.3185424804688 910.2376525878906 1781.4695434570312 966.8414489746094 0.7691592261904762 
60 1698.3531616210937 914.5641998291015 1763.0557739257813 945.0123992919922 0.3514927455357143 1718.8471801757812 913.6126251220703 1783.5497924804688 964.9941253662109 0.7211216517857143 
61 1677.7449645996094 907.7484405517578 1754.7412414550781 939.6737396240235 0.3494466145833333 1718.265557861328 910.4932037353516 1782.1161560058595 968.7098602294922 0.7401181175595238 
62 1687.9851318359374 910.9208709716797 1757.7033447265626 941.069302368164 0.3672572544642857 1719.293145751953 911.7905426025391 1781.4743103027345 972.0873260498047 0.7413736979166666 
63 1678.7775390625 910.6877563476562 1765.866748046875 940.9797241210938 0.31677827380952384 1716.1327758789062 909.6683685302735 1782.3962768554688 974.0386016845703 0.7557663690476191 
64 1682.7853271484375 907.2920013427735 1755.1873291015625 939.6824249267578 0.34481956845238093 1718.6199035644531 911.1026947021485 1785.3059997558594 973.9780548095703 0.7431873139880952 
65 1683.3667602539062 907.9633697509765 1764.6945190429688 942.0075164794922 0.3388788132440476 1721.7027893066406 911.9642364501954 1786.0085144042969 974.3785980224609 0.7447684151785714 
66 1696.912908935547 912.1454193115235 1766.3535705566405 949.6809356689453 0.36771065848214285 1723.9818725585938 913.8778686523438 1784.0386352539062 973.9346313476562 0.7422572544642857 
67 1685.8531555175782 905.6680572509765 1763.4870544433593 941.6447479248047 0.3945196242559524 1724.0147033691405 911.3485565185547 1786.500555419922 973.8344879150391 0.7313058035714286 
68 1693.944140625 912.4011108398438 1763.84833984375 944.5192993164062 0.3653971354166667 1722.2110534667968 911.819857788086 1786.4472717285157 974.1667755126953 0.7389787946428571 
69 1698.6825744628907 910.5694458007813 1768.5590026855468 944.5633666992187 0.39278738839285715 1724.0327087402343 913.1117065429687 1788.2435363769532 975.4339477539063 0.7313523065476191 
70 1687.3189331054687 912.4194030761719 1743.8387817382813 944.4472961425781 0.45496186755952384 1724.3467346191405 913.0716033935547 1786.518377685547 977.127310180664 0.7272600446428571 
71 1689.7666259765624 914.6295379638672 1746.3896240234376 942.9409576416016 0.47693452380952384 1722.070782470703 910.27392578125 1788.1309997558594 976.333984375 0.7171223958333334 
72 1688.6616333007812 911.5137481689453 1756.6650268554688 945.5153656005859 0.40418061755952384 1725.424090576172 910.9325225830078 1789.6495178222656 975.1578704833985 0.7535109747023809 
73 1689.962664794922 914.2651336669921 1752.4678771972656 948.3589508056641 0.46007719494047616 1722.8179870605468 910.5497863769531 1791.0056213378907 976.8432800292969 0.7514415922619048 
74 1690.4803833007813 915.3768005371094 1754.8103881835937 951.3259582519531 0.45004417782738093 1725.192364501953 912.1020782470703 1791.4144470214844 976.432162475586 0.7432570684523809 
75 1681.1525390625 913.9921844482421 1749.90654296875 946.4594146728516 0.4647623697916667 1728.6046081542968 911.7150909423829 1793.5390686035157 976.6494720458984 0.7591843377976191 
76 1679.1463317871094 911.7835021972656 1747.4114074707031 945.9159606933594 0.47586495535714285 1722.6872009277345 909.0850189208984 1792.848321533203 979.2462188720704 0.7455822172619048 
77 1681.1922729492187 912.0800170898438 1750.8651000976563 945.9749145507812 0.47741117931547616 1724.8646240234375 911.0661010742188 1792.6544189453125 978.8558959960938 0.7474655877976191 
78 1680.5599243164063 914.4879974365234 1740.6998413085937 950.1960235595703 0.5164853050595238 1725.9540100097656 911.0183868408203 1793.6112976074219 976.7963714599609 0.7430245535714286 
79 1684.083935546875 914.3720153808594 1743.99248046875 948.0706115722656 0.47016834077380953 1725.4150817871093 910.6997344970703 1789.0679504394532 976.2247650146485 0.7298874627976191 
80 1683.786669921875 913.4814605712891 1756.674267578125 943.3840789794922 0.4207240513392857 1724.902783203125 910.8218505859375 1790.31474609375 976.2338134765625 0.7512555803571429 
81 1680.5646240234375 912.9869934082031 1754.0774658203125 945.0310729980469 0.4242466517857143 1727.8332763671874 910.0870727539062 1793.8063720703126 979.8300415039063 0.7642996651785714 
82 1681.0689331054687 910.5756378173828 1750.9220336914063 944.5582122802734 0.45292736235119047 1727.7586975097656 909.3412200927735 1795.7238464355469 979.1942413330078 0.7667643229166666 
83 1683.2158996582032 910.1290100097656 1765.4575622558593 943.7733337402344 0.40659877232142855 1728.2907165527345 908.9069122314453 1793.710137939453 978.0647064208985 0.7656715029761905 
84 1679.9081481933595 912.7872772216797 1755.585382080078 946.8420562744141 0.44803292410714285 1728.5890625 908.6395812988281 1798.590380859375 978.6410583496094 0.7757393973214286 
85 1689.064227294922 910.4785217285156 1764.8328674316406 946.4686218261719 0.37544177827380953 1729.0613586425782 908.0014831542969 1799.1472595214843 978.0873840332031 0.7867606026785714 
86 1688.3565551757813 913.4329223632812 1764.3846557617187 949.5463256835938 0.38197544642857145 1730.1720275878906 909.92392578125 1798.5973815917969 976.4486328125 0.7690662202380952 
87 1694.5847778320312 906.5243499755859 1773.6242065429688 947.9259063720704 0.34394763764880953 1732.2949584960938 909.0577087402344 1798.1610961914062 978.6875305175781 0.7903413318452381 
88 1698.5682556152344 909.6116485595703 1771.937481689453 945.3556976318359 0.3441801525297619 1729.3920471191407 908.8157745361328 1798.9986999511718 976.5412200927734 0.7802036830357143 
89 1696.0305969238282 912.7182403564453 1763.7170837402343 946.5614837646484 0.40513392857142855 1727.4150695800781 908.3793731689453 1798.8619079589844 979.8261322021484 0.7652529761904762 
90 1697.2415100097655 912.0618041992187 1770.645330810547 945.9405151367188 0.3538178943452381 1729.5276611328125 907.7183776855469 1799.1671630859375 979.2401184082031 0.7816220238095238 
91 1699.6534912109375 911.5185241699219 1767.5962646484375 947.3772277832031 0.38528878348214285 1728.2533569335938 909.0505401611329 1799.9707641601562 978.8805511474609 0.7718796502976191 
92 1696.0483154296876 909.23310546875 1765.8960205078124 943.2130615234375 0.39828636532738093 1727.7775329589845 907.7810028076171 1799.512872314453 979.5164215087891 0.7702520461309523 
93 1698.0610290527343 912.0892822265625 1769.9398254394532 946.137158203125 0.35242280505952384 1727.16171875 907.5059143066406 1799.040673828125 981.2763122558594 0.7794363839285714 
94 1696.0156494140624 910.9758514404297 1773.5732177734376 948.8087554931641 0.2983514694940476 1728.6830444335938 908.5021270751953 1800.5654907226562 980.384652709961 0.7761579241071429 
95 1697.3962707519531 909.5642242431641 1780.6656188964844 951.1988983154297 0.3092564174107143 1729.4957580566406 907.3077941894531 1799.5175476074219 981.1146911621094 0.7834123883928571 
96 1688.8348327636718 911.3899505615234 1772.4377502441407 947.4912139892579 0.3306245349702381 1731.513165283203 908.6860290527344 1799.9156677246094 980.8885559082031 0.7945498511904762 
97 1694.4244689941406 913.5061706542969 1777.7223815917969 951.3688293457031 0.3314848400297619 1732.7967895507813 909.7927185058594 1799.0564819335937 979.8386291503906 0.7922712053571429 
98 1694.9649169921875 913.1039306640625 1774.4242431640625 949.049755859375 0.30732654389880953 1729.5281921386718 910.8481750488281 1799.5280822753907 978.9561462402344 0.7750186011904762 
99 1701.7146118164062 913.1460113525391 1784.8127319335938 952.8065643310547 0.28037225632440477 1732.731134033203 911.330044555664 1798.8319763183595 979.3195526123047 0.8008510044642857 
100 1700.9082458496093 912.8030456542969 1780.3636047363282 948.7471252441406 0.28829520089285715 1733.214337158203 912.2208923339844 1797.5352966308594 978.4337707519531 0.7924107142857143 
101 1696.7679382324218 912.6159545898438 1781.7736877441407 950.3962524414062 0.2846040271577381 1732.3687316894532 912.0347351074219 1798.4841735839843 980.0392395019531 0.7968982514880952 
102 1698.901873779297 913.4353851318359 1782.2623107910156 947.5374542236328 0.29105050223214285 1731.4736572265624 912.6338745117188 1797.7831787109376 978.9433959960937 0.7915969122023809 
103 1701.3103759765625 912.9746246337891 1783.1564208984375 949.1392059326172 0.29179454985119047 1732.3504455566406 912.3890197753906 1798.969256591797 979.0078308105469 0.8012230282738095 
104 1699.0546447753907 909.8901062011719 1786.2728698730468 953.4992980957031 0.26528785342261907 1731.8709289550782 911.6403625488281 1800.1287048339843 978.0020935058594 0.80517578125 
105 1702.57509765625 908.1555816650391 1782.716162109375 957.7667205810546 0.23410179501488096 1733.471990966797 912.0452331542969 1800.2561584472655 978.8294006347656 0.8011067708333334 
106 1683.1313842773438 907.9743041992188 1786.7311645507812 955.9371948242188 0.252685546875 1731.8321655273437 911.66376953125 1797.0616333007813 978.81181640625 0.7859002976190477 
107 1697.6295043945313 910.4656005859375 1787.3558471679687 956.28330078125 0.23851376488095238 1734.04873046875 912.6684112548828 1800.866064453125 977.5767669677734 0.7888067336309523 
108 1692.9651977539063 909.4364349365235 1785.6622436523437 945.3802764892578 0.25974818638392855 1736.767108154297 911.9830688476562 1802.9793518066406 976.3035522460938 0.7929454985119048 
109 1694.1167297363281 910.0681640625 1775.3421325683594 940.2915771484375 0.30675688244047616 1733.6395629882813 911.9571319580078 1799.7532592773437 976.1818450927734 0.7846447172619048 
110 1694.6827514648437 907.4589782714844 1773.8834106445313 943.2878479003906 0.3297526041666667 1735.3710021972656 911.2304382324219 1801.3715515136719 977.2309875488281 0.7882021949404762 
111 1698.6416442871093 911.8953460693359 1785.3650695800782 955.2570587158203 0.2538364955357143 1737.507666015625 912.4029296875 1801.607568359375 976.50283203125 0.8000837053571429 
112 1697.1661376953125 912.901821899414 1778.6287841796875 945.1080047607422 0.30581519717261907 1736.8045349121094 913.5576110839844 1803.1113586425781 977.9699768066406 0.7866443452380952 
113 1700.4072143554688 912.3795349121094 1781.2817504882812 949.9955871582031 0.3007928757440476 1736.8658630371094 913.4645568847657 1802.694073486328 979.2927673339843 0.78369140625 
114 1699.112286376953 915.8690826416016 1776.3412048339844 949.7745330810546 0.31782459077380953 1738.3062805175782 915.2895660400391 1802.3498474121093 979.3330535888672 0.7675083705357143 
115 1698.7148315429688 915.1153594970704 1779.4782836914062 947.0451019287109 0.32228887648809523 1739.6745849609374 914.3207458496094 1803.5339111328126 978.1802307128906 0.7744140625 
116 1700.7149536132813 914.9112396240234 1789.1558959960937 950.6640167236328 0.3023042224702381 1741.171923828125 914.5493743896484 1805.1505859375 978.5279571533204 0.7804594494047619 
117 1698.331640625 914.0905395507813 1777.339013671875 947.9508422851562 0.3593168712797619 1740.58466796875 914.9587524414062 1804.543017578125 978.9171020507813 0.7750651041666666 
118 1699.5646850585938 914.292138671875 1778.6206176757812 946.2909912109375 0.34957449776785715 1741.8436767578125 914.7265319824219 1805.8413818359375 980.6064758300781 0.7764834449404762 
119 1702.7062866210938 914.2647369384765 1785.2883422851562 948.0483123779297 0.34061104910714285 1743.8529907226562 916.7913513183594 1807.6662963867188 978.7278137207031 0.7971307663690477 
120 1702.9689819335938 916.7242248535156 1787.7346313476562 948.7467224121094 0.35049293154761907 1744.6997131347657 916.1446075439453 1806.8611999511718 978.3060150146484 0.7754836309523809 
121 1704.085107421875 914.33740234375 1784.495947265625 951.73779296875 0.3074544270833333 1743.4274597167969 917.286279296875 1807.0079650878906 978.996923828125 0.78173828125 
122 1704.1879638671876 914.0716552734375 1787.1023193359374 949.8756103515625 0.32213774181547616 1744.0506591796875 915.1587951660156 1808.1207275390625 979.2290222167969 0.8003859747023809 
123 1721.8879028320312 922.9987609863281 1797.0444702148438 956.8192321777344 0.34340122767857145 1745.0851684570312 918.3014770507813 1807.0893920898438 980.3057006835937 0.7463727678571429 
124 1714.31240234375 921.5430053710937 1791.23837890625 955.3153930664063 0.33371698288690477 1746.5694213867187 918.5121520996094 1806.6090454101563 978.5519348144531 0.7733444940476191 
125 1711.0761352539062 918.9901733398438 1790.1333374023438 956.6365356445312 0.3120698474702381 1744.6682739257812 917.3974426269531 1808.6669311523438 981.3962585449219 0.7938755580357143 
126 1718.473944091797 919.7091827392578 1795.7666564941405 953.6425628662109 0.35820079985119047 1747.9843872070312 916.4463623046875 1808.3102905273438 978.65751953125 0.7771344866071429 
127 1712.2102416992188 918.3277801513672 1797.3764282226562 950.5017486572266 0.34679594494047616 1746.8590576171875 916.2896606445313 1809.3142822265625 978.7448852539062 0.7694847470238095 
128 1711.3457092285157 916.0509704589844 1792.5660339355468 953.8279357910156 0.33164760044642855 1748.6140441894531 917.5765930175781 1809.0572204589844 979.9085144042969 0.7830636160714286 
129 1708.3431762695313 919.3219360351562 1787.7932983398437 955.2636352539063 0.30628022693452384 1746.6859008789063 916.0478912353516 1809.1109741210937 980.3646453857422 0.7895042782738095 
130 1704.809344482422 917.5857086181641 1787.9793518066406 949.7195281982422 0.3236723400297619 1747.9210083007813 915.3319305419922 1810.2984741210937 979.5996490478516 0.7959449404761905 
131 1705.3689819335937 916.8753173828125 1794.0777954101563 950.84892578125 0.31894066220238093 1749.0701293945312 916.5123809814453 1811.3549194335938 978.797250366211 0.7809244791666666 
132 1711.9252319335938 920.7607574462891 1790.5774536132812 954.4687957763672 0.2957356770833333 1748.4423095703125 917.5195892333984 1810.2405517578125 979.3177520751954 0.7887369791666666 
133 1698.8776611328126 915.699560546875 1778.9609619140624 949.222802734375 0.27144949776785715 1746.6554626464845 916.7740234375 1809.976983642578 978.23330078125 0.7922014508928571 
134 1711.5045349121094 920.2229736328125 1784.543682861328 952.060595703125 0.3004789806547619 1747.1596923828124 916.765493774414 1810.8349365234376 978.5679412841797 0.7791573660714286 
135 1715.7352661132813 919.296664428711 1796.7215209960937 962.6148956298828 0.26682245163690477 1746.6664489746095 917.1235046386719 1810.702081298828 979.2757873535156 0.8005254836309523 
136 1707.4648681640624 920.2938415527344 1778.4557861328126 950.1847961425781 0.27900623139880953 1745.690740966797 916.6293243408203 1809.2090393066405 978.279428100586 0.7795758928571429 
137 1708.8845336914062 918.2761291503906 1785.9714233398438 952.1191345214844 0.2945963541666667 1746.5602416992188 916.2513427734375 1810.4859008789062 980.177001953125 0.7991536458333334 
138 1713.9718627929688 919.7502197265625 1789.2788696289062 953.6384521484375 0.2878999255952381 1747.13583984375 916.27451171875 1811.146875 980.285546875 0.7832728794642857 
139 1710.6141418457032 918.9968902587891 1793.5419860839843 954.8066375732421 0.2981770833333333 1747.5837341308593 915.7348663330079 1811.6644348144532 979.8154876708984 0.7762276785714286 
140 1709.132635498047 915.2470489501953 1790.0498596191405 952.8830169677734 0.2883998325892857 1747.275164794922 916.5498931884765 1811.2562072753906 980.5308563232422 0.7984793526785714 
141 1711.4487365722657 920.0062408447266 1786.8070007324218 953.9174041748047 0.2947474888392857 1747.5337951660156 916.3107879638671 1811.588153076172 982.2492095947266 0.7988048735119048 
142 1708.330145263672 919.0468902587891 1796.8359924316405 954.8258514404297 0.25828334263392855 1747.3683044433594 915.7876770019532 1811.393780517578 979.8131530761718 0.7803664434523809 
143 1713.4289184570312 919.1412475585937 1796.3454956054688 954.9461547851563 0.255126953125 1747.494287109375 915.879672241211 1811.566259765625 979.9515655517578 0.7857607886904762 
144 1721.6938354492188 922.9261077880859 1803.1999633789062 958.9404083251953 0.31405784970238093 1750.1261779785157 918.6248046875 1812.6774108886718 979.28046875 0.7610677083333334 
145 1722.0963623046875 921.9726531982421 1811.1450927734375 961.7603179931641 0.3024786086309524 1751.3906127929688 917.8918243408203 1813.9140747070312 980.4153656005859 0.7583240327380952 
146 1725.7088012695312 923.210791015625 1816.3961791992188 962.8864990234375 0.30601283482142855 1752.2319641113281 917.6882019042969 1814.5794372558594 980.0356750488281 0.7587890625 
147 1726.4456909179687 924.0412567138671 1822.7405883789063 961.8040191650391 0.29443359375 1747.3604248046875 916.8518157958985 1813.4452392578125 979.1603302001953 0.7635091145833334 
148 1725.7676574707032 922.1759429931641 1823.5198181152343 961.6527313232422 0.31591796875 1748.4704223632812 916.6809814453125 1812.3852905273438 978.7159912109375 0.7478143601190477 
149 1721.975164794922 922.6569915771485 1802.8225646972655 960.2604278564453 0.2607538132440476 1749.743914794922 918.8243347167969 1815.5499084472656 977.1096252441406 0.7574172247023809 
150 1726.8798889160157 922.7080017089844 1817.1424499511718 962.1978820800781 0.29709588913690477 1750.1687927246094 919.0917572021484 1814.1047668457031 977.3863311767578 0.7424432663690477 
151 1713.49541015625 910.5315002441406 1794.847607421875 953.0565124511719 0.28726050967261907 1747.131414794922 916.7182495117188 1808.1455627441405 979.5813110351562 0.7166573660714286 
152 1711.4992553710938 910.8239135742188 1794.5764282226562 951.4393920898438 0.2656773158482143 1746.5052978515625 916.5753540039062 1809.2747314453125 981.1910034179688 0.7325148809523809 
153 1712.563458251953 913.4209869384765 1797.4317810058594 952.1652557373047 0.22663225446428573 1750.811016845703 916.11748046875 1811.6947204589844 980.6912353515625 0.7685546875 
154 1707.6079528808593 911.5309661865234 1792.8809387207032 954.1674591064453 0.2088681175595238 1748.6759094238282 917.7339630126953 1811.7038513183593 980.7618255615234 0.7796456473214286 
155 1700.4359741210938 913.2939971923828 1793.1704711914062 948.533090209961 0.20347958519345238 1751.368603515625 917.0033752441407 1810.7185546875 981.9175231933593 0.7862025669642857 
156 1708.045916748047 906.2254028320312 1800.5120666503906 952.4585571289062 0.22940499441964285 1754.7769592285156 917.1079956054688 1812.105975341797 979.9850219726562 0.7795293898809523 
157 1755.4406799316407 908.5987609863281 1790.5294128417968 951.0745788574219 0.20127069382440477 1755.7247985839845 917.8326782226562 1812.974786376953 978.7762084960938 0.7732979910714286 
158 1755.072216796875 910.9924926757812 1791.903857421875 953.3488159179688 0.19716680617559523 1755.3555969238282 917.367153930664 1814.2861267089843 978.1393768310547 0.7740420386904762 
159 1761.4468139648438 922.19443359375 1795.2318969726562 963.48720703125 0.1937197730654762 1753.6502685546875 918.3683807373047 1817.4664306640625 980.3074615478515 0.7973167782738095 
160 1743.4096069335938 920.5868225097656 1799.9878540039062 962.0774841308594 0.22555687313988096 1755.8133178710937 918.1931304931641 1818.0492309570313 980.4291229248047 0.7830403645833334 
161 1758.1451599121094 926.4956848144532 1795.767559814453 954.7124450683593 0.19256301153273808 1753.6595520019532 918.2477508544922 1817.6174255371093 980.324575805664 0.7852957589285714 
162 1757.9267456054688 916.403125 1792.9521606445312 951.4285400390625 0.20107305617559523 1758.423046875 917.6793426513672 1813.7263671875 978.5129791259766 0.7793433779761905 
163 1720.2836303710938 917.151806640625 1801.2210083007812 958.5616943359375 0.21087937127976192 1757.4221557617188 917.6585968017578 1817.6547485351562 979.7733489990235 0.7738792782738095 
164 1718.6818359375 914.8345245361328 1801.47685546875 961.877084350586 0.24257696242559523 1756.2435241699218 918.8874237060547 1814.5764221191407 980.983609008789 0.7746930803571429 
165 1708.4935729980468 907.833871459961 1788.5614807128907 952.5228790283203 0.23319498697916666 1750.7476867675782 916.9292510986328 1812.1950622558593 982.100717163086 0.7685314360119048 
166 1705.06845703125 909.0275482177734 1792.05166015625 953.4445587158203 0.20760672433035715 1750.7666748046875 918.0675476074218 1811.8400146484375 982.8423645019532 0.7827380952380952 
167 1705.12138671875 910.9794891357421 1787.457470703125 954.0187408447266 0.2039853050595238 1752.1191467285157 918.4645416259766 1813.8712097167968 983.9591033935546 0.7935035342261905 
168 1710.4231994628906 909.0228607177735 1798.852557373047 957.7492950439453 0.2385312034970238 1756.9978088378907 919.850961303711 1814.7476745605468 983.0148223876953 0.7946893601190477 
169 1704.91064453125 926.2311889648438 1801.112548828125 961.6739624023437 0.27529180617559523 1756.8414733886718 919.220492553711 1819.2882873535157 981.6673858642578 0.8181966145833334 
170 1770.7334350585938 930.8146331787109 1794.8700805664062 953.2271759033204 0.18460518973214285 1755.5485900878907 920.934536743164 1819.3382507324218 983.0000946044922 0.8482142857142857 
171 1718.6816467285157 918.7137634277344 1805.5831237792968 959.3909729003906 0.2764485677083333 1760.7100830078125 920.633837890625 1816.1790771484375 981.6497314453125 0.7561383928571429 
172 1705.7682678222657 914.9015686035157 1800.4449890136718 957.5989196777343 0.21371023995535715 1756.9623474121095 917.614794921875 1816.367364501953 986.3018310546875 0.7891787574404762 
173 1712.0978759765626 917.3029266357422 1800.0395751953124 962.209341430664 0.22041829427083334 1755.2051940917968 919.2460083007812 1818.8225158691407 984.7344604492188 0.7835984002976191 
174 1718.508935546875 918.2039184570312 1801.14462890625 958.6035766601562 0.2902250744047619 1761.451239013672 921.735317993164 1814.7053771972655 980.4985076904297 0.7724841889880952 
175 1708.2966186523438 913.9144653320312 1797.8833129882812 960.5741821289063 0.24197823660714285 1752.9464477539063 918.7239807128906 1816.4036499023437 985.9140808105469 0.7738095238095238 
176 1756.7439331054688 918.9235809326171 1811.2826782226562 964.0591461181641 0.22674269903273808 1757.1055969238282 919.863916015625 1821.0476013183593 981.9252685546875 0.7762276785714286 
177 1729.255841064453 917.1828002929688 1800.8194763183594 968.0307006835938 0.21005394345238096 1759.5327697753905 919.7904327392578 1819.796942138672 985.7042572021485 0.8065476190476191 
178 1721.7734008789062 917.2999725341797 1815.8523315429688 966.2209625244141 0.2549641927083333 1760.4181274414063 919.9052276611328 1820.6285034179687 983.8788909912109 0.7807384672619048 
179 1743.1588439941406 920.6587646484375 1820.5058288574219 969.708056640625 0.27188546316964285 1764.2006958007812 920.3685485839844 1822.6826049804688 984.5098693847656 0.7531854538690477 
180 1755.899755859375 917.2118194580078 1814.477197265625 968.2308685302735 0.2669096447172619 1771.7433532714845 920.0462036132812 1818.983087158203 984.2924194335938 0.7378394717261905 
181 1756.8515869140624 917.9013854980469 1815.5439208984376 969.0204895019531 0.2576497395833333 1772.2892639160157 920.7413208007813 1823.4083679199218 985.1135375976562 0.7216099330357143 
182 1725.3468078613282 909.2704925537109 1830.9706970214843 965.8546905517578 0.27390252976190477 1772.0649963378905 916.4523345947266 1824.877020263672 986.2394989013671 0.7367234002976191 
183 1719.2366455078125 908.5382507324218 1826.2130615234375 968.5951721191407 0.24930826822916666 1771.4977233886718 919.2214202880859 1825.9242736816407 986.7854766845703 0.7402576264880952 
184 1783.8211791992187 909.736703491211 1821.4351684570313 968.0382598876953 0.21932547433035715 1771.9583251953125 915.4511474609375 1824.6178466796875 986.9175048828125 0.7464425223214286 
185 1782.9034240722656 916.7327545166015 1829.987322998047 965.6999237060547 0.23356119791666666 1771.0238342285156 912.2416809082031 1833.1745300292969 987.5758239746094 0.71337890625 
186 1658.7433349609375 905.9214080810547 1711.3628662109375 943.5067535400391 0.22660319010416666 1764.415948486328 914.3781188964844 1828.3109802246095 991.4280334472656 0.7203311011904762 
187 1650.157781982422 905.1193969726562 1702.5549865722655 951.9025756835938 0.3151448567708333 1761.3578369140625 914.4040405273438 1823.1116455078125 992.9997680664062 0.7199125744047619 
188 1672.8850219726562 913.8922882080078 1724.8034545898438 960.2480316162109 0.22505696614583334 1759.6772888183593 919.6689270019531 1813.4500305175782 990.1296569824219 0.7505115327380952 
189 1646.2839965820312 906.3211639404296 1703.6112670898438 954.4020416259766 0.23185221354166666 1755.8174621582032 921.8265655517578 1813.1445739746093 995.797152709961 0.7827613467261905 
190 1664.2541381835938 912.3773345947266 1729.6181762695312 932.9203338623047 0.19785853794642858 1757.2722412109374 925.2346282958985 1813.2985595703126 996.2013458251953 0.7717168898809523 
191 1754.5068725585938 926.9279205322266 1812.6098266601562 1001.8995330810546 0.8230794270833334 
192 1753.9541076660157 930.7115539550781 1810.1837097167968 1003.8100524902344 0.83447265625 
193 1754.069354248047 933.5806457519532 1812.3438537597656 1005.0138366699218 0.8348446800595238 
194 1754.1930236816406 932.0363677978515 1810.4245300292969 1007.0117889404297 0.8377511160714286 
195 1754.1804992675782 935.4876129150391 1808.5242126464843 1006.6966522216796 0.8420293898809523 
196 1753.7344116210938 936.0407745361329 1808.2731567382812 1007.5053070068359 0.8330078125 
197 1784.0791870117187 925.7049346923828 1789.7098754882813 963.2425140380859 0.16762288411458334 1753.688165283203 933.1402923583985 1809.9945739746095 1006.3385284423828 0.8281715029761905 
198 1753.3971740722657 936.3646789550781 1809.4230163574218 1005.4632019042969 0.8482607886904762 
199 1752.6998718261718 937.0067810058594 1810.7858459472657 1008.2089172363281 0.8347749255952381 
200 1783.4774047851563 926.98154296875 1794.7340209960937 979.512841796875 0.19974190848214285 1753.7480529785157 938.021728515625 1810.0316101074218 1007.4381103515625 0.8310314360119048 
201 1786.2286560058594 922.5054504394532 1805.138165283203 973.5610778808593 0.2740478515625 1752.3371337890626 936.1057708740234 1812.8474365234374 1007.9617950439454 0.8218703497023809 
202 1784.14052734375 924.0585662841797 1801.014501953125 976.5555084228515 0.22499302455357142 1753.42109375 937.7596710205078 1811.5427734375 1009.0055267333985 0.8184988839285714 
203 1774.3526000976562 929.8838317871093 1795.0031127929688 976.8169738769532 0.23826381138392858 1752.474609375 935.5158599853515 1812.548828125 1008.7313934326172 0.8302873883928571 
204 1712.1723510742188 929.32109375 1803.0571411132812 970.9766357421875 0.2821568080357143 1753.5365783691407 935.8024993896485 1814.1263854980468 1009.6462921142578 0.8172200520833334 
205 1727.5019592285157 928.9121978759765 1799.7943054199218 974.5706512451172 0.23245675223214285 1752.0140625 937.5463134765625 1814.794287109375 1009.838818359375 0.8232654389880952 
206 1712.93369140625 932.7153594970703 1802.21474609375 976.406039428711 0.2836797805059524 1752.9712768554687 938.414111328125 1811.8588012695313 1008.699169921875 0.8217540922619048 
207 1765.5080810546874 923.2233367919922 1790.2309326171876 970.767202758789 0.21390787760416666 1752.5615173339843 939.8270935058594 1813.4176086425782 1008.2902160644531 0.8184756324404762 
208 1673.2320861816406 919.4254516601562 1796.6471862792969 963.0954223632813 0.23617117745535715 1751.8088073730469 938.2663452148438 1814.4657287597656 1008.5180786132812 0.8108258928571429 
209 1696.1833801269531 921.7468658447266 1798.4544372558594 965.3067840576172 0.2347412109375 1751.9808654785156 935.9511779785156 1812.5859069824219 1007.9197937011719 0.8047107514880952 
210 1624.28466796875 899.6717102050782 1710.971435546875 935.4770935058593 0.30187406994047616 1752.21279296875 935.9119232177734 1810.632177734375 1009.4072296142579 0.8002697172619048 
211 1689.2306091308594 921.9395416259765 1798.029278564453 952.4794647216797 0.2840459914434524 1752.2193176269532 934.493212890625 1811.3904235839843 1008.9343994140625 0.7609281994047619 
212 1632.7078857421875 898.9088470458985 1710.5396728515625 931.1805694580078 0.35646856398809523 1750.8428039550781 933.0788482666015 1817.2845153808594 1010.9107147216797 0.7725539434523809 
213 1633.7511596679688 911.889111328125 1781.4785766601562 942.1921875 0.33271716889880953 1752.632305908203 934.3250213623047 1817.0262634277344 1010.082632446289 0.7699265252976191 
214 1624.2793212890624 904.5685394287109 1751.0343994140626 931.0546905517579 0.3337518601190476 1752.7080139160157 935.4932556152344 1813.2476745605468 1009.2760314941406 0.7995489211309523 
215 1636.8455749511718 907.8869873046875 1798.0009826660157 941.6171630859375 0.41255115327380953 1753.9643188476562 931.5269470214844 1812.0552124023438 1010.2307434082031 0.7862258184523809 
216 1640.1134765625 908.4871551513672 1795.192431640625 943.5645416259765 0.4573451450892857 1752.8012329101562 928.0850250244141 1817.4175170898438 1014.8553436279296 0.78271484375 
217 1654.6870239257812 913.6678527832031 1803.8420288085938 941.9883972167969 0.4870721726190476 1751.63056640625 928.917367553711 1815.823779296875 1013.8790802001953 0.7814127604166666 
218 1649.6077819824218 914.5436187744141 1789.5080627441407 945.2066864013672 0.4407552083333333 1751.7689270019532 932.1601287841797 1811.1787048339843 1014.5672271728515 0.7927827380952381 
219 1647.2245544433595 915.5804626464844 1790.485284423828 946.1426818847656 0.48320079985119047 1752.2090209960938 931.8901306152344 1813.3334594726562 1012.1160949707031 0.7794828869047619 
220 1698.119970703125 924.5436614990234 1805.19033203125 953.2232452392578 0.5663364955357143 1753.1994323730469 933.2945983886718 1816.2943420410156 1013.5973693847657 0.7557431175595238 
221 1652.0632080078126 917.4733764648438 1776.1484619140624 949.9264038085937 0.4531366257440476 1753.7543518066407 932.5251068115234 1811.0243347167968 1012.7032257080078 0.7659505208333334 
222 1677.59921875 917.3464385986329 1786.148583984375 948.3605316162109 0.459716796875 1755.4327270507813 934.3445770263672 1809.7074096679687 1011.879849243164 0.7593238467261905 
223 1679.3821533203125 921.9898834228516 1788.2089111328125 955.0266571044922 0.475830078125 1753.5278381347657 931.5570709228516 1815.7147155761718 1011.2338836669921 0.7433035714285714 
224 1702.3227172851562 915.9923858642578 1794.7607788085938 948.7308197021484 0.48621186755952384 1755.6523498535157 931.1764709472657 1809.5745788574218 1012.0597351074218 0.7643461681547619 
225 1665.0047607421875 911.5651031494141 1782.3094482421875 946.1795867919922 0.42045665922619047 1754.721435546875 933.3101013183593 1812.412109375 1010.2311584472657 0.7606956845238095 
226 1688.5150573730468 911.1319976806641 1798.7438537597657 944.0072235107422 0.5474795386904762 1754.2656616210938 932.5529327392578 1810.3468872070312 1011.8403167724609 0.7798084077380952 
227 1689.9153137207031 912.8082458496094 1790.5518493652344 947.6440246582031 0.5071149553571429 1754.5996887207032 926.5788177490234 1810.7239196777343 1009.7974639892578 0.7753673735119048 
228 1670.4107971191406 911.4499267578125 1788.6208190917969 946.3315673828125 0.4122721354166667 1752.9192504882812 923.3007202148438 1814.9310913085938 1010.5048217773438 0.7563244047619048 
229 1639.5614440917968 914.6521057128906 1790.1645080566407 945.5450378417969 0.36318824404761907 1752.0681213378907 920.0732177734375 1815.7847839355468 1006.959619140625 0.7626255580357143 
230 1641.7005249023437 906.5743957519531 1786.7987426757813 946.6673034667969 0.3167201450892857 1754.636279296875 919.1309326171875 1811.91181640625 1003.1351806640625 0.7660667782738095 
231 1632.905987548828 895.5989776611328 1752.6515075683594 937.4148773193359 0.3559686569940476 1753.9673706054687 918.7731658935547 1812.8898071289063 1000.5042388916015 0.7402808779761905 
232 1623.7304260253907 892.4125244140625 1722.8885925292968 926.7365234375 0.38227771577380953 1756.1858520507812 916.6886688232422 1813.3925170898438 994.8710845947265 0.7203311011904762 
233 1629.2689086914063 894.53291015625 1724.4066284179687 934.490771484375 0.4011346726190476 1755.1435119628907 918.3905364990235 1812.2262390136718 992.5980499267578 0.7206333705357143 
234 1635.660626220703 904.7545654296875 1751.9720642089844 944.7962158203125 0.43896484375 1753.952215576172 920.3018615722656 1811.1545959472655 990.8514587402344 0.7182849702380952 
235 1645.991943359375 906.2256286621093 1754.993896484375 946.3842346191407 0.4471958705357143 1756.6120910644531 916.9639709472656 1812.0691833496094 991.5443298339844 0.7056129092261905 
236 1646.2208251953125 906.2874603271484 1753.1820068359375 946.3979034423828 0.41562034970238093 1753.3288208007812 918.9230133056641 1810.6294311523438 989.5937713623047 0.7241675967261905 
237 1649.243475341797 909.8838012695312 1755.9290100097655 946.0806762695313 0.4284551711309524 1752.9248779296875 921.0213043212891 1811.9828369140625 987.6997039794921 0.7220284598214286 
238 1658.7421997070312 909.9283569335937 1757.4968139648438 949.8100463867188 0.45300874255952384 1754.1369262695312 919.5701080322266 1811.1106323242188 989.8377899169922 0.7311895461309523 
239 1643.621044921875 909.4305084228515 1751.803515625 947.3892547607422 0.4411737351190476 1752.9714721679688 920.3071136474609 1811.8075805664062 990.5308380126953 0.7240048363095238 
240 1636.006524658203 907.5375305175781 1746.0617126464845 943.5901550292969 0.4442661830357143 1752.8490051269532 921.5498992919922 1811.6716247558593 987.9624908447265 0.7384672619047619 
241 1649.6956481933594 908.933218383789 1753.6948547363281 946.7510467529297 0.45040457589285715 1753.840313720703 921.2239685058594 1812.4579040527344 991.1870422363281 0.7459309895833334 
242 1631.6717468261718 903.4000549316406 1741.7697814941407 939.4666442871094 0.4296061197916667 1751.4800354003905 921.5793487548829 1810.325506591797 989.9160736083984 0.7343982514880952 
243 1646.4211364746093 905.7394989013671 1752.5138000488282 947.4187652587891 0.41188848586309523 1752.4408752441407 919.9483215332032 1811.1708190917968 990.0453308105468 0.7493489583333334 
244 1653.156884765625 909.4935607910156 1757.847509765625 947.5628356933594 0.3914155505952381 1750.453271484375 920.4018676757812 1811.364111328125 990.8300659179688 0.7373511904761905 
245 1648.0465515136718 909.0725677490234 1756.5456115722657 945.2388946533204 0.3878696986607143 1750.176202392578 919.7614379882813 1811.0878356933595 990.1905883789062 0.7281901041666666 
246 1635.9448608398438 902.8456329345703 1746.2477661132812 944.684701538086 0.4048549107142857 1749.9050720214843 921.7170776367187 1810.7617980957032 990.1809936523438 0.7509998139880952 
247 1656.8687316894532 913.3095520019531 1761.2700622558593 949.3755065917969 0.3897181919642857 1749.2967407226563 921.0483917236328 1811.9376342773437 991.282113647461 0.7483491443452381 
248 1651.2381774902344 909.1757629394531 1761.296856689453 947.1269714355469 0.37632533482142855 1753.2686401367187 920.0502319335938 1813.9906372070313 990.2600708007812 0.7215401785714286 
249 1696.1496948242188 923.2171447753906 1772.0641723632812 955.4808532714844 0.48244512648809523 1752.1366638183595 919.8593933105469 1810.970391845703 993.8760803222656 0.7261672247023809 
250 1689.254327392578 923.9112274169922 1772.4811462402345 954.175503540039 0.4921061197916667 1756.1122314453125 918.6731750488282 1814.7493408203125 994.3339050292968 0.7041480654761905 
251 1696.9509216308593 927.3144836425781 1772.3875793457032 961.2609558105469 0.5367489769345238 1758.6058471679687 918.3926544189453 1815.1834594726563 991.9433441162109 0.7181454613095238 
252 1701.7210205078125 924.1819885253906 1770.4464599609375 955.7585632324219 0.5356794084821429 1755.444024658203 922.7531860351562 1816.7396911621095 991.4786254882813 0.7529296875 
253 1706.2942687988282 927.2416015625 1767.8520935058593 958.95322265625 0.5229259672619048 1753.2159606933594 919.8517425537109 1818.504620361328 990.7365753173829 0.7411411830357143 
254 1666.5642639160155 922.2107818603515 1753.609197998047 952.4872772216797 0.4292573474702381 1751.134698486328 924.1030487060547 1811.6876892089845 988.4405914306641 0.7224934895833334 
255 1675.0375366210938 925.9102172851562 1763.8682250976562 958.0404663085938 0.4336053757440476 1752.4554626464844 923.2205810546875 1812.935772705078 991.2611083984375 0.7278413318452381 
256 1693.4378845214844 928.0785247802735 1768.765362548828 958.2095001220703 0.46437872023809523 1752.9031372070312 923.95 1815.0482788085938 989.8615234375 0.7141229538690477 
257 1679.7000549316406 929.1635131835938 1776.152850341797 961.3143920898438 0.3918340773809524 1756.5858276367187 918.7616912841797 1817.1053344726563 990.6285064697265 0.6881975446428571 
258 1685.8946533203125 929.8217895507812 1778.1705322265625 969.3686401367188 0.36376953125 1754.5583068847657 918.667593383789 1816.7032897949218 992.1116424560547 0.6971493675595238 
259 1690.0411254882813 929.6131042480469 1768.8114135742187 961.4962707519531 0.4497651599702381 1751.1386657714843 924.0587738037109 1813.0294250488282 991.5761749267579 0.7211216517857143 
260 1696.6143981933594 929.776577758789 1771.941876220703 961.7907440185547 0.47236560639880953 1753.1824157714843 922.7508361816406 1815.3277160644532 990.5455505371094 0.6861514136904762 
261 1697.0765014648437 929.4101135253907 1772.5885375976563 963.3905456542968 0.4616001674107143 1752.5488342285157 920.4793823242187 1812.9583679199218 994.1036254882813 0.7180292038690477 
262 1694.225848388672 930.0301940917968 1772.9778869628906 960.0309631347657 0.43917410714285715 1755.5255981445312 920.9434234619141 1815.5271362304688 992.1953094482421 0.6932896205357143 
263 1686.8201110839843 922.7537689208984 1786.8545715332032 966.1649932861328 0.31553431919642855 1758.6154479980469 924.0604766845703 1815.2389221191406 993.895883178711 0.7062872023809523 
264 1689.7270874023438 925.3494384765625 1767.7616821289062 965.318408203125 0.41672479538690477 1759.928955078125 923.519418334961 1813.220703125 992.0375274658203 0.7257486979166666 
265 1689.2773559570312 926.8743865966796 1776.2158081054688 968.4536773681641 0.3493768601190476 1756.516583251953 923.6032897949219 1815.1056091308594 993.5320861816406 0.7535342261904762 
266 1687.5382751464845 923.8691589355469 1780.608087158203 965.6556213378906 0.35202752976190477 1760.5915161132812 921.6045684814453 1815.6736206054688 995.6805267333984 0.7333519345238095 
267 1683.4267883300781 919.1824401855469 1793.8704528808594 972.5000549316406 0.25973074776785715 1760.9132080078125 919.6950714111329 1821.8475341796875 993.9589202880859 0.7218656994047619 
268 1646.4335021972656 918.024560546875 1798.5146179199219 967.4509033203125 0.23892647879464285 1761.810498046875 921.0222839355469 1826.444873046875 995.1617980957031 0.6982421875 
269 1643.9593688964844 916.9842224121094 1796.674298095703 954.6916809082031 0.24998837425595238 1762.9552307128906 919.8848449707032 1827.0578308105469 995.2996032714843 0.7278180803571429 
270 1647.3898498535157 908.6588134765625 1718.2882507324218 940.37646484375 0.38090587797619047 1762.8508850097655 915.9782592773438 1828.151922607422 996.2053344726562 0.7432803199404762 
271 1653.64228515625 908.3464904785156 1719.31767578125 936.4931091308594 0.41077241443452384 1762.6924438476562 915.4913696289062 1833.9972534179688 994.3019653320313 0.7189825148809523 
272 1684.5146911621093 920.2713653564454 1788.1197082519532 954.1784027099609 0.31802222842261907 1760.0810607910157 918.1702484130859 1824.1278015136718 995.4030548095703 0.7154017857142857 
273 1633.471746826172 908.7288970947266 1800.4155822753905 942.8765106201172 0.25772530691964285 1766.1950073242188 920.1844146728515 1832.5930786132812 994.1708709716797 0.7505347842261905 
274 1681.9564697265625 917.5637847900391 1800.2456787109375 965.2611053466796 0.29553803943452384 1763.7756713867188 915.2890441894531 1834.3676391601562 995.4204284667969 0.7099144345238095 
275 1667.7831176757813 912.9213623046875 1793.1775756835937 950.9197021484375 0.30380394345238093 1761.828875732422 918.548062133789 1832.1258361816406 996.4446746826172 0.7167038690476191 
276 1634.0946105957032 878.5724090576172 1731.1142517089843 924.2287994384766 0.46349516369047616 1765.502911376953 917.2778961181641 1839.6944763183594 995.2741668701171 0.7274460565476191 
277 1634.3928100585938 872.7385833740234 1731.2317016601562 916.4110137939454 0.4165620349702381 1763.8764343261719 916.7761444091797 1839.8285217285156 996.5257965087891 0.7242140997023809 
278 1635.2602294921876 875.4864501953125 1737.7888427734374 921.0546875 0.42275855654761907 1763.932196044922 917.0382354736328 1839.8792053222655 994.884066772461 0.7262602306547619 
279 1631.2757934570313 879.4352447509766 1741.3152709960937 923.0716522216796 0.47887602306547616 1764.08212890625 916.1394653320312 1836.176904296875 995.8231811523438 0.7282366071428571 
280 1626.861572265625 877.4845581054688 1740.79248046875 921.1580200195312 0.5387369791666666 1765.8426330566406 915.6805786132812 1839.897723388672 995.4322143554688 0.7273763020833334 
281 1634.6025146484376 890.2487182617188 1751.9941650390624 930.0104370117188 0.39497302827380953 1763.4275024414062 916.0282928466797 1837.2707397460938 997.4451568603515 0.7220284598214286 
282 1632.626239013672 891.3771606445313 1748.5691955566406 933.1926635742187 0.40856352306547616 1764.4328491210938 916.4518676757813 1840.4609497070312 994.3807739257812 0.7215866815476191 
283 1634.4997253417969 896.4916625976563 1753.9078674316406 938.1897338867187 0.3234747023809524 1763.4575805664062 916.9033233642579 1839.2723999023438 996.5087249755859 0.7279808407738095 
284 1636.01552734375 894.6258911132812 1744.752783203125 936.5946899414063 0.3860560825892857 1763.4626220703126 918.1049163818359 1835.9541259765624 998.2271759033204 0.7181454613095238 
285 1633.3040405273437 897.4660400390625 1737.3805297851563 935.3120361328125 0.40516880580357145 1763.4359558105468 917.4079376220703 1837.2355529785157 996.8844818115234 0.7169363839285714 
286 1640.518621826172 912.5592193603516 1823.7219787597655 948.4445037841797 0.2830810546875 1765.245166015625 917.9347717285157 1837.015576171875 995.3712585449218 0.7256091889880952 
287 1636.7105407714844 915.9595642089844 1826.2571105957031 942.2333068847656 0.30226934523809523 1763.5320556640625 917.3309326171875 1842.3534423828125 994.275634765625 0.7087053571428571 
288 1713.279278564453 916.3293182373047 1837.6522399902344 963.4402740478515 0.2833251953125 1762.854541015625 918.431201171875 1834.4630859375 997.577587890625 0.7096586681547619 
289 1714.8821533203125 929.7145690917969 1836.8866455078125 961.6234436035156 0.31384858630952384 1765.7053100585938 920.6184173583985 1835.1540649414062 993.8210968017578 0.7073800223214286 
290 1730.2479675292968 926.5261444091797 1845.5580627441407 970.0037017822266 0.33384486607142855 1764.3466491699219 921.8003234863281 1836.1791076660156 993.6327819824219 0.70947265625 
291 1719.3828674316405 919.6146392822266 1828.600164794922 972.3402557373047 0.28451683407738093 1764.503759765625 920.5561981201172 1834.176904296875 990.2292633056641 0.7265392485119048 
292 1732.0649536132812 923.8123291015625 1842.8388549804688 976.3829833984375 0.34347098214285715 1762.6107971191407 916.6633453369141 1833.9567077636718 993.6417694091797 0.7202845982142857 
293 1729.4488342285156 925.0946533203125 1827.923358154297 976.2256591796875 0.328857421875 1762.5165161132813 919.5591033935547 1826.9036499023437 993.4149566650391 0.7217261904761905 
294 1662.0291259765625 923.7974884033204 1813.9025146484375 968.7970550537109 0.24941289992559523 1759.7444641113282 920.3359893798828 1827.2436950683593 995.3352142333985 0.7337704613095238 
295 1637.915106201172 919.9631042480469 1809.3816467285155 966.5572814941406 0.21076892671130953 1757.913037109375 919.6046539306641 1821.2810546875 994.1554168701172 0.7466982886904762 
296 1642.928271484375 913.4930450439454 1768.050732421875 955.8139007568359 0.2614862351190476 1753.8966918945312 918.3762359619141 1812.7778686523438 991.9777069091797 0.7669270833333334 
297 1651.2148376464843 931.2846282958984 1676.7589172363282 934.9338165283203 0.17360723586309523 1748.268621826172 917.2494049072266 1808.4797912597655 993.8818817138672 0.7615327380952381 
298 1645.0810302734376 916.4164520263672 1782.4201904296874 952.5583404541015 0.21652948288690477 1743.637255859375 916.9725006103515 1797.850048828125 996.4845916748047 0.7957356770833334 
299 1746.0208251953125 919.9935760498047 1747.8387939453125 938.1728668212891 0.17661249069940477 1737.141015625 914.8194610595704 1791.67880859375 1002.0801361083984 0.8046875 
