0 2001.1561157226563 512.6269256591797 2272.898327636719 760.106411743164 0.8446103050595238 1989.0247436523437 277.2788116455078 2236.5043090820313 461.6752899169922 0.8151971726190477 
1 1999.350537109375 505.1846221923828 2281.252490234375 762.3584075927735 0.8430292038690477 1988.6983337402344 287.1955810546875 2231.035186767578 455.3476928710937 0.8161737351190477 
2 2002.3558349609375 508.20814819335936 2271.0679931640625 762.2634094238281 0.8430757068452381 1990.7053771972655 283.65495147705076 2230.103582763672 464.4249740600586 0.8065011160714286 
3 2005.6455810546875 514.6085998535157 2280.6381103515623 769.9587829589843 0.8489350818452381 1994.5023132324218 290.61066284179685 2235.1208557128907 457.57036743164065 0.8153599330357143 
4 2005.7992553710938 511.7438232421875 2272.0945434570312 763.2449462890625 0.8493768601190477 1993.4708312988282 285.6582962036133 2235.1091247558593 458.2571395874023 0.8279157366071429 
5 2007.2962585449218 507.55385131835936 2269.5158752441407 764.8257873535156 0.8406110491071429 1998.7332763671875 286.24671783447263 2236.2149658203125 449.51545867919924 0.8158947172619048 
6 2008.0104248046875 514.8752716064453 2275.0442626953127 767.073764038086 0.8364955357142857 1995.6477783203125 276.7512435913086 2237.9562255859373 449.82862091064453 0.8261951264880952 
7 2010.4115173339844 509.6726776123047 2270.7350891113283 769.9963287353515 0.8408900669642857 1997.3183837890624 269.1814559936523 2237.6171630859376 444.3992630004883 0.8295665922619048 
8 2011.1260620117187 517.6300231933594 2271.2501586914063 772.7516906738281 0.8423084077380952 2001.8909301757812 269.62711639404296 2242.0053100585938 439.70824127197267 0.8297293526785714 
9 2005.6324829101563 513.3545776367188 2266.8540893554687 769.5526489257812 0.8438662574404762 2000.802264404297 275.89804992675784 2236.906353759766 446.6967376708984 0.8154761904761905 
10 2010.4265686035155 506.69220275878905 2271.184637451172 767.4501922607421 0.8369373139880952 1997.8900146484375 270.23560028076173 2233.5753173828125 440.7312271118164 0.8150111607142857 
11 2008.7247497558594 512.3739227294922 2269.6196105957033 763.2341705322266 0.8461216517857143 1996.181817626953 265.7589370727539 2231.9904235839845 446.3783615112305 0.8288225446428571 
12 2005.7320861816406 507.6396118164063 2271.195037841797 768.0937866210937 0.8395182291666666 1998.2190246582031 271.4585678100586 2228.6206970214844 441.7555130004883 0.8060825892857143 
13 2010.7359802246094 507.73253479003904 2279.8954895019533 771.9077850341797 0.8461216517857143 1995.5909484863282 273.2722625732422 2229.8596130371093 442.74317932128906 0.8127557663690477 
14 2008.6943969726562 504.5756866455078 2263.5988159179688 764.4783294677734 0.8285202752976191 1991.7777038574218 268.3180923461914 2226.6897033691407 443.25255584716797 0.8048502604166666 
15 2002.878594970703 506.2843475341797 2262.0402282714845 765.4460601806641 0.8427734375 1990.4189392089843 266.2914520263672 2224.661260986328 445.71105041503904 0.8082914806547619 
16 2001.3997192382812 504.7280242919922 2268.1298217773438 766.5186187744141 0.8356817336309523 1990.1909118652343 268.5845489501953 2222.344854736328 436.5256805419922 0.7904808407738095 
17 1994.6061889648438 520.4619384765625 2271.4233520507814 775.9855712890625 0.7539527529761905 1979.0454040527343 284.59393615722655 2248.764776611328 454.94305114746095 0.7448149181547619 
18 1997.7256103515624 504.67897033691406 2266.2016357421876 763.3923797607422 0.8290318080357143 1990.4034851074218 278.82108612060546 2224.7099182128904 444.7881362915039 0.7896902901785714 
19 1973.80546875 523.4777893066406 2267.74384765625 768.4263854980469 0.7167503720238095 1994.8011169433594 280.1442611694336 2246.748321533203 441.11046905517577 0.7463030133928571 
20 1995.7639038085938 495.9470550537109 2260.5966918945314 769.9121368408203 0.6081891741071429 1988.7391052246094 273.0869842529297 2253.572052001953 469.4286407470703 0.47163318452380953 
21 1979.5587524414063 526.0586120605469 2272.1441284179687 769.8798645019531 0.7467680431547619 1997.5104187011718 290.0074523925781 2227.3988830566404 443.26653442382815 0.7529064360119048 
22 1957.6165954589844 521.5403778076172 2274.1867492675783 760.7266510009765 0.7532087053571429 1977.9095764160156 285.3304611206055 2259.305145263672 461.2027114868164 0.7265392485119048 
23 1990.6330200195312 505.1385467529297 2264.585485839844 760.8274566650391 0.6696893601190477 1985.1890991210937 267.71305084228516 2245.443957519531 450.34801483154297 0.6029110863095238 
24 1987.4969116210937 500.5264465332031 2266.0355590820313 765.3663757324218 0.6766880580357143 1985.0381958007813 267.12306518554686 2254.444470214844 454.33750610351564 0.560302734375 
25 1988.900323486328 500.558544921875 2262.8900817871095 765.4154541015625 0.6800130208333334 1982.9287048339843 262.5737030029297 2247.785772705078 458.9331329345703 0.5486188616071429 
26 1992.4983154296874 507.9174468994141 2269.2770751953126 757.0182830810547 0.8501441592261905 1989.6595458984375 257.39721527099607 2229.5343017578125 432.6904006958008 0.8347516741071429 
27 1997.6785888671875 512.3714813232422 2265.6734619140625 757.2633453369141 0.8474469866071429 1990.2144958496094 253.2624740600586 2230.4858215332033 433.4658889770508 0.8327287946428571 
28 1969.6578002929687 524.8757263183594 2279.5538696289063 772.7924865722656 0.7211449032738095 1982.1066040039063 269.54270324707034 2230.0235229492187 434.8205169677734 0.7200288318452381 
29 1987.5700378417969 509.58062438964845 2267.8309631347656 762.2750274658204 0.8526785714285714 1988.8070007324218 253.5288101196289 2227.7180236816407 428.11764373779295 0.8343563988095238 
30 1989.0357666015625 509.0583831787109 2267.5487060546875 764.7422149658203 0.8564220610119048 1990.7919006347656 251.0915771484375 2223.646942138672 429.1571411132812 0.8371930803571429 
31 1955.6777893066405 525.0327819824219 2291.179510498047 776.6591125488281 0.7614629836309523 1986.8621704101563 254.31934967041016 2238.488659667969 429.05989227294924 0.7236560639880952 
32 1992.6417846679688 509.5880126953125 2272.7622680664062 771.3399658203125 0.8649321056547619 1990.8755798339844 247.65951843261718 2225.074737548828 422.1607940673828 0.8408668154761905 
33 1973.727117919922 518.5437286376953 2270.2329650878905 779.7511322021485 0.7479771205357143 1989.4756896972656 246.74683380126953 2243.6233093261717 416.17867279052734 0.7370954241071429 
34 1972.9245300292969 515.8253479003906 2271.2635803222656 771.5446472167969 0.7457449776785714 1994.2343872070312 246.99221954345703 2249.9538452148436 417.4717391967773 0.7287946428571429 
35 1968.7021484375 521.6816711425781 2273.7958984375 777.1089782714844 0.7402576264880952 1996.2643127441406 248.51627349853516 2251.691619873047 411.7059860229492 0.7198428199404762 
36 1995.0974731445312 509.5836456298828 2274.5228881835938 774.8011810302735 0.8454008556547619 1996.3724426269532 236.35138549804688 2233.1738220214843 406.84832153320315 0.8347516741071429 
37 1999.6000915527343 512.5004760742188 2272.817022705078 771.5854614257812 0.8415643601190477 1996.157666015625 232.94241943359376 2236.399951171875 402.52529296875 0.828125 
38 1995.0864379882812 505.24025573730466 2270.1535522460936 770.8223052978516 0.8458891369047619 1999.46416015625 227.98430099487305 2236.591015625 398.7156044006348 0.8241489955357143 
39 2001.2051025390624 506.07920532226564 2268.0116943359376 772.8856384277344 0.8437034970238095 2000.8450805664063 226.31050186157228 2239.566784667969 390.1390068054199 0.8187081473214286 
40 2002.1680419921875 503.54213562011716 2269.3275634765623 770.7015777587891 0.8308686755952381 2002.3483825683593 227.54950637817382 2236.698614501953 386.9077537536621 0.8193359375 
41 2000.2910400390624 508.0959533691406 2260.3119873046876 768.1170593261719 0.8333798363095238 1999.381787109375 224.43651657104493 2235.764697265625 389.9045021057129 0.8189871651785714 
42 2001.683642578125 503.4038391113281 2262.131787109375 768.5874938964844 0.83203125 2000.7728942871095 228.20294647216798 2237.544122314453 384.47188873291014 0.8196149553571429 
43 2004.5301879882813 513.0990661621094 2260.3626342773437 759.2775207519531 0.8408435639880952 2003.6020080566407 229.7896255493164 2235.299237060547 389.081559753418 0.8112676711309523 
44 2000.4793029785155 506.80864868164065 2268.321356201172 765.0847839355469 0.8391229538690477 2000.1114868164063 227.7453300476074 2239.2559448242187 385.58073501586915 0.8068963913690477 
45 2002.5281127929688 504.1239837646484 2263.778283691406 755.6983428955078 0.8503999255952381 1997.8762512207031 223.8940773010254 2234.9366149902344 388.38496017456055 0.8252418154761905 
46 2002.0044555664062 499.9977722167969 2269.9469604492188 748.8013000488281 0.8472609747023809 1997.4039367675782 221.74994201660155 2241.4226013183593 393.99859313964845 0.8138253348214286 
47 2004.9586181640625 493.54278259277345 2270.3699951171875 744.4772979736329 0.8482375372023809 2000.3185913085938 220.8928321838379 2241.6015747070314 389.7910514831543 0.8118257068452381 
48 2002.1429809570313 475.68060913085935 2267.5984741210937 736.3095031738281 0.8435872395833334 1997.5022094726562 223.77648391723633 2238.8251831054686 383.04967269897463 0.7975725446428571 
49 2004.2740417480468 464.00914306640624 2264.4941467285157 729.0482299804687 0.8445638020833334 2007.0541687011719 208.23714752197264 2243.1798400878906 376.8983810424805 0.7930850074404762 
50 2005.5239013671876 472.4229766845703 2272.1552978515624 725.0210540771484 0.7406296502976191 1985.5535400390625 218.47557678222657 2238.1515380859373 379.85767517089846 0.7037062872023809 
51 2020.7060302734376 438.6182495117188 2266.1997314453124 708.1797241210937 0.8070824032738095 2011.2641357421876 214.9710838317871 2242.3169189453124 369.00622634887696 0.7608816964285714 
52 2025.9134643554687 462.00021209716795 2264.211779785156 714.3158584594727 0.7263299851190477 2009.7393920898437 212.1106300354004 2248.037707519531 387.3298454284668 0.7133324032738095 
53 2022.171044921875 453.10805358886716 2266.414892578125 704.3301177978516 0.7364676339285714 2006.067041015625 205.10674133300782 2250.310888671875 372.58814392089846 0.7116582961309523 
54 2013.4078491210937 440.8848022460937 2249.414660644531 690.7742553710938 0.7403506324404762 1997.3892944335937 236.11422424316407 2233.396105957031 409.6485931396484 0.7135416666666666 
55 2019.3645935058594 456.25500946044923 2261.257110595703 691.236476135254 0.7642299107142857 2020.9594787597657 229.51384811401368 2249.029656982422 402.29433364868163 0.7029622395833334 
56 2013.3296020507812 450.34716033935547 2257.4836303710936 687.5255508422852 0.7374209449404762 1993.4752807617188 243.75511932373047 2223.6777954101562 411.1751480102539 0.7042178199404762 
57 2015.5581298828124 438.8893981933594 2252.5116943359376 689.7816223144531 0.7437220982142857 2010.1971496582032 227.1320770263672 2247.1508728027343 408.3320343017578 0.7137044270833334 
58 2000.7647338867187 438.58935394287107 2252.0211547851563 682.866487121582 0.7413969494047619 2013.9180725097656 227.3298469543457 2244.2365905761717 394.8342002868652 0.7258184523809523 
59 2013.0407836914062 452.92274017333983 2251.4628784179686 684.3325393676757 0.7544177827380952 2008.4556030273438 233.64981384277343 2239.865441894531 401.9478424072266 0.74560546875 
60 1995.6845581054688 473.7159896850586 2261.5075805664064 697.5669998168945 0.7137741815476191 2008.8680847167968 231.83850021362304 2253.7052795410154 406.7221229553223 0.7383045014880952 
61 2008.2722045898438 473.1784698486328 2259.8447387695314 703.7866790771484 0.7426292782738095 2009.0785278320313 226.17505340576173 2253.6629272460937 407.8663589477539 0.7456287202380952 
62 2012.3252075195312 478.1851776123047 2256.7140991210936 701.6264068603516 0.7311662946428571 2018.5021057128906 231.3792869567871 2255.908416748047 405.94274978637696 0.7437220982142857 
63 2018.187481689453 478.9864135742188 2262.099505615234 708.9607299804687 0.7411644345238095 2013.6308715820312 239.6309356689453 2250.5739624023436 406.8849334716797 0.7503255208333334 
64 2000.7785949707031 486.1337585449219 2258.2466735839844 708.8087463378906 0.7529529389880952 2001.5815124511719 228.66576614379883 2252.0909729003906 409.58922348022463 0.7346307663690477 
65 2011.4771606445313 492.60010986328126 2254.858044433594 708.1658813476563 0.7432105654761905 2000.7791625976563 218.46243286132812 2244.160046386719 399.2595520019531 0.7321893601190477 
66 2005.7932006835938 479.98275604248045 2252.0971801757814 705.1748672485352 0.7318638392857143 2012.0185302734376 220.41643600463868 2251.2851806640624 396.3477394104004 0.7402808779761905 
67 1999.9866271972655 481.8057373046875 2252.740301513672 706.475634765625 0.7357235863095238 2005.3872619628905 212.0398147583008 2258.140936279297 387.5631820678711 0.7228190104166666 
68 2002.49658203125 472.4434524536133 2254.37158203125 703.3288558959961 0.7457217261904762 2003.3038940429688 219.76114654541016 2248.1821899414062 401.67089080810547 0.7328404017857143 
69 2001.3144165039062 474.0814453125 2252.694616699219 697.53037109375 0.7341424851190477 1996.7488159179688 227.2670669555664 2241.145959472656 401.83654022216797 0.7254464285714286 
70 1996.9880310058593 472.6328689575195 2248.857794189453 696.5171249389648 0.728515625 2002.3698669433593 209.19208679199218 2254.239630126953 384.10167541503904 0.7355375744047619 
71 1997.9957885742188 486.29516143798827 2253.8047485351562 700.621434020996 0.7335844494047619 1997.1980712890625 203.89498748779297 2259.9205810546873 376.73877105712893 0.7213076636904762 
72 1989.9587890625 481.8061828613281 2238.76533203125 696.0562438964844 0.7251674107142857 1999.7940002441405 204.82281112670898 2255.512030029297 377.6051216125488 0.72705078125 
73 1998.8576965332031 478.23585052490233 2248.4102478027344 706.9923294067382 0.74755859375 2003.3902709960937 202.0217514038086 2259.874621582031 375.3220901489258 0.7201683407738095 
74 2005.4131408691405 478.921403503418 2242.894354248047 709.4176162719726 0.7278645833333334 1997.622576904297 200.6065460205078 2256.057720947266 375.2249359130859 0.7276088169642857 
75 2005.492364501953 473.2653045654297 2242.8942321777345 710.6672515869141 0.7362583705357143 1992.333184814453 195.04309692382813 2250.6823181152345 376.58574829101565 0.7191917782738095 
76 2003.5729248046875 466.1325653076172 2241.6614501953127 704.2210113525391 0.73974609375 1999.5329956054688 194.1084228515625 2272.634240722656 362.1708740234375 0.71337890625 
77 2002.2586791992187 465.5817474365234 2247.177600097656 710.5005889892578 0.7452799479166666 1999.8364135742188 194.5561279296875 2265.7483032226564 362.5005126953125 0.7106817336309523 
78 2011.1165832519532 473.2453582763672 2248.4321228027343 710.5609771728516 0.7367931547619048 1998.767559814453 191.3659194946289 2250.042864990234 358.882829284668 0.7208891369047619 
79 1998.8772277832031 471.8874801635742 2250.5816345214844 709.6082778930664 0.7332124255952381 1998.0704650878906 189.52676239013672 2256.766815185547 357.32971343994143 0.7161923363095238 
80 1991.576483154297 441.8932769775391 2247.7620178222655 707.2282440185547 0.7932012648809523 2007.2362243652344 192.04206161499025 2249.6974914550783 365.88220901489257 0.7967587425595238 
81 1981.9403442382813 439.48926849365233 2257.7742553710937 706.2793167114257 0.7901785714285714 2005.9411193847657 185.56918029785157 2254.643719482422 361.9219085693359 0.8026878720238095 
82 1996.5276184082031 448.7301940917969 2253.2974548339844 705.5000305175781 0.8007114955357143 2008.6959716796875 182.08454971313478 2251.7102783203127 365.49160690307616 0.8098260788690477 
83 1994.4304321289062 478.6470672607422 2257.1767456054686 713.7359283447265 0.74365234375 2001.3448974609375 189.57288208007813 2250.2625244140627 348.60357055664065 0.7100539434523809 
84 1996.3843017578124 479.4506774902344 2245.3984130859376 707.7135070800781 0.7212146577380952 1994.7880615234376 189.46649093627929 2257.6362548828124 348.558731842041 0.6946847098214286 
85 1994.6124633789063 479.24195861816406 2250.2925659179687 714.1913299560547 0.7220982142857143 1987.7020874023438 183.42895126342773 2257.2029418945312 356.1858711242676 0.7119838169642857 
86 1998.5361755371093 467.79004058837893 2247.235919189453 709.581510925293 0.7143787202380952 2008.3672180175781 179.76599044799804 2263.9754333496094 338.6574867248535 0.7045433407738095 
87 2005.8842712402343 480.11345825195315 2249.743292236328 710.0377868652344 0.7351190476190477 2004.2764221191405 185.6067337036133 2262.070135498047 366.7592025756836 0.7094261532738095 
88 2003.6522521972656 482.2068725585938 2246.796844482422 711.4575561523437 0.7238885788690477 1984.4144348144532 180.27992477416993 2255.3471618652343 340.0607276916504 0.7047758556547619 
89 1998.3890441894532 483.3834259033203 2254.8237243652343 712.0952728271484 0.7168666294642857 2002.9206848144531 175.2355163574219 2266.2857360839844 348.50209350585936 0.6957542782738095 
90 2007.435321044922 488.7399505615234 2250.420269775391 710.8976837158203 0.7118908110119048 1994.3515075683595 180.06894226074218 2258.163751220703 346.6872222900391 0.7095424107142857 
91 2005.8379333496093 487.96348266601564 2255.699298095703 717.0029479980469 0.7276553199404762 1999.6982360839843 174.03524780273438 2256.500128173828 347.5500183105469 0.70654296875 
92 2001.0865844726563 472.02215576171875 2252.4439331054687 716.3973999023438 0.7302594866071429 2006.4575744628905 180.1146339416504 2257.814764404297 347.6861930847168 0.7062872023809523 
93 2004.8103515625 467.1110107421875 2244.1525390625 713.4927490234375 0.7260044642857143 2010.225390625 167.3916458129883 2249.567578125 336.3391586303711 0.7068219866071429 
94 2004.4457763671876 462.2230712890625 2243.6616455078124 708.4746826171875 0.7107049851190477 2002.8221435546875 168.0742218017578 2256.1094970703125 336.93243103027345 0.6910342261904762 
95 2003.4406311035157 468.9918914794922 2242.501141357422 708.0524810791015 0.7137741815476191 1990.1894775390624 152.5881118774414 2250.3437255859376 321.33678436279297 0.6973586309523809 
96 2005.6398986816407 476.59693908691406 2243.415643310547 721.3661346435547 0.7231910342261905 1998.6463684082032 167.2732147216797 2250.4091735839843 342.10837707519534 0.7077752976190477 
97 2004.493426513672 473.4624389648437 2248.386090087891 717.3549438476563 0.7204706101190477 2007.441552734375 171.4108772277832 2272.239111328125 338.65148544311523 0.7066824776785714 
98 2004.220654296875 469.9794128417969 2249.242724609375 722.0021545410157 0.7386997767857143 1991.027099609375 166.5289535522461 2257.051025390625 341.5447463989258 0.68017578125 
99 2008.737615966797 462.9751541137695 2240.4338928222655 715.7348983764648 0.7242373511904762 2011.7080993652344 164.8482795715332 2264.467803955078 333.35476913452146 0.6875465029761905 
100 2002.5892456054687 466.77491760253906 2248.847521972656 720.0690155029297 0.7047061011904762 1986.8937744140626 151.78097534179688 2275.3674560546874 320.6437072753906 0.6895461309523809 
101 2003.552392578125 466.22014770507815 2243.098974609375 719.8577331542969 0.7062639508928571 1994.0679931640625 160.82537384033202 2268.8421630859375 336.96255950927736 0.6900809151785714 
102 2005.2819519042969 486.135107421875 2248.1551818847656 722.06923828125 0.7111235119047619 2003.6805847167968 178.4066276550293 2260.4323303222654 351.88757705688477 0.6966843377976191 
103 2001.036395263672 471.49241638183594 2250.127789306641 713.6646270751953 0.7245861235119048 2010.0845581054687 170.77306594848633 2273.0143188476563 343.7532249450684 0.7069382440476191 
104 2015.3842895507812 482.0394317626953 2244.3737670898436 711.0289886474609 0.6949172247023809 1994.5671142578126 163.64247360229493 2265.1911865234374 330.1803565979004 0.6944289434523809 
105 2022.4696899414062 479.84149780273435 2245.018835449219 716.3001037597656 0.7333519345238095 2011.502703857422 166.88158569335937 2282.734722900391 333.79352416992185 0.6997302827380952 
106 2011.8722351074218 467.30767211914065 2248.1527893066404 724.4364685058594 0.7278413318452381 2014.8123718261718 167.68048553466798 2271.9411682128907 334.4667007446289 0.6908947172619048 
107 2001.7880859375 463.1601760864258 2242.3896484375 717.9149887084961 0.7271902901785714 2011.8583679199219 168.12361221313478 2259.5367736816406 337.9601737976074 0.6855933779761905 
108 2009.9736572265624 467.40453338623047 2239.7035888671876 711.0575332641602 0.6903366815476191 1988.2858093261718 160.29460525512695 2266.7465393066404 327.37096786499023 0.6859654017857143 
109 2009.40791015625 470.66718139648435 2242.8455078125 711.1787658691406 0.6808268229166666 1988.1862487792969 152.343025970459 2264.0672912597656 322.1159126281738 0.7032645089285714 
110 2003.287579345703 464.16424255371095 2236.472064208984 718.5471221923829 0.6775251116071429 1987.5246704101562 153.25188446044922 2263.1059448242186 322.8404312133789 0.7047991071428571 
111 2016.5956176757813 455.7525970458984 2250.2557006835937 724.8157012939453 0.7121698288690477 1979.83095703125 151.2864646911621 2248.894140625 321.2210578918457 0.6829427083333334 
112 2002.4161010742187 448.7724151611328 2236.7115844726563 718.5672454833984 0.7046595982142857 1999.9584594726562 170.78546447753905 2255.553503417969 341.18218688964845 0.6668061755952381 
113 2021.6008666992188 468.32708129882815 2248.186486816406 723.2357849121094 0.7084030877976191 1995.7287109375 150.50820236206056 2257.71806640625 327.52812881469725 0.7021019345238095 
114 2009.9080322265625 448.4297897338867 2251.0612060546873 725.0468032836914 0.7139136904761905 1996.540838623047 148.8977180480957 2258.9724670410155 326.21634140014646 0.7029854910714286 
115 2001.6977966308593 467.79522705078125 2242.659747314453 722.9313354492188 0.7190987723214286 1992.9752807617188 149.69278106689453 2262.2857055664062 326.8706649780273 0.6936151413690477 
116 2005.677020263672 475.3542755126953 2239.343609619141 716.101596069336 0.7187267485119048 1991.5155395507813 155.90111541748047 2253.5052124023437 332.92118072509766 0.6904529389880952 
117 2005.8076049804688 469.8876159667969 2239.1242797851564 717.3448059082032 0.7134021577380952 1998.7374084472656 151.72837677001954 2246.1945983886717 328.48350677490237 0.6895228794642857 
118 2014.865655517578 462.1552490234375 2248.6112731933595 724.2337890625 0.7019159226190477 1983.5361572265624 155.94282989501954 2252.6977294921876 333.02295989990233 0.6551571800595238 
119 1996.246533203125 464.2034393310547 2229.379443359375 718.530142211914 0.7009858630952381 1988.3667602539062 153.35963821411133 2242.6935424804688 322.91079330444336 0.6708984375 
120 2011.3650024414062 458.63782958984376 2244.0995971679686 726.6352416992188 0.7179361979166666 2002.6849243164063 149.13884201049805 2263.629772949219 325.4529090881348 0.6970331101190477 
121 2009.1994323730469 458.5039810180664 2228.1864318847656 719.875749206543 0.703125 1991.8107971191407 147.6835609436035 2267.310662841797 324.28608932495115 0.6948009672619048 
122 2008.6632446289063 469.7289520263672 2234.7950073242187 724.127066040039 0.7088913690476191 1986.6481140136718 146.29550704956054 2262.2460510253904 330.02744522094724 0.6935918898809523 
123 2021.3084899902344 462.0606201171875 2247.6467102050783 730.83720703125 0.7097749255952381 1988.391534423828 146.2208465576172 2264.2411560058595 323.04758605957034 0.6788969494047619 
124 2014.7641723632812 455.2965911865234 2248.3176147460936 731.3141876220703 0.7046595982142857 1983.4603637695313 145.52533950805665 2252.4007202148437 322.45969161987307 0.6640392485119048 
125 2001.3252319335938 470.24872436523435 2234.537805175781 717.5951477050781 0.7182849702380952 1992.6273986816407 146.79565353393554 2254.107830810547 323.4716957092285 0.6849655877976191 
126 2006.3180908203126 464.54212493896483 2245.9148193359374 725.2796829223632 0.7202613467261905 1997.6448669433594 148.24200515747071 2265.429473876953 331.462996673584 0.6876627604166666 
127 2003.5990661621095 468.96366729736326 2243.620294189453 730.1632553100586 0.7132626488095238 1994.9105712890625 142.05695495605468 2263.1695068359377 318.5431427001953 0.7016834077380952 
128 1995.961199951172 464.9634033203125 2249.635601806641 725.6841796875 0.7009626116071429 1992.7089904785157 144.07627563476564 2274.569207763672 320.2389709472656 0.6848260788690477 
129 2000.8001831054687 459.4445404052734 2233.715686035156 713.5341583251953 0.7074962797619048 1987.4983642578125 148.0761688232422 2241.5880615234373 324.52728576660155 0.6557384672619048 
130 2001.165545654297 462.61941986083986 2248.441510009766 731.0903274536133 0.6924758184523809 1969.9163452148437 147.13887405395508 2252.5174926757813 323.7644920349121 0.6609933035714286 
131 2006.5430419921875 468.25682830810547 2240.3202392578123 723.2864151000977 0.7154947916666666 1979.023748779297 144.02046585083008 2262.3899475097655 328.20852279663086 0.6887323288690477 
132 2001.9123779296874 456.46427154541016 2242.4079345703126 725.2535934448242 0.6952427455357143 1969.8099426269532 140.60955963134765 2252.7460876464843 317.44467010498045 0.6726655505952381 
133 2009.1641784667968 461.5375701904297 2242.6352600097657 730.383267211914 0.6889415922619048 1959.0956604003907 133.91582412719725 2249.165936279297 317.86290817260743 0.6890113467261905 
134 2001.743914794922 462.7776626586914 2241.770855712891 731.042985534668 0.6968936011904762 1975.134716796875 141.29369049072267 2257.519091796875 324.84366912841796 0.6730840773809523 
135 2003.5065795898438 450.3649566650391 2243.8691528320314 726.0751678466797 0.6954055059523809 1965.1681640625 141.75444412231445 2255.0173828125 311.42223739624023 0.6846400669642857 
136 2003.417706298828 452.16107482910155 2243.457659912109 720.4410369873046 0.6912667410714286 1970.561590576172 143.1503578186035 2260.0215393066405 312.5903495788574 0.6488327752976191 
137 2004.4292236328124 446.1360809326172 2237.2758544921876 721.318325805664 0.6880812872023809 1975.391339111328 142.72997665405273 2271.741351318359 319.1288642883301 0.6483212425595238 
138 2005.4100646972656 464.14310455322266 2238.430145263672 718.3470993041992 0.7097516741071429 1982.5968200683594 141.77121505737304 2272.1069152832033 318.30173721313474 0.6694800967261905 
139 2005.3488891601562 457.83897094726564 2238.3945190429686 719.1324645996094 0.7114955357142857 1977.1008666992188 141.67926940917968 2266.642541503906 318.2289337158203 0.6699683779761905 
140 2004.5361877441405 452.46024017333986 2237.263006591797 720.4487258911133 0.7000558035714286 1982.565411376953 136.73285903930665 2264.658587646484 320.0934196472168 0.67431640625 
141 2006.0760437011718 463.564192199707 2239.0266174316407 724.7510848999024 0.7140764508928571 1985.713201904297 147.5334815979004 2253.9592834472655 324.0111198425293 0.6646205357142857 
142 2005.5951538085938 470.77348175048826 2238.5017700195312 717.7955795288086 0.7127278645833334 1989.8509704589844 147.74456710815429 2265.1042297363283 324.1889198303223 0.6725492931547619 
143 2003.4840759277345 453.65822143554686 2242.781671142578 721.1086242675781 0.7022181919642857 1988.5955810546875 140.1890380859375 2263.0841064453125 309.10509033203124 0.6800595238095238 
144 1998.28037109375 459.94281311035155 2237.65810546875 720.4421356201171 0.6921502976190477 1983.3869995117188 140.9530502319336 2257.967248535156 302.88505401611326 0.6733165922619048 
145 1992.0294128417968 454.0709945678711 2238.5830139160157 714.7133377075195 0.6866164434523809 1982.5465087890625 140.32476272583008 2264.3221435546875 302.34569320678713 0.6642485119047619 
146 2014.6992248535157 460.0586990356445 2239.817742919922 720.3521591186524 0.7008231026785714 1970.324774169922 135.90943298339843 2251.7231994628905 297.71349182128904 0.6865466889880952 
147 1998.7585510253907 452.87355651855466 2238.254510498047 720.5455718994141 0.6836635044642857 1978.4393371582032 134.53894500732423 2253.1552673339843 296.5509292602539 0.6848260788690477 
148 2000.316259765625 437.5765640258789 2246.955712890625 716.7909591674804 0.7649274553571429 1999.7793212890624 124.17635879516601 2251.0722412109376 296.3585380554199 0.7956891741071429 
149 1998.3619812011718 442.7058303833008 2244.7353088378904 712.3220932006836 0.7614862351190477 2002.4741577148438 124.99494018554688 2244.198937988281 296.99151000976565 0.8015252976190477 
150 1998.275457763672 442.4464385986328 2244.8189025878905 712.248568725586 0.7616257440476191 1998.275457763672 124.51647491455078 2244.8189025878905 296.63162689208986 0.7979213169642857 
151 1996.5804077148437 437.683740234375 2247.0497192382813 715.982763671875 0.7684151785714286 2000.6835998535157 121.20779037475586 2246.514520263672 297.4638557434082 0.8015020461309523 
152 1995.9689697265626 437.2503295898438 2246.2551513671874 715.3462280273437 0.7601376488095238 1991.8687255859375 121.00535049438477 2246.7899658203123 297.13275680541994 0.7947358630952381 
153 1996.3489929199218 436.5838150024414 2242.5852111816407 715.341813659668 0.7638113839285714 1995.8128967285156 119.58590164184571 2246.695281982422 296.1326499938965 0.7898297991071429 
154 1999.173681640625 438.2767333984375 2245.222802734375 716.822998046875 0.7627650669642857 1998.1023315429688 118.48419494628907 2253.436486816406 290.2543914794922 0.8000837053571429 
155 2001.550958251953 443.3973220825195 2243.1994079589845 712.9282089233399 0.7576264880952381 2001.0147888183594 122.74852981567383 2247.3100402832033 290.04356918334963 0.7972935267857143 
156 2004.1350952148437 447.33712310791014 2246.4222778320313 717.5806930541992 0.7544177827380952 1987.1104309082032 122.25634460449218 2252.6946228027346 289.99371643066405 0.7913643973214286 
157 1999.8695373535156 447.11803436279297 2246.797332763672 717.3407363891602 0.7600911458333334 1999.3319763183595 122.59990310668945 2250.918634033203 285.665340423584 0.7948753720238095 
158 1995.7905395507812 441.3899917602539 2243.0295288085936 711.953483581543 0.7642531622023809 1974.0808471679688 116.4625862121582 2253.974084472656 279.7336875915527 0.7794596354166666 
159 1995.10341796875 443.91441650390624 2247.319921875 719.4842651367187 0.7571382068452381 1962.5882934570313 120.20073547363282 2247.4993530273437 274.33301696777346 0.7691359747023809 
160 1998.0820434570312 443.5626556396484 2245.7145874023436 719.2289093017578 0.7579520089285714 1981.0101501464844 124.94705657958984 2252.0041320800783 265.1163589477539 0.7660667782738095 
161 1997.0099304199218 443.98045806884767 2244.6718322753904 715.0066940307618 0.7646251860119048 1984.0696533203125 120.65410842895508 2250.4230224609373 265.51296005249026 0.7683686755952381 
162 1998.9764770507813 443.0108154296875 2246.4998413085937 718.5555908203125 0.7612072172619048 1966.4643676757812 119.86540451049805 2246.6794311523436 269.3134132385254 0.7650204613095238 
163 1996.6859436035156 446.84422302246094 2244.070770263672 712.8994903564453 0.7718563988095238 1992.5569213867188 119.7505714416504 2244.609338378906 264.4473197937012 0.7721121651785714 
164 2003.85361328125 445.50077056884766 2242.336328125 716.7164840698242 0.7591145833333334 1970.2213562011718 117.27214431762695 2250.7895080566404 271.5845603942871 0.7706705729166666 
165 1996.85244140625 441.42236785888673 2245.03818359375 713.021876525879 0.7674618675595238 1999.914288330078 119.9335838317871 2252.782855224609 274.4643196105957 0.7915969122023809 
166 1995.828271484375 441.940869140625 2244.014013671875 713.540576171875 0.7697172619047619 1998.3496704101562 115.76908721923829 2255.9010620117188 279.6654525756836 0.8046409970238095 
167 2002.4471923828125 442.12489929199216 2245.0806396484377 717.4204498291016 0.7601609002976191 1976.6045715332032 113.5289321899414 2256.5662048339846 281.5058883666992 0.7781575520833334 
168 2002.9662719726562 442.43892364501954 2240.648229980469 712.7439071655274 0.7643926711309523 1996.6925903320312 118.35968170166015 2257.676794433594 276.8143600463867 0.7946428571428571 
169 2002.9547302246094 442.4551071166992 2240.9980285644533 713.1710220336914 0.7667643229166666 2009.0583984375 117.88326950073242 2256.43671875 276.57878189086915 0.8069428943452381 
170 2003.4324035644531 446.71849822998047 2241.2862243652344 712.5549697875977 0.7701357886904762 2013.1188415527345 120.4319953918457 2260.300225830078 260.34594345092773 0.7936895461309523 
171 1997.7380493164062 443.96893920898435 2245.0214721679686 714.5811096191406 0.7621140252976191 2003.8392944335938 121.13650817871094 2260.4544067382812 265.7740447998047 0.78759765625 
172 1992.2663940429688 447.4441162109375 2243.988732910156 713.1509765625 0.7685546875 2006.0718017578124 120.77886276245117 2262.4555419921876 265.2860939025879 0.7935267857142857 
173 2000.5426696777345 448.7262954711914 2241.808038330078 717.8298263549805 0.7639508928571429 2017.8524169921875 112.88227615356445 2263.7574462890625 261.35318222045896 0.8093145461309523 
174 2003.0428100585937 443.70079345703124 2244.8983520507813 718.1137817382812 0.7629278273809523 2012.70263671875 114.7271713256836 2263.8603515625 263.5613418579102 0.8112909226190477 
175 1994.9134338378906 447.6627136230469 2246.9282409667967 718.3453430175781 0.7574637276785714 2008.7348205566407 113.43787689208985 2265.416424560547 262.78001861572267 0.8021065848214286 
176 1995.3189819335937 443.1443115234375 2247.747180175781 718.9455322265625 0.7591610863095238 2005.5671875 113.04583587646485 2262.6701171875 257.9583450317383 0.7974562872023809 
177 1998.6524780273437 451.70511932373046 2240.860949707031 712.5450332641601 0.76904296875 2023.7332885742187 114.54807205200196 2265.941760253906 254.28373031616212 0.7999209449404762 
178 1998.1867370605469 449.07653350830077 2243.8211975097656 713.249363708496 0.7635788690476191 2019.5772583007813 110.57166366577148 2265.211560058594 249.60999221801757 0.7975957961309523 
179 1997.4261535644532 447.73545532226564 2238.9755798339843 712.5106384277344 0.7650669642857143 2026.0119873046874 109.53076210021973 2267.5612548828126 239.595756149292 0.7893647693452381 
180 1996.0548217773437 440.7503387451172 2243.271594238281 711.289273071289 0.7805989583333334 2012.9187438964843 105.26772422790528 2269.464190673828 235.87272529602052 0.7758556547619048 
181 1998.3341186523437 483.1250305175781 2237.908312988281 722.6990661621094 0.6908714657738095 1993.7270141601562 123.49291763305663 2226.254675292969 285.5577262878418 0.6065383184523809 
182 1999.3274169921874 471.46575317382815 2238.9723876953126 718.1590026855469 0.7024972098214286 2005.5625732421875 118.77573165893554 2238.1591064453123 273.84006729125974 0.5751488095238095 
183 1990.5533081054687 467.926936340332 2245.1359008789063 729.5813339233398 0.6823846726190477 2018.5682373046875 98.56444396972657 2266.0792236328125 261.21448669433596 0.5986560639880952 
184 2014.055615234375 476.07959442138673 2255.503955078125 738.8320571899415 0.7019159226190477 2033.448046875 83.31654853820801 2296.200390625 246.6491725921631 0.6424618675595238 
185 2008.388653564453 468.65846557617186 2234.692279052734 723.2501037597656 0.6870349702380952 2013.5566650390624 75.89106674194336 2289.3642333984376 245.6188056945801 0.6041666666666666 
186 1988.113751220703 457.3221694946289 2241.839251708984 701.8212326049804 0.7666015625 2060.6826416015624 78.68566360473633 2300.5688232421876 221.6945701599121 0.7458844866071429 
187 1979.5081298828125 453.8488998413086 2254.0436279296873 700.465461730957 0.7558128720238095 2053.2426879882814 79.09195976257324 2309.1652709960936 223.33938331604003 0.7449079241071429 
188 2021.8064086914062 488.3428619384766 2246.2128784179686 726.7748748779297 0.6651088169642857 2067.1193237304688 78.09953956604004 2319.5767211914062 225.3663646697998 0.6141183035714286 
189 2022.9756469726562 489.71978454589845 2247.1383666992188 720.8876983642579 0.6559012276785714 2066.6227783203126 84.50236549377442 2332.8161865234374 231.60922966003417 0.6379743303571429 
190 2033.7495727539062 468.184814453125 2269.6554565429688 704.0906982421875 0.7426990327380952 2072.485791015625 84.8377799987793 2335.611376953125 225.47397232055664 0.7525576636904762 
191 2046.0228515625 468.4407501220703 2289.0796875 725.0007171630859 0.73046875 2081.512060546875 92.77599792480468 2347.073876953125 214.30441589355468 0.7764601934523809 
192 2050.0134033203126 475.9728713989258 2292.1618896484374 727.0898422241211 0.76025390625 2089.854248046875 91.70876045227051 2345.455322265625 235.20416526794435 0.7710193452380952 
193 2052.810888671875 477.6536178588867 2295.889306640625 729.7347183227539 0.7664853050595238 2096.2673828125 97.97378692626953 2352.8498046875 219.51287689208985 0.7687872023809523 
194 2058.6250244140624 483.1604064941406 2305.1254638671876 734.1424499511719 0.7678571428571429 2090.51494140625 98.75796356201172 2359.42451171875 215.28534088134765 0.76806640625 
195 2055.7326416015626 502.1112518310547 2317.2541748046874 756.5645904541016 0.6994047619047619 2101.675671386719 108.19795761108398 2341.992541503906 242.4927619934082 0.6334867931547619 
196 2063.4345092773438 495.055126953125 2310.9470825195312 756.71123046875 0.6998232886904762 2103.1453125 108.01093292236328 2336.51435546875 235.30306243896484 0.6428803943452381 
197 2058.436865234375 524.6419403076172 2334.745263671875 765.5262115478515 0.6818033854166666 2089.7738037109375 106.36450958251953 2330.6578369140625 240.97628021240234 0.6482282366071429 
198 2058.136022949219 525.6586791992188 2326.508264160156 772.8433959960937 0.6115373883928571 2088.5589599609375 110.33396110534667 2328.6812744140625 237.45755043029786 0.6115141369047619 
199 2050.716552734375 505.98764953613284 2318.993896484375 753.0851654052734 0.6751302083333334 2087.373815917969 124.20842819213867 2320.351525878906 244.22719497680663 0.6256742931547619 
200 2063.3022216796876 494.4849426269531 2317.9492431640624 734.9847839355468 0.6747814360119048 2089.147741699219 122.03659744262696 2308.427209472656 242.28653793334962 0.5710332961309523 
201 2078.1837768554688 465.5627899169922 2310.7349243164062 726.3018951416016 0.7017531622023809 2086.5859985351562 106.16571083068848 2340.2780151367188 240.05873832702636 0.6310221354166666 
202 2059.6780029296874 484.8635025024414 2305.7023681640626 709.8000411987305 0.6701543898809523 2092.931677246094 106.09408454895019 2331.926965332031 239.65017051696776 0.6184895833333334 
203 2065.6841430664062 466.5919357299805 2304.0846557617188 690.9690078735351 0.6795944940476191 2101.8216186523437 116.54208984375 2354.2460083007813 242.75420532226562 0.64599609375 
204 2061.9741455078124 447.87538146972656 2293.7543701171876 686.6793670654297 0.6679222470238095 2090.33876953125 115.06261901855468 2357.23740234375 241.48825378417968 0.6361374627976191 
205 2059.374951171875 418.3966796875 2290.451220703125 663.4774658203125 0.69775390625 2091.4240966796874 120.52924423217773 2371.5163330078126 239.56848831176757 0.6689453125 
206 2046.6896606445312 419.47667388916017 2278.519079589844 658.3314010620118 0.6524367559523809 2076.6814208984374 119.01688690185547 2329.5866455078126 245.4693801879883 0.6123976934523809 
207 2053.2373046875 396.17757415771484 2304.1982421875 660.3469924926758 0.7771809895833334 2097.7736328125 108.13126640319824 2344.3318359375 227.00750465393065 0.7633928571428571 
208 2057.757287597656 371.87628784179685 2286.996862792969 640.7920471191406 0.7655784970238095 2096.4159423828123 107.7081527709961 2343.2896240234377 226.7364273071289 0.7618582589285714 
209 2048.69462890625 343.51935119628905 2272.30732421875 616.0474822998046 0.7204938616071429 2083.9026489257812 123.93795852661133 2328.4794311523438 249.72019882202147 0.6556222098214286 
210 2037.871142578125 341.3561386108398 2281.599560546875 612.9393020629883 0.7292829241071429 2092.241259765625 127.08935546875 2329.006298828125 259.39910888671875 0.6454380580357143 
211 2046.6811401367188 342.03694610595704 2263.6843383789064 603.3266708374024 0.7769019717261905 2094.203747558594 105.27509422302246 2342.207629394531 233.70562629699708 0.7588820684523809 
212 2037.9379638671876 329.76160583496096 2258.6123291015624 581.3302520751953 0.7683454241071429 2089.2023071289063 102.46712837219238 2336.3575073242187 234.87167015075684 0.7368629092261905 
213 2036.5606201171875 320.74681091308594 2249.8094970703123 573.9798126220703 0.7723214285714286 2094.9988037109374 110.57364959716797 2334.9040283203126 230.5261428833008 0.7452566964285714 
214 2036.7155883789062 322.32262725830077 2248.4902221679686 581.9172103881835 0.7320033482142857 2063.5159423828127 111.33634071350097 2316.2789794921873 241.13362236022948 0.6141648065476191 
215 2037.3181762695312 334.95570068359376 2242.4061889648438 574.2252075195313 0.7245628720238095 2058.0897705078123 110.93634986877441 2311.0318115234377 240.82551383972168 0.6079334077380952 
216 2030.1335693359374 337.5340301513672 2240.3127197265626 561.2732818603515 0.7257719494047619 2073.160266113281 103.36402320861816 2317.239392089844 232.18360710144043 0.6407412574404762 
217 2024.71337890625 315.68795318603514 2222.22705078125 560.8773239135742 0.74072265625 2083.65322265625 108.22006683349609 2315.22080078125 244.43636627197264 0.6187453497023809 
218 2036.606982421875 341.1002395629883 2225.688427734375 557.1930648803711 0.7141694568452381 2075.046667480469 111.5016429901123 2291.139611816406 246.55964393615722 0.5922154017857143 
219 2036.01181640625 341.7972640991211 2224.88125 557.648323059082 0.7275855654761905 2084.0074462890625 112.45555038452149 2306.6038818359375 247.36242752075196 0.6075613839285714 
220 2037.6583374023437 338.1430419921875 2220.693957519531 555.073876953125 0.7309337797619048 2079.8975341796877 103.22146797180176 2303.6073486328123 232.02419090270996 0.6495535714285714 
221 2032.7487548828126 329.3192794799805 2220.4406982421874 557.2310440063477 0.7363746279761905 2084.0545166015627 108.88424949645996 2318.6696044921873 236.24670906066893 0.6522739955357143 
222 2031.4144165039063 340.19701080322267 2212.740612792969 555.1020309448243 0.7379324776785714 2087.982080078125 107.46929664611817 2316.318701171875 235.06917839050294 0.6487165178571429 
223 2035.8375854492188 340.2316604614258 2217.1504516601562 555.1209701538086 0.7443731398809523 2080.52001953125 107.52095756530761 2322.2705078125 235.11149635314942 0.6609468005952381 
224 2027.197216796875 323.4766510009766 2221.628466796875 558.1349822998047 0.7439081101190477 2079.2861083984376 108.93189125061035 2313.9443603515624 236.3178569793701 0.6382300967261905 
225 2026.6797485351562 335.3079864501953 2220.9767456054688 563.1041839599609 0.7375837053571429 2084.6596801757814 110.6040428161621 2312.4557983398436 231.20203323364257 0.6535993303571429 
226 2025.9840209960937 321.35447998046874 2220.940539550781 556.6468627929687 0.7299339657738095 2077.4379638671876 106.23001403808594 2319.4531494140624 233.96017150878907 0.6301385788690477 
227 2034.5982177734375 336.02613372802733 2215.3978759765623 557.0035598754882 0.7275855654761905 2085.0779052734374 110.67031478881836 2319.4479736328126 231.2034797668457 0.6776878720238095 
228 2032.9847778320313 347.7866806030273 2220.1419311523437 568.3648391723633 0.7100074404761905 2082.602099609375 116.92510757446288 2329.916943359375 243.9246696472168 0.6494838169642857 
229 2040.0384643554687 341.7598907470703 2214.060412597656 562.6339691162109 0.7158900669642857 2087.4052978515624 111.36099777221679 2341.7450927734376 231.83774795532227 0.7126348586309523 
230 2040.3910522460938 347.74168395996094 2214.1819458007812 568.3223419189453 0.7146577380952381 2096.693151855469 113.27826843261718 2317.273889160156 226.91075744628907 0.6807570684523809 
231 2029.5733520507813 336.9307586669922 2216.599743652344 564.0342681884765 0.7147739955357143 2090.97353515625 102.63394432067871 2324.7564453125 222.8652088165283 0.6905924479166666 
232 2023.7016967773438 301.5345993041992 2226.280480957031 560.1458511352539 0.7646019345238095 2084.210168457031 89.67234497070312 2308.339880371094 201.73720092773436 0.7382579985119048 
233 2017.3518188476562 301.93397827148436 2224.2641479492186 556.2637756347656 0.7767392113095238 2063.111279296875 99.99548606872558 2304.508837890625 207.76233406066893 0.7473725818452381 
234 2038.8478515625 335.8007278442383 2213.4490234375 550.6944808959961 0.7052408854166666 2027.2249755859375 112.64186248779296 2302.5577392578125 246.95045318603516 0.6821754092261905 
235 2038.7713012695312 342.31180877685546 2213.2953491210938 550.3979385375976 0.7049618675595238 2040.578564453125 114.08829193115234 2288.939501953125 241.62496490478514 0.6746186755952381 
236 2038.6624755859375 342.60549011230466 2213.1373291015625 550.6333404541016 0.7119373139880952 2022.6604736328125 113.67164916992188 2291.0831787109373 247.88316040039064 0.6735491071428571 
237 2034.580322265625 329.85711975097655 2209.242431640625 551.5436981201171 0.6996140252976191 2012.6183166503906 107.39547843933106 2288.047088623047 241.75095252990724 0.6913364955357143 
238 2026.475341796875 329.7981353759766 2214.550048828125 551.4574188232422 0.7093098958333334 2018.7250366210938 111.7556770324707 2273.9690551757812 252.81156845092772 0.6796177455357143 
239 2030.0460693359375 329.1056884765625 2218.2483642578127 557.636865234375 0.7166806175595238 2021.5149291992188 116.86120834350587 2283.653771972656 258.0128303527832 0.6922200520833334 
240 2027.8217041015625 324.708056640625 2221.8321044921877 565.548291015625 0.7076357886904762 2020.102490234375 120.1482421875 2281.012744140625 260.63837890625 0.6760602678571429 
241 2027.3422485351562 324.9477996826172 2221.384069824219 559.1362457275391 0.7117513020833334 2007.7835754394532 119.58259506225586 2282.1186462402343 260.0956428527832 0.6673642113095238 
242 2021.3718994140625 320.49983978271484 2215.0255615234373 560.8972854614258 0.7118210565476191 2035.7547485351563 121.45276184082032 2282.829968261719 261.68462829589845 0.6903366815476191 
243 2021.8179870605468 314.7117950439453 2208.7988342285157 561.7937591552734 0.7121698288690477 2035.4304565429688 121.56661911010742 2282.512658691406 261.8023536682129 0.6820359002976191 
244 2015.8354064941407 321.91634674072264 2209.307049560547 555.4165084838867 0.71728515625 2034.5666748046874 123.05630416870117 2288.0812744140626 256.4849708557129 0.69482421875 
245 2010.2931091308594 332.04786682128906 2217.2836730957033 565.7467498779297 0.7047293526785714 2036.4880249023438 128.65276184082032 2283.5410278320314 255.51789245605468 0.6841052827380952 
246 2015.923779296875 335.7918930053711 2216.537646484375 569.841682434082 0.7113327752976191 2029.555078125 126.94751358032227 2290.35361328125 254.00309371948242 0.7037992931547619 
247 2022.5628540039063 343.1843322753906 2216.095593261719 570.0849548339844 0.7150297619047619 2031.0329956054688 128.0907943725586 2284.627893066406 261.56173248291014 0.69091796875 
248 2011.2402465820312 333.37288055419924 2211.0812866210936 566.5208267211914 0.7180059523809523 2018.1577392578124 119.44041213989257 2291.2739013671876 252.66781845092774 0.7078915550595238 
249 2017.6990905761718 334.60008544921874 2210.6213439941407 567.4375122070312 0.7196103050595238 2012.0700317382812 121.72015075683593 2298.127478027344 248.11761779785155 0.7204706101190477 
250 2007.54482421875 322.9215393066406 2208.97373046875 564.6363220214844 0.7222144717261905 2004.962353515625 116.06949768066406 2273.534228515625 270.4983734130859 0.6591099330357143 
251 2007.5461486816407 322.59300994873047 2209.032342529297 564.3766250610352 0.7223307291666666 2004.187969970703 116.45698394775391 2279.552630615234 264.213639831543 0.6789202008928571 
252 2021.1070068359375 333.7132171630859 2209.1937744140623 568.8217559814453 0.7192847842261905 2000.6964599609375 115.65647048950196 2276.1092041015627 270.1563804626465 0.6675734747023809 
253 2014.1665161132812 334.38488922119143 2208.9738647460936 562.7796310424804 0.7116582961309523 2011.5829284667968 115.54962158203125 2273.5651428222654 270.0519714355469 0.6541341145833334 
254 2021.334979248047 338.6813430786133 2209.615826416016 567.3082504272461 0.7265392485119048 2001.6792846679687 115.22701950073242 2270.6520141601563 263.1620643615723 0.6716657366071429 
255 2014.0630920410156 332.868098449707 2215.7790710449217 568.2035263061523 0.7241443452380952 2007.080584716797 115.37678451538086 2269.311627197266 263.3019111633301 0.6695963541666666 
256 2004.874169921875 326.590153503418 2213.247412109375 575.2936660766602 0.7199590773809523 2014.1811096191407 115.89016723632812 2276.328045654297 263.7679443359375 0.6813151041666666 
257 2005.0114501953126 326.82599487304685 2213.3205810546874 575.4530578613281 0.7206101190476191 2014.3155151367187 116.19081039428711 2276.3819946289063 264.0231025695801 0.6794084821428571 
258 2000.7243774414062 326.98766021728517 2208.9697143554686 575.5384323120118 0.7247953869047619 2020.3604614257813 116.4171142578125 2282.346325683594 264.20404052734375 0.6924525669642857 
259 2001.9146850585937 331.5604507446289 2210.601184082031 573.9060714721679 0.7240513392857143 2026.7704956054688 120.54373168945312 2289.3117797851564 261.9119873046875 0.7092866443452381 
260 2005.9606567382812 331.919384765625 2214.500524902344 574.09453125 0.7216331845238095 2027.1770141601562 115.1002311706543 2276.0790893554686 263.096134185791 0.6972191220238095 
261 2004.3482666015625 333.0229263305664 2212.5355224609375 574.788688659668 0.7238188244047619 2009.2559509277344 116.5702751159668 2264.453155517578 264.3160011291504 0.6525297619047619 
262 2014.0612426757812 333.5108474731445 2215.390173339844 575.1056991577149 0.7258882068452381 2018.9652709960938 117.98549728393554 2267.2713012695312 258.91582412719725 0.6546921502976191 
263 2007.3658447265625 332.06237030029297 2215.8895263671875 574.2189102172852 0.7243071056547619 2017.4557983398438 121.98640670776368 2273.0654418945314 256.51781997680666 0.6907087053571429 
264 2018.7723876953125 339.5934143066406 2219.9302490234377 580.9828796386719 0.7072870163690477 2005.8775634765625 119.86704177856446 2274.0882568359375 253.97232894897462 0.6529250372023809 
265 2012.5810913085938 345.6355697631836 2213.693566894531 580.2668045043945 0.7087518601190477 2004.0724731445312 120.0285873413086 2278.926306152344 254.10358428955078 0.6730840773809523 
266 2016.906005859375 356.7354446411133 2224.487060546875 591.1009506225586 0.7174711681547619 2009.1796875 115.15869750976563 2283.72216796875 255.77800903320312 0.6726655505952381 
267 2015.9234680175782 366.6215545654297 2230.4699645996093 594.5772369384765 0.7207961309523809 2021.5963745117188 112.10537643432617 2276.3706665039062 266.31071548461915 0.6592261904761905 
268 2009.7082946777343 346.35925445556643 2223.978350830078 582.493376159668 0.78271484375 2047.0458251953125 110.56149520874024 2287.5528076171877 233.00141677856445 0.7716936383928571 
269 2007.6992248535157 354.89196319580077 2226.044793701172 590.7050521850585 0.7711821056547619 2049.3527954101564 108.83340301513672 2285.1660034179686 235.47378692626953 0.7486281622023809 
270 1998.0516418457032 359.0655746459961 2226.1948181152343 587.208869934082 0.7755533854166666 2047.6625366210938 106.96050109863282 2284.5808715820312 238.58161315917968 0.7627185639880952 
271 1996.3961120605468 345.64610290527344 2224.6684631347657 591.4777374267578 0.8063383556547619 2046.035302734375 98.29491119384765 2283.087255859375 234.38029022216796 0.7450009300595238 
272 1992.9546630859375 358.01951751708987 2221.9076416015623 586.9724563598633 0.7911086309523809 2050.5315673828127 99.09271621704102 2279.4845458984373 253.19565963745117 0.7501860119047619 
273 1975.2305908203125 349.82393646240234 2223.1859130859375 584.4957962036133 0.8304501488095238 2037.560009765625 97.27068862915038 2276.659716796875 247.81489791870118 0.7612769717261905 
274 1985.6436950683594 354.59252777099607 2238.5468566894533 594.185090637207 0.7520926339285714 2031.9750732421876 114.48799209594726 2238.2910400390624 260.90566940307616 0.5017438616071429 
275 1993.863299560547 356.47644500732423 2235.026470947266 590.940577697754 0.7071475074404762 1979.1771728515625 112.4791259765625 2213.6411865234377 273.2545471191406 0.49887230282738093 
276 1987.9123779296874 327.53585052490234 2222.2824462890626 548.6395950317383 0.7957124255952381 2030.6023559570312 98.60841751098633 2278.2387084960938 240.1148338317871 0.7475120907738095 
277 1990.8614196777344 322.6173583984375 2216.453155517578 534.93916015625 0.8040829613095238 2036.456201171875 98.89688034057617 2279.741552734375 244.86811904907228 0.7407691592261905 
278 1989.8645751953125 301.90587615966797 2214.8058349609373 531.2576065063477 0.8151041666666666 2038.2115966796875 98.33927383422852 2285.2058837890627 239.4787956237793 0.7431640625 
279 1996.0312622070312 318.202082824707 2224.7858764648436 546.9565780639648 0.7498139880952381 2006.3820922851562 116.87742462158204 2235.1367065429686 251.4388900756836 0.5187872023809523 
280 1991.0176391601562 313.49695892333983 2219.8204956054688 535.570149230957 0.7743908110119048 1998.2648986816407 116.5299461364746 2253.985467529297 251.11975784301757 0.5257859002976191 
281 1984.5204711914062 314.40630798339845 2219.764929199219 536.2082550048829 0.7706938244047619 2009.5960205078125 111.73413848876953 2251.5616943359373 252.88082122802734 0.5034295944940477 
282 1982.6573913574218 310.53587951660154 2216.5448791503904 544.4232879638672 0.7492792038690477 1972.3766296386718 120.08466186523438 2206.2641174316404 267.0996337890625 0.5443405877976191 
283 1978.7916198730468 312.9060119628906 2207.0766662597657 534.4769836425781 0.7566266741071429 1982.148663330078 109.6701831817627 2270.862445068359 257.3841609954834 0.5908435639880952 
284 1990.6525390625 328.44112396240234 2225.43583984375 556.5161819458008 0.7457449776785714 1940.3419616699218 121.78037643432617 2208.6654846191404 262.65024185180664 0.5724283854166666 
285 1988.7240600585938 337.67943267822267 2223.8142700195312 566.0525924682618 0.7178896949404762 1947.9062255859376 115.24807968139649 2223.2973876953124 256.3021064758301 0.5701729910714286 
286 1984.648907470703 336.36094055175784 2233.734271240234 592.1785491943359 0.7129836309523809 1949.1761291503906 122.4891471862793 2191.5298034667967 257.12997817993164 0.5483630952380952 
287 1988.4835632324218 350.68867645263674 2245.1337463378904 593.8310073852539 0.7437453497023809 1925.3601318359374 124.17149276733399 2188.7643798828126 259.2505500793457 0.5865187872023809 
288 2014.7519165039062 368.0796234130859 2255.093542480469 621.7734649658203 0.6986142113095238 1992.9260864257812 122.85939178466796 2199.8866577148438 276.41090240478513 0.5304361979166666 
289 2006.7653747558593 368.8450958251953 2273.932989501953 629.3333099365234 0.7118908110119048 1990.8381774902343 124.28410949707032 2217.930499267578 277.90540466308596 0.5026971726190477 
290 2011.9795043945312 362.8536666870117 2265.5788452148436 616.4531265258789 0.7214006696428571 2004.0224060058595 111.82097473144532 2237.600762939453 271.9890838623047 0.5762416294642857 
291 2027.8160034179687 386.7234375 2276.4127563476563 621.88251953125 0.7128441220238095 1952.3583129882813 116.16124572753907 2227.8304077148437 277.41321716308596 0.5642438616071429 
292 2031.8142822265625 400.66212310791013 2280.9337646484373 616.1165328979492 0.740234375 1989.6039489746095 110.8862533569336 2245.456231689453 279.2100296020508 0.6010509672619048 
293 2038.0282958984376 410.0119903564453 2282.2968994140624 654.2806732177735 0.5768694196428571 1998.6217956542969 113.02727279663085 2222.5345764160156 262.30254592895506 0.5238211495535714 
294 2060.939501953125 417.20762786865237 2293.724560546875 636.2994827270508 0.7065894717261905 2022.49306640625 102.26313858032226 2268.9712890625 266.5819999694824 0.6045154389880952 
295 2065.7511962890626 418.8288848876953 2309.3469482421874 648.8915130615235 0.6838262648809523 2033.7402099609376 100.28067016601562 2284.1025634765624 249.14471435546875 0.5984700520833334 
296 2076.5330078125 416.21319274902345 2316.6115234375 642.5727569580079 0.6900576636904762 2033.5301635742187 103.84757766723632 2280.467639160156 247.8945640563965 0.6047247023809523 
297 2082.913134765625 421.18357238769534 2336.962841796875 640.9020599365234 0.6990559895833334 2067.860461425781 108.50722579956054 2315.043591308594 245.831290435791 0.6045386904761905 
298 2109.026477050781 416.9021362304687 2337.445935058594 631.4779907226563 0.7132393973214286 2086.1312866210938 123.7904541015625 2328.3943481445312 248.3828857421875 0.6598772321428571 
299 2119.2359375 402.44820709228514 2353.2181640625 629.5483444213867 0.7237025669642857 2104.942980957031 133.79240036010742 2325.161267089844 257.665225982666 0.6450427827380952 
