0 2216.9543212890626 485.17905883789064 2333.2986083984374 679.0858337402344 0.8624441964285714 1974.4880615234374 618.6764129638672 2181.3219970703126 775.9563385009766 0.8513532366071429 
1 2219.5742919921877 488.32594604492186 2331.3622314453123 679.6552551269531 0.8677222842261905 1973.591375732422 617.7254150390625 2182.1187072753905 776.808154296875 0.8669317336309523 
2 2219.5258911132814 485.7318817138672 2333.4069702148436 676.9660552978515 0.8633975074404762 1973.9131286621093 618.8685668945312 2182.336993408203 773.5749145507813 0.8629324776785714 
3 2217.090954589844 488.01382904052736 2330.943469238281 677.0517532348633 0.8544456845238095 1975.092596435547 617.3164154052735 2181.3157287597655 774.1320098876953 0.8472377232142857 
4 2217.925891113281 484.47705535888673 2331.871716308594 675.819972229004 0.8556780133928571 1974.0753784179688 613.8857269287109 2180.4678344726562 772.9798126220703 0.8563988095238095 
5 2217.967175292969 487.09114837646484 2331.451525878906 677.6594924926758 0.8556780133928571 1973.7036560058593 610.5405487060547 2177.119219970703 773.2731109619141 0.8616071428571429 
6 2217.8298828125 484.4284042358398 2330.14912109375 678.8272415161133 0.8650018601190477 1973.5851745605469 609.2092163085938 2172.3041076660156 773.3681762695312 0.8725120907738095 
7 2217.494177246094 487.56706085205076 2330.272668457031 676.2541976928711 0.8655366443452381 1972.2508422851563 608.7706176757813 2171.782116699219 773.6008422851562 0.8733258928571429 
8 2217.2114379882814 488.2953903198242 2329.8737670898436 676.7878921508789 0.8611421130952381 1972.4711181640625 609.37392578125 2169.6299560546877 774.034033203125 0.8703031994047619 
9 2218.031103515625 487.8812683105469 2329.154443359375 679.6234924316407 0.8650251116071429 1971.6490112304687 612.0779541015625 2169.9278930664063 773.31572265625 0.8716052827380952 
10 2217.7734619140624 486.2176223754883 2330.9731201171876 682.1401351928711 0.8668619791666666 1969.9397583007812 612.2276397705078 2170.2162475585938 775.4964202880859 0.8714890252976191 
11 2217.50087890625 489.26847686767576 2330.9576171875 679.0902572631836 0.8636765252976191 1971.0346984863281 614.8093170166015 2169.5838317871094 778.4488006591797 0.8741164434523809 
12 2217.6572509765624 488.27227478027345 2333.5483154296876 678.5089141845704 0.8640718005952381 1971.1568420410156 616.0218200683594 2167.9533874511717 777.8323059082031 0.8732096354166666 
13 2218.751184082031 487.17109375 2332.126989746094 676.857470703125 0.8608630952380952 1972.4609436035157 619.8341796875 2170.868524169922 778.9962646484375 0.8763253348214286 
14 2219.1082153320312 487.67843475341795 2334.6371459960938 677.3204971313477 0.8566313244047619 1969.5217651367188 618.3822387695312 2170.062951660156 779.6869750976563 0.8748139880952381 
15 2221.8352905273437 485.9522445678711 2335.4872192382813 678.2861892700196 0.8637462797619048 1969.6490905761718 619.1905700683594 2170.7255432128904 778.7403381347656 0.8861839657738095 
16 2220.81123046875 488.8617645263672 2334.2400390625 676.4555572509765 0.8634207589285714 1967.4419250488281 619.6572387695312 2168.1238708496094 778.8939086914063 0.8819754464285714 
17 2224.1259765625 489.91546020507815 2331.2744140625 675.7854675292969 0.8694196428571429 1967.944873046875 621.033724975586 2166.935009765625 778.4764678955078 0.8876255580357143 
18 2226.629284667969 490.7100570678711 2332.020373535156 675.1443435668946 0.8655598958333334 1969.654296875 618.47978515625 2165.06689453125 778.7619140625 0.8871372767857143 
19 2226.804724121094 484.49149932861326 2332.365930175781 680.2197738647461 0.8783947172619048 1971.613671875 616.8660583496094 2162.94345703125 779.6064758300781 0.8813011532738095 
20 2228.1900146484377 488.0581283569336 2332.2972900390623 678.551887512207 0.8698381696428571 1971.67099609375 619.6828338623047 2157.734765625 776.9510162353515 0.8815569196428571 
21 2230.5738525390625 488.57116851806643 2333.6756591796875 681.6126388549804 0.8594215029761905 1969.2760437011718 620.8653442382813 2157.9301330566404 778.8083618164062 0.8909272693452381 
22 2229.3654052734373 487.0109664916992 2337.3777587890627 680.9926040649414 0.8669549851190477 1967.3034301757812 621.6451141357422 2156.876501464844 780.357388305664 0.8953683035714286 
23 2232.097375488281 489.1382888793945 2337.633825683594 684.8205429077149 0.8662574404761905 1966.8185791015626 620.044155883789 2158.1032958984374 780.5475799560547 0.89208984375 
24 2228.933984375 488.55267639160155 2336.7984375 682.2683074951171 0.8654668898809523 1968.9247314453125 621.054833984375 2158.2378662109377 781.750830078125 0.8974841889880952 
25 2228.283825683594 490.9590240478516 2338.721301269531 680.9117645263672 0.8692801339285714 1969.6048095703125 621.7001922607421 2157.3488037109373 782.9391510009766 0.8963448660714286 
26 2229.3187744140623 487.9374664306641 2339.9717529296877 682.6864959716797 0.8698381696428571 1968.178076171875 621.401821899414 2158.501123046875 780.7420379638672 0.8987862723214286 
27 2228.795068359375 486.8896484375 2337.338720703125 686.2552490234375 0.8694196428571429 1967.1490356445313 618.7776611328125 2157.653942871094 782.70048828125 0.8959495907738095 
28 2228.418603515625 491.0834075927734 2337.120947265625 679.6487091064453 0.8589797247023809 1966.6453918457032 620.434048461914 2155.2109313964843 782.3783905029297 0.8958565848214286 
29 2227.600439453125 491.3349304199219 2338.742822265625 682.5001525878906 0.8597237723214286 1963.8504577636718 621.2007537841797 2152.7927307128907 783.4689849853515 0.8816964285714286 
30 2226.4751586914062 491.02821044921876 2335.4596557617188 680.0829956054688 0.8595842633928571 1964.2791564941406 622.6822143554688 2151.1098815917967 782.8227905273437 0.8921828497023809 
31 2227.3477294921877 490.8170684814453 2336.2411376953123 679.7138763427735 0.8635602678571429 1964.1742736816407 624.3269439697266 2146.404217529297 782.1113494873047 0.8913225446428571 
32 2226.381237792969 489.38245544433596 2335.606311035156 681.0831817626953 0.8616768973214286 1960.177911376953 623.2986480712891 2147.4205993652345 783.7922332763671 0.8967401413690477 
33 2225.3532104492188 488.2849655151367 2334.8169555664062 682.6388931274414 0.8626302083333334 1958.5676818847655 622.7517364501953 2146.219793701172 783.5963470458985 0.8973911830357143 
34 2224.845593261719 492.1597015380859 2334.502307128906 680.1426055908203 0.8631417410714286 1953.8885986328125 624.6256683349609 2144.1094482421877 783.5159942626954 0.9051106770833334 
35 2224.8840454101564 488.89491577148436 2334.1376831054686 680.6463439941406 0.8676990327380952 1949.5199768066407 626.5340454101563 2141.271405029297 784.8404663085937 0.9005068824404762 
36 2222.641394042969 492.3547088623047 2336.403771972656 679.728237915039 0.8736746651785714 1945.441748046875 626.1071624755859 2141.737939453125 784.4823760986328 0.8965541294642857 
37 2221.9284423828126 488.9396606445313 2335.6003662109374 676.1640991210937 0.8682803199404762 1942.9776184082032 625.7575256347657 2141.3464782714846 786.2356384277343 0.8950427827380952 
38 2221.590124511719 490.5180267333984 2332.813439941406 677.3732696533203 0.8680710565476191 1941.2216064453125 625.3549499511719 2139.1992919921877 785.5166320800781 0.8805803571428571 
39 2223.0058349609376 490.0004943847656 2333.9863525390624 676.4475036621094 0.8672340029761905 1939.8352416992188 624.0306365966796 2137.380334472656 788.2815582275391 0.8832775297619048 
40 2221.9136352539062 489.1718383789063 2335.8746948242188 676.8723510742187 0.8664667038690477 1940.7926147460937 624.360873413086 2137.431262207031 787.4815948486328 0.8829055059523809 
41 2217.870080566406 490.3759796142578 2334.324499511719 678.4945648193359 0.8715587797619048 1939.8267944335937 624.1434143066406 2136.903430175781 787.6274597167969 0.8786039806547619 
42 2219.9130859375 490.29750671386716 2336.341796875 680.6138092041016 0.8693731398809523 1938.4860717773438 622.3133422851563 2135.5195434570314 788.0005004882812 0.8799525669642857 
43 2221.0002563476564 490.55791931152345 2335.0463745117186 678.3983184814454 0.86767578125 1937.9498046875 624.1275573730469 2134.734765625 787.3697570800781 0.8841610863095238 
44 2220.904577636719 489.1027435302734 2334.870080566406 674.5757843017578 0.8634440104166666 1938.0540832519532 622.0623504638672 2134.7001892089843 787.423794555664 0.8848353794642857 
45 2217.640270996094 489.2161239624023 2336.190051269531 674.8694778442383 0.8683268229166666 1938.214013671875 622.3049621582031 2137.287939453125 787.8272399902344 0.8813709077380952 
46 2214.032849121094 488.7884292602539 2332.525500488281 678.8239669799805 0.8685825892857143 1938.1803588867188 622.3292205810546 2137.1587524414062 787.7719146728516 0.8843703497023809 
47 2212.612353515625 488.31513061523435 2331.228466796875 678.5485168457031 0.8677222842261905 1938.4523986816407 623.7165710449219 2135.400018310547 789.3315246582031 0.8819754464285714 
48 2213.868273925781 487.950146484375 2325.598767089844 675.6576416015625 0.8692568824404762 1935.4009704589844 625.3788482666016 2136.516143798828 784.0363739013671 0.8773018973214286 
49 2206.6771484375 490.44107818603516 2320.952734375 676.4188766479492 0.8606770833333334 1934.087939453125 624.7966583251953 2140.231884765625 781.6454193115235 0.8720238095238095 
50 2196.4582763671874 488.89405670166013 2315.6437744140626 675.5428024291992 0.8678385416666666 1931.7942932128906 624.2533721923828 2140.9306823730467 777.1703948974609 0.8746047247023809 
51 2189.2925048828124 488.9055404663086 2303.4379638671876 674.6718826293945 0.8516555059523809 1931.474920654297 622.4196868896485 2146.3372131347655 770.1375030517578 0.8621651785714286 
52 2177.070910644531 492.0710021972656 2295.859997558594 675.8577087402343 0.8271716889880952 1928.976318359375 620.3424072265625 2150.864990234375 768.2681884765625 0.8519810267857143 
53 2168.7631958007814 494.0265838623047 2287.3161499023436 686.395718383789 0.8427966889880952 1931.226806640625 621.6130859375 2154.911865234375 767.0083740234375 0.8497256324404762 
54 2161.7509033203123 500.92449951171875 2282.3379638671877 688.5040893554688 0.8508184523809523 1930.2826110839844 622.8855834960938 2151.3586242675783 765.8033813476562 0.8594215029761905 
55 2156.9072875976562 507.1355285644531 2274.9435424804688 691.9848327636719 0.8429129464285714 1931.4561645507813 624.5722442626953 2147.484997558594 771.5608734130859 0.8534923735119048 
56 2152.4071411132813 509.26276245117185 2270.4510131835937 694.1244445800781 0.8282877604166666 1932.337744140625 624.7370330810547 2146.153466796875 773.9627349853515 0.8590262276785714 
57 2150.900500488281 510.70184631347655 2266.128552246094 694.6230438232421 0.81982421875 1933.3997680664063 625.3329895019531 2146.127819824219 776.0153991699219 0.8644670758928571 
58 2147.798937988281 516.2443939208985 2262.944470214844 693.3915313720703 0.8197777157738095 1933.859619140625 624.9173370361328 2146.436279296875 775.4923919677734 0.8607933407738095 
59 2149.566784667969 516.0520935058594 2262.689318847656 697.9354553222656 0.8205450148809523 1935.2651611328124 625.1650573730469 2145.9838623046876 778.2132385253906 0.8734654017857143 
60 2149.42001953125 519.1376129150391 2266.637109375 700.4924530029297 0.8164992559523809 1936.251611328125 626.487435913086 2146.357763671875 776.8792022705078 0.865234375 
61 2156.2185180664064 526.3255645751954 2264.6469604492186 696.7135589599609 0.8092447916666666 1937.0630249023438 625.6476104736328 2145.069055175781 776.120150756836 0.8686755952380952 
62 2161.8166381835936 523.5853698730468 2272.8711059570314 696.8305236816407 0.8147321428571429 1937.2300720214844 623.2781768798828 2143.791534423828 776.5335296630859 0.8673967633928571 
63 2170.0245849609373 520.8543426513672 2276.7991455078127 696.587857055664 0.8054082961309523 1934.059033203125 624.6346282958984 2143.159716796875 775.8988800048828 0.8640485491071429 
64 2173.210583496094 524.1976104736328 2280.359973144531 696.0833343505859 0.8182663690476191 1933.4976745605468 624.1351928710938 2138.8676818847657 778.1626586914062 0.8636300223214286 
65 2179.882360839844 525.1184906005859 2282.669641113281 694.9413848876953 0.8204520089285714 1933.0547607421875 626.6169006347657 2134.1605712890623 780.7981384277343 0.8624441964285714 
66 2181.2718994140623 525.3573913574219 2281.8765380859377 695.2674865722656 0.8246372767857143 1932.33994140625 628.8856201171875 2133.54921875 780.910400390625 0.8748604910714286 
67 2174.6382568359377 525.84462890625 2279.9515869140623 698.37900390625 0.8202892485119048 1930.8323181152343 627.8829406738281 2132.495928955078 782.4916931152344 0.8694428943452381 
68 2174.4134521484375 525.3959014892578 2277.3946533203125 700.0165130615235 0.8144763764880952 1928.8422607421876 629.324496459961 2130.3276611328124 783.7965362548828 0.8793015252976191 
69 2174.12607421875 526.0931274414063 2277.137109375 698.5246704101562 0.8174060639880952 1928.742742919922 630.0516174316406 2128.0469299316405 782.3288757324219 0.8804640997023809 
70 2172.036755371094 524.9888000488281 2282.277453613281 700.4737243652344 0.8241257440476191 1926.2886657714844 631.162353515625 2126.521514892578 786.3990478515625 0.8824404761904762 
71 2176.918505859375 523.3021820068359 2280.636669921875 694.6624786376954 0.8137555803571429 1924.647686767578 628.6679931640625 2125.319476318359 788.7546142578125 0.8793015252976191 
72 2178.14208984375 527.5151794433593 2279.634765625 694.4142639160157 0.8095703125 1924.0634643554688 630.9162322998047 2122.5378540039064 788.7937896728515 0.8755115327380952 
73 2174.4647216796875 525.557861328125 2281.0006103515625 697.8284912109375 0.8144298735119048 1923.120556640625 629.7397979736328 2122.591845703125 790.6767669677735 0.8778599330357143 
74 2174.2800537109374 524.8467742919922 2281.0749267578126 692.991665649414 0.7988746279761905 1922.0628234863282 628.75751953125 2124.2910583496096 790.0857421875 0.8778134300595238 
75 2174.1492553710937 523.2659240722656 2278.9398559570313 696.3977722167969 0.7981770833333334 1921.0229370117188 629.983837890625 2123.7692993164064 789.4474365234375 0.8786504836309523 
76 2168.20419921875 524.2707427978515 2279.46083984375 699.1027313232422 0.8011300223214286 1920.1909484863281 628.8904479980469 2122.2693786621094 790.0991760253906 0.8806733630952381 
77 2168.954541015625 527.6018188476562 2277.476611328125 697.1677124023438 0.8040597098214286 1920.2578674316405 629.5152954101562 2119.215155029297 790.0376831054688 0.8778831845238095 
78 2168.202685546875 526.5393157958985 2276.567333984375 700.3745635986328 0.8052687872023809 1917.8693969726562 628.5654754638672 2118.7958862304686 791.1126861572266 0.8823939732142857 
79 2166.741491699219 528.3265563964844 2277.209436035156 701.9189270019531 0.8131277901785714 1917.01826171875 626.4816955566406 2117.6638671875 791.0562683105469 0.8775344122023809 
80 2164.1155395507812 526.2535125732422 2278.6542358398438 708.1680572509765 0.8172433035714286 1917.848486328125 626.5397644042969 2115.484033203125 792.7333068847656 0.8840680803571429 
81 2167.320068359375 528.2654418945312 2277.185302734375 705.3952026367188 0.8140578497023809 1915.509521484375 626.1438995361328 2115.060791015625 792.0628265380859 0.8861839657738095 
82 2160.3018798828125 526.8974792480469 2278.9935302734375 708.2942932128906 0.8200567336309523 1914.994091796875 624.6588409423828 2114.306689453125 794.8583099365235 0.8861839657738095 
83 2163.7354125976562 528.3683807373047 2280.2037963867188 707.550259399414 0.8257765997023809 1912.9670166015626 626.143099975586 2112.3069091796874 794.1261260986328 0.8858816964285714 
84 2161.95009765625 526.5295471191406 2280.73251953125 708.0650573730469 0.8229166666666666 1909.300311279297 626.3482269287109 2111.006451416016 794.4366241455078 0.8838355654761905 
85 2163.7191162109375 526.7556976318359 2280.2525634765625 708.2789093017578 0.8248000372023809 1907.3798706054688 624.58515625 2109.0725219726564 794.9032470703125 0.8812546502976191 
86 2163.089453125 524.4704803466797 2280.109765625 711.2527252197266 0.8256603422619048 1905.6796508789062 625.2185943603515 2108.214636230469 793.9977752685547 0.8853236607142857 
87 2162.085900878906 526.2704071044922 2279.022741699219 710.6706939697266 0.82421875 1904.8595031738282 626.687255859375 2107.2502380371093 795.3460693359375 0.8863699776785714 
88 2161.894982910156 526.3209045410156 2278.819128417969 706.2041198730469 0.8213123139880952 1902.9670471191407 624.2188598632813 2105.335565185547 795.1079223632812 0.8791620163690477 
89 2163.8602661132813 527.1703125 2280.8186889648437 704.8573974609375 0.8127557663690477 1903.1255493164062 625.0972045898437 2105.5538940429688 793.7874389648438 0.8834867931547619 
90 2163.8450927734375 527.0236846923829 2280.7593994140625 706.8919036865234 0.8133370535714286 1901.4797302246093 622.9245849609375 2103.831427001953 796.047705078125 0.8781389508928571 
91 2163.871826171875 525.4197265625 2280.789306640625 705.2923095703125 0.8128022693452381 1901.5000366210938 623.3119415283203 2103.856652832031 794.1909271240235 0.8806733630952381 
92 2165.4470458984374 525.6746978759766 2282.3410400390626 703.2634735107422 0.8087797619047619 1899.6691345214845 623.2879760742187 2101.985284423828 794.1329223632813 0.8781854538690477 
93 2164.8488037109373 527.5728759765625 2281.6463134765627 700.522705078125 0.8110816592261905 1899.2905883789062 624.8463287353516 2101.4396362304688 793.3040008544922 0.8825102306547619 
94 2165.0498901367187 527.5290313720703 2281.9137329101563 702.8250335693359 0.8122674851190477 1897.3516845703125 625.3767120361329 2101.8636474609375 791.6831634521484 0.8804640997023809 
95 2164.6182373046877 528.3141571044922 2281.4208251953123 701.271841430664 0.8154064360119048 1895.0736450195313 626.3696228027344 2101.7244506835937 788.0963195800781 0.8829287574404762 
96 2163.1083862304686 526.5343963623047 2279.9328735351564 701.771206665039 0.8177548363095238 1894.982196044922 626.595669555664 2103.918316650391 788.3527557373047 0.8822777157738095 
97 2162.9380859375 528.1373840332031 2279.7298828125 701.0788024902344 0.8168712797619048 1894.8876525878907 626.4427947998047 2103.765057373047 785.9082183837891 0.8820684523809523 
98 2162.765185546875 528.4106140136719 2279.616650390625 701.4405822753906 0.8163829985119048 1894.3182189941406 626.7663208007813 2105.5493347167967 786.3133911132812 0.8820219494047619 
99 2161.5800537109376 528.4209106445312 2278.4702392578124 701.5081665039063 0.8169642857142857 1894.7731201171875 626.8091644287109 2106.0745361328127 786.4091583251953 0.8773018973214286 
100 2162.547326660156 526.4082885742188 2279.649206542969 699.8091186523437 0.8168015252976191 1895.2571716308594 624.71494140625 2106.941192626953 786.8559814453125 0.8753022693452381 
101 2163.5835571289062 526.94560546875 2280.6041870117188 697.9759033203125 0.8170340401785714 1896.7382202148438 624.9244995117188 2106.0252075195312 786.9531860351562 0.8767671130952381 
102 2162.2459350585937 525.9870544433594 2281.2933715820313 698.9427551269531 0.8171037946428571 1897.8880126953125 622.054330444336 2106.7823974609373 786.0253204345703 0.8790225074404762 
103 2164.179736328125 526.7513031005859 2280.993115234375 697.4787384033203 0.8147321428571429 1898.0660400390625 622.5694946289062 2104.7362060546875 786.5577026367188 0.880859375 
104 2164.0167602539063 526.5370452880859 2283.0254760742187 697.1911651611329 0.8183826264880952 1898.5357238769532 622.3140747070313 2102.8713806152346 786.2318237304687 0.8863932291666666 
105 2164.990686035156 526.8584930419922 2281.432409667969 697.0425689697265 0.8130580357142857 1896.5372802734375 623.8358856201172 2100.3103759765627 789.541372680664 0.8852771577380952 
106 2162.4528686523436 526.1783111572265 2283.2446411132814 698.4185516357422 0.8200102306547619 1894.8006408691406 623.0527282714844 2098.3574401855467 790.8192199707031 0.884765625 
107 2166.4150268554686 528.3389862060546 2280.9543579101564 696.7793609619141 0.8162667410714286 1893.4550842285157 623.615756225586 2097.829461669922 789.8103302001953 0.8892066592261905 
108 2165.6635864257814 528.3687957763672 2279.9572631835936 694.2069488525391 0.8142903645833334 1891.3066467285157 620.9416687011719 2097.483758544922 791.2618225097656 0.8832775297619048 
109 2165.581396484375 527.0588745117187 2279.878564453125 695.1429077148438 0.818359375 1889.4924743652343 621.6169250488281 2095.675616455078 791.9421569824219 0.8874860491071429 
110 2163.9219360351562 529.3893737792969 2280.4728393554688 697.4919738769531 0.8149646577380952 1890.0438659667968 622.2337219238282 2094.0085021972654 792.5776794433593 0.8873232886904762 
111 2164.5073852539062 529.0448150634766 2281.2106323242188 695.1221160888672 0.8141276041666666 1888.8052612304687 623.4775146484375 2090.7911743164063 794.0434814453125 0.88671875 
112 2162.6989868164064 528.5719360351562 2279.6840698242186 697.3002563476563 0.8103376116071429 1888.0611938476563 623.4924713134766 2090.5352416992187 794.4704803466797 0.8914853050595238 
113 2167.1485961914063 527.1871948242188 2281.7012573242187 693.4005737304688 0.8070824032738095 1885.518817138672 623.4250762939453 2089.916363525391 794.1307708740235 0.8962286086309523 
114 2167.2951171875 527.6121887207031 2281.86015625 693.8434997558594 0.8068266369047619 1886.1534545898437 621.873291015625 2086.080187988281 794.84375 0.8958100818452381 
115 2165.7614624023436 526.8798065185547 2280.7324340820314 693.7005767822266 0.798828125 1883.6227722167969 621.4751892089844 2084.2586975097656 795.0589904785156 0.8878115699404762 
116 2169.967248535156 527.1769134521485 2281.984655761719 695.2027862548828 0.8127557663690477 1882.4277099609376 623.1670562744141 2081.8183837890624 795.6735809326171 0.8876023065476191 
117 2168.765173339844 528.1790435791015 2281.042199707031 694.3493377685547 0.8116861979166666 1880.558154296875 622.4055267333985 2080.411572265625 795.3124298095703 0.8902529761904762 
118 2169.236853027344 526.0733489990234 2279.393762207031 694.6809844970703 0.8123139880952381 1878.7129455566405 622.1364776611329 2078.793768310547 797.4883392333984 0.8902297247023809 
119 2169.0025146484377 528.2716796875 2279.1464111328123 694.611376953125 0.810546875 1878.772509765625 624.323355102539 2076.581982421875 797.4065643310547 0.8929734002976191 
120 2165.6335693359374 526.0599700927735 2280.3058837890626 696.9438751220703 0.8136160714285714 1877.569598388672 624.3873809814453 2075.435406494141 797.5197845458985 0.8916945684523809 
121 2162.4383911132813 525.621939086914 2277.7908569335937 697.5197235107422 0.8023856026785714 1878.1457153320312 624.5327728271484 2074.923376464844 798.6923858642579 0.8872535342261905 
122 2165.394982910156 526.3422821044921 2279.957800292969 697.0630523681641 0.8121744791666666 1875.8781494140626 624.3166290283203 2073.5549560546874 799.5301116943359 0.8964611235119048 
123 2167.2992553710938 526.5610443115235 2279.6892700195312 697.3938507080078 0.8126162574404762 1875.6039306640625 624.5996978759765 2073.4102294921877 799.9280731201172 0.8966703869047619 
124 2163.7984130859377 526.4029174804688 2280.4930908203123 699.2007202148437 0.8145693824404762 1874.823828125 624.5403411865234 2072.30703125 799.5822784423829 0.8980422247023809 
125 2165.6709838867187 526.2462341308594 2280.1671508789063 699.1133850097656 0.8151274181547619 1874.5943542480468 624.423046875 2072.1567443847657 799.535205078125 0.8958100818452381 
126 2165.8479248046874 526.2348907470703 2280.3044189453126 696.7977630615235 0.8132440476190477 1875.1313537597657 624.1186676025391 2070.380975341797 799.1699676513672 0.8961123511904762 
127 2163.4044189453125 528.4347869873047 2280.0648193359375 701.1817291259765 0.8144763764880952 1874.773974609375 624.817593383789 2069.955517578125 799.8079559326172 0.8990420386904762 
128 2160.4113037109373 526.0930206298829 2281.7410400390627 703.5935638427734 0.802734375 1873.5932312011719 624.867642211914 2069.0685119628906 800.1214324951172 0.9006231398809523 
129 2162.067419433594 525.9311065673828 2281.079309082031 703.3262786865234 0.8065476190476191 1873.4330322265625 626.3744049072266 2068.7923095703127 801.5240936279297 0.9000651041666666 
130 2162.252490234375 525.7089111328125 2278.964306640625 705.2656982421875 0.8062220982142857 1873.7530822753906 626.105337524414 2066.776580810547 803.4176727294922 0.8993908110119048 
131 2158.9499755859374 527.1729034423828 2280.2682861328126 706.903695678711 0.8009905133928571 1872.4176513671875 625.9384216308594 2065.6282470703127 803.4225402832031 0.8985770089285714 
132 2157.5986938476562 527.8103698730469 2278.8786010742188 707.4844299316406 0.7974795386904762 1872.8843994140625 624.5579284667969 2066.0340576171875 804.2319885253906 0.8972051711309523 
133 2158.091418457031 527.9037719726563 2277.172497558594 707.6490844726562 0.7949683779761905 1871.276434326172 624.9489715576171 2064.5027404785155 802.4474517822266 0.9001581101190477 
134 2159.30224609375 527.8288360595703 2278.2763671875 707.4126800537109 0.7998976934523809 1870.7591247558594 624.7868835449219 2066.056671142578 802.1259582519531 0.8998790922619048 
135 2162.8793334960938 529.7029602050782 2277.6052856445312 700.6674011230468 0.8016183035714286 1871.7379028320313 625.8272308349609 2065.197644042969 803.5402618408203 0.9002976190476191 
136 2162.7663330078126 530.6455780029297 2277.3840576171874 699.2011627197265 0.7966657366071429 1869.9117736816406 626.4197143554687 2065.436248779297 803.9649291992188 0.8982979910714286 
137 2162.7438354492188 532.2429382324219 2277.4951782226562 700.9952209472656 0.7979910714285714 1869.8070556640625 626.3980682373046 2063.3096435546877 804.1504547119141 0.8948102678571429 
138 2161.1854248046875 530.1560424804687 2275.9859619140625 705.7334838867188 0.8041527157738095 1870.1144653320312 626.8621887207031 2061.449011230469 804.6906677246094 0.9005533854166666 
139 2161.0759399414064 529.034457397461 2275.9155151367186 704.6711700439453 0.8009207589285714 1870.1669067382813 625.5134185791015 2059.3140502929687 805.6536346435547 0.8996698288690477 
140 2163.835827636719 531.3680694580078 2278.596057128906 697.8827239990235 0.7998046875 1869.4062194824219 627.0015197753906 2060.6730041503906 804.7671569824219 0.9002511160714286 
141 2163.673474121094 531.4229888916016 2276.237414550781 698.0176239013672 0.7952473958333334 1870.83408203125 627.1023864746094 2059.941552734375 804.9533996582031 0.8998325892857143 
142 2163.4911987304686 531.3162353515625 2278.2717407226564 697.86064453125 0.7972237723214286 1869.0088317871093 628.6980010986329 2060.309893798828 806.4952972412109 0.8979724702380952 
143 2161.0987548828125 531.3655609130859 2278.1717529296875 702.4722686767578 0.7953869047619048 1870.234844970703 629.3016296386719 2061.604144287109 807.1624816894531 0.8983444940476191 
144 2162.513806152344 530.5233917236328 2277.420031738281 699.5031585693359 0.8064778645833334 1869.4421997070312 628.2717346191406 2060.9525756835938 806.2636657714844 0.8947405133928571 
145 2162.7429443359374 528.3637817382812 2277.7897705078126 702.0619995117188 0.8101050967261905 1867.5773864746093 628.4875518798829 2059.322149658203 806.6974456787109 0.8994140625 
146 2161.1894775390624 529.3405334472657 2276.1220458984376 702.8662536621093 0.8013625372023809 1870.3042297363281 631.3583984375 2057.3514099121094 807.1376953125 0.8955543154761905 
147 2161.9203125 529.6193481445313 2275.27548828125 704.1865600585937 0.81005859375 1867.283447265625 630.505581665039 2055.453369140625 807.3399383544922 0.8917178199404762 
148 2159.6286010742188 527.7932800292969 2277.5855102539062 709.2653137207031 0.8096865699404762 1866.8304870605468 631.2671905517578 2057.3761779785154 808.2024749755859 0.8960193452380952 
149 2159.68212890625 526.2637908935546 2275.34912109375 709.9702789306641 0.8107096354166666 1866.6763488769532 629.7186279296875 2057.1868103027346 808.88916015625 0.8992978050595238 
150 2160.427770996094 526.40703125 2276.196008300781 708.00458984375 0.8026413690476191 1867.4270568847655 631.6986999511719 2055.834539794922 808.7562561035156 0.9011346726190477 
151 2163.5113037109377 526.860806274414 2276.8290283203123 703.6364471435547 0.8099888392857143 1867.2290161132812 631.4618194580078 2055.3364135742186 808.2374603271485 0.9014834449404762 
152 2162.581994628906 526.6460632324219 2273.691687011719 708.0498596191406 0.8044317336309523 1867.6262634277343 631.8253387451172 2055.832843017578 808.6941314697266 0.8975074404761905 
153 2162.1807373046877 525.6524932861328 2273.6639892578123 705.390902709961 0.8029203869047619 1868.2462158203125 630.922885131836 2054.8101806640625 808.3861358642578 0.8916480654761905 
154 2164.0397216796873 527.0932830810547 2273.2390869140627 702.2672515869141 0.8015718005952381 1868.3788452148438 630.0801635742188 2052.6528930664062 807.5292114257812 0.8897181919642857 
155 2162.1436279296877 525.3304321289063 2273.5824462890623 702.7226684570312 0.7977818080357143 1868.8516784667968 630.0338439941406 2050.7924865722657 809.7002868652344 0.8877650669642857 
156 2161.143762207031 526.8989013671875 2276.582556152344 703.452294921875 0.8145461309523809 1866.0174133300782 629.1048889160156 2049.3613708496096 810.1852722167969 0.8984840029761905 
157 2162.3906860351562 529.0109283447266 2277.7926635742188 700.9826629638671 0.8119419642857143 1865.6173950195312 628.660546875 2048.903112792969 811.9462646484375 0.8964378720238095 
158 2159.773291015625 527.3547607421875 2273.321435546875 704.489599609375 0.8003162202380952 1863.6752380371095 629.8972839355469 2045.351983642578 811.5740295410156 0.8909737723214286 
159 2161.5712280273438 527.9776580810546 2272.7869262695312 702.7450592041016 0.8035016741071429 1863.6286865234374 632.4714385986329 2045.2052978515626 809.5086029052734 0.8929268973214286 
160 2161.6529907226563 527.9915710449219 2272.9556518554687 705.1668762207031 0.8033389136904762 1861.7306213378906 630.8196228027343 2043.4489440917969 810.2664367675782 0.8877883184523809 
161 2158.1470581054687 526.5379150390625 2274.1158813476563 706.1759521484375 0.7969215029761905 1861.6656372070313 629.7379272460937 2045.8514526367187 809.3759643554688 0.8837425595238095 
162 2159.6700927734373 526.8985473632813 2275.0266845703127 707.8502319335937 0.8115931919642857 1859.0118286132813 629.5538208007813 2046.7491577148437 810.5055053710937 0.87841796875 
163 2159.433312988281 529.3764190673828 2274.732458496094 705.7162933349609 0.8141973586309523 1858.92509765625 629.7196960449219 2046.568798828125 810.5810852050781 0.8828590029761905 
164 2159.8886962890624 527.3749114990235 2275.0561279296876 708.0294464111328 0.8109188988095238 1857.7266479492187 629.8616668701172 2047.4139770507813 810.5162017822265 0.8879045758928571 
165 2159.8112182617188 528.2465637207031 2275.1719360351562 706.9427673339844 0.8052455357142857 1859.142266845703 628.9045104980469 2046.8864196777345 809.8627014160156 0.8850213913690477 
166 2158.099072265625 527.9900390625 2275.622119140625 706.534375 0.8080357142857143 1859.9456176757812 628.5625122070312 2045.2702026367188 809.3669311523438 0.8878115699404762 
167 2159.224963378906 527.8745910644532 2276.725476074219 704.1250427246093 0.8124302455357143 1859.6513793945312 628.1670379638672 2042.6806518554688 808.9367828369141 0.8900204613095238 
168 2159.9351318359377 526.7894165039063 2273.4623291015623 708.4329956054687 0.8008277529761905 1858.3892456054687 628.0906860351563 2042.3033813476563 809.7342651367187 0.8939267113095238 
169 2159.6896118164063 528.1009002685547 2273.1377807617187 707.3491119384765 0.8080124627976191 1858.615655517578 629.0698089599609 2040.1327575683595 810.5869903564453 0.8902529761904762 
170 2160.3065551757813 529.3082855224609 2275.5130249023437 703.2473175048829 0.8067801339285714 1857.3466552734376 629.5708587646484 2038.0625244140624 808.0278350830079 0.8940662202380952 
171 2160.126904296875 533.1757049560547 2275.517138671875 702.8672027587891 0.8059895833333334 1857.2058715820312 631.3356689453125 2033.6849975585938 810.0774169921875 0.8969494047619048 
172 2156.8128051757812 527.7755096435546 2272.8495483398438 705.2438385009766 0.8062220982142857 1855.694158935547 628.7609619140625 2033.1624084472655 810.7796875 0.8873697916666666 
173 2159.4145751953124 528.410757446289 2275.0453857421876 705.2581268310547 0.8080589657738095 1855.8613891601562 631.0485076904297 2032.7086791992188 810.1631011962891 0.8924386160714286 
174 2159.1262084960936 528.0509246826172 2276.9345825195314 707.0287261962891 0.8107096354166666 1856.0665466308594 628.8675170898438 2032.778790283203 810.1108764648437 0.8931594122023809 
175 2159.4437255859375 526.4909240722657 2274.8218994140625 705.2137878417968 0.8083844866071429 1854.5534240722657 628.9041442871094 2033.2762878417968 809.8893127441406 0.8956473214285714 
176 2160.338330078125 526.4136413574219 2275.677783203125 707.3381896972656 0.8134765625 1853.549383544922 629.0535247802734 2034.4739318847655 809.9781524658204 0.8936941964285714 
177 2159.139611816406 530.2474792480468 2276.546179199219 699.5840637207032 0.8086867559523809 1853.117919921875 627.4206146240234 2033.74365234375 812.5619903564453 0.8908342633928571 
178 2157.512072753906 528.135287475586 2275.190319824219 704.6527374267578 0.8179408482142857 1850.7825988769532 628.5796661376953 2031.8261657714843 809.6231536865234 0.8792317708333334 
179 2159.965856933594 529.3056518554688 2275.772180175781 699.6091430664062 0.8160574776785714 1848.4415466308594 631.8371307373047 2030.098614501953 806.6819732666015 0.8843703497023809 
180 2156.9666259765627 530.2506591796875 2274.8356201171873 702.5203369140625 0.8200334821428571 1846.253680419922 628.8523864746094 2027.5901916503906 807.9221496582031 0.8806036086309523 
181 2158.6228149414064 529.095248413086 2274.6430541992186 701.9881866455078 0.8129185267857143 1843.0233215332032 626.5662384033203 2025.0158630371093 804.0090179443359 0.8557710193452381 
182 2157.446643066406 528.4072937011719 2278.704968261719 699.9992004394531 0.8228469122023809 1841.101611328125 622.386865234375 2019.557080078125 803.1303466796875 0.8545154389880952 
183 2161.1948852539062 527.7871307373047 2276.4445190429688 700.6616607666016 0.8242885044642857 1835.836181640625 619.1890258789062 2020.235595703125 798.9784545898438 0.8573288690476191 
184 2164.8345458984377 526.7290344238281 2279.8851806640623 690.1010437011719 0.8196614583333334 1832.9573852539063 613.9020782470703 2017.0384643554687 788.7791351318359 0.8250558035714286 
185 2169.360070800781 523.3606689453125 2282.558142089844 692.002978515625 0.8366582961309523 1830.2983337402343 610.1696746826171 2017.4220031738282 781.1221343994141 0.8406808035714286 
186 2177.2302490234374 524.2039031982422 2281.6193603515626 691.2262115478516 0.8418898809523809 1827.5720520019531 604.2354339599609 2008.5127868652344 773.5774932861328 0.8210100446428571 
187 2176.0025024414062 514.0916168212891 2285.8248901367188 684.6668670654296 0.8583751860119048 1824.6065979003906 600.9070190429687 2004.5285339355469 766.8090454101563 0.8171270461309523 
188 2184.885119628906 508.5516845703125 2283.304577636719 674.9275634765625 0.8459123883928571 1822.6615600585938 595.0743286132813 1998.4107055664062 761.4502075195312 0.8208705357142857 
189 2189.876013183594 507.58514709472655 2288.499230957031 664.9128387451171 0.8382161458333334 1821.7545104980468 592.2097747802734 1995.5195373535157 751.8856231689454 0.8450753348214286 
190 2193.373913574219 491.9722671508789 2289.833850097656 661.3652267456055 0.8531668526785714 1816.4927124023438 586.6223968505859 1995.2963500976562 751.3100372314453 0.8358212425595238 
191 2194.3636840820313 484.35145263671876 2295.7449584960937 654.1061889648438 0.8517252604166666 1813.5944091796875 586.7302032470703 1992.7798583984375 749.4118255615234 0.8336821056547619 
192 2193.0915405273436 481.7390106201172 2299.1630981445314 646.7389556884766 0.8583751860119048 1811.687841796875 583.2774719238281 1986.116357421875 748.2773376464844 0.8279157366071429 
193 2197.9110717773438 478.11756439208983 2299.2561645507812 638.3844192504882 0.8397739955357143 1808.4842956542968 584.539096069336 1985.2492248535157 749.5196807861328 0.8334030877976191 
194 2196.8370971679688 475.03235931396483 2300.5308227539062 637.6430862426757 0.8448195684523809 1810.070068359375 585.6149139404297 1982.107421875 748.2256011962891 0.8426804315476191 
195 2202.3466552734376 476.26059875488284 2298.9052978515624 631.6963714599609 0.8343563988095238 1809.86240234375 588.0367034912109 1979.42861328125 748.1825958251953 0.8463076636904762 
196 2196.890734863281 469.7571105957031 2293.412243652344 634.5494079589844 0.8546084449404762 1809.7194213867188 587.7375396728515 1981.5742797851562 750.1757293701172 0.8464239211309523 
197 2195.0127563476562 470.3044860839844 2291.4796752929688 635.0041076660157 0.8446335565476191 1809.8690002441406 588.2186065673828 1981.627215576172 750.5653900146484 0.8466796875 
198 2186.653125 471.76216583251954 2285.33759765625 638.5860702514649 0.8346819196428571 1809.537109375 585.9001281738281 1981.060302734375 750.3744079589844 0.8415178571428571 
199 2175.7249267578127 469.6548538208008 2278.8038818359373 640.6720199584961 0.8238699776785714 1809.2725036621093 587.8711456298828 1980.2896301269532 749.517465209961 0.8425409226190477 
200 2168.7493408203127 475.38383331298826 2271.7457763671873 639.2421127319336 0.8048967633928571 1809.7915283203124 587.0235076904297 1980.6723388671876 750.8818267822265 0.8386579241071429 
201 2160.883837890625 478.19662017822264 2266.201611328125 646.7047164916992 0.8195219494047619 1809.7353515625 586.7547485351563 1978.243408203125 750.5820434570312 0.8390997023809523 
202 2153.2486083984377 478.0669662475586 2260.9550048828123 651.333821105957 0.8248232886904762 1809.416522216797 587.214242553711 1978.0005920410156 751.1154083251953 0.8407505580357143 
203 2149.9964111328127 481.4514190673828 2255.2145263671873 654.4768646240234 0.8241257440476191 1810.240771484375 586.8494262695312 1976.25166015625 750.5221557617188 0.8490280877976191 
204 2142.681262207031 483.5826950073242 2252.793103027344 654.6073989868164 0.8265671502976191 1810.0029357910157 587.1166564941407 1976.3421569824218 751.1129577636718 0.8512834821428571 
205 2140.9019409179687 485.92701110839846 2248.8727172851563 659.6194366455078 0.8392159598214286 1809.1348205566405 588.3910827636719 1975.785711669922 750.3475646972656 0.8505626860119048 
206 2135.5210571289062 485.16517944335936 2245.7623901367188 665.7732971191406 0.8469819568452381 1809.6687316894531 588.3698089599609 1976.2034606933594 750.2133819580079 0.8520740327380952 
207 2131.917858886719 495.30150146484374 2239.873400878906 666.6222045898437 0.8406110491071429 1811.300958251953 590.258999633789 1975.5809997558595 752.1922332763672 0.8517485119047619 
208 2119.1940673828126 496.9876190185547 2236.4333740234374 675.1916412353515 0.8491675967261905 1810.4935302734375 591.1399688720703 1976.9735107421875 750.5855560302734 0.8454241071428571 
209 2108.945654296875 502.28087158203124 2231.107568359375 680.8252075195312 0.8455171130952381 1811.0404541015625 590.9205352783204 1977.8384521484375 753.0200775146484 0.8548409598214286 
210 2100.4950317382813 506.32147521972655 2224.5183959960937 688.8461883544921 0.8400530133928571 1811.2275695800781 591.8236724853516 1977.3719177246094 750.9477508544921 0.8451450892857143 
211 2093.065869140625 521.6715637207031 2217.101611328125 690.1727966308594 0.8287062872023809 1812.7705688476562 592.6905212402344 1978.9315795898438 754.1709289550781 0.8502836681547619 
212 2087.3595947265626 526.0751953125 2208.9406982421874 694.418212890625 0.8103143601190477 1812.4533813476562 593.7001556396484 1978.4582397460938 752.6907745361328 0.8384719122023809 
213 2080.5291259765627 532.0835662841797 2204.3268310546873 702.5974029541015 0.8326822916666666 1811.552227783203 592.7246673583984 1977.3944274902344 751.5594512939454 0.8409133184523809 
214 2074.309033203125 536.3137664794922 2198.274951171875 709.3980865478516 0.8291945684523809 1812.163818359375 593.7087036132813 1978.231201171875 752.7590698242187 0.8426571800595238 
215 2072.306774902344 545.0635681152344 2193.903430175781 713.4280090332031 0.8095703125 1811.755615234375 592.9107727050781 1977.78173828125 751.9216247558594 0.8361932663690477 
216 2071.9286865234376 549.6447998046875 2193.8462158203124 716.109228515625 0.8096400669642857 1812.7634033203126 593.7407409667969 1976.8833251953124 753.1714904785156 0.8293108258928571 
217 2069.93994140625 547.288818359375 2186.97802734375 720.5052490234375 0.8030831473214286 1812.4560302734376 593.9239959716797 1976.3093505859374 753.0958404541016 0.8455868675595238 
218 2069.4242309570313 550.9619506835937 2186.3763061523437 724.0511108398438 0.8028506324404762 1812.1294555664062 591.8951934814453 1975.8624877929688 753.289193725586 0.8426571800595238 
219 2068.5232543945312 551.1306457519531 2190.1840209960938 726.6028747558594 0.8203125 1811.433984375 594.4137725830078 1977.547705078125 753.5086517333984 0.8380533854166666 
220 2068.7172241210938 551.8765472412109 2185.9949340820312 730.1386505126953 0.8115001860119048 1812.5107055664062 593.4650695800781 1976.6994995117188 755.3082458496094 0.8409133184523809 
221 2070.746826171875 553.3567962646484 2188.178466796875 727.1552276611328 0.8136160714285714 1812.3978637695313 594.7287353515625 1976.8018432617187 754.43544921875 0.84716796875 
222 2070.5023803710938 551.2975006103516 2190.0271606445312 727.0692596435547 0.8170340401785714 1813.2445922851562 596.4572723388671 1974.9546264648438 755.8236724853516 0.8425641741071429 
223 2070.168310546875 551.6058471679687 2189.721337890625 727.4194213867188 0.8125232514880952 1812.5786682128905 596.7764434814453 1976.671453857422 756.1807708740234 0.8410063244047619 
224 2069.960095214844 551.7609375 2189.392199707031 725.0544921875 0.8081984747023809 1812.6318115234376 596.8857360839844 1976.5581298828124 753.7866271972656 0.8419131324404762 
225 2071.1485107421877 553.3817901611328 2190.6996337890623 724.5038909912109 0.8107561383928571 1813.5637573242188 596.4778594970703 1977.6535278320312 753.5351409912109 0.8397507440476191 
226 2072.819201660156 548.7279357910156 2192.363659667969 724.5286560058594 0.8193824404761905 1815.2486389160156 593.895230102539 1979.329364013672 753.2878143310547 0.8369605654761905 
227 2073.0039184570314 547.8691131591797 2194.8766967773436 725.990933227539 0.8220098586309523 1815.4663635253905 593.3009643554688 1981.869696044922 752.6731567382812 0.8258231026785714 
228 2074.0883056640623 546.87646484375 2198.2681396484377 724.9456787109375 0.8297758556547619 1816.62685546875 592.0245727539062 1985.324072265625 753.6927124023438 0.814453125 
229 2075.060009765625 548.7377960205079 2194.341357421875 721.8124359130859 0.8024553571428571 1816.7074890136719 588.8580322265625 1992.1210021972656 757.2550048828125 0.8295200892857143 
230 2077.1570068359374 544.7437072753906 2198.9513916015626 722.7505554199219 0.806640625 1819.695751953125 590.3264526367187 2002.38701171875 763.6488891601563 0.8497488839285714 
231 2075.599816894531 547.7043975830078 2199.265173339844 718.0358978271485 0.8070591517857143 1824.5001831054688 593.8320770263672 2008.8313598632812 768.8302154541016 0.8443777901785714 
232 2070.0328979492188 549.7078735351563 2196.2734985351562 722.7043579101562 0.7985723586309523 1830.2295715332032 601.5888275146484 2024.2661560058593 776.9230743408203 0.8796502976190477 
233 2068.407189941406 552.9369598388672 2197.607702636719 721.359243774414 0.8129650297619048 1835.295721435547 607.4213195800781 2031.4038635253905 780.4579528808594 0.8811151413690477 
234 2067.9185180664062 551.0341156005859 2194.3844604492188 723.4877960205079 0.8178478422619048 1840.1029235839844 610.9065002441406 2040.149151611328 785.6595397949219 0.8996000744047619 
235 2066.7812622070314 551.7479522705078 2192.9069702148436 721.444369506836 0.8043154761904762 1842.8420959472655 612.6940307617188 2044.643133544922 789.2699584960938 0.8700706845238095 
236 2067.2551879882812 549.8652893066406 2189.9696655273438 721.2023376464844 0.8045014880952381 1843.9115844726562 613.181607055664 2049.979040527344 791.4648162841797 0.8811151413690477 
237 2068.4258056640624 550.7672302246094 2188.8364013671876 719.8051574707031 0.7958984375 1845.0607604980469 613.8225219726562 2048.8324279785156 792.1227905273438 0.8790225074404762 
238 2067.961328125 550.3949157714844 2190.79990234375 721.9052551269531 0.8046177455357143 1846.4420593261718 613.5078826904297 2050.4003479003904 794.2890533447265 0.8875790550595238 
239 2070.473034667969 551.5127258300781 2193.440783691406 723.2033386230469 0.8097795758928571 1846.9361206054687 614.9597106933594 2051.1088012695313 793.6108459472656 0.8964611235119048 
240 2072.6489135742186 551.3817626953125 2193.1550415039064 720.5537841796875 0.79150390625 1847.3239624023438 614.2196563720703 2051.2573364257814 794.9787689208985 0.8966471354166666 
241 2071.1165771484375 551.9979125976563 2191.6490478515625 723.5249145507812 0.7976888020833334 1849.5759033203126 615.3844665527344 2051.2358642578124 793.8651672363281 0.8972284226190477 
242 2072.410534667969 553.6928039550781 2195.010119628906 724.8695739746094 0.798828125 1849.5425231933593 616.9498840332031 2053.104083251953 795.0662292480469 0.8963216145833334 
243 2073.1005249023438 551.3596008300781 2191.3240356445312 729.8542663574219 0.8045479910714286 1847.1735107421875 615.5535095214843 2053.4856689453127 794.0481750488282 0.8997860863095238 
244 2076.04384765625 550.4506591796875 2196.444921875 731.0522705078125 0.8025018601190477 1847.0858459472656 616.8850128173829 2053.156951904297 792.8557708740234 0.8996930803571429 
245 2077.8887939453125 551.0517852783203 2198.3260498046875 731.7074310302735 0.8078962053571429 1847.3480590820313 617.5060089111328 2051.1646362304687 793.5294525146485 0.8973911830357143 
246 2075.8330322265624 553.0876586914062 2198.5668701171876 731.3990356445313 0.7990838913690477 1847.3772888183594 617.4828552246094 2051.161651611328 793.4784484863281 0.8951125372023809 
247 2073.63720703125 551.0024841308593 2198.6923828125 731.6378967285157 0.8018740699404762 1847.2193298339844 617.1820434570312 2051.013214111328 795.5016723632813 0.8934384300595238 
248 2075.8178466796876 551.760986328125 2198.5732666015624 732.4200439453125 0.8050595238095238 1847.3214965820312 618.216439819336 2051.141882324219 794.2432159423828 0.8986002604166666 
249 2077.9123046875 551.4740417480468 2200.54521484375 729.6386291503907 0.8102446056547619 1848.1316284179688 619.108999633789 2049.434533691406 797.2735076904297 0.9023670014880952 
250 2076.5672241210937 553.7383453369141 2199.2772583007813 729.6995819091796 0.81494140625 1846.6423217773438 619.3676177978516 2048.0715454101564 797.6441619873046 0.9011346726190477 
251 2076.8128051757812 551.9604705810547 2199.4765014648438 730.1702056884766 0.8184988839285714 1847.2409545898438 619.6125091552734 2046.2802856445312 797.8222442626953 0.9027855282738095 
252 2076.570361328125 551.0273071289063 2201.388134765625 729.0079711914062 0.8076869419642857 1847.5603881835937 618.3256683349609 2046.3439086914063 798.6177520751953 0.9147832961309523 
253 2077.16640625 553.5641204833985 2199.67490234375 726.9251983642578 0.8084774925595238 1846.1071899414062 618.5523254394532 2044.8945190429688 798.8478210449218 0.9067615327380952 
254 2077.093505859375 551.650146484375 2201.824951171875 729.50830078125 0.8094308035714286 1846.464111328125 620.945556640625 2045.11083984375 798.8037109375 0.9085518973214286 
255 2076.9647216796875 549.9630310058594 2203.9908447265625 730.1093566894531 0.8102213541666666 1846.6297180175782 621.0266998291015 2045.2524841308593 801.1729461669922 0.9108770461309523 
256 2078.5762573242187 552.0571380615235 2203.1588500976563 729.7025665283203 0.8097795758928571 1846.448065185547 621.0034545898437 2044.8572326660155 800.9560180664063 0.9138997395833334 
257 2077.0678588867186 552.0062927246094 2203.7629516601564 729.3793273925781 0.8041759672619048 1847.5991821289062 620.8468811035157 2043.4005737304688 800.5234802246093 0.9145972842261905 
258 2079.036767578125 550.5486755371094 2205.848974609375 730.3912658691406 0.8136393229166666 1847.5825805664062 621.4924530029297 2043.5648803710938 801.3351226806641 0.9167131696428571 
259 2079.2578979492187 551.1862518310547 2205.7955688476563 730.6394927978515 0.8165922619047619 1848.5703491210938 621.9764831542968 2041.8276000976562 801.4296447753907 0.9132254464285714 
260 2080.135290527344 553.3210998535156 2204.269738769531 728.0287536621094 0.8162667410714286 1847.8696044921876 623.5224884033203 2038.6687255859374 802.827670288086 0.9073428199404762 
261 2082.4084350585936 549.7985870361329 2204.0063598632814 728.7543304443359 0.8087332589285714 1846.5362182617187 622.1574127197266 2039.2577270507813 801.1131561279296 0.9105747767857143 
262 2086.0188842773437 548.840625 2205.6630004882813 726.0059326171875 0.8145228794642857 1847.7040954589843 622.9102935791016 2038.6744445800782 802.3763885498047 0.9158063616071429 
263 2084.1192626953125 546.8731262207032 2203.6995849609375 726.2434509277343 0.8016415550595238 1845.6665954589844 620.9031982421875 2038.8345031738281 802.5731201171875 0.9146205357142857 
264 2083.4376831054688 545.9837524414063 2207.6533813476562 727.7066772460937 0.8144763764880952 1845.7115173339844 622.0703002929688 2036.6355285644531 803.7932250976562 0.9143647693452381 
265 2086.417041015625 547.1881408691406 2210.911083984375 722.4017028808594 0.8247302827380952 1846.6512084960937 622.9130065917968 2035.6974243164063 802.7375061035157 0.9183640252976191 
266 2092.6667724609374 538.9806762695313 2212.7853759765626 721.4681762695312 0.8153599330357143 1845.0560607910156 622.7614349365234 2032.1635437011719 802.9389434814453 0.9107375372023809 
267 2100.2338623046876 536.0081665039063 2215.8100830078124 720.9303100585937 0.8211960565476191 1845.3434814453126 622.1570037841797 2027.9541259765624 800.1445709228516 0.9023670014880952 
268 2107.076623535156 532.5345764160156 2223.131140136719 718.2217712402344 0.81201171875 1842.4722534179687 622.6107299804687 2023.5172485351563 801.3347045898438 0.8856724330357143 
269 2117.360791015625 531.7549774169922 2231.284716796875 713.102993774414 0.8287760416666666 1841.583251953125 623.5020233154297 2020.606201171875 800.200064086914 0.8690476190476191 
270 2124.5200439453124 531.7505950927734 2234.0888427734376 708.9259796142578 0.8239862351190477 1840.8242126464843 621.6832214355469 2015.6683410644532 796.5273498535156 0.8567708333333334 
271 2133.467248535156 531.5921630859375 2238.527624511719 711.362548828125 0.8234747023809523 1840.374981689453 623.9916259765625 2010.8065368652344 796.7580078125 0.8540504092261905 
272 2137.6581909179686 530.3928100585938 2244.9611938476564 717.0066040039062 0.8445405505952381 1839.704119873047 623.5203094482422 2009.9893615722656 796.1380767822266 0.8600492931547619 
273 2136.4628051757813 523.1169799804687 2250.7869506835937 723.7676635742188 0.7892485119047619 1837.1919311523438 623.2628448486328 2009.8446899414062 795.9156829833985 0.8488420758928571 
274 2134.5706420898437 529.1802581787109 2246.5023559570313 727.3930450439453 0.8101050967261905 1836.4443420410157 621.8290191650391 2013.6697937011718 794.3907684326172 0.8450055803571429 
275 2129.3905395507813 519.7680206298828 2243.6385131835937 724.9484710693359 0.7782738095238095 1836.9544494628906 621.9098175048828 2014.155780029297 796.779574584961 0.8583054315476191 
276 2123.1683349609375 534.3128875732422 2240.0762939453125 714.3507476806641 0.8103608630952381 1839.9820739746094 623.5224700927735 2010.667218017578 794.2076934814453 0.8447498139880952 
277 2123.1029052734375 531.8133422851563 2233.0347900390625 711.9144409179687 0.7844354538690477 1839.0073791503905 624.9225830078125 2009.752508544922 793.328759765625 0.8467726934523809 
278 2133.2798095703124 532.0934387207031 2222.2441162109376 712.3632263183594 0.7964332217261905 1839.5534912109374 623.2187713623047 2008.1174072265626 794.1239410400391 0.8455403645833334 
279 2126.9052856445314 527.7401123046875 2218.0617553710936 712.3902587890625 0.7852027529761905 1839.3220581054688 622.5823486328125 2007.6108032226562 795.5458251953125 0.8540504092261905 
280 2128.483117675781 530.8968322753906 2215.446325683594 723.6261169433594 0.7964797247023809 1839.0276306152343 626.0863464355468 2005.9029113769532 792.9616271972657 0.8592122395833334 
281 2127.228955078125 529.5711029052734 2214.346728515625 727.3519317626954 0.7771809895833334 1839.0703125 625.2013397216797 2006.2421875 794.7277984619141 0.8587472098214286 
282 2125.1359619140626 534.0570098876954 2216.7116943359374 728.9485443115234 0.8039899553571429 1838.0367309570313 625.2712829589843 2007.0992553710937 796.6819641113282 0.85791015625 
283 2130.011364746094 528.3779418945312 2219.698352050781 728.9933959960938 0.7969680059523809 1837.5303955078125 624.5099487304688 2007.4635009765625 794.4430541992188 0.8565383184523809 
284 2132.7844360351564 525.9134704589844 2220.0815307617186 733.5388000488281 0.7871791294642857 1838.58798828125 622.5572479248046 2006.10390625 794.7919342041016 0.8442615327380952 
285 2121.853515625 525.7721496582031 2223.3779296875 733.5431579589844 0.8011067708333334 1838.1662353515626 622.4837432861328 2005.7995849609374 794.8391937255859 0.8476329985119048 
286 2129.382177734375 530.2742889404296 2223.893701171875 733.4744293212891 0.8043852306547619 1837.3954772949219 623.1502563476563 2005.1537170410156 793.2712524414062 0.8410063244047619 
287 2129.3151123046873 520.164682006836 2228.5423095703127 725.7064727783203 0.8061755952380952 1837.3586059570312 624.2076812744141 2009.8247436523438 794.3113006591797 0.8490978422619048 
288 2132.917932128906 516.1430084228516 2227.593542480469 719.6959197998046 0.8190569196428571 1838.6035583496093 621.9250091552734 2006.6531555175782 792.3414093017578 0.84619140625 
289 2135.3559448242186 513.2787139892578 2227.3166625976564 711.3475677490235 0.8276134672619048 1840.0666381835938 623.5587829589844 2007.4819458007812 793.3320861816406 0.8673735119047619 
290 2138.0663940429686 506.3997528076172 2230.1286743164064 707.047817993164 0.8455868675595238 1840.9076416015625 624.6096466064453 2006.1472900390625 792.209750366211 0.8603283110119048 
291 2136.9355346679686 496.76026916503906 2231.2575805664064 706.6268768310547 0.8306361607142857 1840.3652038574219 621.1021697998046 2005.4288635253906 790.8819000244141 0.8619326636904762 
292 2139.30517578125 482.2691940307617 2231.02880859375 696.2910171508789 0.7679734002976191 1841.42939453125 621.3019348144531 2006.061572265625 790.6378845214844 0.8619559151785714 
293 2137.873156738281 477.28479766845703 2229.608532714844 691.3343124389648 0.7626953125 1841.7682495117188 618.1449188232422 2006.4216918945312 787.5028472900391 0.8497488839285714 
294 2131.336218261719 478.2004089355469 2227.585412597656 684.7840881347656 0.7701822916666666 1841.775897216797 614.6286865234375 2006.1038635253906 781.3041748046875 0.8573288690476191 
295 2133.325720214844 476.52696838378904 2220.167687988281 678.3761688232422 0.7553478422619048 1842.4677673339843 608.7761169433594 2009.1107238769532 775.4190734863281 0.8513764880952381 
296 2125.8222534179686 478.07147216796875 2215.9167602539064 672.4859008789062 0.7744605654761905 1840.3102966308593 599.8996185302734 2018.1283020019532 765.8631378173828 0.8357049851190477 
297 2117.7205444335937 474.9266525268555 2207.6131958007813 664.1742080688476 0.7864350818452381 1840.1272705078125 588.384243774414 2017.5468017578125 756.3414031982422 0.8214518229166666 
298 2099.885693359375 471.8861907958984 2204.396044921875 657.1545196533203 0.81689453125 1842.9034484863282 580.0507598876953 2021.0461364746093 746.3172210693359 0.8317057291666666 
299 2092.3923583984374 467.70289459228513 2201.7199462890626 655.4608932495117 0.8367280505952381 1842.2921081542968 569.1690002441406 2027.6733459472657 733.1602233886719 0.8210797991071429 
