0 1894.7678588867188 579.9730590820312 2069.277307128906 773.4508911132813 0.7615559895833334 1937.8114990234376 366.7972808837891 2169.2260986328124 510.9572357177734 0.7865745907738095 
1 1900.705419921875 591.7924652099609 2074.537255859375 776.9611358642578 0.74755859375 1940.6751831054687 369.4156753540039 2171.191271972656 516.7948043823242 0.7892020089285714 
2 1900.208056640625 583.5608032226562 2076.702099609375 782.5861694335938 0.7498139880952381 1939.4931274414062 358.1046661376953 2176.070593261719 508.31250915527346 0.7814592633928571 
3 1900.4255065917969 577.4304443359375 2079.2953186035156 782.3854736328125 0.7494884672619048 1939.8398864746093 366.88574981689453 2174.606524658203 508.49105072021484 0.7792503720238095 
4 1902.911688232422 577.5576538085937 2077.1362854003905 781.4377075195313 0.7549060639880952 1948.2500061035157 361.98656768798827 2174.371453857422 506.55606536865236 0.7861095610119048 
5 1905.5387451171875 586.6438415527343 2075.4217041015627 782.3787414550782 0.7438616071428571 1946.1628540039062 353.9778625488281 2182.5219604492186 498.0091979980469 0.7740885416666666 
6 1905.5707763671876 588.6077056884766 2074.9941650390624 780.1299041748047 0.7415132068452381 1946.5100219726562 346.79687347412107 2178.5463745117186 497.80471954345705 0.7820405505952381 
7 1906.2004699707031 586.9790954589844 2071.3482360839844 781.4863586425781 0.7491164434523809 1946.5699645996094 342.36285095214845 2177.7768371582033 503.84064025878905 0.7590680803571429 
8 1905.1927551269532 588.8842315673828 2069.9545837402343 782.9372406005859 0.7437220982142857 1948.2842529296875 349.76812744140625 2178.9510986328123 492.56182861328125 0.7622302827380952 
9 1906.865869140625 589.1653564453125 2071.954443359375 783.6029541015625 0.7471633184523809 1947.6441833496094 356.4893630981445 2175.0995910644533 488.56016693115237 0.7441173735119048 
10 1908.5574584960937 604.006494140625 2070.6166137695313 777.11533203125 0.7381417410714286 1946.6639343261718 356.9510528564453 2171.3371643066407 485.86187438964845 0.7271670386904762 
11 1909.284649658203 593.1342529296875 2068.557025146484 778.3347412109375 0.7441638764880952 1944.3302185058594 354.51062164306643 2170.2748840332033 484.1509078979492 0.7535807291666666 
12 1905.9536193847657 586.4311340332031 2070.471063232422 788.3391296386719 0.7406994047619048 1945.069561767578 352.59752502441404 2169.411761474609 487.2028289794922 0.7700427827380952 
13 1904.9324523925782 588.7410888671875 2070.8711364746096 784.850341796875 0.7387230282738095 1944.386376953125 352.01754608154295 2170.666357421875 487.7854629516602 0.7633463541666666 
14 1898.0326538085938 588.143521118164 2068.6433715820312 785.2935516357422 0.7440708705357143 1947.7576232910155 357.30886993408205 2167.655828857422 482.4232772827148 0.7434430803571429 
15 1901.7832641601562 591.2898773193359 2069.4010620117188 789.3836456298828 0.7301199776785714 1944.1273498535156 355.54073333740234 2176.506317138672 488.87305450439453 0.7696707589285714 
16 1899.4852111816406 595.3997772216796 2071.2275573730467 786.6583892822266 0.72998046875 1947.6751220703125 352.49830932617186 2170.1598388671873 489.1116149902344 0.7735770089285714 
17 1905.4253356933593 597.4476135253906 2074.017657470703 789.5643493652344 0.7371651785714286 1947.3471984863281 350.89283142089846 2170.8299255371094 484.1982940673828 0.7775065104166666 
18 1902.4321716308593 593.8250152587891 2076.781817626953 787.5469940185546 0.7302362351190477 1947.2862854003906 351.0764877319336 2172.003631591797 478.9330032348633 0.7606956845238095 
19 1900.3564147949219 600.1902526855469 2076.5157775878906 788.3606506347656 0.7299339657738095 1949.7857727050782 350.11767578125 2177.9924255371093 490.24456787109375 0.7809942336309523 
20 1898.0311584472656 598.8618530273437 2074.404754638672 790.9130493164063 0.7239350818452381 1949.4357360839845 351.93897247314453 2176.761651611328 489.11837005615234 0.7835751488095238 
21 1885.9079956054688 602.4028961181641 2078.400354003906 786.8747528076171 0.7442801339285714 1952.6941650390625 351.45335388183594 2181.2789794921873 491.8123321533203 0.7882254464285714 
22 1889.2588439941405 602.3302734375 2074.828924560547 783.951953125 0.7342354910714286 1951.520526123047 342.6537322998047 2176.573345947266 484.7924346923828 0.7815522693452381 
23 1889.18212890625 607.423974609375 2075.11767578125 777.5351318359375 0.7365141369047619 1952.0229125976562 343.28008422851565 2173.562780761719 481.74262084960935 0.7878999255952381 
24 1891.7998474121093 601.3896179199219 2071.519610595703 777.1157531738281 0.7396763392857143 1950.7847412109375 352.39310150146486 2178.4301025390623 476.200129699707 0.7918294270833334 
25 1896.9848388671876 612.3337707519531 2079.8525634765624 783.2753601074219 0.7233305431547619 1950.0409545898438 351.33447418212893 2176.6380004882812 478.5467819213867 0.7940383184523809 
26 1890.6981872558595 602.9496612548828 2073.628594970703 777.9263763427734 0.7357933407738095 1949.4316955566405 351.4971160888672 2180.082830810547 478.75294494628906 0.7954334077380952 
27 1882.0973815917969 592.4568542480469 2068.6510314941406 775.0413146972656 0.7526274181547619 1950.7955688476563 348.5020126342773 2177.0415893554687 475.5173049926758 0.7841564360119048 
28 1893.7520751953125 609.8648284912109 2076.0789794921875 784.2643829345703 0.7268647693452381 1952.7491943359375 346.588671875 2178.6756103515627 477.38831787109376 0.7898530505952381 
29 1894.6758850097656 613.0492980957031 2076.9870788574217 787.4338562011719 0.7203543526785714 1953.6679321289062 343.2410949707031 2179.574987792969 477.9927917480469 0.7936430431547619 
30 1895.0027648925782 611.569058227539 2076.9184997558596 785.5755340576172 0.7195638020833334 1954.3230712890625 342.34569244384767 2175.7858154296873 476.8052780151367 0.7881556919642857 
31 1896.606707763672 612.0986022949219 2081.453472900391 781.2136535644531 0.7014741443452381 1956.5079467773437 344.35838012695314 2172.817980957031 474.14430541992186 0.7802501860119048 
32 1894.4065307617188 607.20390625 2075.200158691406 780.1369140625 0.74951171875 1959.4075866699218 336.1647018432617 2179.5041564941407 473.7250381469727 0.7929920014880952 
33 1897.6449157714844 610.2911560058594 2073.5700500488283 778.3975646972656 0.7457914806547619 1958.8428161621093 334.67491912841797 2177.772052001953 467.59622955322266 0.7970377604166666 
34 1889.8116760253906 601.2095550537109 2072.837615966797 780.3412872314453 0.7568126860119048 1959.7568725585938 323.67506408691406 2185.618859863281 467.7593231201172 0.810546875 
35 1890.2083251953125 604.9126739501953 2072.6202880859373 779.5624847412109 0.7477446056547619 1959.47119140625 325.3236343383789 2188.45654296875 465.043522644043 0.7993629092261905 
36 1902.1098937988281 618.3565704345704 2083.4441833496094 784.2583587646484 0.6874534970238095 1959.537420654297 325.1349212646484 2183.3118225097655 460.1712310791016 0.7710890997023809 
37 1899.6381225585938 613.5634185791016 2080.0686645507812 782.4771697998046 0.6454845610119048 1960.175341796875 328.5953338623047 2178.995556640625 459.11957092285155 0.7555803571428571 
38 1897.0448059082032 611.3386993408203 2078.1010681152343 784.6904144287109 0.6970796130952381 1960.310791015625 325.82679443359376 2183.741943359375 456.80369873046874 0.7646484375 
39 1898.4822021484374 604.6880004882812 2078.4845947265626 788.5202514648438 0.7024972098214286 1964.3259582519531 319.6596481323242 2186.4566345214844 446.04430084228517 0.7598121279761905 
40 1884.6898620605468 594.3086029052735 2072.0871154785154 785.5300811767578 0.7453962053571429 1968.5331604003907 312.6245834350586 2194.174725341797 446.4796340942383 0.7759719122023809 
41 1896.5732177734376 603.7084991455079 2072.4204345703124 783.3783538818359 0.7267717633928571 1967.735369873047 312.44334564208987 2189.455670166016 442.41728057861326 0.7769949776785714 
42 1882.5410522460938 590.8703582763671 2070.526574707031 782.6923248291016 0.7422805059523809 1967.090283203125 311.69575653076174 2189.603564453125 442.13465728759763 0.7706473214285714 
43 1895.1018615722655 599.7255554199219 2074.508367919922 786.7663879394531 0.7197265625 1969.0959594726562 309.3278335571289 2194.3085815429686 442.92842254638674 0.7928059895833334 
44 1896.0216186523437 599.1915771484375 2075.832629394531 782.8283203125 0.7223307291666666 1967.6811218261719 311.082080078125 2189.5753479003906 441.15809326171876 0.7756463913690477 
45 1902.810723876953 601.4848205566407 2078.6720642089845 781.1693542480468 0.7329334077380952 1964.71513671875 313.5777923583984 2190.2765625 439.7392852783203 0.7773902529761905 
46 1903.4975280761719 588.4561492919922 2075.6134338378906 772.0464752197265 0.7459542410714286 1964.9884338378906 315.1300903320313 2190.651580810547 445.1732543945312 0.7765066964285714 
47 1897.993505859375 579.4495788574219 2073.970849609375 770.7293762207031 0.7475120907738095 1968.7669494628906 309.00948944091795 2194.4770690917967 446.7308975219727 0.7854585193452381 
48 1897.6387451171875 577.7466430664062 2073.2587158203123 764.8200073242188 0.7470703125 1972.0863952636719 311.23316497802733 2189.7023010253906 441.0392044067383 0.7883649553571429 
49 1901.634454345703 565.293896484375 2076.7531188964845 759.4474365234375 0.7294224330357143 1972.50185546875 302.9085098266602 2193.30380859375 436.15109100341795 0.7905505952380952 
50 1904.3330200195312 535.1266510009766 2074.5685913085936 739.4095428466796 0.7549990699404762 1971.4088562011718 296.06917572021484 2190.8236877441404 428.47473907470703 0.7856212797619048 
51 1910.7115844726563 519.1359008789062 2083.3516479492187 736.8125854492188 0.7389555431547619 1971.9151977539063 292.3653839111328 2189.5918823242187 423.7219573974609 0.7817847842261905 
52 1929.379705810547 510.8041473388672 2093.0608459472655 726.5656646728515 0.7297712053571429 1969.5846923828126 290.0348434448242 2181.6262451171874 435.11588287353516 0.7741815476190477 
53 1939.2288452148437 510.0362915039062 2094.7626098632813 721.1177612304688 0.7211449032738095 1972.2727111816407 299.6669204711914 2187.057244873047 432.9815475463867 0.7689267113095238 
54 1938.9930358886718 502.5664916992188 2098.0251525878907 717.0747436523437 0.7242373511904762 1972.8477722167968 304.27429962158203 2183.6577209472657 437.4173812866211 0.7561151413690477 
55 1948.2857421875 506.9329528808594 2099.0501953125 709.1780090332031 0.7239815848214286 1971.7631286621095 305.6779098510742 2188.716973876953 438.0564956665039 0.7707635788690477 
56 1947.1508850097657 502.98330078125 2100.121942138672 710.5868896484375 0.7387230282738095 1970.4047546386719 308.40755767822264 2188.9347229003906 454.09424285888673 0.7779250372023809 
57 1958.5776977539062 505.43804321289065 2100.6715698242188 705.8267272949219 0.7292596726190477 1973.0113403320313 309.95394134521484 2184.330212402344 455.69116973876953 0.7676943824404762 
58 1950.5056640625 505.50860900878905 2099.0509765625 704.7768524169921 0.7466982886904762 1973.2194030761718 308.33065032958984 2190.6029846191404 453.2529983520508 0.7740652901785714 
59 1946.01162109375 507.7165588378906 2102.2515625 703.9246765136719 0.7509068080357143 1972.42421875 307.1762390136719 2190.433203125 448.8821105957031 0.7791573660714286 
60 1950.021533203125 512.9151000976562 2102.648388671875 709.1497192382812 0.7522786458333334 1973.2230590820313 306.7568832397461 2191.2615600585937 448.481916809082 0.7957821800595238 
61 1944.51630859375 515.9552734375 2101.0837890625 712.5748779296875 0.74658203125 1973.785302734375 313.0338104248047 2192.251318359375 447.7546417236328 0.7998279389880952 
62 1941.1732421875 528.7758941650391 2101.92001953125 711.4427947998047 0.7344680059523809 1977.4256286621094 315.055615234375 2189.319122314453 450.22911376953124 0.7892950148809523 
63 1941.4667175292968 534.825650024414 2095.1261779785154 710.4364959716797 0.72607421875 1976.504412841797 311.090673828125 2192.359478759766 450.1159301757813 0.7878766741071429 
64 1939.2888549804688 541.0768798828125 2097.275354003906 713.7597900390625 0.7163783482142857 1977.3016967773438 297.73816986083983 2197.7478637695312 448.37642364501954 0.8142671130952381 
65 1929.6290588378906 540.8134643554688 2091.898162841797 710.4583862304687 0.7228422619047619 1976.7211059570313 296.55891571044924 2197.9969116210937 444.07618560791013 0.8089657738095238 
66 1926.7003173828125 540.1721069335938 2092.6375732421875 713.4843872070312 0.7263997395833334 1977.47431640625 300.91046752929685 2195.03642578125 433.6602722167969 0.8029436383928571 
67 1931.2153686523438 549.3031188964844 2096.977746582031 715.0656555175781 0.7325148809523809 1975.8436584472656 297.25915374755857 2196.860321044922 437.23636016845705 0.7969680059523809 
68 1936.6375793457032 546.0688079833984 2102.5419860839843 715.6600128173828 0.7152157738095238 1976.4829162597657 297.07036743164065 2190.315301513672 437.16742553710935 0.7966889880952381 
69 1929.591973876953 543.9422027587891 2095.7096618652345 710.0598114013671 0.7330496651785714 1977.5814147949218 291.3582489013672 2195.3801330566407 431.6353424072266 0.8026181175595238 
70 1931.783642578125 543.7034729003906 2093.886279296875 709.4901306152344 0.7387927827380952 1976.4184814453124 295.3069381713867 2193.7831787109376 427.9362564086914 0.7868536086309523 
71 1930.2657592773437 530.8834716796875 2092.220812988281 714.923291015625 0.7118908110119048 1976.8418701171875 290.49926910400393 2201.3705322265623 423.00790252685545 0.7878534226190477 
72 1931.0941772460938 534.6610900878907 2089.2000122070312 718.5049255371093 0.7293526785714286 1977.6208862304688 297.7853485107422 2198.233361816406 426.47606506347654 0.7941545758928571 
73 1931.669256591797 534.0873321533203 2089.9548889160155 725.502572631836 0.7363513764880952 1978.2489013671875 291.2788345336914 2199.1124267578125 427.47815399169923 0.8000139508928571 
74 1932.5009704589843 528.0307586669921 2094.310186767578 733.9699127197266 0.7363513764880952 1979.0353637695312 287.15552978515626 2203.361853027344 423.2224609375 0.8078264508928571 
75 1935.247381591797 533.2553131103516 2089.1912170410155 723.8526580810546 0.7055431547619048 1978.8084045410155 288.66480560302733 2195.063055419922 424.2821243286133 0.7869931175595238 
76 1941.28896484375 522.8764434814453 2090.92734375 727.2605804443359 0.7346307663690477 1981.8569580078124 287.04862518310546 2193.5405029296876 418.4384048461914 0.7870628720238095 
77 1940.1647583007812 519.516455078125 2093.264196777344 723.648828125 0.7373046875 1983.4869750976563 287.20372009277344 2198.5547729492187 414.7864532470703 0.8056408110119048 
78 1929.4004760742187 517.7500213623047 2091.6310180664063 723.2419830322266 0.7449776785714286 1981.3974365234376 285.21964263916016 2197.7046142578124 415.00402069091797 0.8001767113095238 
79 1937.464422607422 520.5459442138672 2091.8716369628905 721.6345367431641 0.7457682291666666 1982.9027282714844 284.9297103881836 2198.3547180175783 421.38269805908203 0.8067568824404762 
80 1930.9355163574219 514.9520446777344 2092.2032775878906 729.9755676269531 0.7461635044642857 1985.7940185546875 281.8720001220703 2197.2338134765623 414.46985778808596 0.8015252976190477 
81 1935.484844970703 515.96044921875 2093.297259521484 723.98583984375 0.7433733258928571 1984.0424072265625 279.103955078125 2199.2412841796877 411.80980224609374 0.7937593005952381 
82 1926.5512145996095 513.7245269775391 2090.914727783203 724.5388397216797 0.7566964285714286 1987.1568298339844 275.83702545166017 2197.971221923828 404.4694625854492 0.8066638764880952 
83 1928.4618896484376 516.5227478027343 2092.6421142578124 727.1016418457032 0.7594633556547619 1988.9999206542968 267.5070205688477 2199.5788146972654 399.5649703979492 0.8004557291666666 
84 1927.8419616699218 515.2334838867188 2092.3178283691404 729.7671264648437 0.7518136160714286 1988.0764404296874 268.5197463989258 2202.6100830078126 404.3910507202148 0.8053850446428571 
85 1930.35400390625 521.478662109375 2091.298828125 728.918798828125 0.7656017485119048 1987.4412780761718 266.0302795410156 2202.0344299316407 398.36272583007815 0.7964332217261905 
86 1929.8109313964844 520.5296630859375 2094.3547180175783 731.574951171875 0.7688337053571429 1990.0703735351562 261.8821731567383 2204.6925659179688 401.38671722412107 0.8054315476190477 
87 1929.5091857910156 521.5018981933594 2090.337371826172 725.2177062988281 0.7684151785714286 1989.304296875 259.9153656005859 2203.74208984375 395.72593078613284 0.8036411830357143 
88 1928.819024658203 517.6740814208985 2092.8737243652345 731.6582550048828 0.7666945684523809 1988.4877380371095 257.05234375 2206.038262939453 399.7084594726563 0.8090355282738095 
89 1928.2880432128907 513.5932800292969 2088.529705810547 727.2488830566406 0.7698567708333334 1991.0149963378906 265.1501953125 2201.1098815917967 400.4654052734375 0.7908296130952381 
90 1930.52578125 516.5084533691406 2090.593359375 729.9317321777344 0.7571149553571429 1989.6276245117188 262.4526962280273 2206.6079711914062 401.1778274536133 0.8060825892857143 
91 1927.877880859375 516.8080108642578 2091.326220703125 730.001742553711 0.7614862351190477 1990.4693359375 263.4354415893555 2203.66298828125 398.45814361572263 0.7998511904761905 
92 1928.697998046875 522.2414642333985 2092.162841796875 731.9028839111328 0.7638346354166666 1993.6192321777344 259.8230255126953 2210.387725830078 398.4127532958984 0.8033156622023809 
93 1931.2347229003906 521.382437133789 2096.4897644042967 733.3402801513672 0.7523018973214286 1994.9324951171875 250.1482696533203 2206.8902587890625 393.84849548339844 0.8122674851190477 
94 1931.5744934082031 517.6983642578125 2093.0914001464844 736.643310546875 0.7568126860119048 1991.2114868164062 250.2984359741211 2210.1564331054688 393.86889190673827 0.7985723586309523 
95 1929.1400085449218 522.3326721191406 2093.9738830566407 733.7500915527344 0.7541852678571429 1991.0216430664063 246.2771484375 2216.7725463867187 389.61103515625 0.7957124255952381 
96 1931.6691040039063 523.4316711425781 2093.1055541992187 731.5054626464844 0.7404203869047619 1987.2750549316406 249.81740112304686 2216.873748779297 389.72910766601564 0.7950148809523809 
97 1932.0989624023437 519.1588806152344 2093.1932739257813 733.9513488769531 0.7580682663690477 1990.7538024902344 249.70452880859375 2216.2858703613283 389.31964111328125 0.7882952008928571 
98 1930.49599609375 516.0116546630859 2092.042578125 731.4072296142579 0.7534412202380952 1992.49130859375 251.32353820800782 2215.066796875 391.33069763183596 0.7869698660714286 
99 1930.5096496582032 523.5178344726562 2093.7416931152343 729.3320190429688 0.7550223214285714 1994.9289978027343 256.0138824462891 2214.937335205078 390.8576995849609 0.7973400297619048 
100 1932.9360290527343 515.1449554443359 2094.427862548828 730.4675323486329 0.7472795758928571 1992.1497863769532 252.89305267333984 2214.6498962402343 396.44145050048826 0.7970377604166666 
101 1933.1717590332032 523.0958770751953 2096.6069274902343 729.1662689208985 0.7504650297619048 1992.6152282714843 257.5820617675781 2209.344366455078 396.1466369628906 0.7928989955357143 
102 1933.272479248047 512.6500793457031 2091.427349853516 731.9103454589844 0.7540922619047619 1995.7602661132812 253.57466583251954 2211.4260131835936 393.75745697021483 0.7996186755952381 
103 1933.0904479980468 525.0589233398438 2094.3505920410157 732.9053100585937 0.7527901785714286 1989.4625427246094 251.33031616210937 2211.6430480957033 394.6726135253906 0.7849469866071429 
104 1930.5436157226563 519.7055511474609 2095.9790893554687 731.8946075439453 0.7492094494047619 1993.8961181640625 254.5384048461914 2209.6815185546875 391.2025314331055 0.7941313244047619 
105 1933.6307495117187 519.7513275146484 2099.902209472656 729.3981475830078 0.7444428943452381 1991.3252380371093 249.62953491210936 2211.815997314453 390.5989196777344 0.7939918154761905 
106 1931.695538330078 527.3445190429687 2097.772601318359 725.9147583007813 0.7344680059523809 1992.0997802734375 245.59685974121095 2212.3323486328127 382.7908966064453 0.7935732886904762 
107 1928.6982116699219 521.3864776611329 2094.4981994628906 726.8341644287109 0.7469773065476191 1994.1309631347656 249.67432250976563 2217.6003601074217 383.03508911132815 0.7966192336309523 
108 1932.9073608398437 521.4003753662109 2093.726184082031 728.6779327392578 0.7599051339285714 1994.6232482910157 248.83322143554688 2216.195965576172 388.2095031738281 0.7995256696428571 
109 1931.4678894042968 521.3054046630859 2096.0542053222657 728.8273468017578 0.7508603050595238 1993.2566955566406 245.66444549560546 2218.6684753417967 385.20509185791013 0.7942010788690477 
110 1929.3277465820313 517.3662719726562 2098.098278808594 729.2272338867188 0.7548828125 1998.1065979003906 244.32252044677733 2217.149139404297 380.77534942626954 0.7981538318452381 
111 1930.4598022460937 514.5530578613282 2095.5848754882813 729.9336364746093 0.7639508928571429 1995.2119750976562 241.18531188964843 2221.3615112304688 384.7723907470703 0.8053617931547619 
112 1931.1786071777344 517.4603607177735 2092.1867492675783 728.5598419189453 0.7779715401785714 1995.3066772460938 238.65497970581055 2220.717980957031 385.35120010375977 0.8011532738095238 
113 1931.8468322753906 518.0804321289063 2092.700408935547 728.9771850585937 0.7632300967261905 1992.3386535644531 230.46897735595704 2224.6827087402344 384.1733871459961 0.7958751860119048 
114 1932.4166320800782 518.7920471191406 2089.5676208496093 725.9457458496094 0.7647414434523809 1995.1945678710938 225.09539489746095 2227.3496215820314 382.2464630126953 0.7988048735119048 
115 1930.8192260742187 520.5428100585938 2094.970568847656 727.5163940429687 0.7712983630952381 1993.9542846679688 227.10146865844726 2229.4761352539062 384.11592330932615 0.8039434523809523 
116 1932.7520324707032 519.1386627197265 2089.5500915527346 729.3905731201172 0.7691127232142857 1994.97783203125 223.77170333862304 2230.175 380.5697425842285 0.8064313616071429 
117 1929.5350036621094 515.9418395996094 2090.018829345703 729.9202209472656 0.7691127232142857 1994.963037109375 220.349853515625 2230.339208984375 380.83367919921875 0.8086170014880952 
118 1933.7577392578125 517.962515258789 2087.1812255859377 724.9057098388672 0.7682756696428571 1996.0602966308593 221.81964340209962 2227.979376220703 378.8110481262207 0.8028738839285714 
119 1930.131005859375 519.5873077392578 2090.401708984375 729.7198822021485 0.76708984375 1995.4721130371095 218.4976837158203 2230.535821533203 378.7683074951172 0.8027808779761905 
120 1931.1470886230468 518.7258117675781 2091.5947326660157 732.6562683105469 0.7745070684523809 1996.5604248046875 214.56058044433593 2231.8839111328125 378.5739410400391 0.8020135788690477 
121 1930.6390869140625 524.8613250732421 2094.5552490234377 731.5383941650391 0.7660202752976191 1996.0137084960938 214.57159881591798 2234.761437988281 378.48787994384764 0.8079659598214286 
122 1931.1044921875 521.7532104492187 2095.04541015625 732.0253540039063 0.775390625 1996.4890625 217.7222053527832 2235.27265625 378.0992515563965 0.8097795758928571 
123 1930.8108947753906 518.603872680664 2098.0591003417967 732.1121307373047 0.7718796502976191 1996.5056518554688 212.3017478942871 2234.923303222656 375.99135818481443 0.8069196428571429 
124 1930.8288452148438 518.379769897461 2094.4990356445314 731.8624786376953 0.7682059151785714 1996.1053833007813 211.70354385375975 2234.4944702148437 378.9316947937012 0.8014322916666666 
125 1929.6987365722657 513.7387817382812 2090.147332763672 731.2358276367188 0.76953125 1997.8550964355468 219.85731887817383 2233.1796936035157 369.6093406677246 0.8065011160714286 
126 1933.3722595214845 513.9463195800781 2091.242120361328 729.2231140136719 0.7563941592261905 1996.0234436035157 213.80072326660155 2232.827996826172 375.25835876464845 0.7918526785714286 
127 1933.1764343261718 522.7040130615235 2090.7270080566404 726.8036163330078 0.7549758184523809 1998.4552734375 213.6624626159668 2234.7810546875 374.7937294006348 0.7880626860119048 
128 1932.5380493164062 517.5371734619141 2093.724401855469 732.4523895263671 0.7504417782738095 1995.4972045898437 215.5536796569824 2231.903918457031 373.1581886291504 0.7859933035714286 
129 1933.3487670898437 520.3330230712891 2090.860461425781 727.9620819091797 0.7521391369047619 1995.444677734375 211.78089752197266 2235.292138671875 372.87239227294924 0.7826450892857143 
130 1931.8208984375 517.6907470703125 2089.1615234375 728.6703369140625 0.7600911458333334 1999.7634338378907 210.29876403808595 2235.774530029297 367.63946838378905 0.7911318824404762 
131 1930.2479125976563 519.6600128173828 2092.683483886719 732.6309417724609 0.7548363095238095 1996.055126953125 212.55990600585938 2237.903369140625 367.7759704589844 0.7948986235119048 
132 1927.1062438964843 514.6358276367188 2096.339678955078 737.8800415039062 0.7583705357142857 1999.5359741210937 212.31439514160155 2237.1830200195313 367.14507751464845 0.8006649925595238 
133 1934.2913146972655 539.1061889648438 2098.590399169922 734.7003295898437 0.7381882440476191 1994.4740905761719 210.5079444885254 2237.0108947753906 359.15952072143557 0.7957589285714286 
134 1928.5553894042969 515.942172241211 2094.1078186035156 735.4792755126953 0.7679268973214286 1997.351025390625 209.33770675659179 2238.481982421875 374.890274810791 0.7978515625 
135 1931.6053039550782 515.8606872558594 2092.0976989746096 736.9836730957031 0.76171875 1998.957257080078 203.79194564819335 2241.479144287109 371.4174201965332 0.7995489211309523 
136 1933.7488647460937 517.668701171875 2095.1605590820313 732.8843994140625 0.7647879464285714 1999.5551330566407 212.9177978515625 2236.292401123047 367.1556884765625 0.7955031622023809 
137 1933.578515625 521.9976287841797 2099.917578125 732.693716430664 0.7407924107142857 1999.4033203125 209.50785598754882 2235.97412109375 368.45398178100584 0.8094773065476191 
138 1939.353985595703 536.4131103515625 2095.230364990234 735.15537109375 0.7567429315476191 1991.9622802734375 206.07529220581054 2237.4674072265625 358.05466690063474 0.8040829613095238 
139 1931.0588928222655 523.4997283935547 2096.329168701172 731.883999633789 0.7543015252976191 2000.566455078125 205.11951370239257 2234.100537109375 370.3898094177246 0.7994326636904762 
140 1931.5807189941406 516.3873474121094 2088.892303466797 730.9030578613281 0.7607189360119048 1995.935498046875 205.88954467773436 2239.053271484375 370.3516052246094 0.7849469866071429 
141 1933.951153564453 521.7037872314453 2099.431536865234 732.955453491211 0.748046875 1998.9516967773438 205.09709396362305 2234.849328613281 367.05672988891604 0.7835984002976191 
142 1931.2566955566406 518.0828521728515 2097.2671081542967 737.0751678466797 0.7544410342261905 1999.1822692871094 203.9945526123047 2235.8354309082033 366.4727325439453 0.7926897321428571 
143 1932.016534423828 519.9378784179687 2094.5097106933595 735.4179565429688 0.7552780877976191 1999.5408630371094 202.2883155822754 2236.215606689453 368.3139030456543 0.7918759300595238 
144 1935.1784729003907 535.1923217773438 2099.968865966797 731.3713989257812 0.7399553571428571 1989.0521667480468 206.51691055297852 2236.2379943847654 347.7658500671387 0.7850167410714286 
145 1933.1087585449218 527.7256378173828 2099.4406799316407 728.079965209961 0.7405598958333334 1994.6109130859375 215.27176361083986 2232.7679931640623 351.361506652832 0.7855282738095238 
146 1937.0630859375 527.3042053222656 2092.207421875 730.4693542480469 0.7417457217261905 2001.990625 212.1851936340332 2234.70712890625 363.63553085327146 0.7926897321428571 
147 1932.570867919922 522.1996551513672 2095.2935119628905 734.1176666259765 0.7499534970238095 2000.3962036132812 209.85342330932616 2231.235388183594 353.65495376586915 0.7955264136904762 
148 1931.8199462890625 528.9886138916015 2098.9251708984375 731.0691864013672 0.7258882068452381 1998.9311096191407 204.3445022583008 2232.100994873047 344.2464096069336 0.7940150669642857 
149 1931.7079223632813 525.9326904296875 2099.0032592773437 732.13408203125 0.7443033854166666 1998.446533203125 204.80912094116212 2235.772705078125 340.9798957824707 0.8001534598214286 
150 1936.0546264648438 531.7013702392578 2095.4680786132812 733.8841400146484 0.7633231026785714 1998.8629211425782 207.79028701782227 2236.0388122558593 339.9866752624512 0.8017113095238095 
151 1933.3620971679688 523.4493804931641 2100.121057128906 736.7456268310547 0.7585797991071429 1996.4560180664062 210.21717376708983 2236.899206542969 345.95113067626954 0.8058268229166666 
152 1937.2552429199218 528.5565551757812 2096.6364807128907 738.4732299804688 0.7642531622023809 2000.4993591308594 204.2622100830078 2233.740020751953 348.0939910888672 0.7995489211309523 
153 1937.002752685547 534.8613403320312 2095.9739318847655 732.6060668945313 0.7603469122023809 1999.6367980957032 208.4184913635254 2236.1550720214846 340.2483024597168 0.8033389136904762 
154 1932.877978515625 529.0981567382812 2099.590283203125 734.5806762695313 0.7531622023809523 1995.954296875 204.47162322998048 2236.3298828125 328.5365249633789 0.7988048735119048 
155 1932.381170654297 526.0155181884766 2099.0710998535155 734.3777313232422 0.7558128720238095 1993.5785278320313 205.89532089233398 2236.0364624023437 334.7010688781738 0.7801106770833334 
156 1939.2582946777343 545.8653442382813 2094.637335205078 728.4356811523437 0.7102399553571429 1995.1350036621093 200.89399490356445 2235.972540283203 317.42825546264646 0.7822498139880952 
157 1931.845947265625 519.7727264404297 2104.413330078125 738.3583160400391 0.7554175967261905 1997.1856323242187 196.1716110229492 2242.6149047851563 330.39085845947267 0.8009905133928571 
158 1930.4458801269532 535.9714263916015 2097.6287048339846 730.3700653076172 0.7377232142857143 1999.6817687988282 190.24081649780274 2240.7360778808593 322.43192825317385 0.7883649553571429 
159 1932.5068725585938 533.4998046875 2098.548547363281 734.2942626953125 0.7442801339285714 1991.0224243164062 198.29786758422853 2242.015417480469 318.00222702026366 0.7793666294642857 
160 1929.6916870117188 520.9752563476562 2096.850549316406 731.7409301757813 0.7575799851190477 1999.574200439453 194.06479110717774 2239.411029052734 306.7154365539551 0.7724376860119048 
161 1933.2369750976563 519.8144836425781 2093.3785034179687 732.0951843261719 0.7669270833333334 1998.6972534179688 189.64776458740235 2237.0476196289064 308.82290802001955 0.7611607142857143 
162 1934.1505615234375 524.8522979736329 2093.1917236328127 731.9757659912109 0.7513253348214286 1995.4625183105468 187.13857955932616 2239.5722717285157 312.89213638305665 0.7667178199404762 
163 1938.3250122070312 535.9461639404296 2103.3593139648438 731.6846343994141 0.7341424851190477 1994.8618408203124 193.4776382446289 2232.8183349609376 312.45592498779297 0.7777390252976191 
164 1931.5545776367187 534.9429809570313 2095.464709472656 726.1715209960937 0.7225167410714286 1993.2460998535157 194.8144546508789 2246.916375732422 315.79574432373045 0.7839936755952381 
165 1935.9006958007812 527.1217010498046 2094.9872436523438 736.6504547119141 0.7606956845238095 1997.6848388671874 197.1586471557617 2242.1349853515626 317.4436782836914 0.7804129464285714 
166 1934.56357421875 523.7286163330078 2095.43984375 733.2416595458984 0.7417224702380952 1996.1513061523438 192.3354179382324 2246.8186645507812 330.7636573791504 0.7879929315476191 
167 1928.5011962890626 519.5867218017578 2095.7790771484374 733.1330657958985 0.7577659970238095 2004.3375061035156 183.52504806518556 2249.9157897949217 343.684806060791 0.8091517857142857 
168 1930.4866577148437 522.5008178710938 2090.7176879882813 732.5815795898437 0.7689034598214286 2008.6849426269532 180.40057601928712 2250.8120056152343 340.631665802002 0.8162202380952381 
169 1929.42626953125 516.1967681884765 2093.58935546875 733.8913055419922 0.7748325892857143 2007.8017578125 180.046720123291 2254.04638671875 337.0722831726074 0.8221493675595238 
170 1930.3425537109374 515.7293640136719 2092.0763916015626 731.3746398925781 0.7776460193452381 2009.274237060547 180.3733932495117 2253.6721740722655 331.32506256103517 0.8188709077380952 
171 1930.2858642578126 520.5308074951172 2094.1867919921874 729.1318511962891 0.7687872023809523 2007.6517395019532 180.69454193115234 2246.0527282714843 329.6952590942383 0.8027808779761905 
172 1930.3274658203125 516.9134857177735 2092.2999755859373 732.8768585205078 0.7742978050595238 2009.7908813476563 174.2791648864746 2250.950085449219 336.25173416137693 0.8171735491071429 
173 1931.0112548828124 521.8786682128906 2090.8915771484376 731.4993835449219 0.7716471354166666 2005.895245361328 164.81282272338868 2251.045062255859 342.45751724243166 0.8192661830357143 
174 1931.565850830078 518.372915649414 2098.6039489746095 733.6664520263672 0.7438616071428571 2008.6603149414063 177.3011100769043 2249.9375854492187 329.49138565063475 0.8044317336309523 
175 1927.8657165527343 520.3756439208985 2103.017706298828 737.4117706298828 0.7277250744047619 2001.9683837890625 180.61604080200195 2245.6580810546875 321.4991172790527 0.8016183035714286 
176 1931.7536560058593 522.7170196533203 2102.659063720703 740.2328704833984 0.7493722098214286 2004.3585876464845 182.54973678588868 2245.179620361328 318.4971534729004 0.8136625744047619 
177 1931.729248046875 532.4768096923829 2091.861572265625 727.7603118896484 0.7506277901785714 1999.4775817871093 182.61887283325194 2249.440509033203 311.5059898376465 0.802734375 
178 1929.516827392578 525.6026397705078 2092.762835693359 731.6038421630859 0.7521856398809523 2004.26318359375 178.33067626953124 2245.24560546875 310.482373046875 0.7831566220238095 
179 1928.9682067871095 523.3591583251953 2099.888848876953 737.0099212646485 0.7359793526785714 2007.555908203125 185.4023895263672 2248.398681640625 298.0546417236328 0.7712751116071429 
180 1929.5639404296876 515.8875854492187 2100.6377197265624 737.5058471679688 0.7420712425595238 2004.782452392578 172.99244689941406 2249.729144287109 281.85752868652344 0.7618582589285714 
181 1929.9570861816405 516.3867645263672 2096.058905029297 733.0413970947266 0.7644391741071429 2032.4513305664063 166.5451515197754 2249.1060424804687 285.70519943237304 0.7685314360119048 
182 1931.2227905273437 518.0329650878906 2094.840930175781 731.4479919433594 0.7716936383928571 2042.8552612304688 160.1524574279785 2234.928674316406 273.9738090515137 0.7372116815476191 
183 1931.1468872070313 518.7225616455078 2089.7141967773437 731.3465911865235 0.7655552455357143 2048.5477294921875 156.12505569458008 2246.7564697265625 267.84279403686526 0.7472795758928571 
184 1927.0125244140625 515.0543518066406 2088.6359130859373 726.9605407714844 0.7609747023809523 2047.884619140625 153.95735092163085 2263.382470703125 286.84765701293946 0.7220749627976191 
185 1924.6775207519531 518.8650512695312 2094.0972595214844 727.9362182617188 0.7258417038690477 2038.3632934570312 145.22665405273438 2279.8766967773436 300.2276916503906 0.7498604910714286 
186 1918.354345703125 515.3983734130859 2092.084619140625 725.3222686767579 0.7310732886904762 2025.2653198242188 141.48868560791016 2285.8604125976562 286.2638473510742 0.7397925967261905 
187 1916.6319274902344 519.0045043945313 2091.023468017578 726.0942504882812 0.7337937127976191 2033.1723876953124 139.20011520385742 2287.4931396484376 295.42575454711914 0.7570452008928571 
188 1918.7942016601562 519.4404541015625 2089.8295776367186 726.86630859375 0.7445824032738095 2037.9031005859374 139.85950469970703 2292.6364501953126 289.0605697631836 0.7701357886904762 
189 1924.0318115234375 524.1664001464844 2098.8392822265623 731.7504699707031 0.7380487351190477 2049.674658203125 145.13633499145507 2300.960595703125 287.1675437927246 0.7633696056547619 
190 1923.6518920898438 529.0431365966797 2101.855676269531 736.3413238525391 0.7480701264880952 2067.5855224609377 148.99652099609375 2307.6151611328123 279.92169189453125 0.7747395833333334 
191 1935.202813720703 551.4843109130859 2120.3634704589845 743.9061309814454 0.3772670200892857 2080.5666381835936 152.1182632446289 2312.9248168945314 271.92809295654297 0.7665550595238095 
192 1934.0896057128907 542.5230499267578 2118.767205810547 752.5486663818359 0.7191917782738095 2086.594836425781 155.4798957824707 2325.589489746094 267.73496322631837 0.7779947916666666 
193 1937.3036315917968 548.2378234863281 2118.0231506347654 754.2581481933594 0.7151460193452381 2088.691015625 154.6861557006836 2330.85537109375 277.57547149658205 0.7648809523809523 
194 1941.4553344726562 555.3497955322266 2126.3857299804686 754.7846649169921 0.7159830729166666 2090.96171875 155.36449737548827 2333.909375 267.77319793701173 0.7602074032738095 
195 1940.946356201172 556.0516296386719 2129.0405822753905 765.8491271972656 0.7333751860119048 2096.485876464844 155.09910354614257 2335.220910644531 270.8494285583496 0.7723214285714286 
196 1939.888006591797 550.6293975830079 2128.1853576660155 753.4110687255859 0.76953125 2089.1888793945313 152.72611541748046 2335.4236694335937 279.4646499633789 0.7719959077380952 
197 1943.6871337890625 543.7343780517579 2131.6317138671875 760.5935638427734 0.7604631696428571 2096.739794921875 154.22196197509766 2331.670361328125 277.1088180541992 0.7783668154761905 
198 1953.591375732422 549.4032196044922 2138.1372619628905 752.0419097900391 0.6952659970238095 2098.472521972656 155.39906997680663 2330.059460449219 274.8111198425293 0.7679966517857143 
199 1950.4179077148438 529.9853759765625 2130.6580200195312 742.6686767578125 0.7824125744047619 2096.689831542969 154.94723739624024 2331.001818847656 277.51054153442385 0.7921316964285714 
200 1948.494482421875 527.4899749755859 2131.092431640625 731.5699005126953 0.7805059523809523 2093.360949707031 154.16972732543945 2333.244274902344 275.90160751342773 0.7908296130952381 
201 1956.944482421875 519.9836212158203 2132.068701171875 727.2733978271484 0.7875744047619048 2092.4801391601563 153.2402130126953 2331.9356323242187 274.75490417480466 0.7903645833333334 
202 1959.163330078125 510.5650604248047 2137.227783203125 717.1199371337891 0.7777855282738095 2091.0680541992188 152.92925033569335 2336.7969360351562 277.5744270324707 0.7938058035714286 
203 1957.5896606445312 504.2639923095703 2135.4843139648438 707.0640716552734 0.7779250372023809 2088.957958984375 155.1797203063965 2338.010791015625 276.1481758117676 0.7925734747023809 
204 1964.2164672851563 493.19347229003904 2137.7896362304687 705.7321258544922 0.7736467633928571 2088.742236328125 155.03903350830078 2340.246533203125 275.4775985717773 0.7866675967261905 
205 1960.604913330078 485.34406127929685 2140.6874450683595 690.1437316894531 0.7918061755952381 2091.3888427734373 157.90908203125 2338.5608642578127 281.4950927734375 0.7975027901785714 
206 1960.4718811035157 477.26353912353517 2137.515789794922 675.1362106323243 0.7711588541666666 2084.7763793945314 157.22255859375 2341.6638061523436 282.1947387695312 0.7753673735119048 
207 1966.1333129882812 462.2772872924805 2130.6369506835936 661.7817031860352 0.7843191964285714 2090.6553588867187 154.9434829711914 2342.6608032226563 287.9464401245117 0.7859700520833334 
208 1963.0200500488281 445.73096160888673 2127.9393005371094 652.7573501586915 0.787109375 2091.3654663085936 157.72948837280273 2336.9902465820314 287.5595893859863 0.7853655133928571 
209 1964.7220092773437 432.0635589599609 2129.2059692382813 642.0433135986328 0.7832961309523809 2089.6328979492187 159.49365310668946 2338.1090454101563 281.9818565368652 0.7838774181547619 
210 1960.324884033203 412.07713928222654 2127.8644470214845 631.9727264404297 0.7877836681547619 2090.67822265625 160.2309112548828 2338.4970703125 282.39512634277344 0.7874581473214286 
211 1961.7814025878906 409.1251815795898 2125.402557373047 621.4847122192383 0.7822033110119048 2091.7946166992188 159.40865020751954 2335.4859008789062 284.7355453491211 0.7860165550595238 
212 1959.7252258300782 398.58274993896487 2122.6843200683593 610.0828079223633 0.7576032366071429 2091.4795776367187 160.5451431274414 2337.6515258789063 285.36486053466797 0.7822730654761905 
213 1956.0248413085938 384.090803527832 2121.2717895507812 600.9774032592774 0.7188197544642857 2089.0963500976563 162.17264785766602 2340.4092651367187 282.66522750854494 0.7766694568452381 
214 1954.5466857910155 372.8996826171875 2115.710028076172 592.3559326171875 0.7341889880952381 2089.333056640625 160.16949462890625 2339.650341796875 280.18463134765625 0.7770647321428571 
215 1950.1570678710937 370.4732330322266 2116.5707153320313 584.4334442138672 0.7216564360119048 2091.4909545898436 160.17041778564453 2346.2055786132814 272.24483489990234 0.7767857142857143 
216 1951.2340026855468 371.11867065429686 2113.3891662597657 580.5689514160156 0.7340029761904762 2088.4421630859374 160.75886611938478 2345.1877197265626 278.9969169616699 0.7603236607142857 
217 1951.14970703125 367.8944320678711 2112.59345703125 586.516242980957 0.7272135416666666 2090.3430908203127 160.39776687622071 2345.9625732421873 271.3903648376465 0.7584867931547619 
218 1949.217840576172 374.99295501708986 2113.1973205566405 582.4771682739258 0.7268415178571429 2087.326135253906 161.84538955688475 2348.354772949219 275.62706832885743 0.7509068080357143 
219 1952.2228393554688 378.14601440429686 2115.6353149414062 584.9128234863281 0.7314453125 2090.6232177734373 160.21997451782227 2344.0794189453127 276.9431571960449 0.7398856026785714 
220 1954.834649658203 375.65798034667966 2114.4142517089845 588.4307037353516 0.7407691592261905 2086.92265625 159.560636138916 2342.91474609375 272.59614791870115 0.7499534970238095 
221 1954.648211669922 382.7249298095703 2113.996441650391 585.2298431396484 0.7339332217261905 2086.5446044921873 160.30153198242186 2342.1653564453127 276.4928405761719 0.74560546875 
222 1951.1123352050781 382.8419219970703 2113.4798278808594 588.2864349365234 0.7426990327380952 2088.6276611328126 160.8293258666992 2340.4626708984374 280.1196792602539 0.7431408110119048 
223 1954.4673828125 383.597998046875 2113.2806640625 588.7317138671875 0.7347237723214286 2088.8478759765626 161.9212203979492 2340.3020263671874 281.03114166259763 0.7508835565476191 
224 1954.947216796875 379.9726196289063 2110.403857421875 588.3506225585937 0.7319800967261905 2083.434130859375 160.52690353393555 2338.118603515625 286.2152381896973 0.7317475818452381 
225 1952.6020446777343 385.9076614379883 2109.339483642578 589.3327865600586 0.7175874255952381 2085.0978393554688 159.5234802246094 2338.5454711914062 279.57765502929686 0.7445591517857143 
226 1949.240966796875 380.47733001708986 2111.372802734375 588.9327346801758 0.7293294270833334 2086.55673828125 159.55023880004882 2338.0267578125 275.3588035583496 0.7419549851190477 
227 1952.0355895996095 375.63985137939454 2113.752130126953 590.1616317749024 0.716796875 2083.54130859375 156.0406524658203 2337.6671875 271.5523651123047 0.7531389508928571 
228 1951.3119995117188 381.84169006347656 2116.2707641601564 589.6897430419922 0.7275623139880952 2074.3966674804688 149.884285736084 2338.3306274414062 278.55213088989257 0.7664155505952381 
229 1946.9515075683594 380.7444610595703 2112.538848876953 589.3843841552734 0.7109607514880952 2069.104040527344 141.66202087402343 2324.108117675781 280.7552764892578 0.7556966145833334 
230 1947.9079345703126 378.55294036865234 2114.1511474609374 594.6690139770508 0.7058221726190477 2069.1376708984376 141.08093948364257 2315.1772705078124 287.3749168395996 0.7585565476190477 
231 1949.2792541503907 387.3141067504883 2112.034588623047 589.9276840209961 0.7176339285714286 2059.784216308594 141.26505966186522 2305.577844238281 284.09103469848634 0.7553245907738095 
232 1950.2948913574219 379.4125122070312 2112.7052307128906 594.8548217773438 0.7204706101190477 2047.4352661132812 147.7801399230957 2296.022497558594 293.61803817749023 0.7468145461309523 
233 1950.0069458007813 376.1927688598633 2112.068005371094 587.8644515991211 0.7372814360119048 2040.4509033203126 157.39750289916992 2278.5813232421874 302.9217872619629 0.7489071800595238 
234 1954.3328918457032 373.4985641479492 2112.6201110839843 591.1433120727539 0.7612072172619048 2031.0666870117188 157.2489356994629 2271.794885253906 292.4525260925293 0.755859375 
235 1953.8865295410155 363.87828674316404 2115.462469482422 591.4037567138672 0.7370489211309523 2026.3041137695313 164.00087661743163 2263.7220092773437 299.19716720581056 0.7455357142857143 
236 1955.3889953613282 366.3251235961914 2114.2881286621096 588.1221115112305 0.7171688988095238 2029.2362548828125 163.1173011779785 2254.3438232421877 292.22301559448243 0.7504650297619048 
237 1957.656005859375 371.1590744018555 2112.957763671875 589.2424453735351 0.7286551339285714 2028.4441040039062 165.02201156616212 2253.1362182617186 297.1937629699707 0.7553013392857143 
238 1955.760693359375 365.9949615478516 2113.978564453125 590.1368133544922 0.7348400297619048 2020.54384765625 166.1943130493164 2254.57431640625 298.04247283935547 0.7605794270833334 
239 1953.361639404297 367.76156158447264 2114.5925842285155 588.2204635620117 0.7371419270833334 2017.6515075683594 169.70294570922852 2257.8530090332033 307.9010429382324 0.7718796502976191 
240 1954.5983276367188 369.27220916748047 2112.5454711914062 589.7403945922852 0.7451869419642857 2021.4222534179687 168.29434814453126 2258.343127441406 309.7888427734375 0.7732049851190477 
241 1953.2261108398438 370.9918807983398 2113.726281738281 587.1758743286133 0.7315848214285714 2025.9174682617188 173.83112716674805 2255.2033813476564 308.12720108032227 0.7656715029761905 
242 1956.7506103515625 371.2145935058594 2113.8582763671875 587.2375549316406 0.7458612351190477 2026.1146728515625 173.82298736572267 2258.5030029296877 311.29215545654296 0.775390625 
243 1953.7718139648437 378.29312591552736 2110.7464965820313 587.5927688598633 0.7586263020833334 2028.8629760742188 172.3895721435547 2254.5142211914062 313.0127716064453 0.7898763020833334 
244 1952.6354431152345 377.72288818359374 2107.026788330078 587.9578979492187 0.7412109375 2030.21025390625 171.27813491821288 2256.86982421875 309.2448600769043 0.7679036458333334 
245 1950.4542114257813 387.2686477661133 2107.710095214844 590.3909896850586 0.7502092633928571 2028.2001098632813 173.05781326293945 2254.2557006835937 310.65677108764646 0.7776692708333334 
246 1948.059747314453 377.1459762573242 2108.7374938964845 596.8483169555664 0.7542317708333334 2025.1194702148437 171.8213623046875 2261.2176879882813 312.8243896484375 0.7815522693452381 
247 1951.7785888671874 379.96049346923826 2106.2887939453126 593.6447006225586 0.7405366443452381 2029.03369140625 172.97761001586915 2259.1552734375 317.6254020690918 0.7809942336309523 
248 1948.7980895996093 387.83386383056643 2107.039923095703 592.229704284668 0.7278413318452381 2026.6510498046875 174.4354019165039 2257.4207275390627 316.19384002685547 0.7709263392857143 
249 1948.2981567382812 388.1281021118164 2109.3016967773438 598.418376159668 0.7513485863095238 2028.7998168945312 170.76079711914062 2258.8049194335936 315.3353332519531 0.7813197544642857 
250 1949.784521484375 388.52146606445314 2107.467919921875 592.1956970214844 0.7456752232142857 2026.9837036132812 170.4434829711914 2260.2235717773438 314.9864791870117 0.7793201264880952 
251 1948.9109802246094 391.0006729125977 2107.230255126953 595.4964889526367 0.755859375 2028.9586547851563 169.5058265686035 2263.1392456054687 314.63191452026365 0.7887369791666666 
252 1950.4913940429688 388.63419952392576 2108.5274047851562 596.0564437866211 0.7434663318452381 2027.863232421875 170.4483200073242 2261.624560546875 315.3146499633789 0.7815290178571429 
253 1945.8955078125 390.50536041259767 2107.06884765625 597.7281295776368 0.7456752232142857 2028.6327758789062 173.28834915161133 2262.169714355469 311.4368553161621 0.7801804315476191 
254 1949.0124816894531 391.0528274536133 2106.9048767089844 594.9971908569336 0.7334449404761905 2031.7543334960938 173.4446807861328 2262.0139770507812 311.6005462646484 0.7800176711309523 
255 1948.2318176269532 389.41250762939455 2106.2080017089843 596.7560409545898 0.7327706473214286 2028.1058349609375 174.9802978515625 2261.7789306640625 309.9181396484375 0.7685779389880952 
256 1947.1955078125 398.68372344970703 2105.31181640625 593.0348739624023 0.7243536086309523 2027.5206420898437 180.38711318969726 2258.106555175781 312.15059127807615 0.7630905877976191 
257 1946.7648132324218 402.5118865966797 2104.9120666503904 590.3116607666016 0.7238188244047619 2029.2599975585938 175.42871322631837 2263.1860473632814 310.512769317627 0.7627650669642857 
258 1945.719659423828 397.7711654663086 2103.8710388183595 595.4603103637695 0.7159598214285714 2028.2168212890624 171.44246826171874 2262.1489013671876 309.8248657226562 0.7626488095238095 
259 1944.73984375 396.9250961303711 2102.918359375 597.943586730957 0.7166108630952381 2033.461767578125 176.3877380371094 2257.547998046875 311.49855346679686 0.7563244047619048 
260 1944.3714904785156 404.5635513305664 2102.679656982422 595.8524337768555 0.7253999255952381 2030.2485107421876 175.09297103881835 2257.8164306640624 310.31445388793946 0.7580217633928571 
261 1944.9937438964844 407.2885940551758 2103.109893798828 591.7573959350586 0.7232840401785714 2030.7666625976562 179.86997756958007 2258.0587768554688 314.92749252319334 0.7563011532738095 
262 1944.9378662109375 410.1655212402344 2103.1436767578125 594.7390197753906 0.7206566220238095 2033.6750732421874 180.0824951171875 2257.8000244140626 315.2166381835938 0.7589750744047619 
263 1945.545587158203 398.2254470825195 2100.7580017089845 593.0666366577149 0.7293991815476191 2030.772607421875 173.9167510986328 2261.940283203125 309.31487731933595 0.7759021577380952 
264 1942.6646362304687 404.7823257446289 2104.7174438476563 596.599967956543 0.6962658110119048 2031.3231811523438 175.44070205688476 2262.8269653320312 304.4215263366699 0.7648809523809523 
265 1943.418145751953 411.43541107177737 2106.2223571777345 597.4972366333008 0.7004045758928571 2032.4876586914063 174.76884002685546 2265.064831542969 307.67015533447267 0.7734607514880952 
266 1941.123846435547 421.9707336425781 2107.1663146972655 604.6174011230469 0.70263671875 2036.0235717773437 172.2684341430664 2265.162219238281 305.10238494873045 0.7675548735119048 
267 1935.6968200683593 424.4898406982422 2105.120684814453 610.5240142822265 0.7192150297619048 2027.6918334960938 169.20397872924804 2263.5564575195312 308.7295692443848 0.7578822544642857 
268 1931.8901916503905 423.8449981689453 2102.092596435547 614.071322631836 0.7518833705357143 2031.6240478515624 166.35919570922852 2271.9101318359376 296.5140190124512 0.7528366815476191 
269 1918.8939086914063 429.7924575805664 2104.891979980469 625.9360275268555 0.7585332961309523 2032.3136840820312 157.29858016967773 2272.420446777344 302.7153511047363 0.7400483630952381 
270 1915.0614929199219 430.7865356445312 2098.6730041503906 631.3991333007813 0.77783203125 2031.7149658203125 153.40766067504882 2269.7298583984375 309.8174217224121 0.7428617931547619 
271 1905.0531127929687 425.34928741455076 2090.843615722656 628.3424545288086 0.7901553199404762 2028.3841918945313 156.4561454772949 2269.2234741210937 304.40031509399415 0.7423735119047619 
272 1889.465350341797 425.52120513916014 2095.475201416016 621.0560348510742 0.7738560267857143 2034.7734741210938 154.10921325683594 2261.733605957031 304.2519927978516 0.7463960193452381 
273 1881.0116333007813 428.5000366210937 2087.3069702148437 613.4545532226563 0.7503952752976191 2043.9413208007813 151.61545944213867 2260.9070678710937 293.88815689086914 0.7569986979166666 
274 1886.502392578125 414.51653747558595 2087.198779296875 604.6500274658204 0.7635091145833334 2041.1551147460937 152.47358169555665 2262.9774536132813 289.79221115112307 0.7626720610119048 
275 1877.076104736328 401.2774658203125 2083.6029724121095 600.6827392578125 0.75439453125 2039.3669189453126 150.37746963500976 2263.6975341796874 292.80977096557615 0.7653924851190477 
276 1877.6632141113282 388.48425140380857 2081.0632263183593 595.391145324707 0.7459309895833334 2040.59921875 151.09429931640625 2258.0267578125 287.86328125 0.7616722470238095 
277 1877.7546691894531 360.8718460083008 2078.3287048339844 589.5965072631836 0.7539527529761905 2037.3206420898437 149.470711517334 2262.5262817382813 286.7055122375488 0.7697870163690477 
278 1880.2771423339843 351.43365783691405 2073.555499267578 579.8535125732421 0.7712518601190477 2042.3337036132812 151.93802871704102 2260.210974121094 281.96161422729494 0.7717633928571429 
279 1879.4359375 336.294970703125 2069.4390625 572.0396240234375 0.7658575148809523 2037.7720458984375 152.3816764831543 2262.9608642578123 293.124747467041 0.7677873883928571 
280 1886.1568481445313 327.8561294555664 2061.052868652344 576.2085372924805 0.7814825148809523 2036.1637939453126 149.3276268005371 2263.5285888671874 289.2444709777832 0.7769484747023809 
281 1889.3044128417969 328.3914337158203 2056.2406311035156 578.7957611083984 0.7712983630952381 2040.3226806640625 151.2892288208008 2266.3823974609377 290.4027572631836 0.7768322172619048 
282 1890.1427978515626 334.00630340576174 2053.7898193359374 574.2541030883789 0.7795991443452381 2044.01396484375 150.1377731323242 2266.85224609375 289.4118179321289 0.7794363839285714 
283 1889.2260498046876 336.1543365478516 2051.4067626953124 581.1507781982422 0.7704148065476191 2038.2678466796874 150.61530075073242 2266.0109619140626 278.2894996643066 0.77490234375 
284 1886.2793090820312 360.0756332397461 2051.9540893554686 587.8783767700195 0.7372581845238095 2038.0150512695313 150.45992202758788 2269.2693725585937 285.0706413269043 0.7618117559523809 
285 1892.1885192871093 378.853955078125 2054.211016845703 599.4803955078125 0.7087751116071429 2038.0353515625 152.3936866760254 2269.0037109375 290.2851921081543 0.7542085193452381 
286 1897.4586975097657 386.65968933105466 2062.340496826172 606.5021148681641 0.7085193452380952 2037.8988525390625 153.07713012695314 2268.0464599609377 290.47865600585936 0.7556733630952381 
287 1906.1273803710938 399.0754150390625 2067.0960083007812 611.41689453125 0.7238188244047619 2038.2479370117187 154.46123580932618 2264.288928222656 294.8805763244629 0.7594633556547619 
288 1908.7556030273438 414.830419921875 2076.0566528320314 623.1030517578125 0.7302827380952381 2035.2161987304687 152.19151916503907 2267.389025878906 292.1780487060547 0.7535342261904762 
289 1918.2930236816405 418.8838745117188 2085.632635498047 634.0348266601562 0.7404668898809523 2033.8806640625 154.3454116821289 2269.52216796875 294.364274597168 0.7486049107142857 
290 1932.0964782714843 434.4860092163086 2092.735186767578 646.392317199707 0.7361421130952381 2036.4722900390625 152.77679443359375 2272.3035888671875 299.74407958984375 0.7574404761904762 
291 1940.5362182617187 450.025390625 2104.2584594726563 658.0888671875 0.7596261160714286 2031.1869262695313 152.360791015625 2273.3592163085937 302.4393798828125 0.7608351934523809 
292 1953.090069580078 478.55345458984374 2117.269183349609 663.2550170898437 0.7790178571428571 2033.4695190429688 157.43049392700195 2276.317834472656 297.66690292358396 0.7742745535714286 
293 1962.6786987304688 488.33876953125 2126.9265258789064 673.1177734375 0.7812965029761905 2036.379541015625 157.7370719909668 2269.064306640625 287.76672744750977 0.7656715029761905 
294 1973.946844482422 493.3549743652344 2133.9971252441405 670.4318908691406 0.7986188616071429 2041.6604736328125 155.31095428466796 2273.2223388671873 288.11864166259767 0.7804827008928571 
295 1983.068896484375 491.27483825683595 2146.150341796875 671.3441192626954 0.8183826264880952 2043.1791137695313 154.00437927246094 2274.2112670898437 289.9057159423828 0.7819940476190477 
296 1990.7314575195312 475.7691345214844 2146.4118530273436 661.9085998535156 0.8133603050595238 2037.0710693359374 153.60458755493164 2287.5134033203126 288.9787712097168 0.7793898809523809 
297 2000.0249145507812 464.64024810791017 2148.3229858398436 653.3834030151368 0.8032924107142857 2045.784814453125 162.3400733947754 2291.825048828125 297.15661544799804 0.7719494047619048 
298 2007.3384521484375 444.84748992919924 2155.2889892578123 646.5983413696289 0.7990373883928571 2049.2406494140623 171.8371681213379 2304.7915771484377 296.25021896362307 0.7639508928571429 
299 2014.066827392578 425.6210083007812 2164.6581481933595 639.7953735351563 0.7880161830357143 2066.8379638671877 177.85325469970704 2317.8236572265623 308.36570892333987 0.7451171875 
