0 1654.867901611328 1225.0852661132812 1833.2689392089844 1540.7177124023438 0.8027808779761905 1351.90302734375 1819.6671081542968 1640.08916015625 2059.8222717285157 0.5784272693452381 
1 1658.6286865234374 1226.8324279785156 1830.7948974609376 1529.8449401855469 0.7974562872023809 1350.0539916992188 1828.619403076172 1625.5197387695312 2104.085308837891 0.6958705357142857 
2 1655.9783569335937 1225.7866088867188 1827.7335571289063 1541.8164184570312 0.7909226190476191 1336.7778076171876 1833.8003784179687 1618.4563232421874 2101.7384399414063 0.6788039434523809 
3 1662.5414916992188 1221.2904235839844 1834.9968383789062 1545.506329345703 0.7896902901785714 1321.6107055664063 1832.5779296875 1597.5391967773437 2101.60810546875 0.7269577752976191 
4 1659.106134033203 1220.652099609375 1845.8283142089845 1545.68701171875 0.7273065476190477 1302.9508178710937 1838.0056457519531 1579.5762817382813 2114.6309509277344 0.7840401785714286 
5 1649.5812683105469 1220.1039611816407 1843.3458557128906 1552.2718933105468 0.7785528273809523 1318.477960205078 1847.177423095703 1567.6039489746095 2096.3034118652345 0.7675083705357143 
6 1650.9337463378906 1219.6881042480468 1838.1903991699219 1552.5888732910157 0.7847609747023809 1317.4992980957031 1830.5397705078126 1574.1104431152344 2094.0862060546874 0.7246558779761905 
7 1660.8464477539062 1226.5299072265625 1833.3068725585938 1550.7554931640625 0.7787388392857143 1316.9869445800782 1833.3252258300781 1572.2282653808593 2095.4651794433594 0.7377697172619048 
8 1657.0100891113282 1220.5618774414063 1837.5039489746093 1553.7811401367187 0.7373279389880952 1288.8135620117187 1848.818994140625 1559.5541137695313 2105.675634765625 0.7844819568452381 
9 1657.4575744628905 1228.450927734375 1831.395574951172 1541.53955078125 0.7894112723214286 1283.089129638672 1848.2057556152345 1547.4752014160156 2077.804132080078 0.7745070684523809 
10 1659.5970092773437 1218.229718017578 1834.8561157226563 1540.7066833496094 0.7645786830357143 1255.9615051269532 1838.108056640625 1564.4177673339843 2069.45029296875 0.7683454241071429 
11 1659.1557373046876 1220.2032470703125 1841.2680908203124 1570.4193115234375 0.6999395461309523 1245.90078125 1838.2000244140625 1554.09091796875 2062.3383056640623 0.7561383928571429 
12 1657.3704223632812 1223.95302734375 1840.0924682617188 1554.2583984375 0.7413039434523809 1217.053271484375 1841.5863342285156 1561.4142578125 2066.475067138672 0.7407459077380952 
13 1655.1534912109375 1246.324658203125 1810.0242431640625 1565.176318359375 0.8794177827380952 1212.2649658203125 1844.9599548339843 1531.1166259765625 2077.266241455078 0.83642578125 
14 1652.001934814453 1247.1072143554688 1806.7960388183594 1584.0119262695312 0.8658621651785714 1204.2551025390626 1836.5151977539062 1536.6069580078124 2073.2589721679688 0.8268229166666666 
15 1646.0333190917968 1261.509991455078 1796.3215393066407 1598.5199157714844 0.8601190476190477 1187.9871704101563 1823.0763671875 1543.2137573242187 2059.894091796875 0.8143833705357143 
16 1638.5524475097657 1278.8641784667968 1784.3278015136718 1620.5253479003907 0.8759998139880952 1178.79912109375 1810.1035034179688 1543.237744140625 2042.4331176757812 0.8158947172619048 
17 1618.311053466797 1288.76025390625 1777.8719299316406 1644.352783203125 0.8520972842261905 1163.6505615234375 1793.9192199707031 1555.7141845703125 2026.4219665527344 0.7744140625 
18 1584.4213134765625 1311.5603637695312 1773.0520751953125 1693.2084350585938 0.8257300967261905 1158.5683044433595 1764.071484375 1557.763360595703 1996.56962890625 0.7738792782738095 
19 1562.4435302734375 1326.7831298828125 1755.8604248046875 1717.8216064453125 0.7990838913690477 1157.8206115722655 1755.6639465332032 1578.292059326172 1961.6950622558593 0.7647879464285714 
20 1514.628924560547 1334.15576171875 1754.2020080566406 1754.45947265625 0.8160807291666666 1157.5326110839844 1727.9479736328126 1577.836163330078 1929.6936279296874 0.7927594866071429 
21 1481.225567626953 1346.5577575683594 1739.7879821777344 1757.714337158203 0.7998046875 1157.125994873047 1705.8714477539063 1568.2825744628906 1913.5689819335937 0.8145926339285714 
22 1446.569140625 1345.8621704101563 1748.705517578125 1801.1944702148437 0.7989443824404762 1156.5443603515625 1684.8244873046874 1560.8113525390625 1897.5966552734376 0.8131045386904762 
23 1456.5923156738281 1359.4125244140625 1729.5423278808594 1807.2212646484375 0.7604399181547619 1153.6242126464845 1660.0840759277344 1550.254815673828 1890.3857727050781 0.8105003720238095 
24 1456.4913940429688 1356.155206298828 1703.8294067382812 1795.3934997558595 0.7417457217261905 1151.4192993164063 1662.047412109375 1569.3353393554687 1866.74091796875 0.7890625 
25 1468.1529113769532 1354.208319091797 1702.4114196777343 1746.0591369628905 0.7859933035714286 1144.1224182128906 1661.3656433105468 1574.306414794922 1861.5502502441407 0.7882952008928571 
26 1515.4219055175781 1356.0235290527344 1702.5325622558594 1721.7397766113281 0.7907366071428571 1141.527655029297 1660.7326293945312 1592.2942443847655 1852.0957397460938 0.7822730654761905 
27 1483.0146545410157 1366.1838439941407 1703.0613952636718 1702.7259460449218 0.8245907738095238 1135.6859252929687 1651.7800354003907 1575.7794067382813 1871.8267761230468 0.8265904017857143 
28 1499.4456359863282 1359.9317565917968 1686.7981384277343 1687.7988342285157 0.8026413690476191 1140.6261901855469 1661.4318481445312 1570.6854553222656 1874.3325561523438 0.8046642485119048 
29 1495.540185546875 1346.5748596191406 1682.667822265625 1708.0715026855469 0.7957821800595238 1141.2408264160156 1671.2674987792968 1592.048358154297 1883.9125549316407 0.8057803199404762 
30 1480.4219970703125 1342.301318359375 1680.7508544921875 1730.172314453125 0.7921084449404762 1150.25625 1673.450616455078 1597.799658203125 1890.8288024902345 0.8034551711309523 
31 1491.5052978515625 1330.4248779296875 1677.6287353515625 1778.8131591796875 0.7345610119047619 1163.0233215332032 1675.1762451171876 1573.3410583496093 1899.3703857421874 0.7918061755952381 
32 1491.0541625976562 1322.2381469726563 1678.4880737304688 1778.0433471679687 0.7025204613095238 1174.3499145507812 1670.8914733886718 1579.0368041992188 1888.1442932128907 0.8008277529761905 
33 1476.443914794922 1313.5967041015624 1674.0247131347655 1742.3891357421876 0.7068684895833334 1189.7738830566407 1675.7742309570312 1601.7508972167968 1852.3358764648438 0.7863188244047619 
34 1477.6897705078125 1314.281475830078 1697.0609619140625 1761.4613220214844 0.7251209077380952 1197.6344421386718 1666.2165893554688 1594.1901428222657 1847.6195922851562 0.7891322544642857 
35 1519.6122924804688 1311.7667541503906 1712.8784301757812 1757.1191101074219 0.7750651041666666 1229.5516784667968 1670.6664123535156 1611.8822814941407 1834.5224304199219 0.7764834449404762 
36 1545.5476013183593 1299.2610473632812 1727.4852355957032 1762.3749389648438 0.7638346354166666 1263.7352355957032 1673.950665283203 1627.6103454589843 1839.3485290527344 0.7420712425595238 
37 1570.4686584472656 1303.2935668945313 1740.0280456542969 1727.1922729492187 0.7791806175595238 1298.5212707519531 1691.1065002441405 1677.2041931152344 1843.710028076172 0.7516276041666666 
38 1580.8465759277344 1289.5297119140625 1763.655743408203 1742.3975341796875 0.7712983630952381 1326.1283752441407 1740.4799743652343 1666.8180358886718 1885.8963684082032 0.7558128720238095 
39 1633.588232421875 1292.3787231445312 1778.01455078125 1651.3815307617188 0.8416806175595238 1352.6708251953125 1766.446551513672 1703.4207275390625 1923.2525451660156 0.7584635416666666 
40 1652.7026000976562 1285.3434448242188 1793.1003784179688 1638.4651489257812 0.8442847842261905 1393.015869140625 1794.57177734375 1741.883056640625 1960.496337890625 0.7813197544642857 
41 1667.4854064941405 1245.8732849121093 1797.875311279297 1614.5621398925782 0.8453078497023809 1433.5096069335937 1819.6584045410157 1793.2062133789063 1981.5218933105468 0.7546037946428571 
42 1669.352850341797 1216.745379638672 1814.2607971191405 1597.1285217285156 0.8415876116071429 1454.603564453125 1856.8131164550782 1830.458447265625 2033.4196716308593 0.7425827752976191 
43 1675.0917419433595 1204.0801086425781 1811.620782470703 1572.7083435058594 0.8507719494047619 1501.8049255371093 1891.1009765625 1865.8822082519532 2100.44541015625 0.71728515625 
44 1669.0133666992188 1189.9787231445312 1814.4588012695312 1549.0469116210938 0.8396344866071429 1500.1429748535156 1933.9876953125 1927.3886413574219 2147.61044921875 0.6753859747023809 
45 1668.06181640625 1165.9007202148437 1809.139111328125 1534.5221313476563 0.8463309151785714 1556.0400756835938 1971.93173828125 1970.1703735351562 2181.27236328125 0.7258649553571429 
46 1663.115948486328 1160.5992004394532 1813.3111755371094 1515.6059997558593 0.8341936383928571 1595.1955078125 1989.2984924316406 2000.2673828125 2171.353240966797 0.7084495907738095 
47 1669.9327270507813 1162.6859436035156 1810.9576538085937 1494.7770690917969 0.8440057663690477 1684.455126953125 1955.645263671875 2002.8986328125 2178.555908203125 0.7053571428571429 
48 1663.2227661132813 1155.860577392578 1813.3026245117187 1483.3077575683594 0.8544689360119048 1733.5399536132813 1961.1846923828125 2001.8645874023437 2161.2913818359375 0.5787992931547619 
49 1663.8443603515625 1137.8538513183594 1813.9949951171875 1474.5549621582031 0.8497488839285714 1619.394305419922 2010.5817138671875 1942.4454162597656 2215.3323486328127 0.6358816964285714 
50 1653.5737670898438 1120.9042358398438 1817.3778930664062 1453.0628051757812 0.8507719494047619 1659.3488342285157 2006.6023071289062 1955.1066101074218 2215.9077026367186 0.7447916666666666 
51 1649.5517639160157 1099.5106872558595 1817.8460632324218 1431.550714111328 0.8467029389880952 1654.8000244140626 1968.7976379394531 1959.5490966796874 2196.2222595214844 0.8003162202380952 
52 1636.7353576660157 1073.8677551269532 1818.7469421386718 1419.6894958496093 0.8386114211309523 1621.3344116210938 1927.7465026855468 1967.1563110351562 2214.4147521972654 0.9389183407738095 
53 1632.0609252929687 1056.3340881347656 1818.5242797851563 1397.425555419922 0.8490513392857143 1600.2256713867187 1900.3168579101562 1941.3172973632813 2173.190222167969 0.9956287202380952 
54 1629.7438415527345 1036.8508239746093 1815.352960205078 1371.8526672363282 0.8635370163690477 1585.6921630859374 1870.0026550292969 1911.6398681640626 2137.0985412597656 0.9925827752976191 
55 1626.0494689941406 1021.0060852050781 1813.3029479980469 1350.9288513183594 0.8599795386904762 1558.6586853027343 1854.387030029297 1884.1231750488282 2095.1414123535155 0.9783063616071429 
56 1624.6654479980468 1009.8019775390625 1808.4731018066407 1324.9009033203124 0.8731631324404762 1535.9596557617188 1838.9563903808594 1846.6821899414062 2057.775177001953 0.9815383184523809 
57 1615.9578369140625 988.4816711425781 1805.6600830078125 1311.8377868652344 0.8635137648809523 1512.1522888183595 1810.1376892089843 1796.705499267578 2025.7083801269532 0.9010881696428571 
58 1605.2859191894531 981.1481689453125 1802.0164489746094 1297.6277099609374 0.8547247023809523 1474.6805358886718 1778.7620544433594 1748.3925842285157 1996.8762512207031 0.8267299107142857 
59 1591.844921875 951.9997650146485 1800.7869140625 1286.306936645508 0.7371884300595238 1402.9935974121095 1724.0135070800782 1716.406427001953 1960.8142517089843 0.7491396949404762 
60 1600.8821228027343 972.6955413818359 1789.2727844238282 1257.3748321533203 0.8695591517857143 1408.466082763672 1733.987078857422 1701.5181701660156 1951.6829650878906 0.83544921875 
61 1594.9094787597655 972.2751251220703 1789.242498779297 1249.8937591552735 0.8531901041666666 1406.3729309082032 1723.9807861328125 1727.6171813964843 1938.1437255859375 0.8015252976190477 
62 1599.93515625 978.6711975097656 1777.82314453125 1251.432684326172 0.8600957961309523 1410.3401672363282 1723.2156982421875 1702.8669860839843 1920.8690185546875 0.8051525297619048 
63 1590.8260498046875 976.2021453857421 1770.8455810546875 1254.414126586914 0.8595377604166666 1397.7456115722657 1705.8793518066407 1696.4144226074218 1906.3556335449218 0.783203125 
64 1584.5604125976563 977.6052856445312 1772.1866577148437 1271.2811889648438 0.8569568452380952 1410.1118469238281 1696.577978515625 1695.6302185058594 1904.598291015625 0.78955078125 
65 1580.5419372558595 982.1786407470703 1766.652520751953 1273.4821868896483 0.8580729166666666 1418.0841491699218 1708.258837890625 1717.4794494628907 1910.5529296875 0.7872023809523809 
66 1584.2568237304688 996.4105773925781 1763.4597290039062 1277.4335388183595 0.8618861607142857 1415.8623596191405 1701.7873413085938 1696.885321044922 1897.2815063476562 0.7840169270833334 
67 1578.9341674804687 1000.4269287109375 1758.0875610351563 1285.4436767578125 0.8687453497023809 1415.44091796875 1683.2144348144532 1708.60107421875 1886.7978942871093 0.7762044270833334 
68 1580.0257507324218 1005.6155090332031 1754.8540100097657 1298.3511657714844 0.8725353422619048 1418.9586486816406 1695.0768249511718 1715.7599792480469 1894.2997619628907 0.7857142857142857 
69 1578.9859985351563 1005.7353576660156 1757.5452514648437 1297.9232116699218 0.8665364583333334 1420.8735778808593 1686.7266784667968 1725.2359191894532 1893.6931213378907 0.7878069196428571 
70 1586.0944091796875 1008.3764953613281 1757.6975830078125 1299.7029724121094 0.8630022321428571 1414.3374633789062 1687.2686096191405 1717.6364135742188 1894.788885498047 0.7740885416666666 
71 1577.5616760253906 1009.5666259765625 1752.5229187011719 1298.4560791015624 0.8813011532738095 1417.3110107421876 1695.9529113769531 1706.2004638671874 1895.3272399902344 0.7913643973214286 
72 1576.9724853515625 1008.7659301757812 1751.1927978515625 1300.4835815429688 0.8573056175595238 1412.4137268066406 1689.1289611816405 1716.2863464355469 1891.710760498047 0.7526041666666666 
73 1573.0149536132812 1003.2065490722656 1752.2330932617188 1297.9207702636718 0.8757440476190477 1405.1320251464845 1689.9027770996095 1711.794122314453 1900.981866455078 0.7707403273809523 
74 1573.4431274414062 1008.4058044433593 1750.4357788085938 1294.0076477050782 0.8572358630952381 1407.1257202148438 1701.9881103515625 1684.6823852539062 1903.1161376953125 0.7431640625 
75 1570.7191040039063 1004.9868408203125 1745.0914428710937 1284.7934326171876 0.8678385416666666 1411.6316528320312 1714.4855651855469 1667.1073608398438 1901.0233459472656 0.7739490327380952 
76 1564.174090576172 997.4740173339844 1744.1363342285156 1279.687481689453 0.8666759672619048 1416.3030212402343 1719.3680541992187 1678.0662414550782 1907.5103637695313 0.7778785342261905 
77 1565.7329406738281 992.9973815917969 1742.0271911621094 1279.9880920410155 0.8612583705357143 1411.1994323730469 1720.7239318847655 1669.4911193847656 1905.218084716797 0.7838309151785714 
78 1561.596612548828 982.8275756835938 1738.0292419433595 1282.3528442382812 0.8540504092261905 1410.098046875 1714.754864501953 1668.5923828125 1907.5999938964844 0.7556733630952381 
79 1564.8195678710938 989.457470703125 1741.4707153320312 1272.920947265625 0.8667224702380952 1414.5555541992187 1734.457501220703 1661.0455200195313 1915.2166931152344 0.8058965773809523 
80 1560.6321716308594 984.559375 1741.8125305175781 1272.800732421875 0.8639090401785714 1411.918719482422 1734.9369812011719 1646.6294982910156 1916.1173400878906 0.7789713541666666 
81 1561.8293090820312 976.9016906738282 1739.3259643554688 1269.9775817871093 0.8689081101190477 1404.4954833984375 1739.5976196289062 1652.1651611328125 1917.0942749023438 0.7996186755952381 
82 1559.1502746582032 977.7418029785156 1740.8190856933593 1266.760272216797 0.8631417410714286 1397.6492614746094 1749.6753845214844 1657.7658996582031 1927.2153625488281 0.7925037202380952 
83 1561.149609375 978.9434631347656 1738.9373046875 1268.365008544922 0.8720703125 1395.7659729003906 1752.4306640625 1656.245379638672 1926.08349609375 0.8125697544642857 
84 1555.9264831542969 983.9961944580078 1743.8956604003906 1267.949789428711 0.8615838913690477 1386.5695190429688 1747.1021301269532 1682.5210571289062 1923.0732849121093 0.7524181547619048 
85 1555.4080993652344 982.1527313232422 1742.597149658203 1271.075112915039 0.8633045014880952 1375.1054931640624 1751.4124938964844 1659.9584716796876 1938.601544189453 0.8019670758928571 
86 1559.2441467285157 985.1170837402344 1743.9598327636718 1268.085919189453 0.8756742931547619 1386.4697998046875 1758.7466796875 1653.7181884765625 1939.532373046875 0.8308686755952381 
87 1551.8528869628906 986.7788757324219 1740.889422607422 1272.3445373535155 0.8542596726190477 1367.3026306152344 1748.8028991699218 1681.022686767578 1945.8835021972657 0.7994326636904762 
88 1560.3897644042968 995.1515380859375 1736.9826721191407 1272.0813720703125 0.8562360491071429 1367.897314453125 1752.0004089355468 1660.881005859375 1944.6471740722657 0.8256603422619048 
89 1554.9767272949218 992.4085144042969 1736.5150939941407 1276.5554748535155 0.8726283482142857 1380.5724609375 1753.625 1652.879931640625 1939.10986328125 0.8311941964285714 
90 1553.5164672851563 996.598046875 1737.9752319335937 1277.296484375 0.8698381696428571 1374.9182922363282 1743.9958557128907 1663.6365173339843 1936.4747253417968 0.8022925967261905 
91 1553.4971008300781 993.8642639160156 1734.6695251464844 1279.7139831542968 0.8680710565476191 1376.9701354980468 1742.0908508300781 1638.6635314941407 1931.3152770996094 0.8111514136904762 
92 1556.9244567871094 988.0118011474609 1730.186749267578 1289.1581817626952 0.8623046875 1394.2927124023438 1743.8921020507812 1629.4343383789062 1929.5302612304688 0.8251720610119048 
93 1549.9345764160157 991.3076293945312 1731.8223815917968 1284.8083374023438 0.8649088541666666 1394.2807495117188 1740.9583984375 1629.9079711914062 1931.1138671875 0.8379603794642857 
94 1552.8720825195312 986.0542175292969 1734.9968139648438 1284.0765197753906 0.8594447544642857 1387.9407897949218 1740.3436340332032 1619.7360900878907 1930.7468200683593 0.8137555803571429 
95 1551.8016662597656 988.6222778320313 1733.7675476074219 1282.2493041992188 0.8632114955357143 1384.310205078125 1742.2542846679687 1611.76767578125 1928.3558227539063 0.8282180059523809 
96 1551.724346923828 987.5984558105469 1733.6419860839844 1285.2817932128905 0.8703729538690477 1386.9808837890625 1747.8675415039063 1618.5122802734375 1933.9195678710937 0.830078125 
97 1554.1373229980468 988.2371398925782 1732.0251525878907 1286.0959899902343 0.8701404389880952 1386.5916687011718 1753.091650390625 1609.9858459472657 1930.979638671875 0.8060360863095238 
98 1555.3925720214843 986.4582580566406 1734.0389465332032 1285.5872741699218 0.8692103794642857 1373.8698120117188 1760.9657958984376 1602.3711547851562 1939.6123291015624 0.8374953497023809 
99 1554.7659790039063 987.3181304931641 1735.0511596679687 1284.9982147216797 0.8713727678571429 1358.5164794921875 1771.1877319335938 1618.4625244140625 1955.6655395507812 0.8331473214285714 
100 1555.5677978515625 977.4159332275391 1738.3047607421875 1279.1445526123048 0.8733723958333334 1342.1021240234375 1783.5509704589845 1618.3324462890625 1983.286798095703 0.8436337425595238 
101 1559.6648315429688 980.6126037597656 1738.7382446289062 1283.331854248047 0.8746744791666666 1321.5562744140625 1802.021533203125 1602.9573974609375 2006.676953125 0.8819521949404762 
102 1562.7269226074218 986.45322265625 1742.1667541503907 1270.9310546875 0.8698381696428571 1302.4886047363282 1816.8255126953125 1578.2131774902343 2053.1608154296873 0.9016694568452381 
103 1561.4379150390625 984.2219146728515 1738.8587158203125 1266.275338745117 0.8586542038690477 1272.3856567382813 1841.755389404297 1558.9883666992187 2091.963970947266 0.9149925595238095 
104 1564.5352172851562 985.0617156982422 1741.9696655273438 1262.5875152587892 0.8552594866071429 1267.061279296875 1862.0849609375 1535.48779296875 2121.412109375 0.8925083705357143 
105 1564.867742919922 993.7550903320313 1742.3296447753905 1262.2231811523438 0.8593052455357143 1253.3467651367187 1876.6892333984374 1521.8148559570313 2167.9089111328126 0.7995024181547619 
106 1568.3956420898437 994.1657409667969 1741.2940551757813 1271.7130432128906 0.8577938988095238 1237.2988220214843 1879.657421875 1519.3961242675782 2157.2048828125 0.81982421875 
107 1567.7154357910156 1000.9889831542969 1740.651141357422 1274.0453186035156 0.85986328125 1245.648944091797 1886.6717041015625 1509.6033752441406 2159.7281982421873 0.8041294642857143 
108 1564.2186157226563 990.4267059326172 1741.8123901367187 1277.3089508056642 0.8619791666666666 1237.9294311523438 1878.2204650878907 1511.1506469726562 2151.441522216797 0.8268461681547619 
109 1571.6817321777344 996.5229431152344 1740.1033020019531 1287.8465637207032 0.8694428943452381 1239.5659240722657 1865.0664428710938 1494.4739929199218 2124.526574707031 0.8677455357142857 
110 1568.1833801269531 1000.0396606445313 1741.0086364746094 1295.6617553710937 0.86962890625 1245.4478942871094 1859.9678100585938 1486.493634033203 2101.013391113281 0.8625837053571429 
111 1570.2742858886718 999.0563354492188 1738.5327209472657 1290.0979614257812 0.8643740699404762 1245.4759704589844 1848.2191955566407 1500.137432861328 2116.523358154297 0.8506324404761905 
112 1565.5241455078126 1002.4392028808594 1738.4006591796874 1298.1490539550782 0.8744187127976191 1256.1660522460938 1845.1249206542968 1501.8327270507812 2086.2423889160154 0.8482840401785714 
113 1567.0161499023438 999.0533752441406 1735.4508911132812 1299.5046081542969 0.8728143601190477 1256.934912109375 1843.3287048339844 1502.75869140625 2080.047882080078 0.8513764880952381 
114 1567.1289306640624 1002.7149658203125 1735.5024169921876 1298.5062255859375 0.8695591517857143 1268.7121826171874 1835.1312194824218 1505.3451904296876 2076.3147033691407 0.8259393601190477 
115 1567.538623046875 1007.2768310546875 1735.914013671875 1293.9699951171874 0.8624441964285714 1272.61923828125 1836.201806640625 1509.25478515625 2068.28671875 0.8163364955357143 
116 1565.7998046875 1003.5304870605469 1734.22216796875 1294.8553771972656 0.8661179315476191 1278.3265380859375 1837.2380065917969 1510.4761962890625 2064.8356018066406 0.8218470982142857 
117 1564.3380004882813 1003.6392517089844 1732.7784545898437 1294.9958801269531 0.8621884300595238 1284.3626098632812 1838.48798828125 1511.9848022460938 2057.005419921875 0.8153366815476191 
118 1568.2020874023438 1003.7974304199219 1732.1160278320312 1295.1997619628905 0.8682105654761905 1284.1548583984375 1838.7774719238282 1511.8129150390625 2057.3293395996093 0.8030133928571429 
119 1562.5638610839844 995.7767211914063 1731.036846923828 1296.2960327148437 0.8625837053571429 1282.009033203125 1838.3166381835938 1514.228515625 2061.4294555664064 0.7987118675595238 
120 1565.2495544433593 1000.558935546875 1724.7615539550782 1283.12294921875 0.8514229910714286 1283.386651611328 1838.2596618652344 1515.8183044433595 2061.5763977050783 0.8068731398809523 
121 1566.5909606933594 1003.8225463867187 1726.123272705078 1290.9806762695312 0.8641415550595238 1284.6921875 1839.175732421875 1517.153515625 2057.962939453125 0.8015252976190477 
122 1562.16396484375 992.6254150390625 1726.14169921875 1293.2510498046875 0.8511207217261905 1284.4881958007813 1839.4928955078126 1516.7898803710937 2058.1296630859374 0.8065708705357143 
123 1563.091729736328 1000.3469421386719 1731.5675720214845 1291.7645080566406 0.8632579985119048 1290.0629089355468 1841.3248718261718 1517.7328674316407 2068.9948303222654 0.8200334821428571 
124 1566.0138671875 1004.3100158691407 1729.9255859375 1291.1556823730468 0.8625604538690477 1292.4773315429688 1841.7310729980468 1520.1325317382812 2064.8332580566407 0.8092912946428571 
125 1569.2706176757813 1000.0919616699218 1728.5990112304687 1291.4352600097657 0.86279296875 1295.2608947753906 1845.9329772949218 1522.8727722167969 2059.8881896972657 0.8112444196428571 
126 1560.3212768554688 1000.3821472167969 1728.8029907226562 1291.8098693847655 0.8663271949404762 1293.2374877929688 1841.9150329589843 1530.0225219726562 2065.039434814453 0.8242420014880952 
127 1564.664288330078 1004.3341125488281 1728.5799743652344 1291.1867614746093 0.8656994047619048 1292.5220581054687 1841.7754943847656 1538.3956665039063 2064.8830749511717 0.8224748883928571 
128 1562.0028930664062 1004.1214111328125 1725.9980834960938 1282.0021240234375 0.8588634672619048 1297.2628112792968 1841.44306640625 1538.7002014160157 2060.1033203125 0.8015485491071429 
129 1567.3447204589843 1003.5483154296875 1726.7957824707032 1286.0044189453124 0.8617234002976191 1294.0000427246093 1840.4036254882812 1544.5659973144532 2068.1908569335938 0.8145228794642857 
130 1560.840869140625 998.5749633789062 1729.47333984375 1294.8210327148438 0.8441452752976191 1302.9841613769531 1835.7767456054687 1549.0962829589844 2077.331408691406 0.8155924479166666 
131 1569.4458740234375 1006.1404357910156 1728.7999755859375 1292.977850341797 0.86865234375 1306.7742126464843 1830.404034423828 1557.1878234863282 2076.264788818359 0.8331938244047619 
132 1563.6928649902343 1005.2134826660156 1732.0972961425782 1296.507586669922 0.8684663318452381 1313.1869873046876 1826.2287353515626 1558.9663330078124 2072.0080810546874 0.8159877232142857 
133 1567.1460021972657 1007.7933959960938 1731.0255065917968 1308.2390747070312 0.8623511904761905 1316.074237060547 1826.4903747558594 1561.8934143066406 2072.3095520019533 0.8127092633928571 
134 1569.0659729003905 1009.0250305175781 1732.984197998047 1300.4352966308593 0.8570498511904762 1314.4322631835937 1827.9156311035156 1560.3096801757813 2064.6865417480467 0.8108491443452381 
135 1564.2729370117188 1007.2574340820313 1732.6213500976562 1307.5545776367187 0.8696754092261905 1321.9002075195312 1826.0746704101562 1558.4979858398438 2067.222448730469 0.8180571056547619 
136 1569.3792358398437 1012.7351745605469 1732.7428344726563 1298.6213928222655 0.8666294642857143 1324.1595153808594 1819.7788635253905 1555.5910949707031 2069.361883544922 0.8277064732142857 
137 1570.995947265625 1014.3022033691407 1733.8431640625 1317.3788269042968 0.8720005580357143 1319.0701110839843 1814.4452758789062 1554.2937805175782 2058.716101074219 0.8313569568452381 
138 1566.7727783203125 1004.3465759277344 1738.0255615234375 1324.319073486328 0.8631417410714286 1320.293438720703 1818.490966796875 1554.6395446777344 2052.8369140625 0.81884765625 
139 1566.5521118164063 1009.9210998535157 1731.6092651367187 1308.8082702636718 0.8599795386904762 1321.025439453125 1815.1318664550781 1561.91962890625 2064.9478454589844 0.8457728794642857 
140 1570.3813415527343 1010.6937255859375 1735.6214660644532 1314.3782958984375 0.8668387276785714 1320.6316711425782 1813.8777099609374 1566.2588317871093 2063.9709228515626 0.8577938988095238 
141 1568.237811279297 1005.5080993652343 1733.7051818847656 1305.1382629394532 0.8696521577380952 1322.100762939453 1816.160662841797 1563.5936950683595 2066.597760009766 0.8587472098214286 
142 1567.4907348632812 1000.1130554199219 1735.3522827148438 1300.4966857910156 0.8736746651785714 1333.1982421875 1817.3333435058594 1558.486083984375 2073.542999267578 0.8545619419642857 
143 1567.4628662109376 992.5610717773437 1738.5239501953124 1295.2074829101562 0.8582124255952381 1339.2126770019531 1819.0187438964845 1558.5218200683594 2064.644952392578 0.8312872023809523 
144 1568.0609375 992.1992370605469 1740.468359375 1279.5447814941406 0.8627464657738095 1337.5044311523438 1807.9884765625 1562.9601684570312 2068.80986328125 0.7945265997023809 
145 1565.2310119628905 985.355581665039 1746.300604248047 1263.5845428466796 0.8646995907738095 1338.809130859375 1807.1330810546874 1568.458447265625 2058.8639892578126 0.7913876488095238 
146 1568.4540100097656 976.7127136230469 1748.7441101074219 1253.7439514160155 0.8671177455357143 1343.0067016601563 1807.4681884765625 1571.6673706054687 2066.9102294921877 0.8108258928571429 
147 1562.9010192871094 956.3431945800781 1752.743389892578 1238.8991149902345 0.8450520833333334 1344.3616882324218 1805.0298278808593 1573.9384826660157 2061.096026611328 0.7793666294642857 
148 1573.0991333007812 963.8914031982422 1759.2768432617188 1216.561050415039 0.8377743675595238 1345.3214050292968 1811.5792297363282 1584.6926330566407 2046.5175720214843 0.78271484375 
149 1575.1659851074219 947.0106628417968 1767.6737365722656 1205.1461975097657 0.8291248139880952 1356.7434448242188 1808.5845153808593 1575.5024047851562 2066.720050048828 0.8095703125 
150 1571.3134826660157 918.8210052490234 1782.2957702636718 1195.7352081298827 0.8340773809523809 1350.0187927246093 1807.2117614746094 1574.1873840332032 2062.148712158203 0.8195452008928571 
151 1576.8788452148438 910.997802734375 1792.1929321289062 1165.859375 0.8187081473214286 1346.0162963867188 1798.95703125 1570.1187133789062 2062.60693359375 0.7815290178571429 
152 1583.9522705078125 882.259375 1775.5911865234375 1145.20595703125 0.8070126488095238 1354.6025695800781 1809.4286804199219 1572.9817810058594 2059.0050354003906 0.8283575148809523 
153 1591.4578369140625 853.6920227050781 1794.2013427734375 1100.5100036621093 0.8300083705357143 1348.199755859375 1798.0760192871094 1572.980419921875 2058.116485595703 0.7958054315476191 
154 1597.079852294922 819.6910827636718 1805.1526916503906 1041.0451232910157 0.8281482514880952 1349.8444396972657 1799.267919921875 1575.6256530761718 2060.46572265625 0.8288457961309523 
155 1597.0163208007812 778.8967224121094 1808.1968139648438 985.6774963378906 0.8164992559523809 1361.1306213378907 1804.5090759277343 1563.5118347167968 2068.484454345703 0.8344494047619048 
156 1598.5443359375 745.9772308349609 1813.6841796875 904.0391876220704 0.7877139136904762 1359.762628173828 1803.4387634277343 1566.1212829589845 2075.656573486328 0.8215680803571429 
157 1587.9696472167968 682.0397888183594 1827.3700744628907 812.6217102050781 0.8123837425595238 1370.1656188964844 1807.221173095703 1552.9804992675781 2081.443255615234 0.8961821056547619 
158 1589.9521240234376 602.7982604980468 1826.9526611328124 738.8540832519532 0.7909923735119048 1366.9623596191407 1813.627783203125 1546.9071472167968 2076.961572265625 0.8794410342261905 
159 1607.2102172851562 525.7312255859375 1837.7612182617188 645.4404052734375 0.7892485119047619 1363.869805908203 1803.8225830078125 1545.6503356933595 2078.7103759765623 0.8472842261904762 
160 1603.5407592773438 433.5713806152344 1830.5415161132812 556.1517639160156 0.7981538318452381 1363.793115234375 1805.1796508789062 1549.93369140625 2086.660437011719 0.8767903645833334 
161 1592.0986083984376 367.2781066894531 1833.3012939453124 471.9509582519531 0.7960146949404762 1360.3481201171876 1803.6417297363282 1546.9387451171874 2081.2521911621093 0.8554222470238095 
162 1598.9681884765625 314.1147857666016 1831.0105712890625 418.76137390136716 0.7774367559523809 1362.7258178710938 1802.0914428710937 1549.2697875976562 2084.182238769531 0.86083984375 
163 1576.4112365722656 274.41801300048826 1827.029559326172 365.55198822021487 0.7057756696428571 1366.4526000976562 1802.1384216308593 1553.2771362304688 2080.097052001953 0.8424944196428571 
164 1563.254864501953 260.0866943359375 1827.3619567871094 383.0331787109375 0.73974609375 1367.4512084960938 1797.4427795410156 1567.8083129882812 2075.210662841797 0.8455636160714286 
165 1575.954852294922 270.87840270996094 1829.0706604003906 386.33473205566406 0.6974516369047619 1376.1265075683593 1796.4050170898438 1584.8360168457032 2071.7241333007814 0.8452845982142857 
166 1575.953057861328 271.57733154296875 1816.8683532714845 376.70404052734375 0.7672061011904762 1369.5743530273437 1787.827880859375 1588.5884887695313 2068.165771484375 0.8459356398809523 
167 1575.5229064941407 282.6128555297852 1813.2631042480468 392.6777633666992 0.787109375 1386.549853515625 1790.6716674804688 1589.069287109375 2068.035363769531 0.8550734747023809 
168 1574.4734436035155 289.8301208496094 1811.469061279297 417.1055480957031 0.7813197544642857 1386.0922790527343 1780.674267578125 1587.9774230957032 2065.946826171875 0.8533063616071429 
169 1584.1957580566407 305.01450500488284 1803.3881042480468 414.6106781005859 0.7931082589285714 1383.3819641113282 1778.15537109375 1589.4226013183593 2067.48916015625 0.8621186755952381 
170 1572.8184326171875 309.2195327758789 1828.1871826171875 423.69510955810546 0.7620907738095238 1385.8642456054688 1780.1291625976562 1588.3979614257812 2061.9152709960936 0.8541201636904762 
171 1560.1801879882812 305.63267974853517 1802.9885131835938 429.2441207885742 0.7293061755952381 1380.8757934570312 1766.8963989257813 1588.3663940429688 2058.2661987304687 0.8238699776785714 
172 1574.686834716797 306.1759719848633 1795.4460998535155 425.38594818115234 0.7483491443452381 1374.81494140625 1753.5070434570312 1591.158935546875 2044.9092163085938 0.8197777157738095 
173 1579.6581481933595 295.23353424072263 1789.362969970703 421.93025360107424 0.7976422991071429 1384.2360717773438 1737.962957763672 1598.3098266601562 2030.6760803222655 0.8473772321428571 
174 1590.347705078125 307.30336303710936 1784.913525390625 413.04563598632814 0.7852492559523809 1390.7387817382812 1705.7045288085938 1623.3718139648438 2014.4719848632812 0.8782784598214286 
175 1596.0438903808595 279.8195236206055 1788.089532470703 411.4063980102539 0.8272879464285714 1414.1202819824218 1666.5424743652343 1641.7299377441407 1919.0470031738282 0.6308361235119048 
176 1590.6549438476563 293.87716217041014 1792.0467163085937 410.684391784668 0.8137555803571429 1423.6546813964844 1624.3024780273438 1729.770245361328 1918.3344848632812 0.9017624627976191 
177 1597.534893798828 289.0758422851562 1787.3712341308594 397.5537963867188 0.8240327380952381 1444.3544677734376 1571.4402282714843 1773.6626220703124 1827.1382629394532 0.9274786086309523 
178 1589.2583862304687 291.4107131958008 1785.3346313476563 409.7962875366211 0.8312639508928571 1474.0031677246093 1515.6771911621095 1781.0658020019532 1752.448419189453 0.9386858258928571 
179 1588.420965576172 289.54541015625 1789.2835021972655 421.14501953125 0.8313802083333334 1512.0986328125 1441.3081604003905 1820.318603515625 1680.265203857422 0.9152250744047619 
180 1591.0035095214844 307.7248001098633 1778.8266906738281 423.05477142333984 0.8213355654761905 1559.5729675292969 1339.6113342285157 1866.0211486816406 1540.6151062011718 0.9736095610119048 
181 1582.3849731445312 318.2467803955078 1783.0569213867188 439.9658660888672 0.8137323288690477 1592.3806701660155 1258.596173095703 1881.874578857422 1432.9505798339844 0.9653087797619048 
182 1578.8753784179687 315.814192199707 1785.8734008789063 453.8129135131836 0.8143368675595238 1629.0452453613282 1148.2296508789063 1905.0427673339843 1322.3709350585937 0.9239908854166666 
183 1580.3186767578125 331.4924743652344 1794.5419189453125 460.0263244628906 0.8079892113095238 1657.8953796386718 1045.147039794922 1924.8503479003907 1206.6382385253905 0.9101329985119048 
184 1582.2764404296875 346.7277374267578 1803.1869384765625 475.31736755371094 0.7956891741071429 1674.8509460449218 936.0335327148438 1928.7329162597657 1100.8920043945313 0.8526320684523809 
185 1587.8542541503907 354.83904724121095 1805.3460632324218 476.76617736816405 0.7940615699404762 1695.3327331542969 844.1952758789063 1926.0057678222656 1008.9617065429687 0.8424944196428571 
186 1596.3247619628905 352.87992706298826 1807.098211669922 491.1999984741211 0.8004557291666666 1697.9114685058594 745.6734100341797 1928.4448547363281 926.8068756103515 0.8247535342261905 
187 1600.9224853515625 364.9849258422852 1818.1551513671875 503.2239059448242 0.7931315104166666 1726.5022705078125 668.9334106445312 1930.5692626953125 849.9606323242188 0.7863420758928571 
188 1603.6726806640625 359.79173431396487 1820.9554931640625 504.646955871582 0.7820405505952381 1738.3981140136718 610.6293029785156 1929.3437072753907 798.2826843261719 0.7759951636904762 
189 1608.24970703125 358.36618957519534 1825.31669921875 512.9442352294922 0.7703683035714286 1754.4789733886719 561.6451721191406 1932.0792541503906 752.4009704589844 0.7736235119047619 
190 1606.5254699707032 371.0780059814453 1820.6333435058593 509.42461853027345 0.7279110863095238 1766.7896789550782 532.9891662597656 1931.4880310058593 717.4512634277344 0.7797386532738095 
191 1606.9817016601562 364.0117660522461 1824.7548706054688 522.3922561645508 0.7392810639880952 1779.1950256347657 519.0926635742187 1934.2760437011718 697.2707397460938 0.7511625744047619 
192 1606.7802429199219 364.13000640869143 1827.6874084472656 522.3918746948242 0.7620907738095238 1785.078436279297 521.3773864746094 1933.4490295410155 679.6392150878906 0.7478841145833334 
193 1606.9881164550782 366.5519714355469 1821.1943786621093 521.4395446777344 0.7552548363095238 1790.2675048828125 518.2708160400391 1931.9732177734375 676.4538543701171 0.7513950892857143 
194 1605.1409118652343 366.6432846069336 1822.4641906738282 518.1110183715821 0.7630208333333334 1790.8028381347656 509.4991821289062 1935.685076904297 674.1380249023438 0.7527436755952381 
195 1605.3844909667969 361.949201965332 1819.5060119628906 526.6580673217774 0.7618117559523809 1793.2793762207032 512.2143707275391 1938.2231872558593 670.3348846435547 0.7395600818452381 
196 1600.8159118652343 362.4626235961914 1821.5885070800782 520.6281661987305 0.76708984375 1795.7345703125 514.9250732421875 1930.83427734375 669.7955078125 0.7424665178571429 
197 1605.1231628417968 359.1925994873047 1818.9006408691407 523.6368072509765 0.7583472842261905 1795.2459533691406 520.4744384765625 1939.956805419922 668.474169921875 0.7442336309523809 
198 1606.0057312011718 359.1688858032227 1816.5332092285157 523.643522644043 0.7592308407738095 1796.1636596679687 520.1009887695312 1937.6119750976563 671.4176879882813 0.7438151041666666 
199 1603.5633544921875 359.3285858154297 1817.3365478515625 520.4807403564453 0.7610677083333334 1795.453271484375 519.8482818603516 1946.7388671875 671.1339569091797 0.7419549851190477 
200 1599.8612854003907 363.1165405273438 1817.2096374511718 517.8949340820312 0.7471400669642857 1794.9175415039062 514.7284423828125 1946.4027709960938 672.8 0.7471168154761905 
201 1603.801953125 359.82564849853514 1817.863330078125 521.1950119018554 0.7477213541666666 1797.7238403320312 511.4419403076172 1955.7998413085938 676.1045074462891 0.7401413690476191 
202 1604.9159851074219 359.5941619873047 1815.3209533691406 520.6853790283203 0.7561151413690477 1801.0325500488282 508.42017517089846 1955.5486267089843 672.7990020751953 0.7374441964285714 
203 1608.1846069335938 361.9989990234375 1815.3590942382812 523.1347290039063 0.7446754092261905 1801.4463256835938 517.4431365966797 1956.0050903320312 668.7134185791016 0.72900390625 
204 1606.3560729980468 353.878759765625 1820.3017639160157 521.743798828125 0.7643926711309523 1800.5529418945312 517.8193084716797 1955.2519897460938 669.227017211914 0.7300037202380952 
205 1605.6918823242188 365.2946716308594 1815.9697387695312 516.4318908691406 0.7348865327380952 1802.0691467285155 517.3164825439453 1953.206365966797 665.1680755615234 0.7374906994047619 
206 1604.3559631347657 350.2868988037109 1818.0074401855468 521.2080963134765 0.7580217633928571 1804.1011291503905 517.2890655517579 1952.013739013672 665.2015960693359 0.7404436383928571 
207 1605.9511779785157 352.88782653808596 1812.9153991699218 520.4301666259765 0.7611607142857143 1803.059881591797 519.7983795166016 1944.3210998535155 664.3447479248047 0.7431175595238095 
208 1602.1730407714845 352.7132080078125 1815.686456298828 520.2391235351563 0.7647646949404762 1800.0203369140625 525.0399993896484 1941.2677490234375 666.2873321533203 0.7401181175595238 
209 1606.4260375976562 353.25989837646483 1813.4907104492188 520.8836868286132 0.7596261160714286 1798.1948181152343 517.3441436767578 1942.8114074707032 665.2474700927735 0.7357003348214286 
210 1605.5852783203125 352.99446258544924 1819.0690185546875 523.7814468383789 0.7642531622023809 1801.2576416015625 520.244482421875 1939.2010986328125 664.756494140625 0.7315848214285714 
211 1605.9781311035156 359.62837677001954 1813.213397216797 517.5219223022461 0.7239350818452381 1797.1457214355469 514.7385559082031 1948.4603576660156 666.0531921386719 0.7441173735119048 
212 1607.1463806152344 363.05699462890624 1817.583721923828 514.3087890625 0.7296781994047619 1796.843524169922 520.6320373535157 1941.5191467285156 665.3076599121093 0.7355840773809523 
213 1605.8537353515626 365.1128952026367 1819.4536376953124 519.5621231079101 0.7354678199404762 1792.1532958984376 520.0676422119141 1946.6025634765624 667.9446258544922 0.7269810267857143 
214 1608.0658874511719 369.1318115234375 1818.3978576660156 510.4485717773438 0.7265625 1791.4744079589843 520.0550689697266 1945.9368469238282 667.9447479248047 0.7247953869047619 
215 1608.2623596191406 372.8708923339844 1818.5641784667969 504.30958862304686 0.7174246651785714 1794.5512817382812 516.8215484619141 1945.7057983398438 671.2620086669922 0.7347702752976191 
216 1607.0153015136718 363.0470825195313 1817.3847229003907 514.2501586914062 0.7290271577380952 1791.8470581054687 516.5257751464844 1956.1983520507813 674.3029602050781 0.7339332217261905 
217 1612.1828002929688 365.72601928710935 1815.9473266601562 513.6197448730469 0.7314453125 1792.3097290039063 519.1815551757812 1946.7764526367187 673.6482788085938 0.7465355282738095 
218 1608.4337890625 362.66421661376955 1815.41435546875 513.7929061889648 0.7208658854166666 1790.6474853515624 516.4464752197266 1951.6322998046876 670.8605926513671 0.7288178943452381 
219 1610.3105590820312 356.0018783569336 1814.0871459960938 523.6245559692383 0.7343052455357143 1789.6896118164063 518.9473297119141 1950.7388549804687 676.7098358154296 0.7362583705357143 
220 1609.6638122558593 356.26575927734376 1816.5794738769532 520.4845458984375 0.7513253348214286 1792.578350830078 524.1478698730468 1946.9439880371094 678.5135070800782 0.7345377604166666 
221 1612.3813171386719 353.42236328125 1816.2228088378906 524.3861694335938 0.7588820684523809 1792.196844482422 524.7655242919922 1950.0095764160155 679.2905670166016 0.7459774925595238 
222 1609.519598388672 353.6727767944336 1816.6917053222655 521.383528137207 0.7589518229166666 1792.2812072753907 522.1423980712891 1950.1266296386718 676.6993377685546 0.7451171875 
223 1610.07255859375 355.7512268066406 1817.140087890625 523.3774353027344 0.75830078125 1791.604315185547 521.2283782958984 1959.2305236816405 678.9942169189453 0.7417922247023809 
224 1610.3308715820312 355.815657043457 1817.4057006835938 523.4476181030274 0.7546037946428571 1792.2482849121093 518.3908477783203 1956.5933898925782 679.4490570068359 0.7473958333333334 
225 1610.5142211914062 355.98805541992186 1814.2819213867188 523.6033142089843 0.7543712797619048 1794.9416564941407 519.3054962158203 1955.9837585449218 673.7745208740234 0.7435360863095238 
226 1609.673388671875 356.1592727661133 1813.525830078125 523.8442367553711 0.7580217633928571 1794.9361938476563 525.3617736816407 1949.4695678710937 673.3191345214843 0.7333519345238095 
227 1609.340313720703 355.2548080444336 1816.3946716308594 526.1568435668945 0.7512788318452381 1794.5263122558595 519.3308776855469 1952.281915283203 670.5134826660156 0.7380254836309523 
228 1607.6527038574218 361.3023422241211 1818.1357482910157 525.7423049926758 0.7457914806547619 1793.7228210449218 525.4892944335937 1948.2963439941407 670.1964965820313 0.7167038690476191 
229 1607.5461791992188 361.81220092773435 1818.0277954101562 522.9622131347656 0.7448846726190477 1793.6148986816406 523.088656616211 1948.1874694824219 667.7948272705078 0.7196103050595238 
230 1607.9073608398437 361.930647277832 1818.3394653320313 523.0427719116211 0.7375372023809523 1796.4616394042969 523.1692443847656 1950.9977111816406 667.8413757324219 0.7253534226190477 
231 1610.8639831542969 363.1604232788086 1818.0316467285156 514.425666809082 0.7221912202380952 1796.1512390136718 519.9905975341796 1953.9931701660157 671.2558013916016 0.7361421130952381 
232 1609.6675537109375 365.4880767822266 1820.1805908203125 513.5050262451172 0.7059384300595238 1796.7762634277344 513.2519927978516 1964.528790283203 674.4260467529297 0.7243071056547619 
233 1610.3356994628907 353.4772720336914 1817.5316101074218 524.4960250854492 0.7456984747023809 1798.1781860351562 519.4362854003906 1956.0415405273438 677.2997985839844 0.74755859375 
234 1610.686749267578 353.42182006835935 1817.9474060058594 524.4940124511719 0.7472098214285714 1796.0572570800782 519.0531402587891 1953.9699645996093 680.2557586669922 0.7532784598214286 
235 1611.93525390625 359.4755920410156 1819.090380859375 520.5962463378906 0.7302362351190477 1797.2114196777343 516.6757049560547 1955.0438293457032 674.5081939697266 0.7375837053571429 
236 1612.7078491210937 358.6104965209961 1819.8099731445313 526.2645950317383 0.7330961681547619 1797.9365295410157 519.0577453613281 1955.7286315917968 676.8498474121094 0.7325148809523809 
237 1611.292138671875 365.6138519287109 1818.233984375 513.4294219970703 0.7102632068452381 1795.9984985351562 518.9882690429688 1956.9531616210938 673.3734252929687 0.7275855654761905 
238 1611.9060607910155 368.7145568847656 1818.816961669922 509.93943481445314 0.7064732142857143 1796.5847595214843 521.6871490478516 1957.5154602050782 672.7649383544922 0.7241908482142857 
239 1610.5900939941407 358.5869476318359 1820.7535339355468 522.7772491455078 0.7384905133928571 1797.1355102539062 525.4295654296875 1944.9067260742188 666.6331787109375 0.7300037202380952 
240 1611.2395874023437 361.14893341064453 1818.1893676757813 522.1098251342773 0.7367466517857143 1794.9422424316406 525.1420715332031 1942.763446044922 666.3934509277344 0.7228190104166666 
241 1607.6910400390625 364.0055297851562 1824.5777587890625 521.7412963867188 0.7264927455357143 1794.3703002929688 513.1467041015625 1948.8198852539062 670.882470703125 0.7430245535714286 
242 1612.315625 361.78055877685546 1819.216845703125 516.1353652954101 0.7189825148809523 1793.0699829101563 519.5458221435547 1944.1407104492187 664.0482330322266 0.7181454613095238 
243 1612.8794860839844 368.1196563720703 1823.2812805175781 519.345980834961 0.72705078125 1793.1877502441407 518.0815643310547 1931.2640319824218 662.7328277587891 0.7367466517857143 
244 1615.2042724609375 374.2187698364258 1818.9329345703125 508.9425765991211 0.7236328125 1787.4635986328126 516.3991790771485 1922.1875244140624 667.5526641845703 0.7293294270833334 
245 1614.7371337890625 365.1810104370117 1818.7152587890625 519.8095596313476 0.7469773065476191 1785.0562438964844 521.0749420166015 1916.6550598144531 662.5436492919922 0.7409784226190477 
246 1618.5684448242187 361.6302978515625 1819.2276977539063 526.1050537109375 0.7568824404761905 1783.4228210449219 521.1708099365235 1915.0025939941406 662.6190460205078 0.7393275669642857 
247 1617.5910766601562 360.85429229736326 1817.9113647460938 521.7672592163086 0.7631603422619048 1784.3141845703126 522.2724639892579 1918.9555908203124 663.4818695068359 0.7531622023809523 
248 1613.3986511230469 361.2532653808594 1823.5751037597656 525.4536437988281 0.7568591889880952 1780.883056640625 522.6748840332032 1918.811279296875 667.1711853027343 0.7524181547619048 
249 1614.10146484375 371.3441101074219 1817.6314453125 512.5020202636719 0.748046875 1778.6173278808594 525.7592376708984 1913.209698486328 663.6343780517578 0.7515113467261905 
250 1611.9405944824218 362.2295608520508 1815.5656311035157 516.5904769897461 0.7564174107142857 1779.0596618652344 517.4746673583984 1913.7148742675781 661.9827911376954 0.7463030133928571 
251 1616.0853637695313 367.80496673583986 1819.7337280273437 518.8989822387696 0.7590680803571429 1778.1702941894532 520.1623291015625 1912.8410583496093 664.6870361328125 0.7506045386904762 
252 1607.0861938476562 359.2601821899414 1814.1096069335938 520.2783615112305 0.7740652901785714 1777.2042907714845 517.11865234375 1911.933770751953 668.278564453125 0.7486746651785714 
253 1611.3780212402344 366.34338531494143 1821.5068664550781 507.5237106323242 0.7669968377976191 1777.0565673828125 511.6909423828125 1908.3870361328125 662.721044921875 0.7580682663690477 
254 1611.4536254882812 355.5575866699219 1824.6247436523438 499.8580627441406 0.7786923363095238 1775.179266357422 510.07513732910155 1903.0818420410155 670.7734344482421 0.7512788318452381 
255 1611.0213989257813 352.215754699707 1823.9817749023437 493.0972640991211 0.7773902529761905 1774.5850769042968 502.1701324462891 1902.3613342285157 675.8147918701172 0.7403971354166666 
256 1610.9378784179687 341.2776596069336 1833.9161254882813 492.1158645629883 0.7833193824404762 1772.1178161621094 510.150830078125 1909.839581298828 683.94267578125 0.7448149181547619 
257 1620.621893310547 337.3919967651367 1830.4504943847655 478.3705459594727 0.7742978050595238 1775.5973754882812 518.4699859619141 1910.0188354492188 685.6771697998047 0.7521391369047619 
258 1615.6586120605468 322.2826812744141 1825.8629943847657 473.3669769287109 0.7866908482142857 1778.1122741699219 524.6548065185547 1916.0587463378906 695.4457183837891 0.7568591889880952 
259 1619.756396484375 322.3503448486328 1823.234326171875 470.03594665527345 0.7841796875 1781.7056518554687 535.4215606689453 1916.2635864257813 696.234750366211 0.7660435267857143 
260 1620.4170227050781 319.1055572509766 1827.1705017089844 473.3501922607422 0.7920619419642857 1782.73994140625 549.210302734375 1917.29375 700.1731201171875 0.7815522693452381 
261 1623.1679382324219 324.8287628173828 1826.6539611816406 472.5202362060547 0.7982933407738095 1782.220391845703 548.0070007324218 1920.0656188964845 708.8266174316407 0.7880626860119048 
262 1620.961444091797 331.2609619140625 1827.8853576660156 469.2102905273438 0.7911318824404762 1783.0391906738282 553.8494720458984 1920.9885192871093 711.5058135986328 0.7869931175595238 
263 1620.6293090820313 321.2318649291992 1827.3213745117187 478.71146392822266 0.8021530877976191 1779.6231750488282 558.4607421875 1920.6987243652343 715.940380859375 0.7855282738095238 
264 1625.0899841308594 333.07029418945314 1825.336163330078 470.94472045898436 0.7868768601190477 1777.6104919433594 557.3055847167968 1925.332989501953 721.4418518066407 0.7802501860119048 
265 1628.755859375 336.37320098876955 1822.4482421875 467.69006195068357 0.7893647693452381 1775.098455810547 559.485595703125 1926.1128479003905 726.91455078125 0.78076171875 
266 1624.3077331542968 331.0729354858398 1824.6440490722657 465.72525177001955 0.8001999627976191 1771.0863647460938 563.9987152099609 1925.4439086914062 738.0615264892579 0.7864350818452381 
267 1620.8175354003906 339.28323822021486 1824.3622741699219 467.3193923950195 0.7961077008928571 1770.4455322265626 566.6926300048829 1924.7456298828124 737.4075286865234 0.7815755208333334 
268 1615.3326599121094 339.54430236816404 1825.604962158203 467.67896423339846 0.7997116815476191 1768.3614196777344 577.617056274414 1922.7800598144531 745.1778045654297 0.7802269345238095 
269 1614.402490234375 333.5231689453125 1824.5435546875 468.1447387695313 0.8077101934523809 1764.4310485839844 579.0244903564453 1922.036846923828 753.0474700927734 0.7835518973214286 
270 1611.469970703125 333.82000427246095 1825.08447265625 468.56146545410155 0.8127325148809523 1761.6320861816407 587.5029907226562 1922.6646667480468 758.3945922851562 0.7938523065476191 
271 1616.017236328125 330.85181121826173 1822.98447265625 468.8299819946289 0.8056640625 1760.3131042480468 586.9706207275391 1921.2876037597657 761.0859588623047 0.7866443452380952 
272 1615.6717468261718 334.1378372192383 1825.9611877441407 465.5687973022461 0.810546875 1763.6579284667969 595.7359344482422 1918.0892639160156 760.024624633789 0.7881556919642857 
273 1614.9615783691406 326.9186492919922 1834.9277038574219 474.65709533691404 0.8097330729166666 1757.3965454101562 589.4385040283203 1924.8334350585938 760.158480834961 0.7843656994047619 
274 1616.8718994140625 325.8223159790039 1836.8651611328125 483.4294235229492 0.8102911086309523 1753.8940856933593 586.6064605712891 1924.6350891113282 760.6310272216797 0.7784365699404762 
275 1612.6178588867188 327.87552032470705 1852.2434692382812 488.72009124755857 0.7980608258928571 1754.7772583007813 588.9638946533203 1922.1868530273437 762.9386322021485 0.7721586681547619 
276 1610.7760131835937 335.3572463989258 1866.7430297851563 496.15706634521484 0.7879231770833334 1751.507391357422 580.4696899414063 1925.4336486816405 760.9592651367187 0.7762974330357143 
277 1618.67626953125 346.25966796875 1861.55029296875 500.5175537109375 0.7878301711309523 1750.7169250488282 580.5498840332032 1921.3852478027343 761.0643737792968 0.7741815476190477 
278 1624.8885070800782 349.20352630615236 1861.2258728027343 500.19677276611327 0.7923177083333334 1748.6120971679688 580.2383636474609 1919.3002563476562 764.0562530517578 0.7707868303571429 
279 1630.2793701171875 349.89701690673826 1863.2916748046875 494.29893646240237 0.7844354538690477 1746.0281799316406 586.3172943115235 1916.685076904297 760.2560089111328 0.7784830729166666 
280 1630.1477416992188 354.32844696044924 1859.8310180664062 482.29493560791013 0.7973167782738095 1745.8727111816406 580.4782623291015 1913.2135925292969 760.9437957763672 0.7735305059523809 
281 1630.5356384277343 355.06050872802734 1866.8219055175782 476.4854202270508 0.8139415922619048 1750.6982727050781 570.7727355957031 1908.2225036621094 747.9873962402344 0.7790178571428571 
282 1633.1648803710937 351.0238632202148 1859.7606567382813 472.53177032470705 0.8174060639880952 1754.1674865722657 565.8731323242188 1895.3795104980468 730.0730346679687 0.7937825520833334 
283 1631.4831237792969 345.3296417236328 1857.9635314941406 470.05799255371096 0.8101748511904762 1758.2313659667968 550.7274597167968 1892.8065979003907 711.5613586425782 0.7755533854166666 
284 1626.1753662109375 347.85682678222656 1859.2225830078125 472.58628845214844 0.8134068080357143 1761.6355712890625 533.057373046875 1892.9298583984375 693.8927001953125 0.7704380580357143 
285 1626.2149597167968 345.75425415039064 1859.3877014160157 467.2668029785156 0.8118489583333334 1761.3693359375 493.0345489501953 1896.018359375 673.6613128662109 0.7506975446428571 
286 1624.1679748535157 345.75650787353516 1853.6092468261718 463.75487518310547 0.8010835193452381 1766.2450256347656 471.44492797851564 1900.6320495605469 658.2756530761719 0.7560453869047619 
287 1626.0131042480468 342.76060943603517 1852.3214904785157 460.83451385498046 0.7895740327380952 1764.5228942871095 462.0959899902344 1905.555596923828 639.2068664550782 0.7588123139880952 
288 1622.7295288085938 335.11177215576174 1856.0436645507812 463.27027740478513 0.8218936011904762 1772.3741577148437 454.42303771972655 1913.6771118164063 622.0148895263671 0.7789248511904762 
289 1626.0721862792968 336.71384887695314 1855.5924865722657 461.31056518554686 0.8146623883928571 1771.729296875 457.27503662109376 1919.27802734375 608.1026489257813 0.7696475074404762 
290 1622.1328979492187 337.0993255615234 1851.6581176757813 458.41977844238284 0.8034086681547619 1775.359912109375 452.9969207763672 1922.91181640625 597.2698638916015 0.7734840029761905 
291 1619.614324951172 335.253466796875 1849.6411682128905 460.1251953125 0.8000837053571429 1781.8970825195313 450.01412200927734 1919.9132202148437 588.0302200317383 0.7481631324404762 
292 1623.5636901855469 334.40272827148436 1846.9496154785156 465.8061950683594 0.8001302083333334 1782.8904113769531 452.7922058105469 1917.5789489746094 587.4807434082031 0.7155412946428571 
293 1621.9169311523438 339.4250183105469 1844.9561157226562 467.3445739746094 0.7890159970238095 1785.2855346679687 450.0615768432617 1926.3250610351563 581.2610855102539 0.7321428571428571 
294 1625.4911499023438 342.16175079345703 1845.3787231445312 470.15608978271484 0.7939220610119048 1791.858465576172 453.99901580810547 1926.4165588378905 575.4294815063477 0.7389555431547619 
295 1617.1619995117187 338.370588684082 1846.6085083007813 469.48289642333987 0.7959681919642857 1780.8002319335938 446.412174987793 1925.0237426757812 580.8023330688477 0.7240978422619048 
296 1621.9524780273437 339.4523071289062 1845.1236938476563 470.7294555664063 0.8011532738095238 1787.9424072265624 448.7657943725586 1929.0654052734376 573.4791091918945 0.7418154761904762 
297 1618.0882995605468 340.8128204345703 1847.4816467285157 471.8946990966797 0.7978050595238095 1790.0072387695313 449.5855651855469 1927.6431518554687 577.3903869628906 0.7362583705357143 
298 1612.8579956054687 340.1760955810547 1848.6261352539063 474.4329132080078 0.7894345238095238 1792.9586364746094 451.7629089355469 1930.489971923828 579.4706115722656 0.7289806547619048 
299 1611.3996276855469 335.4685394287109 1853.9142150878906 476.3891265869141 0.8017810639880952 1789.504083251953 447.9024826049805 1930.4247497558595 575.7142471313476 0.7526274181547619 
