11 0.0 0.0 0.0 0.0 0.20164271763392858 0.0 0.0 0.0 0.0 0.20164271763392858 
12 2812.258544921875 1181.3985595703125 2812.258544921875 1181.3985595703125 0.16782924107142858 
13 2837.971923828125 1168.6246337890625 2837.971923828125 1168.6246337890625 0.15925525483630953 
14 2731.3083618164064 1177.3566101074218 2821.9189331054686 1271.9066955566407 0.17229352678571427 2835.70751953125 1144.0216491699218 2835.70751953125 1238.5717346191407 0.16351609002976192 
15 2834.0719604492188 1146.0345886230468 2877.3931274414062 1272.0595275878907 0.16502743675595238 
16 2812.7822265625 1155.756103515625 2812.7822265625 1155.756103515625 0.15500023251488096 2827.959716796875 1119.937078857422 2827.959716796875 1167.2910705566405 0.1595400855654762 
17 2822.0544189453126 1141.1799438476562 2924.6687255859374 1212.2206909179688 0.16217041015625 
18 2792.9947143554687 1098.4332275390625 2931.2184204101563 1173.4688720703125 0.16586739676339285 2800.437463378906 1147.343194580078 2926.813269042969 1246.0741638183595 0.17733619326636904 
19 2179.933203125 1092.6393310546875 2892.1732421875 1175.7339599609375 0.17116001674107142 2717.9180419921877 1141.1873474121094 2935.5468017578123 1331.1179504394531 0.19467889694940477 
20 2736.6670654296877 1102.2607299804688 2934.2880126953123 1173.4043090820312 0.17072405133928573 2726.3298583984374 1102.1086730957031 2908.1413330078126 1279.9676208496094 0.18644205729166666 
21 2812.926513671875 1083.2568359375 2812.926513671875 1083.2568359375 0.16114443824404762 2170.625048828125 1143.986328125 2962.086376953125 1171.6875 0.17728097098214285 
22 2522.6119995117188 1084.7233642578126 2976.7788696289062 1234.7959228515624 0.1850644066220238 2167.6326416015627 1116.3176147460938 3012.7780029296873 1282.1872680664062 0.19370233444940477 
23 0.0 0.0 0.0 0.0 0.20175025576636904 0.0 0.0 0.0 0.0 0.20175025576636904 
24 0.0 0.0 0.0 0.0 0.20175025576636904 0.0 0.0 0.0 0.0 0.20175025576636904 
25 0.0 0.0 0.0 0.0 0.20390392485119047 0.0 0.0 0.0 0.0 0.20390392485119047 
26 0.0 0.0 0.0 0.0 0.20390392485119047 0.0 0.0 0.0 0.0 0.20390392485119047 
27 0.0 0.0 0.0 0.0 0.20353190104166666 0.0 0.0 0.0 0.0 0.20353190104166666 
28 0.0 0.0 0.0 0.0 0.20164271763392858 0.0 0.0 0.0 0.0 0.20164271763392858 
29 0.0 0.0 0.0 0.0 0.20164271763392858 0.0 0.0 0.0 0.0 0.20164271763392858 
30 0.0 0.0 0.0 0.0 0.20353190104166666 0.0 0.0 0.0 0.0 0.20353190104166666 
31 0.0 0.0 0.0 0.0 0.20367140997023808 0.0 0.0 0.0 0.0 0.20367140997023808 
32 2164.8664794921874 1072.7125 3037.4362548828126 1210.90224609375 0.2113037109375 2576.8542602539064 1102.7801940917968 3011.1650268554686 1296.2458068847657 0.22584170386904762 
33 0.0 0.0 0.0 0.0 0.20367140997023808 0.0 0.0 0.0 0.0 0.20367140997023808 
34 2166.0031860351564 1062.5495178222657 3060.1953002929686 1239.8124206542968 0.19535900297619047 2702.0334716796874 1104.5168701171874 3021.1066650390626 1285.7189697265626 0.21603538876488096 
35 2183.676123046875 1076.0740600585937 2894.310205078125 1115.5536254882813 0.17293875558035715 2168.1879638671876 1130.8900146484375 3013.0527587890624 1221.6932373046875 0.18562825520833334 
36 2167.5931396484375 968.9025634765625 3064.6280517578125 1228.5705810546874 0.1817568824404762 2178.034326171875 1103.578839111328 2984.578955078125 1166.5287048339844 0.18526785714285715 
37 2182.703369140625 1036.851873779297 2905.009521484375 1210.5210510253905 0.1894473121279762 2726.634313964844 1115.18515625 2892.409387207031 1162.549462890625 0.17768787202380953 
38 2176.8479858398437 1106.716845703125 2961.6312622070313 1165.8712890625 0.15806652250744047 2809.4978881835937 1144.0296264648437 2975.1307739257813 1274.1695922851563 0.17386009579613096 
39 2170.571569824219 1110.151873779297 3014.231896972656 1165.3445861816406 0.16462925502232142 2164.2031982421877 1143.5101013183594 3063.0560791015623 1277.5495910644531 0.18244280133928573 
40 2177.4367553710936 1090.2570251464845 2958.2133911132814 1232.216485595703 0.16594296409970238 2163.7867919921873 1135.3017822265624 3062.8631103515627 1281.2045654296876 0.18561662946428573 
41 2179.5685180664063 1160.3641052246094 2985.3682495117187 1215.3943176269531 0.1704653785342262 
42 2732.8823852539062 1046.2152587890625 2858.3073120117188 1285.3067138671875 0.19584728422619047 2810.067041015625 1104.857470703125 2841.423193359375 1175.409130859375 0.17373511904761904 
43 2583.3924194335937 1132.1085327148437 2767.7572387695313 1241.9429809570313 0.17975144159226192 2754.1787353515624 1096.502880859375 2844.3998779296876 1174.956103515625 0.17276146298363096 
44 2555.1137084960938 1035.0007873535155 2762.7566528320312 1293.575262451172 0.1859188988095238 
45 2556.7393188476562 1153.39267578125 2760.2785034179688 1270.81923828125 0.18362281436011904 
46 2555.3121337890625 490.4973876953125 2696.1824951171875 776.1508056640625 0.19948614211309523 
47 2558.75634765625 553.3223602294922 2652.59375 1249.284390258789 0.21039690290178573 
48 2557.6202392578125 795.1356018066406 2616.2313232421875 810.7652770996094 0.17763555617559523 
49 2572.432653808594 813.1890014648437 2638.822473144531 824.9048706054688 0.17215401785714285 
50 2229.2264404296875 808.5767517089844 2686.3560791015625 835.9264221191406 0.16818963913690477 
51 2570.828723144531 770.8850830078125 2692.017224121094 1138.3597900390625 0.19288562593005953 2281.0888671875 1053.858642578125 2281.0888671875 1053.858642578125 0.13754708426339285 
52 2228.331396484375 953.6024230957031 2693.273095703125 1176.3056579589843 0.19973028273809523 2281.978515625 1033.8476989746093 2281.978515625 1108.0821105957032 0.15195719401041666 
53 2227.5494995117188 769.9240356445313 2700.2705688476562 1141.0686401367188 0.19217064267113096 
54 2214.589147949219 760.4950469970703 2800.566369628906 1158.9597259521483 0.21497744605654762 
55 2650.589599609375 502.60923156738284 2713.094970703125 643.2470306396484 0.15742420014880953 2282.166748046875 94.51946182250977 2282.166748046875 125.77228622436523 0.17128208705357142 
56 2649.003942871094 262.1583984375 2746.713098144531 418.4926025390625 0.19919549851190477 
57 2599.49775390625 287.35170593261716 2771.30595703125 509.92124328613284 0.43144298735119047 
58 2582.806884765625 307.5559677124023 2762.534423828125 530.2621780395508 0.47400483630952384 
59 2574.7467407226563 323.43994293212893 2750.4971557617187 534.340544128418 0.5866582961309523 
60 2576.1260498046877 343.4436538696289 2744.0018798828123 546.4563400268555 0.49658203125 
61 2574.7070922851562 360.96875915527346 2730.8419799804688 560.0407012939453 0.40464564732142855 
62 2674.3652954101562 308.20545654296876 2713.4303588867188 1194.9771606445313 0.17860049293154762 
63 2690.630126953125 1101.357421875 2690.630126953125 1101.357421875 0.16335332961309523 
64 2698.850830078125 409.74700927734375 2698.850830078125 409.74700927734375 0.17362467447916666 
65 2624.1966796875 418.9492523193359 2745.46103515625 524.5665557861328 0.20439220610119047 
67 2634.870959472656 1039.6629333496094 2744.373425292969 1168.7195129394531 0.18711635044642858 2226.793591308594 1088.2471496582032 2692.179309082031 1135.1768005371093 0.16680036272321427 
68 2617.878771972656 1070.6436157226562 2774.252331542969 1230.9266967773438 0.19126964750744047 2947.7672729492188 1103.1212036132813 2955.5859985351562 1138.3053100585937 0.16814894903273808 
69 2580.176159667969 1067.1336181640625 2857.664904785156 1301.6312744140625 0.20963541666666666 2589.0449829101562 1091.3349365234376 2972.0578002929688 1142.1428466796874 0.17692929222470238 
70 2619.826281738281 1068.7518737792968 2791.732556152344 1299.2624084472657 0.20059930710565477 2957.7781982421875 1136.973388671875 2961.6851806640625 1140.88037109375 0.16352771577380953 
71 2639.7443603515626 1087.2580322265626 2792.1623779296874 1165.4211669921874 0.1693783714657738 
72 2736.666748046875 1142.9818115234375 2736.666748046875 1142.9818115234375 0.15805489676339285 
73 2280.2666015625 66.33974990844726 2280.2666015625 105.45343246459962 0.17959449404761904 
74 2165.0858520507813 13.867803955078125 3166.1839233398437 107.72075805664062 0.21011207217261904 
76 2167.7478637695312 36.89329357147217 3145.4091186523438 83.82103519439697 0.19143531436011904 
77 2281.921630859375 81.78637924194337 2281.921630859375 120.85856399536132 0.19427199590773808 
78 2282.47802734375 62.79267501831055 2282.47802734375 101.85089492797852 0.190673828125 
79 2282.9130859375 82.13177642822265 2282.9130859375 109.46490325927735 0.1846981956845238 
80 2282.891845703125 72.95309448242188 2282.891845703125 72.95309448242188 0.17152041480654762 
82 2631.140270996094 455.6189025878906 2752.311633300781 561.1555114746094 0.22213309151785715 2281.305908203125 98.71883735656738 2281.305908203125 118.26264610290528 0.16180710565476192 
83 2629.071728515625 456.11582336425784 2754.008837890625 553.7228607177734 0.20761253720238096 2283.09228515625 95.27001152038574 2283.09228515625 118.69570960998536 0.16416422526041666 
84 2638.9662353515623 492.27769622802737 2752.2344482421877 546.9589065551758 0.19239443824404762 2282.48681640625 95.98917388916016 2282.48681640625 95.98917388916016 0.14838809058779762 
85 2282.948486328125 58.89418411254883 2282.948486328125 125.27311325073242 0.20634533110119047 
86 2281.85302734375 87.68145065307617 2281.85302734375 107.21840591430664 0.17270042782738096 
87 2281.58447265625 59.62997055053711 2281.58447265625 98.71060562133789 0.17501395089285715 
88 2696.7466064453124 494.535498046875 2704.5751708984376 514.106591796875 0.17283993675595238 
89 2167.267541503906 52.316329383850096 3148.856726074219 103.1556058883667 0.19330124627976192 
90 2277.760009765625 57.36707305908203 2277.760009765625 57.36707305908203 0.17153785342261904 
91 3018.3365234375 61.23395919799805 3030.08095703125 61.23395919799805 0.18179175967261904 
92 2278.4892578125 58.61749820709228 2278.4892578125 78.19663066864014 0.17710077194940477 
93 2280.4765625 24.872238159179688 2280.4765625 110.91075134277344 0.21501813616071427 
94 2278.775634765625 53.00107402801514 2278.775634765625 96.067258644104 0.19106329055059523 
95 2162.377490234375 64.14452896118163 3194.205517578125 99.32048263549805 0.18924386160714285 
96 2281.61181640625 60.37870979309082 2281.61181640625 107.27464866638184 0.1871337890625 
100 2280.69775390625 60.77835273742676 2280.69775390625 115.52237510681152 0.15243094308035715 
101 2282.0859375 60.538643264770506 2282.0859375 119.1407314300537 0.16084216889880953 
103 2659.7222412109377 1119.971661376953 2749.5536376953123 1256.6717712402344 0.16596912202380953 
104 2296.6728515625 154.0903289794922 2296.6728515625 292.13495178222655 0.21540178571428573 
105 2632.5045532226563 421.5546112060547 2749.6787963867187 523.1056060791016 0.23173595610119047 
106 2636.162060546875 423.7218444824219 2745.547412109375 556.5467102050782 0.2534760974702381 
107 2638.9515380859375 431.55367584228514 2748.3565673828125 525.3292282104492 0.22538829985119047 
108 2718.197265625 1133.5091552734375 2718.197265625 1133.5091552734375 0.16656203497023808 
110 2634.9704345703126 1100.7590026855469 2752.1970458984374 1268.7838439941406 0.1683407738095238 
111 2642.277453613281 354.52821044921876 2751.652966308594 1393.5960571289063 0.19303385416666666 
112 2626.5989501953127 1108.3093627929688 2771.0836669921873 1295.7489868164062 0.18297177269345238 
113 2626.0312377929686 1109.22353515625 2774.4353149414064 1296.68125 0.18557884579613096 
114 2755.72021484375 1122.98291015625 2755.72021484375 1122.98291015625 0.17070079985119047 
119 2763.842041015625 1121.53466796875 2763.842041015625 1121.53466796875 0.16523670014880953 
120 2651.192431640625 1113.9122375488282 2744.855908203125 1277.8234802246093 0.18691871279761904 
122 2714.642333984375 1116.2265625 2714.642333984375 1116.2265625 0.14876592726934523 
124 2710.9126953125 1135.7989624023437 2742.176171875 1139.7068969726563 0.1622372581845238 
125 2282.560546875 63.930157852172854 2282.560546875 114.70316581726074 0.17072405133928573 
126 2709.737060546875 1129.9312744140625 2709.737060546875 1129.9312744140625 0.15084984188988096 
127 2718.47216796875 1142.7777099609375 2718.47216796875 1142.7777099609375 0.15638078962053573 
132 2706.114990234375 1132.55322265625 2706.114990234375 1132.55322265625 0.16157459077380953 
133 2631.299279785156 1102.3616333007812 2756.316687011719 1262.5399780273438 0.18388148716517858 
134 2645.130712890625 1117.9884521484375 2746.783349609375 1141.4468505859375 0.17425246465773808 2280.92578125 103.11664695739746 2280.92578125 138.30407600402833 0.16468738374255953 
135 2149.253955078125 49.01186046600342 3294.457470703125 111.54856815338135 0.20302036830357142 
136 2645.649658203125 1102.7431640625 2645.649658203125 1102.7431640625 0.17878359840029762 2281.994873046875 109.6051528930664 2281.994873046875 121.32625885009766 0.15761602492559523 
137 2162.2876831054687 65.58717231750488 3186.9044555664063 116.42694969177246 0.19891648065476192 
138 2280.14013671875 1245.2991943359375 2280.14013671875 1245.2991943359375 0.16441127232142858 2984.9958618164064 12.366116428375244 3239.2553588867186 110.15824995040893 0.2631254650297619 
139 2278.77783203125 1242.0863037109375 2278.77783203125 1242.0863037109375 0.16321963355654762 2278.77783203125 99.47876091003418 2278.77783203125 162.1203983306885 0.15681966145833334 
140 2152.1005615234376 0.0 3277.3667236328124 109.56882719993591 0.23075939360119047 
141 2279.24755859375 88.70762748718262 2279.24755859375 120.01901893615722 0.16964576357886904 
143 2613.621240234375 1071.7210998535156 2802.761083984375 1272.6823425292969 0.19274611700148808 
144 2643.430627441406 1054.744940185547 2773.932409667969 1311.7937561035155 0.20832752046130953 
145 2623.4702026367186 1062.7204345703126 2801.3210571289064 1343.3293701171874 0.2529180617559524 
146 2611.767443847656 417.70653839111327 2742.401257324219 564.1747787475585 0.22929454985119047 3014.9357421875 0.0 3161.4041015625 34.3310848236084 0.23733956473214285 
147 2588.0843994140623 368.0091857910156 2754.1143310546877 597.2889099121094 0.6957542782738095 2973.2072998046874 0.0 3253.8771728515626 61.34002742767334 0.4253743489583333 
148 2573.882287597656 371.52738189697266 2744.488562011719 593.7122116088867 0.7422107514880952 2637.211047363281 382.0567428588867 2708.627575683594 512.9871109008789 0.27378627232142855 
149 2571.6622314453125 384.9796447753906 2735.8792724609375 605.2710876464844 0.7406529017857143 2669.021594238281 393.4523956298828 2737.111950683594 513.6113861083984 0.34654017857142855 
150 2553.30419921875 383.44944458007814 2718.73046875 617.4670593261719 0.7442568824404762 2583.565087890625 375.22467651367185 2728.817236328125 572.9292541503906 0.25182524181547616 
151 2544.002551269531 379.51685485839846 2672.306774902344 616.0780548095703 0.7635323660714286 2561.119982910156 370.4183639526367 2701.453015136719 578.9129653930664 0.29167247953869047 
152 2520.7981079101564 398.69542388916017 2656.2421752929686 629.7472946166993 0.7518368675595238 2560.32802734375 419.22658386230466 2751.5435546875 578.5726715087891 0.35508510044642855 
153 2492.9462158203123 408.10876007080077 2604.9956787109377 632.2072494506835 0.7587425595238095 2531.57861328125 431.9654067993164 2735.66845703125 556.0199142456055 0.3713495163690476 
154 2457.260546875 420.63246459960936 2557.29072265625 652.7026184082031 0.7686709449404762 2511.122937011719 402.16532745361326 2571.140979003906 634.2355209350586 0.3549688430059524 
155 2408.2033447265626 432.6940582275391 2506.7741943359374 670.9070770263672 0.7960146949404762 2470.7580444335936 449.75443878173826 2520.0434692382814 622.2534652709961 0.31602260044642855 
156 2345.5142578125 456.9274200439453 2456.8470703125 696.721322631836 0.7810407366071429 2400.357080078125 475.53778686523435 2464.587744140625 668.2293029785156 0.46203031994047616 
157 2272.8283447265626 480.86556243896484 2411.4402099609374 745.8585891723633 0.7991071428571429 2277.8459594726564 498.58403930664065 2400.1503784179686 637.1957458496094 0.25967843191964285 
158 2181.838037109375 504.39073791503904 2359.247412109375 792.6807342529297 0.7796223958333334 2218.684704589844 499.2731872558594 2342.871203613281 654.5062316894531 0.28193591889880953 
159 2093.9143310546874 579.6336242675782 2284.4093994140626 835.1758239746093 0.8128487723214286 2173.6148071289062 558.9043212890625 2261.8932495117188 777.276708984375 0.2654215494791667 
160 2001.216650390625 642.4268005371093 2214.835595703125 884.5281555175782 0.8067801339285714 2044.4882446289062 682.5944366455078 2167.912390136719 829.7541351318359 0.21383812313988096 
161 1898.9969360351563 714.5421295166016 2163.978894042969 948.0854949951172 0.8177780877976191 
162 1825.617364501953 800.3847045898438 2094.8527282714845 1003.5811157226562 0.7863420758928571 1845.155450439453 814.8429412841797 2114.3908142089845 926.6009674072266 0.29701450892857145 
163 1761.797833251953 874.1380401611328 2066.044329833984 1068.656332397461 0.7992931547619048 1528.145751953125 838.4571472167969 1862.318115234375 943.1977600097656 0.15733410063244047 
164 1727.5051574707031 947.5634613037109 2023.3797302246094 1118.0674591064453 0.7240978422619048 1763.958984375 970.5159362792969 1944.49267578125 1075.8272033691405 0.27119373139880953 
165 1698.2853149414063 965.5548217773437 1992.1497436523437 1151.6690551757813 0.8265671502976191 1757.0580932617188 985.1458221435547 1835.4221313476562 1132.0781158447267 0.24382382347470238 
166 1693.9299743652343 989.7645233154296 1981.3789855957032 1165.1571685791016 0.8210565476190477 1445.0822448730469 1041.2953979492188 1907.9239807128906 1094.8877075195312 0.16444614955357142 
167 1708.8079833984375 1007.5063232421875 1962.3555908203125 1181.5095458984374 0.8233119419642857 1459.084698486328 1014.9635650634766 1822.0057556152344 1024.9066131591796 0.15856788271949404 
168 1721.0745239257812 1008.0267639160156 1962.1410522460938 1181.5946960449219 0.7780180431547619 1526.366943359375 1003.0199798583984 1526.366943359375 1123.5533233642577 0.1805419921875 
169 1736.4525817871095 1016.2904418945312 1967.326837158203 1184.6363159179687 0.8146856398809523 1529.99755859375 1016.2904357910156 1529.99755859375 1088.4386901855469 0.16823614211309523 
170 1741.8467163085938 1024.00244140625 1967.1723266601562 1187.00390625 0.7887369791666666 1524.449951171875 1035.4345703125 1524.449951171875 1035.4345703125 0.15349033900669642 
171 1744.8295654296876 1023.9501342773438 1970.5312744140624 1188.5242309570312 0.7764834449404762 1532.149169921875 1021.5989501953125 1532.149169921875 1143.8541748046875 0.18105207170758927 
172 1744.8624206542968 1022.5856506347657 1962.2517150878907 1184.4713562011718 0.7994326636904762 1538.6806640625 1041.4426574707031 1538.6806640625 1101.5716247558594 0.17097836449032738 
173 1742.2100524902344 1021.2491577148437 1963.4822082519531 1187.2032348632813 0.7891555059523809 1544.3416748046875 1027.277410888672 1544.3416748046875 1110.2544494628905 0.19835117885044642 
174 1747.1059265136719 1027.9701599121095 1965.7438049316406 1195.437677001953 0.7523251488095238 1494.4734313964843 997.5541625976563 1824.7564270019532 1211.5403198242188 0.223388671875 
175 1751.2729064941407 1022.536572265625 1961.5912292480468 1172.096240234375 0.8129417782738095 1480.0162231445313 1026.3115112304688 1891.3053100585937 1143.1550415039062 0.19491141183035715 
176 1744.5176330566405 1008.210986328125 1961.486395263672 1166.417431640625 0.8165922619047619 1491.3874084472657 1020.9023803710937 1853.0021179199218 1129.3866821289062 0.19939313616071427 
177 1751.8914916992187 997.6062164306641 1968.0587036132813 1150.7247772216797 0.8040364583333334 1491.7285949707032 1021.3361267089844 1861.0144470214843 1088.888360595703 0.20660691034226192 
178 1766.9806823730469 978.0698059082031 1980.0040588378906 1157.4579040527344 0.7288643973214286 1436.8806518554688 933.8695648193359 1969.4391723632812 1085.2283966064454 0.2254638671875 
179 1804.6776000976563 976.1223846435547 1989.0411499023437 1139.4157623291017 0.6536458333333334 1478.0906799316406 939.2496520996094 1999.576190185547 1070.937969970703 0.23637462797619047 
180 1920.8155700683594 1001.6063842773438 2115.2441223144533 1207.4719848632812 0.47067987351190477 1957.3258972167969 939.3628753662109 2254.6874084472656 1150.9470001220702 0.21437872023809523 
181 1925.969464111328 977.3526214599609 2135.197894287109 1181.0751739501952 0.471435546875 1927.4518615722657 921.6572082519531 2307.366864013672 1130.8856384277344 0.22532435825892858 
182 1872.9169372558595 901.076708984375 2022.880792236328 1084.36591796875 0.6473911830357143 1551.1995056152343 862.8380187988281 2045.5249816894532 1007.2476745605469 0.20816766648065477 
183 1907.6673950195313 891.2146759033203 2043.8084350585937 1087.2576751708984 0.5436314174107143 1562.4976745605468 863.7770080566406 2112.5073303222657 1043.4831237792969 0.18788364955357142 
184 1908.5021667480469 845.3239440917969 2062.5716857910156 1068.4591369628906 0.49963960193452384 1972.4593322753906 846.1412811279297 2386.8535339355467 1026.7745513916016 0.2026309058779762 
185 1928.0875610351563 838.7145263671875 2054.1104370117187 1048.7527587890625 0.7137741815476191 2326.9581665039063 372.38916931152346 2636.7647338867187 493.1611846923828 0.7068452380952381 
186 1924.8937866210938 816.0914245605469 2059.3711059570314 1028.1518615722657 0.7050316220238095 2259.2967895507813 405.4979049682617 2564.4568725585937 555.4918716430664 0.7296781994047619 
187 1898.5571044921876 811.7994934082031 2082.9292236328124 1026.900457763672 0.8283575148809523 2195.7982788085938 422.5690979003906 2467.2351684570312 596.6984802246094 0.7924339657738095 
188 1908.6412719726563 790.1880798339844 2095.9571166992187 1038.2552795410156 0.7998046875 2121.6596801757814 456.2515670776367 2420.3527709960936 628.3798110961914 0.7699497767857143 
189 1902.7020263671875 790.972280883789 2099.4508056640625 1038.169137573242 0.8078962053571429 2077.913232421875 494.29717407226565 2370.513525390625 655.7318786621094 0.7941778273809523 
190 1916.75625 781.5413604736328 2090.89658203125 1030.313070678711 0.8108956473214286 2032.5307495117188 518.034716796875 2331.0568969726564 662.3223388671875 0.7854352678571429 
191 1928.7237731933594 779.053677368164 2096.2001770019533 1035.1940643310547 0.7947591145833334 2004.8838256835938 534.4699188232422 2300.430383300781 677.317495727539 0.7869466145833334 
192 1936.4209228515624 788.6354766845703 2086.1576904296876 1020.4859222412109 0.7809942336309523 1994.0119750976562 542.2943603515625 2288.6552612304686 687.20087890625 0.8050130208333334 
193 1919.455078125 799.2438598632813 2096.25634765625 1019.0508178710937 0.8359142485119048 1984.5149536132812 548.1935272216797 2266.4413452148438 681.9890289306641 0.8148484002976191 
194 1932.300244140625 787.2409027099609 2093.463427734375 1028.9855987548829 0.8073149181547619 1980.6127563476562 551.3301422119141 2260.278112792969 688.7928436279296 0.8092912946428571 
195 1934.3813903808593 787.4871124267578 2090.418048095703 1028.6346527099608 0.8100120907738095 1978.3916625976562 561.070278930664 2257.3663940429688 684.0082733154297 0.8021995907738095 
196 1944.3081848144532 794.9717437744141 2085.3323181152346 1030.0122039794921 0.7826450892857143 1979.7449645996094 552.6992889404297 2252.391876220703 693.723501586914 0.8203357514880952 
197 1918.7200561523437 791.7151550292969 2092.1161254882813 1040.0930725097655 0.8248697916666666 1975.317041015625 551.2680816650391 2251.813330078125 696.5457000732422 0.8264508928571429 
198 1921.803155517578 802.3582122802734 2085.2738708496095 1026.5468780517579 0.7678106398809523 1973.5389892578125 558.0500274658203 2249.1040771484377 688.8267425537109 0.8211960565476191 
199 1943.334942626953 784.840054321289 2087.131732177734 1035.3246795654297 0.7427455357142857 1970.0961120605468 555.05078125 2253.0509826660154 694.2088623046875 0.8060825892857143 
200 1937.7018310546875 782.6990386962891 2090.1477783203127 1055.2541473388671 0.7535807291666666 1973.0593017578126 552.9638031005859 2250.2341552734374 691.5511505126954 0.8108026413690477 
201 1934.25654296875 800.3100311279297 2081.39775390625 1044.012661743164 0.7674153645833334 1968.3890686035156 554.3083190917969 2248.876922607422 692.2532043457031 0.8070824032738095 
202 1915.1715515136718 793.6846923828125 2080.1425354003904 1036.5587158203125 0.8266834077380952 1960.8205139160157 551.5156890869141 2249.519696044922 693.5740936279296 0.8095005580357143 
203 1921.9318298339845 790.6640899658203 2077.395928955078 1042.1500579833985 0.8125697544642857 1963.435858154297 554.1265533447265 2246.9290100097655 691.3007537841797 0.8178943452380952 
204 1930.7702331542969 812.5717041015625 2076.6639709472656 1031.412548828125 0.7688569568452381 1963.5612243652345 558.484814453125 2250.789971923828 699.8195068359375 0.8050362723214286 
205 1920.6905151367187 798.5604461669922 2075.5577758789063 1035.416177368164 0.8134765625 1961.509619140625 557.3249664306641 2248.469384765625 698.5273895263672 0.8221028645833334 
206 1923.5449157714843 799.7670989990235 2073.541143798828 1040.6700958251954 0.7893415178571429 1960.7816650390625 563.5843780517578 2242.5928466796877 699.9444915771485 0.8195684523809523 
207 1920.5993774414062 816.3129516601563 2075.1118041992186 1029.9039672851563 0.8068498883928571 1965.8693542480469 570.5609558105468 2243.0834045410156 702.3511535644532 0.8112211681547619 
208 1922.864697265625 808.2249389648438 2077.350146484375 1035.4094604492188 0.7709728422619048 1964.1074584960938 566.5355926513672 2245.816125488281 707.390005493164 0.8086635044642857 
209 1915.7662048339844 804.7303039550782 2078.966827392578 1040.4646423339843 0.8061290922619048 1964.4125915527343 556.093295288086 2250.013800048828 710.2273223876953 0.8166852678571429 
210 1911.9013977050781 797.6476654052734 2079.4803161621094 1042.2221466064452 0.8056640625 1968.5158325195312 561.260400390625 2249.323767089844 710.7226318359375 0.8067103794642857 
211 1915.415020751953 797.6862243652344 2078.413470458984 1042.1841369628905 0.7860863095238095 1964.0011352539063 577.3943481445312 2249.2486206054687 708.6987915039062 0.7950148809523809 
212 1910.0380615234376 795.494418334961 2086.8691650390624 1044.8718536376953 0.78662109375 1964.2732055664062 566.8693542480469 2245.3896362304686 711.9617004394531 0.8328915550595238 
213 1909.5161499023438 795.0567993164062 2086.393273925781 1044.4987426757812 0.7947823660714286 1962.718817138672 577.8853302001953 2252.9785705566405 713.9445648193359 0.81201171875 
214 1918.3826293945312 795.5129516601562 2081.7601928710938 1040.5794555664063 0.7694614955357143 1963.5907165527344 573.6613677978515 2249.5016906738283 714.3477264404297 0.8074311755952381 
215 1919.5622436523438 790.9232360839844 2082.9277465820314 1049.5853088378906 0.7932245163690477 1965.2906066894532 574.6733673095703 2246.6423767089846 710.811312866211 0.8163364955357143 
216 1910.0213562011718 791.8648376464844 2078.0163635253907 1041.5871887207031 0.7854585193452381 1966.2525390625 578.9895599365234 2252.2982421875 706.1209747314454 0.7889927455357143 
217 1918.2890686035157 799.0126281738281 2081.759149169922 1039.6771911621095 0.7878999255952381 1967.0157470703125 581.5762329101562 2253.0887451171875 708.7197875976562 0.7948056175595238 
218 1923.6059448242188 810.790478515625 2077.9895141601564 1037.8248779296875 0.7575102306547619 1968.3143615722656 577.2942535400391 2249.836883544922 708.9742401123046 0.8028041294642857 
219 1927.5213500976563 810.3945587158203 2077.458386230469 1042.115512084961 0.7639508928571429 1968.2386108398437 573.7805969238282 2249.9383911132813 705.5434997558593 0.8029436383928571 
220 1928.5475524902345 810.0547821044922 2078.482843017578 1041.7730377197265 0.7464192708333334 1968.7399963378907 576.414175415039 2254.980096435547 712.7190643310547 0.7911086309523809 
221 1929.7606811523438 813.2520965576172 2075.1204223632812 1040.376870727539 0.7400018601190477 1969.9442199707032 575.6446960449218 2251.5790954589843 711.9195129394532 0.7855050223214286 
222 1924.6966064453125 819.0790283203125 2074.7609130859373 1032.8068359375 0.7639508928571429 1973.4937072753905 576.6676788330078 2246.337713623047 708.5422210693359 0.7894810267857143 
223 1910.6887145996093 795.1119750976562 2078.940802001953 1040.6691528320312 0.8182663690476191 1967.5305603027343 573.8657012939453 2249.466632080078 705.7389739990234 0.7948521205357143 
224 1911.5305786132812 803.3706573486328 2075.2826538085938 1030.8040863037108 0.8034086681547619 1967.8640625 576.4620666503906 2249.88154296875 708.3735046386719 0.7922479538690477 
225 1915.6661682128906 810.2162933349609 2079.439666748047 1037.6793975830078 0.8037806919642857 1969.5574768066406 576.8041595458984 2242.5132019042967 704.1834503173828 0.7967819940476191 
226 1911.4034606933594 806.3491912841797 2079.8129699707033 1038.4813140869142 0.8127790178571429 1969.348974609375 572.2913604736328 2242.445458984375 708.8396820068359 0.8058965773809523 
227 1910.8147094726562 805.8576171875 2079.4252807617186 1038.26689453125 0.8149646577380952 1972.8607116699218 558.3751190185546 2241.7263244628907 717.8716461181641 0.8187081473214286 
228 1911.2471801757813 813.2563568115235 2084.143688964844 1036.2018341064454 0.8050827752976191 1977.7457946777345 553.5616607666016 2241.640557861328 721.9082489013672 0.8123139880952381 
229 1911.534405517578 810.039926147461 2079.807757568359 1032.8886016845704 0.8117792038690477 1972.931414794922 545.910043334961 2245.807476806641 723.2793487548828 0.8127790178571429 
230 1907.1952087402344 809.8461517333984 2079.9719055175783 1032.6370635986327 0.8155226934523809 1969.1010986328124 558.3756591796875 2241.9062255859376 717.5120361328125 0.8126860119047619 
231 1919.2425720214844 817.0818359375 2082.9675109863283 1039.929638671875 0.7938290550595238 1973.6425842285157 568.1709106445312 2241.969598388672 704.6083862304688 0.8014555431547619 
232 1919.707861328125 821.393212890625 2083.364404296875 1039.6021484375 0.7802501860119048 1973.0360778808595 551.4295837402344 2250.343438720703 715.0862854003906 0.8117327008928571 
233 1911.5511901855468 812.8614196777344 2088.6144592285154 1039.8655090332031 0.7998279389880952 1969.873797607422 551.282861328125 2246.818707275391 714.7258056640625 0.8165225074404762 
234 1918.148193359375 818.0152893066406 2077.055419921875 1035.9454040527344 0.7819707961309523 1967.3919250488282 572.4946990966797 2244.3447692871096 708.701040649414 0.7997581845238095 
235 1919.32900390625 803.1490325927734 2073.54404296875 1034.4715118408203 0.7856677827380952 1963.9885864257812 573.3966033935546 2245.2040405273438 709.4686920166016 0.7997349330357143 
236 1910.0845275878905 803.6437957763671 2077.970037841797 1030.515933227539 0.8069893973214286 1967.3262023925781 560.7161102294922 2244.1101989746094 714.9891510009766 0.8153599330357143 
237 1913.5247497558594 799.6304077148437 2076.903106689453 1031.0830932617187 0.8012230282738095 1966.7624084472657 560.6720764160157 2243.597821044922 714.9739196777343 0.8160574776785714 
238 1919.3875427246094 798.1824432373047 2082.727813720703 1038.6553863525392 0.8034319196428571 1965.6324279785156 552.2997314453125 2242.4030944824217 715.63984375 0.8179640997023809 
239 1918.4520324707032 798.2357604980468 2081.8364196777343 1038.7740051269532 0.8047107514880952 1964.7094421386719 560.8396209716797 2241.5553283691406 710.6086822509766 0.8133370535714286 
240 1914.5703735351562 804.463623046875 2082.3912963867188 1044.855712890625 0.8014090401785714 1960.7995971679688 576.2829284667969 2242.013146972656 707.8182678222656 0.7925037202380952 
241 1918.1214721679687 794.2393768310546 2077.137561035156 1039.578433227539 0.8075939360119048 1963.9041381835937 567.5977905273437 2241.0463012695313 717.5272094726563 0.8093377976190477 
242 1910.3345153808593 794.0178802490234 2078.069903564453 1038.8205596923829 0.8136393229166666 1960.0273681640624 571.358999633789 2241.0971435546876 720.9606414794922 0.8128255208333334 
243 1905.4187744140625 794.2731567382813 2077.9347412109373 1034.8877319335938 0.8164527529761905 1963.2150634765626 573.2151123046875 2240.1487060546874 732.1115478515625 0.8011532738095238 
244 1906.3529174804687 799.2629852294922 2077.734240722656 1024.764663696289 0.8083612351190477 1967.2383605957032 585.0363372802734 2242.3503845214846 742.8875518798828 0.7978515625 
245 1906.7776000976562 799.6741333007812 2082.8339721679686 1025.3872680664062 0.7906436011904762 1971.1927124023437 589.2400329589843 2251.0770629882813 742.7249328613282 0.7958054315476191 
246 1905.5418640136718 795.2264617919922 2072.6799377441407 1025.6059967041015 0.8139880952380952 1968.9570434570312 581.1785400390625 2249.0261108398436 739.2821533203125 0.7818545386904762 
247 1916.4660522460938 799.8472534179688 2074.6010864257814 1025.7543090820313 0.8062453497023809 1972.9428771972657 589.753775024414 2244.031121826172 738.8523651123047 0.7838541666666666 
248 1908.1402465820313 795.5704803466797 2069.934704589844 1024.7791900634766 0.8274507068452381 1971.75166015625 575.6961212158203 2241.408984375 732.9962005615234 0.7873651413690477 
249 1903.7317443847655 800.1169403076171 2070.550848388672 1025.548159790039 0.8326822916666666 1971.5344970703125 594.974496459961 2242.0519287109373 734.7418731689453 0.7872023809523809 
250 1903.4965881347657 805.678256225586 2070.787957763672 1022.7048614501953 0.8162202380952381 1974.9691833496095 577.8699127197266 2246.252618408203 749.6826385498047 0.7787155877976191 
251 1905.3329345703125 792.8086547851562 2072.6197021484377 1032.4358520507812 0.7881324404761905 1972.2825073242188 601.5242736816406 2252.601037597656 750.7260925292969 0.7681361607142857 
252 1907.0184936523438 807.1175903320312 2069.1106567382812 1041.2505737304687 0.7876441592261905 1969.7079650878907 584.7605926513672 2248.866619873047 764.8628814697265 0.7925269717261905 
253 1899.7885803222657 806.876333618164 2067.676629638672 1051.902291870117 0.7653924851190477 1962.4412902832032 604.4332244873046 2252.8422790527343 758.7088043212891 0.7589518229166666 
254 1894.487109375 805.123422241211 2054.099560546875 1037.701467895508 0.7420712425595238 1947.2820068359374 602.5384948730468 2257.3859619140626 766.7112609863282 0.7658575148809523 
255 1877.591326904297 814.5473754882812 2043.6014221191406 1035.8942749023438 0.7183547247023809 1949.2452880859375 609.1629974365235 2262.8201416015627 765.9503448486328 0.7510230654761905 
256 1865.4868713378905 824.5338531494141 2041.278387451172 1055.8384002685548 0.6908947172619048 1940.9277648925781 606.9295684814454 2264.7542419433594 750.3384368896484 0.7604399181547619 
257 1869.7431762695312 848.2920196533203 2023.3923217773438 1062.4696380615235 0.6636904761904762 1950.1493347167968 600.9850677490234 2276.0714904785154 754.6341339111328 0.7633696056547619 
258 1872.8450561523437 859.2383087158203 2041.2645629882813 1079.1192962646485 0.6460658482142857 1956.3350646972656 604.6298400878907 2274.4607116699217 754.3359802246093 0.7577659970238095 
259 1859.051171875 864.7706024169922 2023.47958984375 1071.480679321289 0.7266787574404762 1972.8861938476562 609.09345703125 2278.253210449219 745.3341552734375 0.7621605282738095 
260 1856.7696655273437 868.9401245117188 2021.2256958007813 1075.6848754882812 0.7177269345238095 1982.5513854980468 594.0634948730469 2278.5722717285157 739.7245910644531 0.77978515625 
261 1852.7068786621094 878.2448883056641 2022.4328918457031 1071.5441131591797 0.7505580357142857 1989.2492797851562 593.01083984375 2295.6992065429686 743.8784423828125 0.7872721354166666 
262 1851.6757507324219 880.062451171875 2017.6090393066406 1064.959521484375 0.7764136904761905 2002.109796142578 588.494107055664 2286.5668395996095 740.2044403076172 0.7942475818452381 
263 1843.7736511230469 888.4014556884765 2019.6695861816406 1059.5435516357422 0.7586960565476191 2006.6876831054688 590.7314025878907 2291.9243774414062 742.8575866699218 0.7838076636904762 
264 1847.8195007324218 882.7649108886719 2023.8988830566407 1063.6031311035156 0.7331891741071429 2007.242724609375 592.6550231933594 2292.776806640625 749.6987365722656 0.7891555059523809 
265 1842.225897216797 882.831185913086 2019.1196838378905 1064.5057891845704 0.7429082961309523 2013.970965576172 591.9311462402344 2296.044781494141 744.9202941894531 0.7855515252976191 
266 1844.9582763671874 890.5301940917968 2022.1073974609376 1067.6791564941407 0.74755859375 2020.634326171875 591.8443359375 2303.115185546875 740.26650390625 0.77734375 
267 1842.940869140625 902.819955444336 2019.649462890625 1065.2008575439454 0.7861328125 2028.6501342773438 580.6300415039062 2315.2046020507814 733.4590698242188 0.7884579613095238 
268 1833.858087158203 895.3272583007813 2020.8944763183595 1067.9762084960937 0.755859375 2037.3107421875 584.5222351074219 2315.467578125 733.1921203613281 0.7740652901785714 
269 1832.1910705566406 900.0795989990235 2020.7394714355469 1074.124319458008 0.7616489955357143 2042.1230346679688 577.6507232666015 2312.8591430664064 742.0262176513672 0.7825288318452381 
270 1827.3904602050782 904.5603942871094 2020.6558044433593 1073.6675109863281 0.7699962797619048 2049.4597778320312 579.7259796142578 2315.1996459960938 729.506625366211 0.7756928943452381 
271 1827.8104553222656 906.2907012939453 2012.4391784667969 1066.6262298583983 0.8088262648809523 2054.2984130859377 579.6398468017578 2316.6654541015623 720.5407562255859 0.7893880208333334 
272 1824.431494140625 898.3796173095703 2014.462548828125 1064.0478118896485 0.7763439360119048 2051.569226074219 578.2877502441406 2319.561877441406 724.4655456542969 0.7841796875 
273 1825.558575439453 872.2793487548828 2026.1732360839844 1072.8939300537108 0.7956426711309523 2051.5795043945313 573.6157836914062 2315.8035522460937 720.4069213867188 0.7792736235119048 
274 1831.3898376464845 860.241079711914 2032.223809814453 1065.9734588623046 0.8244745163690477 2053.3244384765626 576.8880249023438 2322.7361083984374 723.8397583007812 0.7810174851190477 
275 1822.6805297851563 837.9626251220703 2037.9952514648437 1067.9579681396485 0.8250558035714286 2054.746142578125 575.9712371826172 2314.102490234375 727.6703033447266 0.7778785342261905 
276 1826.571484375 828.2130157470704 2036.538623046875 1057.7119720458984 0.8418201264880952 2057.0094970703126 578.0554077148438 2320.6892333984374 729.4270141601562 0.8000372023809523 
277 1818.3654418945312 820.4482208251953 2034.0908569335938 1055.7851165771485 0.8198939732142857 2054.0794189453127 581.7171325683594 2318.8331787109373 728.8026428222656 0.7930850074404762 
278 1821.5104431152345 816.4517211914062 2028.016046142578 1062.2916870117188 0.8523763020833334 2056.760302734375 582.5254699707032 2322.267529296875 725.1127136230468 0.7888997395833334 
279 1829.4499938964843 830.1178344726562 2027.4033996582032 1072.6106811523437 0.8229864211309523 2058.619250488281 591.4317260742188 2315.958630371094 725.0502075195312 0.7955264136904762 
280 1826.7845336914063 846.7610626220703 2005.0479858398437 1049.7833099365234 0.8507719494047619 2057.041540527344 595.1733184814453 2319.485070800781 733.8227142333984 0.7963169642857143 
281 1814.8309631347656 835.977294921875 2008.5812683105469 1059.535400390625 0.8286365327380952 2050.2357543945313 597.3243133544922 2323.4734741210937 736.4270904541015 0.8113839285714286 
282 1815.976788330078 848.708544921875 2014.9791442871094 1067.611279296875 0.8029436383928571 2035.2622680664062 607.4180847167969 2323.8156127929688 761.6450256347656 0.8082217261904762 
283 1807.8545043945312 838.6102264404296 2016.2997924804688 1066.9074127197266 0.7921549479166666 2018.3995361328125 614.8941009521484 2321.1414794921875 763.7836944580079 0.7865745907738095 
284 1820.2356323242188 846.9786926269531 2019.1232543945312 1085.6437438964845 0.7857840401785714 2004.9716796875 627.2462371826172 2293.3583984375 781.3840728759766 0.7990141369047619 
285 1810.973681640625 845.10615234375 2004.3048828125 1058.266162109375 0.7769252232142857 1969.9856994628906 639.5725677490234 2272.3755065917967 783.3316680908204 0.7727864583333334 
286 1807.4248596191405 864.42373046875 1995.540350341797 1057.489599609375 0.8072219122023809 1952.1291137695312 630.6121551513672 2239.252966308594 803.876431274414 0.7945731026785714 
287 1798.3159423828124 862.1752960205079 1996.6440185546876 1065.461605834961 0.8099190848214286 1906.2522583007812 654.8842254638672 2193.8280639648438 803.6303619384765 0.8017578125 
288 1793.2886047363281 862.6545196533203 2000.2991638183594 1074.5939544677735 0.8112676711309523 1892.0546752929688 654.8856628417968 2163.1399047851564 827.3944885253907 0.8183128720238095 
289 1792.6531921386718 876.0447052001953 1993.9130920410157 1062.5782806396485 0.8269159226190477 1879.1231628417968 658.1705474853516 2149.1059631347657 834.8865203857422 0.8191034226190477 
290 1797.6174865722655 879.6347595214844 1993.950018310547 1071.0589660644532 0.8238234747023809 1873.3187377929687 658.0056091308594 2133.459338378906 839.6131652832031 0.8349609375 
291 1796.2005859375 881.7030700683594 1997.1470703125 1072.847344970703 0.8174293154761905 1864.2509643554688 651.7267608642578 2128.9123657226564 842.8709564208984 0.8219633556547619 
292 1802.1825317382813 886.5865844726562 1997.5884643554687 1081.9925170898437 0.8277297247023809 1863.0589721679687 654.1662384033203 2117.086779785156 844.6870941162109 0.8234049479166666 
293 1810.4486389160156 888.2782470703125 1988.3329772949219 1066.1624267578125 0.8355422247023809 1862.7117004394531 658.5110504150391 2114.7144470214844 851.2189910888671 0.8526320684523809 
294 1805.8281555175781 889.6336791992187 1996.8997497558594 1066.0074340820313 0.8011765252976191 1867.4458984375 674.8194702148437 2112.4095703125 851.1932250976563 0.8184058779761905 
295 1809.5547668457032 892.3159698486328 2003.8103454589843 1072.0023284912108 0.8287062872023809 1867.457958984375 658.462191772461 2110.277392578125 857.5741241455078 0.8405412946428571 
296 1817.8518493652343 896.2834289550781 1997.2574035644532 1065.9913513183594 0.8216378348214286 1866.5262756347656 658.5057495117187 2108.966278076172 852.4577514648438 0.8360305059523809 
297 1813.6666625976563 899.5703308105469 2008.7647338867187 1079.2659729003906 0.7470238095238095 1840.3247802734375 664.3861694335938 2112.4354736328123 828.6793823242188 0.7888764880952381 
298 1822.13681640625 895.5089782714844 2007.461083984375 1071.079278564453 0.7998511904761905 1860.4021911621094 669.2933807373047 2104.249786376953 854.6175689697266 0.8294038318452381 
299 1805.5325622558594 884.1673950195312 2004.1435852050781 1068.2459350585937 0.8234979538690477 1860.6815002441406 668.6017700195313 2098.0459167480467 847.8360961914062 0.8350771949404762 
