0 1680.3134460449219 1231.5524841308593 1838.4898986816406 1515.4588684082032 0.90283203125 1241.9743713378907 1688.2985473632812 1440.7088562011718 1907.3120483398438 0.7830636160714286 
1 1680.047344970703 1231.6685119628905 1838.7198669433594 1520.534002685547 0.9067150297619048 1231.413885498047 1672.3213928222656 1426.7031799316405 1912.364520263672 0.8083147321428571 
2 1679.4177978515625 1233.8353393554687 1838.7115966796875 1519.7474243164063 0.9081333705357143 1228.556658935547 1665.3738830566406 1428.6949279785156 1914.525897216797 0.84326171875 
3 1678.7208923339845 1234.2059631347656 1837.984063720703 1515.9792175292969 0.9050641741071429 1220.721484375 1665.6614074707031 1428.988720703125 1910.6817321777344 0.8154064360119048 
4 1680.004620361328 1237.4695922851563 1839.6578552246094 1519.9329956054687 0.9013904389880952 1216.0023986816407 1655.9689453125 1412.4986999511718 1913.87041015625 0.8191731770833334 
5 1685.490740966797 1236.3783081054687 1833.6607482910156 1524.4866821289063 0.8889043898809523 1213.9111083984376 1639.8883422851563 1415.5869384765624 1915.6492553710937 0.8003627232142857 
6 1683.1803771972657 1235.465087890625 1833.6752136230468 1523.17578125 0.8976469494047619 1208.7130798339845 1644.729266357422 1399.044854736328 1897.0294006347656 0.8175920758928571 
7 1678.5665649414063 1234.0491577148437 1834.0806518554687 1528.7076782226563 0.9089006696428571 1218.3200073242188 1651.1672424316407 1406.5740356445312 1904.9009948730468 0.8692336309523809 
8 1678.4765930175781 1236.5144836425782 1830.8909606933594 1518.9294860839843 0.9015066964285714 1209.1645141601562 1644.102276611328 1424.3376831054688 1890.6549255371094 0.8703264508928571 
9 1680.2728637695313 1243.220068359375 1828.3792358398437 1516.992578125 0.9020879836309523 1202.4656921386718 1643.349053955078 1422.3813537597657 1890.1930603027345 0.8602120535714286 
10 1676.2062072753906 1237.0347778320313 1833.4035339355469 1519.9901245117187 0.9024600074404762 1192.5216979980469 1646.9573913574218 1439.5462951660156 1880.5078186035157 0.8819056919642857 
11 1670.9628112792968 1233.9956176757812 1828.4594299316407 1520.7202026367188 0.9183640252976191 1189.9302612304687 1646.0651000976563 1424.1559204101563 1888.3675170898437 0.8898809523809523 
12 1668.687725830078 1235.0859741210938 1822.6471130371094 1526.7985473632812 0.9146902901785714 1175.3316772460937 1640.0866394042969 1418.4256469726563 1879.1290588378906 0.8943684895833334 
13 1662.2408386230468 1250.2521606445312 1813.6525939941407 1529.1684936523438 0.8833937872023809 1164.3292541503906 1632.3062683105468 1407.3849792480469 1867.3928283691407 0.8429129464285714 
14 1639.5860595703125 1248.9762084960937 1804.4664306640625 1541.6390258789063 0.8996000744047619 1147.6399841308594 1625.8231018066406 1399.0825500488281 1840.167742919922 0.8428664434523809 
15 1622.8506164550781 1256.551202392578 1782.8123474121094 1555.9664978027345 0.9094122023809523 1136.0246215820312 1606.2898315429688 1386.2209838867188 1827.7751098632812 0.8518880208333334 
16 1595.1796813964843 1265.5161987304687 1763.0794738769532 1576.7452758789063 0.9050874255952381 1125.3434326171875 1598.1658508300782 1379.2407958984375 1811.1121032714843 0.8239862351190477 
17 1542.1495544433594 1278.4119201660155 1749.597149658203 1606.179022216797 0.9072730654761905 1113.2118835449219 1589.5832397460938 1387.0426330566406 1792.8818481445312 0.7613699776785714 
18 1492.686102294922 1293.0810791015624 1729.6223693847655 1621.4662841796876 0.8669549851190477 1102.269061279297 1577.0207153320312 1397.4000061035156 1772.3891967773438 0.7014973958333334 
19 1453.8613037109376 1291.689227294922 1700.8117919921874 1653.8831604003906 0.8256370907738095 1090.0844848632812 1565.8675109863282 1444.0466186523438 1746.9643981933593 0.6712937127976191 
20 1424.8966918945312 1300.6263122558594 1672.1731323242188 1679.7837219238281 0.7740885416666666 1085.3670349121094 1549.4880065917969 1472.7668762207031 1722.5814514160156 0.6461821056547619 
21 1399.375830078125 1317.0937438964843 1659.472314453125 1701.0455383300782 0.8403785342261905 1080.686181640625 1536.540087890625 1460.509619140625 1697.552197265625 0.6501581101190477 
22 1372.2405029296874 1320.8202575683595 1649.0700439453126 1705.076104736328 0.7716936383928571 1078.5659545898438 1516.2854064941407 1421.5041137695312 1693.9520202636718 0.6760835193452381 
23 1359.3430053710938 1327.15146484375 1636.9631469726562 1708.36123046875 0.7782505580357143 1073.913818359375 1503.0944458007812 1421.974853515625 1685.4121459960938 0.7002650669642857 
24 1366.2220092773437 1325.9162475585938 1619.5128540039063 1699.6240356445312 0.7883184523809523 1069.491650390625 1495.3623962402344 1430.74248046875 1673.9116516113281 0.7190290178571429 
25 1378.3954711914062 1322.85712890625 1611.3135131835938 1638.96025390625 0.7680896577380952 1065.011944580078 1496.9057556152343 1435.1851989746094 1663.2757629394532 0.7300734747023809 
26 1382.7435363769532 1326.345684814453 1607.5161071777343 1613.5550720214844 0.7654622395833334 1060.3135925292968 1493.4841613769531 1443.2592834472657 1664.1448669433594 0.7198893229166666 
27 1392.666033935547 1326.687841796875 1604.1983459472656 1604.583154296875 0.7605794270833334 1056.7028747558593 1494.98837890625 1442.4383605957032 1669.191552734375 0.7357235863095238 
28 1395.7968872070312 1324.497021484375 1603.5090209960938 1598.67705078125 0.7628813244047619 1060.2618835449218 1498.4959899902344 1434.1437561035157 1677.128399658203 0.7573939732142857 
29 1395.804931640625 1320.2920837402344 1603.509765625 1594.4624328613281 0.7822730654761905 1071.3059631347655 1498.7585205078126 1432.712469482422 1694.0010009765624 0.7864815848214286 
30 1401.3806701660155 1320.0934692382812 1604.200506591797 1580.8618530273438 0.7697637648809523 1079.3205139160157 1495.5310607910155 1451.8468444824218 1698.350897216797 0.7898995535714286 
31 1409.752020263672 1319.8644897460938 1604.0510803222655 1580.3078735351562 0.7614862351190477 1091.7502868652343 1501.4435302734375 1451.4102355957032 1704.0105712890625 0.7799944196428571 
32 1405.169140625 1315.1921508789062 1608.29033203125 1580.4933959960938 0.7185174851190477 1102.2410583496094 1501.89150390625 1471.1755676269531 1696.722021484375 0.8023158482142857 
33 1409.0309143066406 1309.890313720703 1612.0837097167969 1579.2462829589845 0.7066127232142857 1107.4797668457031 1500.6707885742187 1492.8658142089844 1691.2918579101563 0.7913411458333334 
34 1426.98779296875 1305.55322265625 1621.476806640625 1586.941650390625 0.6906854538690477 1111.699237060547 1495.2676208496093 1500.6771057128906 1677.3423645019532 0.7393275669642857 
35 1438.6554321289063 1302.518359375 1641.2024780273437 1579.47041015625 0.7476283482142857 1141.1943725585938 1505.224346923828 1496.6850219726562 1678.8360778808594 0.7380487351190477 
36 1454.0582458496094 1305.9465026855469 1660.242657470703 1582.2337951660156 0.7723911830357143 1169.6821350097657 1538.6178039550782 1503.7010437011718 1695.3181091308593 0.7628580729166666 
37 1485.8201904296875 1300.984063720703 1678.3096923828125 1583.5748962402345 0.7925502232142857 1198.5038146972656 1575.383856201172 1505.6676940917969 1718.7271057128905 0.7728794642857143 
38 1533.7583923339844 1281.2625 1691.7539367675781 1585.100048828125 0.7951776413690477 1225.4023803710938 1614.7047119140625 1517.0863891601562 1756.4954833984375 0.7953171502976191 
39 1564.648614501953 1273.44892578125 1708.5717224121095 1593.278125 0.8243815104166666 1229.4430236816406 1643.8663940429688 1533.2807312011719 1791.7874145507812 0.7595098586309523 
40 1586.6360412597655 1254.9191040039063 1720.631414794922 1572.0413452148437 0.8141741071428571 1238.2482482910157 1691.2627807617187 1533.0380065917968 1829.7245239257813 0.7941313244047619 
41 1604.1131103515625 1231.294451904297 1738.0988037109375 1552.8602111816406 0.8264741443452381 1247.33310546875 1729.44658203125 1555.500390625 1872.364697265625 0.7661830357142857 
42 1613.6076171875 1230.6659790039062 1746.1111328125 1536.7947143554688 0.8253348214285714 1251.0682556152344 1764.1946411132812 1570.904278564453 1924.1127319335938 0.7695777529761905 
43 1622.8313903808594 1206.2297241210938 1758.0705871582031 1517.2797973632812 0.8519345238095238 1254.0445678710937 1807.0038513183595 1610.1744262695313 1960.274835205078 0.7519996279761905 
44 1636.5591979980468 1187.8068115234375 1773.2094787597657 1497.5476806640625 0.8232654389880952 1269.8806762695312 1831.8153869628907 1638.8366088867188 1995.7958190917968 0.7217261904761905 
45 1641.4639038085938 1169.6844604492187 1777.9826293945312 1474.5760375976563 0.8389136904761905 1287.040673828125 1856.3030029296874 1673.843359375 2065.6315673828126 0.6025158110119048 
46 1652.2747375488282 1153.6715698242188 1788.9697692871093 1458.9573364257812 0.7839936755952381 1307.9081298828125 1888.1449768066407 1695.2110107421875 2115.970135498047 0.5288899739583334 
47 1662.8121826171875 1154.8172119140625 1794.9614990234375 1451.0140869140625 0.8161039806547619 1344.3566528320312 1900.2167724609376 1654.2241577148438 2146.2881103515624 0.6474376860119048 
48 1664.8296997070313 1145.6758361816405 1801.7000854492187 1442.228338623047 0.8321010044642857 1351.6068481445313 1885.127130126953 1648.1595092773437 2190.8043884277345 0.8415178571428571 
49 1679.5886596679688 1128.3535705566405 1802.7392211914062 1420.265936279297 0.8271251860119048 1361.888360595703 1871.116192626953 1653.8007263183595 2172.150775146484 0.8439360119047619 
50 1685.8175170898437 1121.932958984375 1808.9756958007813 1409.3021484375 0.8350306919642857 1373.18505859375 1845.0927978515624 1651.431396484375 2159.8305419921876 0.8877418154761905 
51 1687.3189025878905 1089.8239501953126 1814.750799560547 1390.1994873046874 0.8241722470238095 1370.3141845703126 1820.4575317382812 1666.1384521484374 2129.9352905273436 0.9316638764880952 
52 1697.2273315429688 1068.2201354980468 1824.7133422851562 1377.8288146972657 0.8409133184523809 1373.6092834472656 1794.7848266601563 1665.0055847167969 2090.7344604492187 0.9479399181547619 
53 1697.704833984375 1042.5674255371093 1829.8662109375 1370.6922180175782 0.7997581845238095 1366.7755432128906 1773.4863525390624 1662.9992370605469 2056.0383056640626 0.9378720238095238 
54 1713.5186157226562 1026.194805908203 1830.0885620117188 1344.5204040527344 0.8401227678571429 1375.7072509765626 1748.7214233398438 1640.2312255859374 2022.2124145507812 0.9369187127976191 
55 1716.5675109863282 1013.6899658203125 1829.7831970214843 1319.7917236328126 0.8293108258928571 1362.7279357910156 1723.1430419921876 1635.2843933105469 1974.7336669921874 0.9053896949404762 
56 1721.9718444824218 1004.1286926269531 1839.8654357910157 1304.9607849121094 0.7318173363095238 1357.50224609375 1700.0764465332031 1625.811962890625 1931.7984313964844 0.88330078125 
57 1722.9338806152343 995.697314453125 1839.0437805175782 1291.977978515625 0.7776227678571429 1354.7389404296875 1676.3419860839845 1618.9893310546875 1892.546807861328 0.8647925967261905 
58 1725.6456970214845 991.8345703125 1844.077569580078 1276.07119140625 0.7858305431547619 1350.914892578125 1652.9275024414062 1611.465234375 1866.1049682617188 0.8364490327380952 
59 1730.3119873046876 978.8505462646484 1840.9433837890624 1263.3311553955077 0.8176618303571429 1352.220196533203 1633.9766174316405 1605.0919372558594 1851.288153076172 0.8284040178571429 
60 1725.9302856445313 972.9724273681641 1848.9691284179687 1254.7706756591797 0.8583751860119048 1349.6396057128907 1619.3072082519532 1611.5929382324218 1829.6636169433593 0.8128720238095238 
61 1727.227801513672 975.9437622070312 1841.9932678222656 1245.0491577148437 0.8402390252976191 1355.0767761230468 1607.30654296875 1608.3525451660157 1813.093115234375 0.7952241443452381 
62 1725.5044250488281 971.2751495361329 1836.5733337402344 1256.881039428711 0.8577938988095238 1362.5470031738282 1603.8188903808593 1604.5185485839843 1802.1563293457032 0.8302641369047619 
63 1725.5812438964845 974.0949127197266 1832.666680908203 1263.6220672607421 0.8632347470238095 1360.8503662109374 1592.5052856445313 1614.6823486328126 1810.6421752929687 0.8557012648809523 
64 1718.2885009765625 977.1282135009766 1833.4419677734375 1255.0848602294923 0.8508882068452381 1366.719256591797 1585.2728759765625 1616.8802307128906 1807.6382568359375 0.8332170758928571 
65 1715.5869873046875 980.5465850830078 1827.1876708984375 1267.519760131836 0.8482142857142857 1369.2877258300782 1579.6335876464843 1612.4177185058593 1802.8347961425782 0.8477492559523809 
66 1710.3127014160157 989.9533538818359 1825.8319519042968 1264.8096466064453 0.8344494047619048 1373.4068725585937 1583.3303588867188 1620.3792602539063 1814.3688598632812 0.8304501488095238 
67 1706.4403442382813 987.521630859375 1817.8731323242187 1274.0630859375 0.8514229910714286 1368.009100341797 1578.6666320800782 1626.6924377441405 1809.4916931152343 0.8447265625 
68 1705.0351501464843 992.1723449707031 1820.6619934082032 1275.2589294433594 0.8571893601190477 1373.489764404297 1580.8879272460938 1624.6790588378906 1812.1416137695312 0.837890625 
69 1696.7394897460938 990.492822265625 1820.2639282226562 1281.372900390625 0.8395182291666666 1369.3845764160155 1576.6973266601562 1620.418035888672 1807.8075561523438 0.8182896205357143 
70 1696.7577880859376 991.7490661621093 1816.3044677734374 1286.6311828613282 0.8623744419642857 1368.4638305664062 1578.4479675292969 1623.4971069335938 1809.5716857910156 0.8309616815476191 
71 1695.5718505859375 989.2998596191406 1815.3260986328125 1284.693914794922 0.8645368303571429 1369.3180053710937 1580.0878173828125 1628.7857543945313 1811.6128662109375 0.8150111607142857 
72 1693.0379760742187 990.4998474121094 1816.8943969726563 1286.1570129394531 0.8663504464285714 1367.4156799316406 1582.2751403808593 1623.1191101074219 1810.0111145019532 0.8081519717261905 
73 1691.9812072753907 988.5830139160156 1815.7213073730468 1279.9710632324218 0.8691871279761905 1364.054443359375 1585.9438415527343 1615.5263671875 1809.4744934082032 0.7962239583333334 
74 1694.1334350585937 983.2318511962891 1813.7496215820313 1282.2722381591798 0.8489583333333334 1359.974951171875 1588.3669494628907 1611.16884765625 1799.6888366699218 0.7995256696428571 
75 1690.8535278320312 980.5570343017578 1814.5163452148438 1267.773959350586 0.8393089657738095 1360.9837524414063 1593.3476989746093 1604.3202026367187 1808.7603332519532 0.7888299851190477 
76 1695.4407836914063 981.5351776123047 1811.2306030273437 1269.0134674072265 0.8544224330357143 1357.7458923339843 1591.8122680664062 1605.2967102050782 1807.4208862304688 0.8139183407738095 
77 1692.8413635253905 977.0719024658204 1816.467840576172 1264.2044036865234 0.8463541666666666 1356.9330139160156 1596.2781616210937 1600.1982116699219 1807.6395629882813 0.7994094122023809 
78 1695.0937072753907 975.01767578125 1814.8849304199218 1266.50966796875 0.8289388020833334 1354.7636169433595 1601.6180053710937 1602.332208251953 1813.2491821289063 0.7787620907738095 
79 1697.369207763672 971.2511932373047 1817.4292541503905 1263.3975494384765 0.8004092261904762 1350.1183166503906 1606.800311279297 1598.2426452636719 1806.9004943847656 0.7629510788690477 
80 1698.2201354980468 973.7635131835938 1818.0878479003907 1261.4459594726563 0.8120349702380952 1348.9134521484375 1606.4497131347657 1592.6444091796875 1818.2159362792968 0.7758091517857143 
81 1702.515362548828 974.4826202392578 1818.2142517089844 1257.745590209961 0.8490048363095238 1346.6718872070312 1605.7633239746094 1594.0283081054688 1817.213116455078 0.7720889136904762 
82 1702.492742919922 974.373648071289 1822.3528381347655 1258.0425506591796 0.8475632440476191 1347.5224731445312 1606.0976684570312 1587.2426635742188 1821.8459350585938 0.751953125 
83 1703.2495361328124 973.0681304931641 1819.3405517578126 1257.2911834716797 0.84912109375 1344.04462890625 1609.5675964355469 1584.232958984375 1821.7340393066406 0.7758091517857143 
84 1702.3891296386719 976.1020141601563 1822.3082580566406 1255.9133666992188 0.8514927455357143 1338.0193481445312 1611.2124145507812 1577.8576049804688 1823.0695678710938 0.7584867931547619 
85 1703.3769592285157 972.2967895507812 1819.5570007324218 1260.7434936523437 0.8431919642857143 1334.1898010253906 1612.365057373047 1578.568377685547 1828.7000061035155 0.7415829613095238 
86 1702.46328125 971.0066101074219 1814.748876953125 1255.7305725097656 0.8288690476190477 1328.8981018066406 1610.787255859375 1577.5302429199219 1831.347998046875 0.7776925223214286 
87 1700.4324523925782 976.3235412597656 1816.5102966308593 1260.513983154297 0.8557245163690477 1327.5671447753907 1611.8263916015626 1579.7361999511718 1831.9739013671874 0.7906668526785714 
88 1698.2446594238281 980.7949645996093 1814.3694763183594 1261.0965148925782 0.8668154761904762 1335.3927429199218 1610.395281982422 1579.6554748535157 1826.6280334472656 0.7801571800595238 
89 1693.984197998047 974.077978515625 1814.0728088378905 1266.293603515625 0.8455403645833334 1334.3344421386719 1604.3890014648437 1582.5174865722656 1824.5514282226563 0.7648577008928571 
90 1689.00673828125 977.988394165039 1813.165625 1266.3577362060546 0.8463076636904762 1339.7902587890626 1606.0235778808594 1580.0979248046874 1818.295391845703 0.7872023809523809 
91 1685.1879821777343 978.3804748535156 1813.3387512207032 1266.719744873047 0.8665829613095238 1338.626287841797 1598.80283203125 1586.9185119628905 1823.066796875 0.8025018601190477 
92 1685.9327758789063 980.8554626464844 1814.2439819335937 1265.5457824707032 0.8746047247023809 1343.4098266601563 1598.9698059082032 1579.9834838867187 1819.5046813964843 0.8049897693452381 
93 1685.4059326171875 977.1221801757813 1813.7053955078125 1269.8053100585937 0.8529110863095238 1341.5264038085938 1602.736016845703 1590.1066528320312 1819.2414001464845 0.7968284970238095 
94 1688.2610656738282 980.4801635742188 1808.5220153808593 1269.1065063476562 0.8598865327380952 1341.8169494628905 1598.8990539550782 1578.330145263672 1819.3774353027343 0.8080822172619048 
95 1684.6571228027344 977.6147979736328 1813.165264892578 1274.7899261474608 0.8441685267857143 1338.5191589355468 1601.62080078125 1575.4560607910157 1818.4783203125 0.8189174107142857 
96 1686.930157470703 977.0063293457031 1811.8839294433594 1271.2520935058594 0.8348911830357143 1336.408673095703 1603.3250549316406 1570.1930114746094 1816.955584716797 0.8098493303571429 
97 1685.7421325683595 978.3609985351562 1814.653985595703 1272.4412475585937 0.8384254092261905 1336.3475463867187 1614.55361328125 1565.9717895507813 1820.00693359375 0.8292410714285714 
98 1688.047137451172 978.3792114257812 1813.0069396972656 1268.6083374023438 0.8517252604166666 1326.966162109375 1618.061590576172 1544.6380859375 1819.6096740722655 0.8345191592261905 
99 1691.8956787109375 982.372183227539 1817.0276611328125 1273.0012908935546 0.8642578125 1312.1526916503906 1622.4704162597657 1526.087908935547 1828.3326843261718 0.8788829985119048 
100 1691.2921630859375 980.7720489501953 1820.9278076171875 1272.4520111083984 0.8468889508928571 1285.2462463378906 1628.9498046875 1504.0063171386719 1839.607568359375 0.8675827752976191 
101 1698.9477172851562 981.036996459961 1812.8408569335938 1269.8378204345704 0.82421875 1259.0190979003905 1636.2363342285157 1470.535223388672 1859.9551940917968 0.8296828497023809 
102 1702.1455444335938 982.5128143310546 1816.5744262695312 1264.4984771728516 0.8482142857142857 1227.7683532714843 1640.6364501953126 1448.4527160644532 1885.8413330078124 0.8215680803571429 
103 1702.7935791015625 979.528076171875 1813.5665283203125 1262.614501953125 0.8313104538690477 1197.2146057128907 1648.268328857422 1422.8631530761718 1906.7383850097656 0.8011997767857143 
104 1702.9463684082032 986.8988525390625 1818.3799255371093 1267.2373779296875 0.8440290178571429 1176.3602478027344 1659.8381408691407 1403.104718017578 1907.1956726074218 0.8314267113095238 
105 1706.5183715820312 986.8893249511718 1818.6386108398438 1269.2665588378907 0.8537481398809523 1155.4995422363281 1665.6806701660157 1392.1980895996094 1906.5318542480468 0.8568173363095238 
106 1705.7166931152344 988.2117340087891 1817.993878173828 1279.3004119873046 0.8427966889880952 1152.1682678222655 1665.2329467773438 1376.722479248047 1910.5790649414062 0.8471447172619048 
107 1707.9139709472656 990.8214477539062 1816.4342956542969 1278.8174682617187 0.8450520833333334 1155.0388427734374 1663.935809326172 1380.4269775390626 1906.0193908691406 0.8390066964285714 
108 1701.1124389648437 993.5098571777344 1817.9991333007813 1285.7265930175781 0.8437732514880952 1159.2270385742188 1650.1946533203125 1380.4768188476562 1900.6661865234375 0.8481212797619048 
109 1698.4627502441406 991.64658203125 1815.123309326172 1287.464501953125 0.8388904389880952 1173.1695617675782 1651.2275146484376 1398.1579528808593 1897.0481201171874 0.8771856398809523 
110 1690.9951049804688 996.7047180175781 1816.2651489257812 1293.1772399902343 0.8483537946428571 1181.5634338378907 1644.8970458984375 1407.0494812011718 1891.2616455078125 0.9096912202380952 
111 1688.9927795410156 989.3888916015625 1818.031268310547 1297.4165283203124 0.8225213913690477 1190.7693481445312 1646.5891357421874 1419.7086791992188 1892.1786865234376 0.8941127232142857 
112 1687.0226440429688 997.1005615234375 1811.6223754882812 1296.1399169921874 0.8423549107142857 1203.1603881835938 1645.4982849121093 1423.2866333007812 1890.5443176269532 0.8869977678571429 
113 1688.818914794922 993.0161071777344 1812.7415100097655 1290.4303039550782 0.8351236979166666 1213.94111328125 1640.5910766601562 1432.871142578125 1888.4362670898438 0.8888811383928571 
114 1684.393084716797 990.7335083007813 1808.1880920410156 1283.7149780273437 0.8030598958333334 1227.3038818359375 1646.6882690429688 1433.6287353515625 1894.2782836914062 0.8635835193452381 
115 1688.3187438964844 997.1778991699218 1811.402813720703 1288.4767639160157 0.8368210565476191 1231.6454467773438 1643.0535034179688 1428.5798950195312 1889.2216430664062 0.8601888020833334 
116 1686.69658203125 990.49853515625 1813.63447265625 1285.32177734375 0.8218936011904762 1238.6347717285157 1641.881365966797 1426.9940124511718 1887.5672424316406 0.8670014880952381 
117 1689.8016235351563 991.3789611816406 1808.7811401367187 1286.776190185547 0.8355887276785714 1244.4965087890625 1644.503643798828 1420.9143798828125 1886.5653259277344 0.8532366071428571 
118 1683.58251953125 987.9077178955079 1814.72509765625 1278.880551147461 0.8176153273809523 1249.172344970703 1646.1431396484375 1429.4935485839844 1887.9374267578125 0.8680943080357143 
119 1684.3210754394531 985.1960266113281 1811.4051208496094 1280.3590270996094 0.8176850818452381 1249.3024597167969 1647.2631042480468 1429.6798400878906 1889.1327697753907 0.8662806919642857 
120 1685.5855895996094 988.8216735839844 1816.639141845703 1283.692364501953 0.8437267485119048 1248.3198852539062 1646.6103088378907 1428.5187377929688 1892.3358581542968 0.8704892113095238 
121 1686.516845703125 989.8043518066406 1813.466796875 1288.7511901855469 0.8468889508928571 1248.807080078125 1645.3451416015625 1428.994189453125 1886.9597900390625 0.8706287202380952 
122 1682.030615234375 986.2605377197266 1812.977685546875 1284.9835418701173 0.8379603794642857 1254.0918029785157 1647.1340942382812 1438.2361999511718 1892.6598510742188 0.8740931919642857 
123 1687.605694580078 986.3121459960937 1810.4901306152344 1281.2347290039063 0.8256138392857143 1258.2979370117187 1651.4634155273438 1442.6246704101563 1889.0400024414062 0.8682570684523809 
124 1688.6340209960938 989.9762084960937 1815.7226684570312 1285.1495239257813 0.8285900297619048 1255.807684326172 1649.3860473632812 1444.3906799316405 1887.1644897460938 0.8804408482142857 
125 1687.8796752929688 986.467807006836 1810.7382446289062 1285.4236114501953 0.8294968377976191 1258.189764404297 1651.4792053222657 1446.5728088378905 1893.1009948730468 0.8805106026785714 
126 1681.5277038574218 985.173876953125 1816.7338928222657 1284.266552734375 0.8250093005952381 1258.8897827148437 1650.4896362304687 1451.4564086914063 1892.2220336914063 0.8873465401785714 
127 1687.904296875 989.0284057617188 1814.708251953125 1283.5409301757813 0.8359840029761905 1262.3400512695312 1652.782861328125 1450.5007690429688 1894.119482421875 0.8791155133928571 
128 1685.9245178222657 982.355014038086 1812.4537780761718 1280.3110626220703 0.841796875 1264.4219848632813 1651.421563720703 1452.1751831054687 1892.2352966308595 0.8946707589285714 
129 1686.8481811523438 985.5921813964844 1817.7301879882812 1284.166729736328 0.8315894717261905 1268.0885620117188 1652.4297912597656 1456.2315063476562 1897.833514404297 0.8964378720238095 
130 1686.2240417480468 982.0538116455078 1808.7863342285157 1284.374349975586 0.8423781622023809 1267.4691528320313 1648.1332946777343 1451.3128295898437 1897.3433898925782 0.8953218005952381 
131 1685.8050842285156 991.3004211425781 1816.6532897949219 1289.7978454589843 0.8451450892857143 1270.770928955078 1647.585888671875 1454.7763122558595 1901.104296875 0.8924851190476191 
132 1686.057794189453 996.00107421875 1812.8009704589845 1286.283837890625 0.8605143229166666 1273.7490661621093 1647.6435913085938 1457.7312805175782 1905.2184692382812 0.8908807663690477 
133 1690.2382019042968 993.9886657714844 1809.1728088378907 1293.375714111328 0.85546875 1276.64873046875 1653.1765930175782 1452.999951171875 1899.2480895996093 0.8853701636904762 
134 1689.1232849121093 997.7770202636718 1811.9198059082032 1296.5819885253907 0.8560732886904762 1272.7169616699218 1651.5899291992187 1456.9118225097657 1905.3695434570313 0.8781156994047619 
135 1683.2441101074219 997.7745178222656 1814.5477600097656 1297.311053466797 0.8578171502976191 1273.551220703125 1646.8756469726563 1454.093798828125 1901.2766967773437 0.88916015625 
136 1683.1114440917968 998.984716796875 1810.1831115722657 1298.21767578125 0.8634905133928571 1273.360906982422 1644.2749084472657 1453.7205139160155 1898.4180847167968 0.88037109375 
137 1682.1510070800782 991.6049743652344 1813.1115661621093 1298.5438293457032 0.8519112723214286 1273.0564025878907 1646.7227783203125 1457.2198425292968 1896.3665771484375 0.8829055059523809 
138 1686.4505615234375 999.3863159179688 1813.3179931640625 1298.1390747070313 0.84130859375 1274.6817016601562 1644.1129211425782 1450.6593627929688 1893.7556091308593 0.8831845238095238 
139 1683.697283935547 989.8497131347656 1810.2979553222656 1287.973895263672 0.8203822544642857 1276.4075561523437 1649.39853515625 1447.9310668945313 1894.43203125 0.8730003720238095 
140 1682.6750610351562 989.5249084472656 1813.2028686523438 1291.3707214355468 0.8302408854166666 1278.5405151367188 1644.2040588378907 1458.0163696289062 1901.1808288574218 0.8829752604166666 
141 1679.8728515625 985.6211853027344 1813.796337890625 1273.7595520019531 0.8023856026785714 1287.62392578125 1647.1219360351563 1466.18857421875 1910.9105346679687 0.8946242559523809 
142 1678.9248291015624 974.9627899169922 1816.9882568359376 1275.453775024414 0.8060825892857143 1286.9120239257813 1648.1002807617188 1465.5823608398437 1907.9844360351562 0.8750930059523809 
143 1688.9453247070312 977.6453826904296 1810.8688842773438 1266.1976959228516 0.8058733258928571 1296.60166015625 1645.880029296875 1459.16640625 1914.111669921875 0.8785807291666666 
144 1687.1907836914063 972.5258575439453 1812.4386108398437 1263.4237884521485 0.8055710565476191 1300.2591796875 1646.6259887695312 1465.909521484375 1913.2824584960938 0.8717447916666666 
145 1693.9733154296875 961.9548767089843 1826.8970458984375 1264.0542785644532 0.7795991443452381 1299.8498840332031 1641.6009460449218 1464.9976501464844 1907.4482482910157 0.8731398809523809 
146 1697.0164123535155 962.8936584472656 1821.629949951172 1252.318377685547 0.7913411458333334 1302.3042724609375 1642.85615234375 1471.1354248046875 1908.162158203125 0.8805571056547619 
147 1708.6226013183593 962.6046417236328 1824.3294250488282 1237.907015991211 0.8473307291666666 1304.109130859375 1641.3463256835937 1467.694580078125 1912.6588012695313 0.8846493675595238 
148 1705.0035766601563 945.5182220458985 1828.4239135742187 1224.2091339111328 0.8459588913690477 1309.3236572265625 1642.5518371582032 1464.5943115234375 1905.3176696777343 0.8981119791666666 
149 1716.5897216796875 933.1149719238281 1840.3499755859375 1208.5811950683594 0.8624674479166666 1306.6149963378907 1639.89921875 1470.2977233886718 1911.3732421875 0.8943219866071429 
150 1719.0381652832032 912.257373046875 1846.9448669433593 1192.053173828125 0.8572126116071429 1305.4937683105468 1639.7265686035157 1473.3713439941407 1903.5340515136718 0.8928803943452381 
151 1721.2571044921874 890.650015258789 1857.4035400390626 1158.9385467529296 0.8676990327380952 1308.8136413574218 1638.685107421875 1468.9857971191407 1910.977978515625 0.8899507068452381 
152 1730.3977905273437 874.1267608642578 1874.0931762695313 1129.5850921630858 0.8765811011904762 1306.5273864746093 1633.2861633300781 1478.1634094238282 1908.7022399902344 0.8827194940476191 
153 1741.002862548828 852.5710205078125 1885.3226989746095 1093.1040283203124 0.8729771205357143 1306.9640869140626 1635.2285461425781 1471.3283935546874 1907.8326110839844 0.8889973958333334 
154 1736.6228149414062 815.6263824462891 1905.4047729492188 1040.6689666748048 0.8616768973214286 1302.9214111328124 1633.7240112304687 1479.7404541015626 1894.9341918945313 0.89013671875 
155 1763.347216796875 779.2478607177734 1928.83125 981.0578643798829 0.8472144717261905 1299.8051818847657 1631.8173461914062 1473.3616882324218 1898.2065795898438 0.8732793898809523 
156 1765.4774780273438 732.5604949951172 1951.9700317382812 902.836294555664 0.8480050223214286 1296.7509887695312 1630.0950805664063 1491.3520385742188 1913.8883178710937 0.8512602306547619 
157 1771.0286376953125 684.7281921386718 1985.2899658203125 822.1789123535157 0.8507719494047619 1298.0363891601562 1631.0236450195312 1488.0417358398438 1922.0957397460938 0.8614211309523809 
158 1796.6850952148438 604.0886871337891 1996.8581176757812 714.3881805419921 0.8102911086309523 1295.7808776855468 1634.336083984375 1479.6132873535157 1912.127294921875 0.8573986235119048 
159 1816.7533874511719 525.4101409912109 2023.0196838378906 654.8321075439453 0.8337053571428571 1289.7321166992188 1645.563702392578 1479.8206176757812 1908.4520446777344 0.8585611979166666 
160 1841.5539306640626 438.8128265380859 2047.8095947265624 568.2281280517578 0.8418201264880952 1283.4502746582032 1641.9709594726562 1473.5290954589843 1912.9343139648438 0.8696986607142857 
161 1851.5158386230469 377.71552734375 2083.7948303222656 499.967578125 0.8487723214285714 1286.178271484375 1635.1880187988281 1473.63154296875 1916.3677673339844 0.8638160342261905 
162 1868.275537109375 330.30948333740236 2101.296728515625 457.04040069580077 0.8569103422619048 1280.847967529297 1635.8263732910157 1481.1646057128905 1921.9928405761718 0.8605608258928571 
163 1877.3182556152344 312.42505798339846 2112.2638977050783 419.59325256347654 0.8433082217261905 1279.6495544433594 1633.6374572753907 1473.376690673828 1913.9234558105468 0.8673967633928571 
164 1884.2012939453125 297.85433807373045 2126.9959716796875 413.07885894775393 0.8548177083333334 1285.7619934082031 1631.7996887207032 1475.0594177246094 1928.0913024902343 0.8663504464285714 
165 1897.9539184570312 298.6045257568359 2126.6869506835938 410.8916290283203 0.8624441964285714 1285.81318359375 1627.0153076171875 1468.799609375 1926.4475830078125 0.8892066592261905 
166 1908.439453125 306.4190185546875 2136.22509765625 418.24107666015624 0.8442847842261905 1288.798602294922 1626.6202819824218 1475.1688049316406 1920.6708557128907 0.8711402529761905 
167 1913.7811645507813 319.4725112915039 2128.1443725585937 444.8547897338867 0.8666759672619048 1292.6254760742188 1630.6975402832031 1470.5874145507812 1905.7295837402344 0.8639555431547619 
168 1910.2100158691405 337.1908843994141 2127.607244873047 458.4316741943359 0.8464239211309523 1294.3583923339843 1620.188427734375 1469.9483703613282 1937.922900390625 0.8865327380952381 
169 1909.0727661132812 344.10648956298826 2126.7761108398436 465.5179916381836 0.8460053943452381 1292.3540161132812 1619.7320617675782 1468.1913940429688 1933.7272888183593 0.8723028273809523 
170 1910.1772094726562 343.3655609130859 2125.997839355469 472.0278717041016 0.8629092261904762 1289.6928283691407 1611.1521789550782 1459.8590515136718 1930.7327087402343 0.8527250744047619 
171 1907.4093139648437 342.8963958740234 2120.774035644531 472.5887725830078 0.8509812127976191 1292.0944580078126 1608.4430725097657 1455.2558837890624 1926.3986022949218 0.8483770461309523 
172 1914.1056396484375 343.43019409179686 2127.1653564453127 466.34922485351564 0.85546875 1292.103662109375 1594.9984069824218 1460.093115234375 1906.3933166503907 0.8536783854166666 
173 1912.3295043945313 341.9342514038086 2127.3846069335937 467.72111358642576 0.8583984375 1295.8803161621095 1582.7919799804688 1470.358819580078 1883.0573852539062 0.8242652529761905 
174 1912.4492553710938 339.7029312133789 2120.042687988281 457.2087203979492 0.8514229910714286 1316.4839904785156 1561.6124755859375 1492.742694091797 1847.5432861328125 0.8949962797619048 
175 1906.9104309082031 322.62755126953124 2117.5645446777344 468.17042236328126 0.8742094494047619 1351.1075378417968 1528.5121826171876 1527.2910217285157 1819.5979248046874 0.8952520461309523 
176 1902.874609375 323.61547393798827 2115.69375 461.76114349365236 0.8762323288690477 1375.2788513183593 1484.7857238769532 1580.6304504394532 1764.8108337402343 0.8638392857142857 
177 1898.0634704589843 334.0929321289062 2120.740362548828 459.7976318359375 0.8553757440476191 1417.6229064941406 1445.543524169922 1661.849139404297 1707.7275939941405 0.8325427827380952 
178 1890.7738159179687 339.5469497680664 2115.519885253906 465.96675262451174 0.8602585565476191 1456.9486755371095 1398.9878784179687 1695.741632080078 1637.7806762695313 0.8781622023809523 
179 1881.7067932128907 357.31817626953125 2103.092889404297 478.38861083984375 0.8704659598214286 1496.4101318359376 1350.8940063476562 1759.3059326171874 1554.9841674804688 0.8774879092261905 
180 1870.3173217773438 366.61912689208987 2100.2405395507812 491.72440948486326 0.8763718377976191 1542.9888732910156 1286.7021484375 1837.155291748047 1462.52587890625 0.9230143229166666 
181 1866.190673828125 368.78891906738284 2088.955322265625 498.4579681396484 0.8809291294642857 1599.8192260742187 1205.6274291992188 1892.4058715820313 1375.1945922851562 0.9135974702380952 
182 1869.4687866210938 381.9231155395508 2076.357629394531 513.2810775756836 0.8694893973214286 1644.1392578125 1119.4223327636719 1942.978662109375 1273.7679748535156 0.9204566592261905 
183 1874.074853515625 389.8736053466797 2071.549169921875 522.6022247314453 0.8486328125 1699.261572265625 1020.1476928710938 1987.37978515625 1172.3000610351562 0.9132486979166666 
184 1869.2088623046875 399.35660247802736 2068.0587158203125 521.9805862426758 0.8358212425595238 1741.7411010742187 926.1809967041015 2006.8741333007813 1078.6324188232422 0.8870442708333334 
185 1877.1453186035155 410.27806701660154 2066.244696044922 528.4651580810547 0.8240327380952381 1785.1932739257813 831.2059448242187 2028.3208862304687 993.2911254882813 0.86669921875 
186 1884.39453125 417.2596466064453 2066.556396484375 538.7008636474609 0.8051990327380952 1809.142431640625 757.7102783203125 2058.771630859375 919.6320068359375 0.8444475446428571 
187 1884.1888549804687 419.02572174072264 2065.821643066406 534.6102340698242 0.7919689360119048 1834.1445556640624 686.14033203125 2075.2209228515626 864.470751953125 0.8311709449404762 
188 1886.6045227050781 424.8915313720703 2070.0018005371094 548.2678314208985 0.8023158482142857 1864.802099609375 641.5053955078125 2081.544091796875 821.5680908203125 0.8044084821428571 
189 1888.556817626953 427.8783416748047 2077.1325134277345 542.3706207275391 0.7533947172619048 1888.815850830078 585.7585571289062 2097.5961364746095 791.1712524414063 0.7856212797619048 
190 1890.1163818359375 427.03597564697264 2078.8518798828127 558.4769332885742 0.7516276041666666 1904.8936584472656 564.4397064208985 2100.3698913574217 763.2863067626953 0.7932710193452381 
191 1887.054425048828 421.1222747802734 2077.271624755859 557.9452911376953 0.7743210565476191 1920.0407958984374 553.5813140869141 2113.5954345703126 743.7987518310547 0.8059895833333334 
192 1891.3257690429687 427.2512573242187 2075.7413696289063 551.3127075195313 0.7294689360119048 1922.534600830078 551.8285583496094 2127.0683044433595 736.2443176269531 0.8082682291666666 
193 1887.9854309082032 420.50331115722656 2079.2639587402346 561.4454803466797 0.7540225074404762 1925.15693359375 549.7003112792969 2129.85869140625 734.2674621582031 0.8051292782738095 
194 1887.7743103027344 425.43114166259767 2076.3249328613283 563.4771530151368 0.7395600818452381 1933.2285766601562 549.8798004150391 2131.8800659179688 731.6964324951172 0.8152204241071429 
195 1881.949755859375 420.6790573120117 2073.843212890625 558.7076919555664 0.7642996651785714 1932.1890686035156 550.2913116455078 2137.5486022949217 732.085092163086 0.8137555803571429 
196 1883.3775634765625 429.6151489257812 2082.0941162109375 560.9700561523438 0.7223539806547619 1937.396307373047 547.3682281494141 2139.4807678222655 735.9803436279296 0.8045247395833334 
197 1881.462255859375 427.64503784179686 2076.952294921875 555.7247131347656 0.7300037202380952 1937.33505859375 548.0762329101562 2142.9369140625 733.4547729492188 0.8068033854166666 
198 1882.4746459960938 425.8968902587891 2105.156457519531 550.7337860107422 0.6874302455357143 1935.9390747070313 551.6421295166016 2145.125134277344 733.8364471435547 0.8236374627976191 
199 1883.3421569824218 421.96863708496096 2072.1447814941407 556.8276885986328 0.7398623511904762 1938.0638427734375 553.5858489990235 2147.0953369140625 739.0169952392578 0.8117327008928571 
200 1882.7582763671876 427.424755859375 2081.5713134765624 555.4738037109375 0.7210286458333334 1941.2098815917968 553.4001678466797 2150.1320373535154 735.3645416259766 0.8121744791666666 
201 1886.19931640625 424.4084533691406 2085.29482421875 552.6395202636719 0.7232142857142857 1945.1233459472655 555.7544067382812 2150.967840576172 737.9775268554688 0.8156622023809523 
202 1884.7242858886718 417.8907043457031 2080.1894104003904 552.6941345214843 0.7440941220238095 1944.9970764160157 555.0272796630859 2157.312371826172 737.0119659423829 0.8112211681547619 
203 1884.8815795898438 418.04089813232423 2080.4170043945314 552.8928482055665 0.7309337797619048 1945.1759948730469 555.2267578125 2157.5677795410156 737.276904296875 0.8126860119047619 
204 1892.6402282714844 431.6840530395508 2077.962432861328 536.1384262084961 0.7016136532738095 1946.9408081054687 557.9104797363282 2155.849475097656 736.4936950683593 0.8199404761904762 
205 1887.6995910644532 421.3050140380859 2069.3144470214843 549.1080108642578 0.7268415178571429 1946.6855102539062 554.4115631103516 2155.206335449219 739.3896453857421 0.8030831473214286 
206 1889.30986328125 424.1282028198242 2067.685986328125 555.3861099243164 0.7412109375 1948.3370971679688 558.4927856445313 2153.6377563476562 736.8689086914062 0.8081519717261905 
207 1890.5993408203126 426.9884063720703 2068.9729248046874 554.8788421630859 0.7273763020833334 1946.6485595703125 560.9626922607422 2155.3118896484375 739.3361968994141 0.8059430803571429 
208 1893.016064453125 422.3535675048828 2068.283740234375 563.915902709961 0.7421177455357143 1946.1666687011718 560.6750091552734 2155.1396057128904 739.3132110595703 0.8027111235119048 
209 1891.4020751953126 423.2176574707031 2069.8581787109374 561.2685485839844 0.7478376116071429 1947.8656433105468 555.4409393310547 2153.2585021972654 737.2640777587891 0.8103143601190477 
210 1891.245184326172 416.6236145019531 2066.4473205566405 561.5023620605468 0.75341796875 1943.98720703125 557.4851623535156 2156.2515625 739.4259704589844 0.8115699404761905 
211 1891.390887451172 419.19093017578126 2066.582867431641 564.0612670898438 0.7554175967261905 1944.518621826172 557.45263671875 2153.4014221191405 739.3828125 0.8074311755952381 
212 1891.1077087402343 421.43102569580077 2069.519854736328 566.1806381225585 0.7475818452380952 1944.5796020507812 556.5996551513672 2153.2883178710936 741.7445220947266 0.7995721726190477 
213 1890.6262268066407 426.7109176635742 2072.282342529297 567.9990737915039 0.7378627232142857 1944.4503173828125 556.6132171630859 2153.0184326171875 738.2694122314454 0.7921316964285714 
214 1890.6033813476563 420.4061569213867 2072.107312011719 568.2980972290039 0.7494187127976191 1944.3823608398438 555.7582885742188 2152.775598144531 740.6233032226562 0.7981770833333334 
215 1890.302020263672 418.2764419555664 2071.835308837891 562.8307052612305 0.7507672991071429 1944.0897644042968 552.8748107910156 2152.5168029785154 741.1315368652344 0.8045247395833334 
216 1890.7994812011718 421.8804046630859 2072.6044494628904 563.2842071533203 0.7416527157738095 1944.66767578125 554.4788208007812 2153.40654296875 736.2836303710938 0.7993861607142857 
217 1891.273748779297 421.96275634765624 2072.6648498535155 563.0448120117187 0.7433268229166666 1942.0477905273438 551.2879455566406 2153.6707153320312 736.0382263183594 0.8010370163690477 
218 1892.0077087402344 420.29308624267577 2073.7155578613283 561.6213119506835 0.7603469122023809 1939.893621826172 555.4090850830078 2155.2510314941405 737.1168548583985 0.8057105654761905 
219 1893.26455078125 419.83189544677737 2074.831640625 561.0507034301758 0.7547433035714286 1941.5013916015625 548.8945678710937 2153.3296630859377 737.1863647460938 0.8090122767857143 
220 1893.3497741699218 419.7159896850586 2074.8944885253904 560.9173416137695 0.7512090773809523 1941.1927795410156 551.3487976074218 2156.356903076172 739.6172668457032 0.8068266369047619 
221 1892.755145263672 417.69496765136716 2074.485211181641 559.0406890869141 0.7558826264880952 1943.624090576172 555.0281402587891 2155.6426330566405 740.1236541748046 0.8120582217261905 
222 1890.2753662109376 417.6181915283203 2079.0527587890624 555.8302337646485 0.7288411458333334 1941.61875 557.7751007080078 2157.36416015625 739.8104095458984 0.8024553571428571 
223 1891.9184204101562 426.6022689819336 2076.876745605469 554.3916580200196 0.7203078497023809 1942.7495422363281 557.4959014892578 2157.9739685058594 739.0913177490235 0.8076171875 
224 1892.7139221191405 426.01404266357423 2074.361151123047 560.5676528930665 0.7438151041666666 1943.1715698242188 557.7212982177734 2158.4570922851562 739.3686065673828 0.8091982886904762 
225 1891.9071716308595 425.9867309570312 2076.932305908203 560.5503784179688 0.7338169642857143 1943.1448669433594 557.3156890869141 2155.082794189453 742.3407440185547 0.8117792038690477 
226 1891.2052062988282 420.7011657714844 2076.3493591308593 558.7177795410156 0.7268415178571429 1942.4759399414063 558.0704162597656 2154.550183105469 739.8484069824219 0.8080357142857143 
227 1891.1193115234375 417.1863082885742 2076.2176025390627 561.8996597290039 0.7324683779761905 1942.37724609375 557.4986877441406 2154.39912109375 742.5971374511719 0.8048270089285714 
228 1892.0192626953126 430.10325012207034 2073.9856201171874 558.1536468505859 0.7321661086309523 1946.3240173339843 558.6720947265625 2151.878741455078 740.6384521484375 0.8148251488095238 
229 1891.9723693847657 427.06093139648436 2073.967449951172 558.5016906738281 0.7303059895833334 1945.8967712402343 555.6499145507812 2154.853839111328 741.0151245117188 0.8134765625 
230 1894.4509216308593 427.8515991210937 2076.553594970703 555.9977661132813 0.7250279017857143 1945.424053955078 553.1442901611329 2157.877093505859 741.9912689208984 0.8127790178571429 
231 1894.6936340332031 427.04972381591796 2080.0015563964844 558.4498184204101 0.7276088169642857 1946.3983825683595 555.5989166259766 2155.290704345703 740.9067596435547 0.8210797991071429 
232 1894.9833190917968 422.8911529541016 2076.5851623535154 560.7740692138672 0.7301432291666666 1945.816424560547 557.5403869628906 2157.685162353516 739.1422302246094 0.8128255208333334 
233 1895.5115173339843 426.9423599243164 2077.205401611328 554.8010177612305 0.7264927455357143 1943.7820739746094 557.5186645507813 2155.758087158203 742.5772827148437 0.8207077752976191 
234 1893.4627685546875 419.33088836669924 2078.8238525390625 564.2495864868164 0.7466052827380952 1941.812188720703 554.657470703125 2157.5050720214845 740.0185546875 0.8035481770833334 
235 1892.555615234375 425.5789794921875 2081.413623046875 563.8499755859375 0.7378627232142857 1941.3265991210938 555.41884765625 2157.1643676757812 737.5318359375 0.8066638764880952 
236 1893.0189514160156 422.44068603515626 2081.389617919922 567.0825073242188 0.7430943080357143 1938.6885498046875 555.3092987060547 2157.3329345703123 736.9524810791015 0.8072219122023809 
237 1893.1864929199219 425.29705200195315 2081.5206604003906 566.5477966308594 0.7426525297619048 1941.8221801757813 555.1649688720703 2157.0613647460937 736.773080444336 0.8094308035714286 
238 1896.6081848144531 422.5341827392578 2081.6050720214844 567.1681488037109 0.7454427083333334 1942.2752807617187 552.4201263427734 2157.544299316406 737.4170928955078 0.8175223214285714 
239 1897.7663635253907 426.9235778808594 2082.710565185547 564.7910217285156 0.7298409598214286 1943.420391845703 559.3591278076171 2158.628314208984 737.5780670166016 0.8137090773809523 
240 1893.176690673828 421.94479217529295 2081.9174255371095 566.8707901000977 0.7373976934523809 1942.3063720703126 558.0559844970703 2154.6399169921874 736.6857757568359 0.8102678571428571 
241 1892.736669921875 424.75860900878905 2081.402978515625 566.2584197998046 0.7388392857142857 1942.2356750488282 557.8358520507812 2151.1162536621096 736.3951049804688 0.8157552083333334 
242 1892.4856201171874 427.50982666015625 2081.0510009765626 565.5665893554688 0.7337239583333334 1941.56962890625 551.9681182861328 2153.70576171875 733.7990325927734 0.8243117559523809 
243 1894.0819580078125 430.4667053222656 2085.6802490234377 568.2830505371094 0.7052176339285714 1941.6583679199218 555.8718322753906 2146.7021057128904 727.3018737792969 0.8158017113095238 
244 1893.5515869140625 428.1344955444336 2078.4772216796873 565.9880935668946 0.7505812872023809 1941.5288452148438 547.6248779296875 2136.541223144531 725.8258056640625 0.8172898065476191 
245 1894.741473388672 431.04127807617186 2083.130230712891 558.8765686035156 0.7335379464285714 1940.5447326660155 546.0671295166015 2135.661688232422 731.0918670654297 0.8079892113095238 
246 1895.2172424316407 426.8763198852539 2083.617108154297 568.176139831543 0.7385370163690477 1938.435400390625 549.0256103515625 2133.563623046875 730.6968017578125 0.8144996279761905 
247 1894.8774841308593 428.5308898925781 2079.770587158203 562.9985290527344 0.7328869047619048 1939.4845947265626 543.8627197265625 2141.1858154296874 732.1173828125 0.80322265625 
248 1890.9718383789063 431.34029388427734 2079.5699096679687 559.3175735473633 0.7217029389880952 1939.4166931152345 555.4316162109375 2134.750421142578 730.5583740234375 0.8216610863095238 
249 1896.4912841796875 431.9430816650391 2074.7391845703123 559.7433807373047 0.7300734747023809 1938.9189392089843 552.8876647949219 2130.619268798828 731.1354064941406 0.8204520089285714 
250 1893.25439453125 423.12391510009763 2078.1171875 557.5695358276367 0.7339099702380952 1941.990985107422 549.1666961669922 2130.214703369141 734.029409790039 0.8020368303571429 
251 1892.6311828613282 422.7792510986328 2077.8032653808596 557.4499359130859 0.7463495163690477 1941.4493896484375 546.0547180175781 2129.9881103515627 734.5935974121094 0.8028971354166666 
252 1892.0322692871093 424.07825927734376 2080.657794189453 548.7059204101563 0.7419549851190477 1941.261376953125 549.224072265625 2129.887060546875 734.4813720703125 0.8052920386904762 
253 1891.6509521484375 416.22252655029297 2087.3676025390623 547.8251113891602 0.7595331101190477 1938.7630676269532 542.3741241455078 2131.1054626464843 727.9676116943359 0.7966424851190477 
254 1894.9118286132812 408.4995864868164 2090.451696777344 536.611833190918 0.7512323288690477 1936.0165954589843 538.9458251953125 2134.927862548828 727.7428955078125 0.8009672619047619 
255 1898.7750427246094 406.7284530639648 2101.0937316894533 528.1197219848633 0.7538132440476191 1934.699560546875 529.676025390625 2140.390283203125 731.994873046875 0.7850864955357143 
256 1901.714990234375 394.02003784179686 2100.801611328125 515.4965637207031 0.77783203125 1934.290509033203 538.208529663086 2143.499896240234 737.2950714111328 0.8050827752976191 
257 1903.4475524902343 384.4633102416992 2105.796710205078 519.3627090454102 0.7944800967261905 1934.189031982422 558.0166107177735 2139.9106994628905 740.1307891845703 0.8259393601190477 
258 1907.6893310546875 380.65623626708987 2103.4034423828125 505.5084060668945 0.8021763392857143 1935.4631103515626 560.1474060058594 2137.9260498046874 749.1128479003906 0.8302176339285714 
259 1911.0187255859375 380.422428894043 2106.8128173828127 508.70138092041014 0.7960146949404762 1933.220928955078 568.1667572021485 2139.142230224609 757.2094024658203 0.8238699776785714 
260 1907.9780883789062 381.0359146118164 2103.8873901367188 506.01257781982423 0.8018740699404762 1932.7915161132812 573.3076995849609 2138.8342163085936 765.8393341064453 0.8176153273809523 
261 1907.543798828125 380.0339752197266 2103.338525390625 511.6890472412109 0.8031296502976191 1932.7321838378907 583.7487854003906 2135.278436279297 772.7919860839844 0.8228004092261905 
262 1909.5594604492187 379.37942657470705 2108.591174316406 514.3160385131836 0.8115699404761905 1929.1512817382813 585.5470153808594 2138.3030639648437 777.8316467285156 0.8284040178571429 
263 1912.1474243164062 380.70153961181643 2104.297644042969 508.80172576904295 0.8091052827380952 1925.372332763672 588.1512145996094 2137.748883056641 783.6725158691406 0.8217075892857143 
264 1912.3962768554688 383.60531463623045 2111.871057128906 512.0805679321289 0.8129417782738095 1924.2294982910157 589.0617126464844 2133.847039794922 785.1555725097656 0.8234281994047619 
265 1909.1224243164063 383.18946685791013 2108.380749511719 511.52546844482424 0.8173130580357143 1920.553045654297 596.606478881836 2133.3206115722655 789.1105010986328 0.8272646949404762 
266 1908.7207641601562 385.8274856567383 2111.3776245117188 514.1768173217773 0.8186616443452381 1917.5544189453126 604.8527801513671 2133.7219482421874 793.9992095947266 0.8265438988095238 
267 1909.6342529296876 386.78612823486327 2109.0058837890624 508.4366195678711 0.8101515997023809 1915.4828247070313 604.3533905029296 2131.7503295898437 800.3457672119141 0.8294503348214286 
268 1905.2126708984374 386.48689727783204 2111.1833251953126 508.0432846069336 0.8126395089285714 1914.4332763671875 609.0804718017578 2130.5335205078127 804.9212982177735 0.8301478794642857 
269 1913.5494079589844 378.50433959960935 2109.275421142578 506.73858032226565 0.8208240327380952 1911.2131652832031 617.7105285644532 2127.1866149902344 810.0618103027343 0.8259858630952381 
270 1909.4233825683593 375.5027389526367 2108.636798095703 507.1862564086914 0.8315197172619048 1913.4491638183595 623.4157623291015 2122.792169189453 812.4998260498047 0.8231026785714286 
271 1909.5290283203126 378.1824645996094 2108.6911865234374 509.8320617675781 0.8393322172619048 1910.1782348632812 634.6005859375 2126.2184936523436 816.8846435546875 0.8110119047619048 
272 1907.230047607422 377.7016006469727 2109.5874572753905 512.6064743041992 0.8380301339285714 1911.2513244628906 628.3133270263672 2123.7265808105467 817.180142211914 0.8125 
273 1900.4956665039062 375.51708526611327 2126.4230346679688 527.2594345092773 0.8373325892857143 1906.850634765625 625.048959350586 2122.662060546875 817.2559112548828 0.8113839285714286 
274 1895.712664794922 374.76591339111326 2132.210308837891 536.9357162475586 0.8532366071428571 1905.8482849121094 619.9697448730469 2122.0746887207033 819.3034484863281 0.8129650297619048 
275 1906.1580688476563 383.06542816162107 2132.393933105469 541.7682205200196 0.8337286086309523 1904.7294921875 625.9248107910156 2120.83544921875 818.3941589355469 0.8131742931547619 
276 1910.4251281738282 388.3877426147461 2126.6182067871096 547.1546463012695 0.8321707589285714 1902.6297180175782 626.1482604980469 2118.8227966308596 818.6953674316406 0.8045944940476191 
277 1917.4267211914062 396.30590972900393 2129.883093261719 551.432829284668 0.8296363467261905 1901.4730285644532 625.1051300048828 2117.3017517089843 820.699984741211 0.7985723586309523 
278 1929.3216857910156 406.46290130615233 2131.752410888672 544.7906692504882 0.8134998139880952 1898.82724609375 620.0533660888672 2118.12734375 819.1103912353516 0.7944800967261905 
279 1930.7138305664062 409.1866516113281 2139.729772949219 540.6645446777344 0.8165922619047619 1898.4278259277344 624.8155456542969 2117.557647705078 820.3466857910156 0.8017810639880952 
280 1928.8294616699218 401.62277069091795 2141.0739807128907 529.6433731079102 0.8251488095238095 1897.3425842285155 619.698355102539 2112.956121826172 811.7293182373047 0.7975027901785714 
281 1931.1675231933593 403.3137771606445 2136.988848876953 521.4079940795898 0.8193126860119048 1898.8538146972655 607.967153930664 2114.797430419922 796.9179168701172 0.8190801711309523 
282 1931.8246215820313 400.43485565185546 2137.2630249023437 514.9414566040039 0.8261021205357143 1902.5503784179687 581.6506103515625 2114.7242797851563 787.089013671875 0.8243350074404762 
283 1929.1373657226563 400.7627182006836 2137.9400268554687 511.89966583251953 0.8267299107142857 1914.759423828125 567.5977020263672 2113.458837890625 759.5615386962891 0.8176153273809523 
284 1931.6802734375 398.36341247558596 2140.82412109375 513.0551666259765 0.8352632068452381 1919.8738525390625 554.0535430908203 2118.8976318359373 736.2110443115234 0.8174758184523809 
285 1927.862725830078 395.569319152832 2143.5111755371095 510.1324935913086 0.8313337053571429 1930.9730651855468 544.0867309570312 2119.6652404785154 719.3010864257812 0.8028971354166666 
286 1925.6673522949218 386.01495971679685 2144.5769104003907 513.9929138183594 0.8450520833333334 1946.9106384277343 526.0393920898438 2138.877569580078 697.7993530273437 0.8199869791666666 
287 1922.4971130371093 384.10190734863284 2151.677813720703 508.80312194824216 0.8396112351190477 1960.8666870117188 511.2660217285156 2149.6037719726564 679.7812194824219 0.8230794270833334 
288 1922.390399169922 382.97692108154297 2150.921734619141 507.3249282836914 0.8269856770833334 1974.352880859375 503.1885955810547 2155.833642578125 661.1442291259766 0.8290085565476191 
289 1923.3119506835938 382.7024871826172 2151.7625122070312 507.0064971923828 0.8290085565476191 1977.840399169922 503.25926818847654 2159.2568908691405 657.7993865966797 0.8319149925595238 
290 1923.75302734375 382.63404083251953 2148.70888671875 506.8634262084961 0.8316824776785714 1983.0266479492188 500.5357177734375 2164.334436035156 654.9830810546875 0.8238467261904762 
291 1922.0763671875 380.5331436157227 2150.77861328125 508.33737030029295 0.8423781622023809 1993.73984375 504.58606872558596 2161.90322265625 655.9331573486328 0.8130347842261905 
292 1924.2923706054687 383.11530151367185 2142.328967285156 500.5196472167969 0.8233119419642857 1997.5732421875 494.58489685058595 2161.939453125 652.2421905517579 0.7998046875 
293 1924.922381591797 384.1700866699219 2143.545025634766 505.2533752441406 0.8407505580357143 2000.9874938964845 491.15287322998046 2165.795343017578 649.2337539672851 0.8137555803571429 
294 1925.8260070800782 384.28576202392577 2144.3867614746096 505.3348129272461 0.8294038318452381 1998.5070922851562 488.6517669677734 2169.9931518554686 646.6880157470703 0.8040597098214286 
295 1923.06474609375 382.3807373046875 2141.0724609375 509.83135986328125 0.8249860491071429 2000.7219482421874 484.2896499633789 2171.7741455078126 645.279899597168 0.8074079241071429 
296 1923.2709350585938 385.8553161621094 2141.5588989257812 510.1114807128906 0.8217075892857143 2003.9987487792969 484.92440338134764 2171.9125061035156 646.1215866088867 0.80859375 
297 1921.9091735839843 380.1267944335938 2146.915655517578 511.10068359375 0.83935546875 2002.6376525878907 488.49668273925784 2177.269451904297 642.9787200927734 0.8134300595238095 
298 1924.9159423828125 383.20528106689454 2139.8736083984377 510.8363754272461 0.8279157366071429 2011.2089111328125 485.64600677490233 2172.4273193359377 643.5055130004882 0.8105701264880952 
299 1924.3272583007813 387.1709014892578 2139.626110839844 508.2764862060547 0.8172665550595238 2013.73310546875 483.82245178222655 2171.84306640625 641.9324920654296 0.8151739211309523 
