0 1305.1687133789062 522.6307037353515 1436.9343139648438 620.3923065185547 0.7723911830357143 1167.0272888183595 310.2689727783203 1277.540460205078 378.2770477294922 0.5029064360119048 
1 1303.9839416503905 523.7856170654297 1435.573553466797 619.2942779541015 0.7689499627976191 1181.5371032714843 319.7074264526367 1270.6783508300782 372.7677627563477 0.47603934151785715 
2 1301.037371826172 524.0840087890625 1435.3377502441406 622.1445068359375 0.7870861235119048 1130.169415283203 0.0 1665.2389099121094 422.9897855758667 0.361572265625 
3 1301.1573303222656 523.6706085205078 1435.007342529297 619.2778167724609 0.7883184523809523 939.1574523925781 19.649154472351075 1689.1427185058594 191.74208469390868 0.32664271763392855 
4 1300.948992919922 524.0153961181641 1437.3187072753906 619.9003143310547 0.7849469866071429 936.7503479003906 0.0 1686.783221435547 398.4635892868042 0.33731515066964285 
5 1301.4755737304688 523.4428436279297 1437.9206665039062 621.5127838134765 0.7794363839285714 1124.1133728027344 0.0 1646.4421691894531 424.22497940063477 0.3950079055059524 
6 1299.56240234375 524.982421875 1439.999853515625 620.7352294921875 0.7849469866071429 1116.8955017089843 0.0 1648.8555969238282 436.75887813568113 0.4018670944940476 
7 1301.046630859375 524.3694549560547 1438.97802734375 619.8603424072265 0.7799014136904762 1167.1146057128906 0.0 1659.423114013672 402.84304962158205 0.3745233444940476 
8 1299.1131469726563 521.5291168212891 1439.6524780273437 619.4808319091796 0.7742513020833334 933.0229064941407 0.0 1691.0836608886718 431.1122051239014 0.33572242373511907 
9 1299.0347045898438 520.2936340332031 1437.6989379882812 616.2919372558594 0.7715541294642857 1139.8580444335937 0.0 1662.5154907226563 411.9878391265869 0.37118675595238093 
10 1297.9645751953126 518.1973876953125 1436.9287353515624 618.67919921875 0.7732514880952381 1121.4223266601562 0.0 1664.4519409179688 426.92495975494387 0.33970424107142855 
11 1297.7300720214844 518.6556518554687 1436.6826477050781 616.9913208007813 0.7908761160714286 1175.2215881347656 203.09346466064454 1250.0422058105469 357.0102035522461 0.4335821242559524 
12 1295.791729736328 515.3688934326171 1436.8907653808594 613.7105133056641 0.8070126488095238 1166.6977661132812 215.6570251464844 1243.6608764648438 346.0666076660156 0.5277041480654762 
13 1290.3379516601562 510.46171875 1431.5812377929688 611.044140625 0.8070591517857143 1172.1412231445313 208.30310592651367 1253.4632690429687 345.2663063049316 0.4594029017857143 
14 1275.4053955078125 496.0799499511719 1426.9493408203125 604.9354309082031 0.8147786458333334 1127.1453125 0.8121557235717773 1667.153759765625 389.2767915725708 0.3912760416666667 
15 1256.243231201172 486.34746704101565 1422.3618713378905 592.8336853027344 0.7815522693452381 1126.1663146972655 1.0159427642822294 1667.116278076172 395.01505546569825 0.4065057663690476 
16 1221.023681640625 467.05423736572266 1421.9619140625 581.2717819213867 0.7760649181547619 1121.367919921875 1.80474853515625 1650.153076171875 397.3359375 0.3888346354166667 
17 1210.0675048828125 447.199723815918 1413.4178466796875 559.4660781860351 0.7613467261904762 1158.0078491210938 269.1052185058594 1261.8012329101562 385.6080383300781 0.5741489955357143 
18 1213.6183471679688 420.3587280273438 1401.0820922851562 542.5260375976562 0.7927827380952381 1154.5599853515625 265.78626403808596 1264.0894287109375 379.5282501220703 0.6484142485119048 
19 1209.2159912109375 405.82738189697267 1385.2212646484375 523.1641647338868 0.8011532738095238 1158.2035095214844 265.44228210449216 1273.445050048828 370.20725402832034 0.5885184151785714 
20 1206.3568481445313 372.66243438720704 1372.0049682617187 511.05201263427733 0.7330496651785714 1157.5656127929688 264.03143310546875 1270.7935180664062 337.41986083984375 0.5083821614583334 
21 1196.7981323242188 339.39249114990236 1364.3664184570312 500.67687530517577 0.7587193080357143 1164.2513061523437 261.40882720947263 1264.7921508789063 330.53071746826174 0.5158807663690477 
22 1171.1889099121095 296.2475341796875 1355.357110595703 480.4157348632813 0.7041015625 1159.1954284667968 257.36935272216795 1265.9292053222657 318.06115875244143 0.47449311755952384 
23 1179.0318664550782 280.63439178466797 1343.1240173339843 465.4977798461914 0.7049386160714286 1156.5030700683594 212.329190826416 1266.590313720703 324.49348678588865 0.4354654947916667 
24 1194.071356201172 292.6070068359375 1331.5684143066405 457.18681640625 0.6923363095238095 1165.9468811035156 225.3007339477539 1255.528338623047 306.54902801513674 0.5372372581845238 
25 1215.3694763183594 293.3524398803711 1329.6582336425781 453.35681915283203 0.6525530133928571 1171.0126098632813 219.74403915405273 1254.1316772460937 311.17510452270506 0.5124860491071429 
26 1213.8197875976562 303.9167449951172 1327.6431030273438 446.7133819580078 0.6857328869047619 1170.121160888672 219.62372436523438 1248.7627502441405 306.5434509277344 0.5315290178571429 
27 1211.9684265136718 314.6575164794922 1330.0524475097657 445.17127990722656 0.7292131696428571 1165.7547790527344 211.55319900512694 1242.405743408203 296.490731048584 0.5277739025297619 
28 1210.478936767578 314.25584869384767 1331.0807556152345 445.2543746948242 0.7338634672619048 1166.4128356933593 192.3744369506836 1239.1898254394532 298.420881652832 0.4852934337797619 
29 1212.276123046875 324.9857238769531 1333.281494140625 443.9047790527344 0.7589750744047619 1162.7666931152344 195.4746536254883 1239.9597473144531 310.2211166381836 0.5632440476190477 
30 1215.4106018066407 329.0899627685547 1333.5926940917968 445.19867248535155 0.7542782738095238 1165.2510314941405 194.1614860534668 1248.185858154297 318.5636268615723 0.6088169642857143 
31 1211.7201538085938 312.7578948974609 1336.0437622070312 447.44175109863284 0.7362118675595238 1166.852099609375 204.53263168334962 1251.806591796875 310.2076789855957 0.5686151413690477 
32 1211.4416625976562 306.9760345458984 1333.8952514648438 448.10910949707034 0.7574172247023809 1172.0074340820313 221.721443939209 1248.8004272460937 313.04285354614257 0.551513671875 
33 1212.72783203125 320.8437271118164 1335.012890625 451.41918182373047 0.7355375744047619 1167.6084594726562 219.20531768798827 1252.5861206054688 318.6913803100586 0.5949590773809523 
34 1214.7417724609375 334.2752059936523 1334.5594970703125 458.2245803833008 0.6558082217261905 1191.1437133789063 223.19748458862304 1308.8955932617187 359.541788482666 0.5503278459821429 
35 1216.105487060547 364.91251678466796 1336.0125549316406 460.0111587524414 0.6344866071428571 1195.034423828125 229.02320938110353 1304.6044921875 371.67117233276366 0.5961216517857143 
36 1213.932421875 383.2465789794922 1337.46796875 473.83929748535155 0.6648065476190477 1190.967529296875 224.31331405639648 1293.913818359375 374.61492385864256 0.5881928943452381 
37 1210.3889709472655 388.3822494506836 1339.947332763672 489.14982452392576 0.6865001860119048 1183.1801330566407 219.51351013183594 1288.0607116699218 412.82273254394534 0.6011904761904762 
38 1205.3769470214843 395.1007995605469 1345.2296203613282 495.8769836425781 0.6984281994047619 1172.3913879394531 209.68524169921875 1269.0542907714844 409.18096923828125 0.5953078497023809 
39 1203.759259033203 410.54345245361327 1355.1288024902344 501.77994232177736 0.7628115699404762 1152.6381103515625 217.46341781616212 1235.5803955078125 406.15708084106444 0.6981724330357143 
40 1197.6857543945312 425.8270233154297 1364.3215698242188 511.28131408691405 0.7778785342261905 1134.498712158203 225.09150924682618 1222.0895446777345 398.1365333557129 0.7377697172619048 
41 1204.304132080078 439.83214569091797 1377.5629333496095 525.3650283813477 0.7719494047619048 1116.0719787597657 228.53055572509766 1205.9911315917968 390.8236618041992 0.7485816592261905 
42 1215.8245422363282 443.028987121582 1379.6208923339843 534.2869003295898 0.7267717633928571 1087.1274841308593 236.1236885070801 1180.7254211425782 404.5998680114746 0.7170758928571429 
43 1231.4518737792969 456.9920120239258 1389.7203674316406 547.7636947631836 0.7547200520833334 1043.4632202148437 239.82040557861328 1155.1822875976563 381.7965682983398 0.6602492559523809 
44 1231.5039123535157 469.405078125 1405.4349304199218 543.19404296875 0.7300734747023809 1009.4275756835938 246.72066955566407 1122.7462524414063 370.5806610107422 0.7297014508928571 
45 1235.3174194335938 479.04637298583987 1417.7296997070312 550.4250930786133 0.7457449776785714 989.0506927490235 257.0808959960938 1102.7279327392578 383.976416015625 0.7176804315476191 
46 1224.2532592773437 483.11871948242185 1428.0323852539063 561.4952941894531 0.7160760788690477 987.4154449462891 256.3291290283203 1084.0798553466798 436.5951873779297 0.6111421130952381 
47 1251.5145751953125 489.0172348022461 1435.5147216796875 569.0173416137695 0.6899181547619048 995.0014404296875 284.2990478515625 1091.0014892578124 502.965966796875 0.6712937127976191 
48 1267.713201904297 499.1775619506836 1439.8716369628905 574.496907043457 0.7168666294642857 984.1276153564453 279.0133682250977 1067.5168548583983 451.17184295654295 0.5772646949404762 
49 1280.5461730957031 504.59638061523435 1446.6587829589844 579.6150451660156 0.7368629092261905 958.5224761962891 295.1006607055664 1057.6542205810547 399.59089813232424 0.7389787946428571 
50 1293.7530822753906 508.35784912109375 1441.8256530761719 579.2659301757812 0.7509300595238095 1040.0403137207031 323.0664993286133 1106.7771911621094 539.9616683959961 0.4642740885416667 
51 1300.7709350585938 515.3773590087891 1459.7305297851562 594.8570770263672 0.7884579613095238 963.6369689941406 290.1263793945312 1077.1795593261718 399.1272216796875 0.6313709077380952 
52 1306.2499450683595 520.8286712646484 1474.218927001953 607.5223419189454 0.7594168526785714 950.9308532714844 287.83943634033204 1091.808038330078 407.04322357177733 0.7656947544642857 
53 1321.2775451660157 530.5602203369141 1482.9918640136718 611.4173797607422 0.7771809895833334 972.555386352539 295.76361389160155 1101.9267303466797 417.0493133544922 0.7633231026785714 
54 1333.7731384277345 541.7258544921875 1492.125421142578 615.44150390625 0.7665783110119048 1001.9475860595703 313.85829162597656 1105.6956634521484 414.87608337402344 0.6433686755952381 
55 1348.3968200683594 548.3286865234375 1504.2722473144531 619.429736328125 0.7619280133928571 1016.9772888183594 334.183935546875 1109.9556945800782 492.794091796875 0.6319289434523809 
56 1356.2838073730468 551.4389831542969 1519.5212463378907 630.3370178222656 0.7948056175595238 1008.5674102783203 406.40889434814454 1120.1129486083985 490.74817962646483 0.6769670758928571 
57 1363.7348571777343 558.5666473388671 1527.8260559082032 640.6122467041016 0.7998279389880952 1038.7081359863282 312.5284683227539 1182.2878356933593 458.672184753418 0.6752697172619048 
58 1379.4375122070312 564.7304656982421 1529.3256713867188 641.9454986572266 0.8209635416666666 1105.5161499023438 315.17896575927733 1191.8153930664062 435.54365997314454 0.8373558407738095 
59 1388.9558227539062 567.1166198730468 1545.3471557617188 656.1728088378907 0.7889462425595238 1136.4071655273438 321.16781463623045 1208.0864868164062 427.60083160400393 0.8073614211309523 
60 1395.092236328125 572.3349700927735 1551.69462890625 660.2896026611328 0.8081752232142857 1163.6541809082032 325.38516998291016 1223.7209411621093 436.93749237060547 0.7847377232142857 
61 1400.0337646484375 574.9200164794922 1560.6129638671875 661.548306274414 0.8068498883928571 1179.5621948242188 331.93812255859376 1236.6101684570312 439.69530029296874 0.7705310639880952 
62 1404.7147216796875 575.9440185546875 1563.7901611328125 660.7842529296875 0.8026413690476191 1194.3272033691405 337.41243743896484 1253.715399169922 439.22071075439453 0.7667178199404762 
63 1408.7981384277343 571.7021850585937 1565.8472473144532 662.0591674804688 0.8079427083333334 1193.4141906738282 335.21839752197263 1266.5602966308593 438.4835372924805 0.7838541666666666 
64 1409.4673706054687 573.3274169921875 1565.4200805664063 657.6261962890625 0.8066638764880952 1194.9917419433593 336.31809387207034 1270.8606750488282 437.4766448974609 0.8053385416666666 
65 1409.886572265625 567.9740844726563 1563.09169921875 656.1195434570312 0.8024088541666666 1193.478253173828 334.6954544067383 1277.4261657714844 443.82789154052733 0.8204985119047619 
66 1409.2945251464844 563.9613342285156 1560.2822570800781 652.0374450683594 0.8013160342261905 1196.5244689941405 339.8993850708008 1276.212469482422 440.55785980224607 0.8121512276785714 
67 1404.044482421875 562.5230194091797 1557.134716796875 648.5051177978515 0.7989443824404762 1194.4933654785157 341.19566955566404 1276.2811706542968 443.9547821044922 0.8142671130952381 
68 1401.3877502441405 557.7762084960938 1557.628485107422 645.2710327148437 0.8061755952380952 1195.5504821777345 341.6031219482422 1274.712579345703 441.5971954345703 0.8179408482142857 
69 1400.225115966797 554.0296203613282 1554.1524475097656 641.3938415527343 0.8055245535714286 1194.2152404785156 344.8196166992187 1275.3390808105469 442.5843139648438 0.8096168154761905 
70 1399.5043640136719 551.6490020751953 1551.9171447753906 637.2507171630859 0.7945963541666666 1195.6983215332032 343.02491760253906 1277.1243103027343 441.1537322998047 0.8210332961309523 
71 1397.307110595703 548.1090850830078 1549.3526794433594 633.5045013427734 0.8047107514880952 1195.834814453125 344.7943359375 1274.9818359375 442.68662109375 0.8128952752976191 
72 1397.7876342773438 547.9377868652343 1549.1281372070312 632.0158264160157 0.8135928199404762 1193.736798095703 342.0275177001953 1277.8148376464844 445.02308044433596 0.8302408854166666 
73 1397.7936279296875 546.4432159423828 1550.7632568359375 631.4263519287109 0.8229166666666666 1196.9394287109376 338.0711929321289 1277.6733642578124 444.30005340576173 0.8268926711309523 
74 1403.2602905273438 547.5668365478516 1552.4965454101562 630.7126434326171 0.8171502976190477 1198.1835083007813 334.45423583984376 1277.0655151367187 445.31541748046874 0.8269159226190477 
75 1406.764715576172 548.6883666992187 1554.9036193847655 634.2335083007813 0.8173595610119048 1198.0379455566406 334.1837219238281 1277.323504638672 442.6799255371094 0.8281482514880952 
76 1410.6488342285156 553.0331024169922 1559.2958679199219 632.5907379150391 0.8001534598214286 1199.5957946777344 332.4782455444336 1279.1533508300781 439.25292510986327 0.8328915550595238 
77 1414.002264404297 549.4078308105469 1569.4028869628905 637.2430480957031 0.8078729538690477 1199.6116638183594 330.25303955078124 1276.1858215332031 440.61005859375 0.8180338541666666 
78 1416.3179748535156 554.4853363037109 1572.803729248047 636.2316436767578 0.8115234375 1199.1062255859374 326.6735641479492 1276.1813720703126 436.4471939086914 0.8213820684523809 
79 1420.571026611328 554.4452667236328 1572.2769958496094 637.9935150146484 0.7952008928571429 1199.1850952148438 326.209716796875 1276.1374145507812 438.34027099609375 0.8336588541666666 
80 1423.2647521972656 556.1146026611328 1574.923114013672 639.8662933349609 0.8134998139880952 1200.8266906738281 323.40349731445315 1273.2605895996094 432.05426635742185 0.8384486607142857 
81 1424.0422607421874 559.0501281738282 1577.3876708984376 642.2947204589843 0.7998046875 1198.405499267578 319.3426940917969 1277.2689392089844 435.44703979492186 0.8172665550595238 
82 1427.5615112304688 558.262484741211 1575.5752075195312 646.2126739501953 0.7986653645833334 1199.7657531738282 314.3782196044922 1276.9902282714843 428.0699005126953 0.8350074404761905 
83 1426.435125732422 558.0653839111328 1581.3628479003905 643.3878021240234 0.8036179315476191 1195.166455078125 314.8791976928711 1273.752978515625 427.14555206298826 0.8256370907738095 
84 1429.4796936035157 558.6871490478516 1575.3090026855468 646.6136932373047 0.8003394717261905 1198.1983276367187 313.7136825561523 1275.4020141601563 423.0856643676758 0.8081752232142857 
85 1428.1501159667969 558.975064086914 1575.8338928222656 644.5888397216797 0.7958286830357143 1195.4288818359375 306.6615295410156 1276.7620361328125 424.3804016113281 0.7802966889880952 
86 1428.1483581542968 557.5254272460937 1576.2536193847657 643.3835083007813 0.7993396577380952 1193.1119506835937 310.93109436035155 1274.6771118164063 416.10723571777345 0.7936197916666666 
87 1427.335711669922 557.1549713134766 1578.5938537597656 641.9511688232421 0.8272414434523809 1189.9592407226562 312.2860870361328 1274.7553588867188 410.8330535888672 0.7598121279761905 
88 1425.2703369140625 554.4152526855469 1579.6669189453125 643.3102111816406 0.8156389508928571 1192.5059204101562 309.8640670776367 1274.3827514648438 412.79508209228516 0.7823428199404762 
89 1426.6218017578126 553.1404113769531 1577.0371337890624 637.7491149902344 0.81689453125 1196.3886596679688 313.86790618896487 1273.9465454101562 419.62870635986326 0.7851329985119048 
90 1425.1475219726562 550.7689697265625 1575.7155151367188 640.6603515625 0.8173363095238095 1202.3207092285156 319.03949584960935 1276.4811706542969 424.66179809570315 0.8160574776785714 
91 1423.9521179199219 550.5733489990234 1571.8231506347656 634.1525421142578 0.8021298363095238 1202.9701416015625 317.96927642822266 1280.1201904296875 431.55126190185547 0.8092680431547619 
92 1423.1793884277345 548.4886474609375 1574.368341064453 636.494140625 0.8118489583333334 1200.6487243652343 318.49400329589844 1279.6280090332032 429.0650177001953 0.8077101934523809 
93 1422.709942626953 548.7575561523438 1570.5533630371094 636.6065795898437 0.8143368675595238 1197.7305908203125 318.5864547729492 1281.2943115234375 430.00476226806643 0.8237769717261905 
94 1422.929833984375 548.7440460205078 1569.083349609375 633.470736694336 0.8159412202380952 1201.0111389160156 317.7009750366211 1279.3832702636719 427.84562530517576 0.8341703869047619 
95 1423.7501098632813 547.6438690185547 1574.3853881835937 635.3271392822265 0.8118024553571429 1200.0452209472655 318.4913101196289 1280.983709716797 428.65746307373047 0.8086867559523809 
96 1426.7964660644532 549.0585327148438 1573.2065856933593 635.0454711914062 0.8307989211309523 1198.332012939453 317.5551223754883 1279.6710388183594 426.78182220458984 0.8235444568452381 
97 1426.2397094726562 548.2413909912109 1574.1531127929688 636.0649444580079 0.8216145833333334 1199.5694152832032 314.72660369873046 1278.1484802246093 423.3505142211914 0.8270554315476191 
98 1426.0067199707032 550.0996154785156 1575.8864685058593 635.4157653808594 0.8120582217261905 1196.0433410644532 309.22776794433594 1279.0537048339843 422.2140655517578 0.8194754464285714 
99 1425.8322265625 551.5316589355468 1575.153857421875 636.5301086425782 0.8187313988095238 1195.2232421875 305.01855621337893 1275.627099609375 412.9895309448242 0.8208937872023809 
100 1425.3158752441407 551.7487396240234 1572.2274597167968 638.0301300048828 0.8179175967261905 1196.8764892578124 293.0839508056641 1271.4982666015626 398.0207855224609 0.8098028273809523 
101 1423.4576293945313 552.4162780761719 1573.7850463867187 637.9872863769531 0.8219633556547619 1182.3999877929687 280.67063903808594 1263.3456176757813 377.8052520751953 0.8212425595238095 
102 1421.1888671875 554.117333984375 1568.31357421875 636.33408203125 0.7982933407738095 1166.383642578125 260.6170150756836 1257.25478515625 362.30611114501954 0.8211030505952381 
103 1418.908673095703 559.9163391113282 1565.8475524902344 638.7096374511718 0.8013857886904762 1164.9189453125 251.62308197021486 1241.582763671875 347.452815246582 0.7727632068452381 
104 1419.8425354003907 557.5728820800781 1565.7264343261718 639.0963073730469 0.7970145089285714 1156.8717529296875 241.38087768554686 1236.2498291015625 331.48569946289064 0.7509998139880952 
105 1420.6971130371094 558.0392150878906 1564.9372863769531 639.8470153808594 0.7885509672619048 1153.4969116210937 218.88446960449218 1230.9989379882813 326.52635803222654 0.6488560267857143 
106 1417.4541442871093 560.3121063232422 1563.6678039550782 640.8355377197265 0.7682524181547619 1100.16884765625 205.69913482666016 1227.3111328125 322.2462692260742 0.3970307849702381 
107 1415.350048828125 559.5788146972657 1569.321337890625 637.7135437011718 0.7917829241071429 1146.8282409667968 204.08346633911134 1222.6648010253907 314.39131088256835 0.49940708705357145 
108 1415.8065551757813 556.8688842773438 1561.2913452148437 639.3827026367187 0.7752511160714286 1148.8895202636718 215.78969039916993 1233.5747131347657 315.67480239868166 0.466796875 
109 1413.5599670410156 558.15517578125 1559.6711120605469 636.5046142578125 0.7755998883928571 1136.7308166503906 234.00678634643555 1225.667987060547 312.35620498657227 0.46071661086309523 
110 1413.4990539550781 555.3026672363281 1558.6675720214844 633.1466735839844 0.7599516369047619 1040.381982421875 244.89775314331055 1179.2388671875 305.91061172485354 0.3484700520833333 
111 1408.87763671875 550.1142517089844 1558.7927734375 632.4619201660156 0.7683221726190477 1123.4218994140624 265.8766036987305 1241.6647705078126 305.9947036743164 0.47621372767857145 
112 1409.4360412597657 549.5699096679688 1556.7767272949218 631.6597045898437 0.7759254092261905 1118.0740051269531 254.80765533447266 1250.6805114746094 309.53417205810547 0.4225957961309524 
113 1407.1716247558593 546.1281555175781 1557.7740539550782 632.1866638183594 0.7934337797619048 1172.5795959472657 243.51680374145508 1247.8807312011718 327.4237937927246 0.6413690476190477 
114 1407.8999267578124 546.2965850830078 1558.9252685546876 631.1191253662109 0.7919689360119048 1169.3465942382813 248.4630615234375 1250.0313354492187 335.35438232421876 0.6820359002976191 
115 1408.1125549316407 544.9896057128906 1559.8902526855468 628.5772888183594 0.8136160714285714 1179.6000732421876 241.77258987426757 1258.7883544921874 342.95774154663087 0.7488374255952381 
116 1411.0903564453124 546.1565582275391 1557.1232666015626 629.6038787841796 0.7993861607142857 1172.302508544922 245.74597930908203 1259.9222229003906 345.8828353881836 0.7109607514880952 
117 1411.3025939941406 545.7803527832032 1558.730242919922 630.0247009277343 0.8008742559523809 1166.751025390625 245.74075927734376 1257.313671875 346.8340087890625 0.6981956845238095 
118 1413.2184326171875 544.3853729248046 1560.3260009765625 629.6651031494141 0.8001999627976191 1170.8269836425782 243.93816909790038 1258.2388122558593 346.2739128112793 0.7292131696428571 
119 1413.5489562988282 544.4983459472656 1560.7976013183593 631.9939636230469 0.8050595238095238 1165.015478515625 240.97237014770508 1261.047265625 341.2721824645996 0.7396763392857143 
120 1414.5086669921875 547.1215881347656 1561.6187744140625 631.4935241699219 0.8101050967261905 1168.298846435547 242.75009231567384 1256.9976623535156 340.10237045288085 0.7501395089285714 
121 1415.4863342285157 545.3218719482422 1567.4925476074218 630.2664459228515 0.8168015252976191 1171.6575622558594 244.57681732177736 1261.0730285644531 342.93371124267577 0.7836449032738095 
122 1416.5611633300782 546.0726257324219 1566.8312927246093 631.3005432128906 0.8089192708333334 1175.6285522460937 246.04986877441405 1260.8563110351563 344.7347381591797 0.7743675595238095 
123 1417.4055114746093 546.6592041015625 1569.7789367675782 630.8056396484375 0.8105236235119048 1172.8383666992188 246.1984619140625 1261.5332153320312 341.7160888671875 0.7647879464285714 
124 1419.0571228027343 546.9267517089844 1567.9488586425782 630.3963684082031 0.8069893973214286 1174.2012634277344 246.10629272460938 1264.4387512207031 349.8793640136719 0.7701822916666666 
125 1417.4341857910156 546.3045989990235 1565.985369873047 631.5030792236328 0.8141043526785714 1172.1735717773438 248.53023376464844 1261.7412231445312 351.2052398681641 0.7673223586309523 
126 1416.4294006347657 549.3645477294922 1568.6317565917968 628.9780426025391 0.81640625 1172.0952514648438 252.34483032226564 1256.3918090820312 346.00783081054686 0.7531156994047619 
127 1416.9254333496094 549.9082824707032 1569.237286376953 629.5791442871093 0.8121512276785714 1170.3424011230468 256.55018005371096 1257.0429748535157 347.9373077392578 0.7244233630952381 
128 1418.0665954589845 547.8684997558594 1568.201837158203 629.7604064941406 0.8126627604166666 1178.4275695800782 253.80992584228517 1267.1438415527343 351.62528533935546 0.7818312872023809 
129 1417.8102111816406 550.1011413574219 1566.6508483886719 629.1727844238281 0.8226143973214286 1172.276953125 256.62393341064455 1262.976708984375 351.97497406005857 0.7879929315476191 
130 1415.514385986328 550.574819946289 1568.3788024902344 628.1829315185547 0.8124534970238095 1171.3836242675782 255.3384765625 1260.7505310058593 351.76064453125 0.7563244047619048 
131 1415.9180297851562 551.9126617431641 1565.7338256835938 629.1614959716796 0.8137323288690477 1166.7050048828125 258.3130935668945 1260.3399169921875 351.9480453491211 0.7741117931547619 
132 1414.5419128417968 549.9367218017578 1564.8212463378907 627.4245452880859 0.8010137648809523 1165.37060546875 265.27283630371096 1252.2509765625 352.1531280517578 0.6580636160714286 
133 1411.954278564453 546.5319854736329 1562.5646423339845 630.6965911865234 0.8243582589285714 1175.9867065429687 256.55582733154296 1260.1512329101563 358.43932037353517 0.7970377604166666 
134 1412.230419921875 548.5323699951172 1563.707080078125 627.7662750244141 0.8074079241071429 1163.4143493652343 273.275146484375 1249.6394836425782 345.517822265625 0.6944986979166666 
135 1409.2132629394532 547.0953857421875 1561.1655212402343 626.5781982421875 0.8085007440476191 1165.2802856445312 270.43421936035156 1249.4384643554688 347.5792694091797 0.6389973958333334 
136 1407.5342895507813 543.7031494140625 1559.4200561523437 626.54990234375 0.8290318080357143 1171.2084594726562 266.3080062866211 1254.0552124023438 344.5521926879883 0.7571614583333334 
137 1407.1754516601563 543.1743774414062 1557.7383666992187 624.2466430664062 0.8193591889880952 1167.2549377441405 273.6758010864258 1250.643621826172 343.1663314819336 0.6812220982142857 
138 1405.0769653320312 543.2757507324219 1553.5534057617188 623.0542053222656 0.8058500744047619 1166.5086791992187 277.17714233398436 1255.1514770507813 343.65916137695314 0.5818684895833334 
139 1404.4812133789062 541.7610900878906 1553.1252319335938 625.7772399902344 0.7960146949404762 1012.5716003417969 253.58736419677734 1268.9285217285155 307.44385528564453 0.38554454985119047 
140 1401.2152587890625 540.9127197265625 1555.0513427734375 625.2064208984375 0.8010835193452381 1060.7174072265625 248.23526306152343 1060.7174072265625 452.6474884033203 0.36460658482142855 
141 1403.5949829101562 540.9852630615235 1555.9142944335938 626.5344512939453 0.7946661086309523 1035.0755493164063 272.9419250488281 1320.9349487304687 316.7597961425781 0.38856724330357145 
142 1403.0536804199219 543.3837890625 1562.2965393066406 628.8311767578125 0.7909226190476191 1159.4091796875 288.4607696533203 1345.83984375 317.59056091308594 0.47909691220238093 
143 1406.3786987304688 545.5361846923828 1562.5846801757812 628.4604583740235 0.7911551339285714 1114.2895568847657 276.7370803833008 1282.0665222167968 336.51966400146483 0.4263509114583333 
144 1413.0435180664062 542.705322265625 1562.1071166992188 637.1822509765625 0.8094773065476191 1162.9622802734375 265.0885009765625 1267.9366455078125 372.162353515625 0.7636021205357143 
145 1414.1019470214844 547.1632873535157 1563.106671142578 638.6947448730468 0.8225446428571429 1163.8231628417968 265.44617156982423 1268.1264221191407 371.8780776977539 0.7588820684523809 
146 1415.3265686035156 551.9638946533203 1567.0268249511719 641.7020599365235 0.8204055059523809 1164.6020568847657 269.43663024902344 1267.1600280761718 371.99452209472656 0.7104027157738095 
147 0.0 0.0 0.0 0.0 0.19895426432291666 0.0 0.0 0.0 0.0 0.19895426432291666 
148 0.0 0.0 0.0 0.0 0.19895426432291666 0.0 0.0 0.0 0.0 0.19895426432291666 
149 0.0 0.0 0.0 0.0 0.19895426432291666 0.0 0.0 0.0 0.0 0.19895426432291666 
150 0.0 0.0 0.0 0.0 0.19895426432291666 0.0 0.0 0.0 0.0 0.19895426432291666 
151 0.0 0.0 0.0 0.0 0.19895426432291666 0.0 0.0 0.0 0.0 0.19895426432291666 
152 0.0 0.0 0.0 0.0 0.19895426432291666 0.0 0.0 0.0 0.0 0.19895426432291666 
153 0.0 0.0 0.0 0.0 0.19895426432291666 0.0 0.0 0.0 0.0 0.19895426432291666 
154 0.0 0.0 0.0 0.0 0.19895426432291666 0.0 0.0 0.0 0.0 0.19895426432291666 
155 0.0 0.0 0.0 0.0 0.19895426432291666 0.0 0.0 0.0 0.0 0.19895426432291666 
156 0.0 0.0 0.0 0.0 0.19895426432291666 0.0 0.0 0.0 0.0 0.19895426432291666 
157 1550.5683654785157 667.4300537109375 1714.3526550292968 768.0404052734375 0.845703125 1165.7653503417969 274.7977783203125 1264.0357971191406 377.7478759765625 0.7815755208333334 
158 1578.6980285644531 678.2479370117187 1754.3257751464844 791.5561401367188 0.8065243675595238 1248.869384765625 304.40335235595705 1248.869384765625 396.9384140014648 0.39125279017857145 
159 1630.5530151367188 701.3452117919921 1791.1833129882812 822.9652740478516 0.8694196428571429 1165.078271484375 267.7316665649414 1275.22470703125 368.6992721557617 0.8017578125 
160 1699.3355651855468 717.887905883789 1827.3689025878907 857.3869354248047 0.8646763392857143 1223.1427185058594 0.0 1605.331768798828 434.186061000824 0.24399530319940477 
161 0.0 0.0 0.0 0.0 0.19895426432291666 0.0 0.0 0.0 0.0 0.19895426432291666 
162 1815.2554138183593 760.9830780029297 1928.8960754394532 921.2975006103516 0.9757254464285714 1247.6766357421875 289.6397048950195 1247.6766357421875 395.1631820678711 0.32636951264880953 
163 1863.468768310547 779.7136932373047 1974.7652404785156 954.2963775634765 0.9719819568452381 1203.16015625 283.9156753540039 1203.16015625 390.84753875732423 0.29592168898809523 
164 1890.498553466797 796.7211517333984 2008.0474670410156 988.5116973876953 0.9527994791666666 1264.76025390625 266.87811584472655 1264.76025390625 417.4233367919922 0.19157482328869047 
165 1909.8310668945312 814.8753051757812 2027.5556518554688 1006.1777954101562 0.9475213913690477 1263.63916015625 259.079118347168 1263.63916015625 404.13270416259763 0.23271251860119047 
166 1917.244366455078 824.2671752929688 2038.6212341308594 1020.1736206054687 0.9553571428571429 1264.577880859375 264.9674789428711 1264.577880859375 467.26216583251954 0.14165387834821427 
167 1917.9486389160156 833.7704193115235 2047.4638366699219 1032.3602569580078 0.9705171130952381 1263.731201171875 262.90748291015626 1263.731201171875 357.88524169921874 0.20331101190476192 
168 1920.6276306152345 836.3262390136719 2050.580499267578 1033.4214416503905 0.9796781994047619 1527.1036071777344 460.96229858398436 1587.7483215332031 489.11875610351564 0.17877487909226192 
169 1919.8904174804688 837.2428619384766 2049.591760253906 1031.7947967529296 0.9802594866071429 1572.4405639648437 62.44386215209961 1600.5425903320313 68.92892532348633 0.1654721214657738 
170 1921.2709228515625 839.9836181640625 2050.2813232421877 1027.04873046875 0.9698660714285714 1578.8146057128906 72.12384033203125 1593.8656921386719 76.42417907714844 0.16460890997023808 
171 1920.7659912109375 841.048452758789 2048.8267822265625 1026.736520385742 0.9819568452380952 1538.2255859375 475.0081481933594 1538.2255859375 475.0081481933594 0.15388997395833334 
172 1923.8970275878905 840.2334259033203 2049.907049560547 1023.908969116211 0.9763532366071429 1581.9286315917968 73.82306785583496 1624.6437561035157 107.99526863098144 0.19182477678571427 
173 1925.7265502929688 839.4737609863281 2050.7395141601564 1020.5268493652344 0.9937220982142857 1591.3918579101562 81.85258903503419 1653.8981811523438 161.6021915435791 0.2246762230282738 
174 0.0 0.0 0.0 0.0 0.19895426432291666 0.0 0.0 0.0 0.0 0.19895426432291666 
175 0.0 0.0 0.0 0.0 0.19895426432291666 0.0 0.0 0.0 0.0 0.19895426432291666 
176 1926.0671875 835.5285827636719 2046.809765625 1019.8199279785156 0.9834681919642857 1593.169659423828 103.9035629272461 1633.4171325683594 161.0974136352539 0.18601771763392858 
177 0.0 0.0 0.0 0.0 0.19895426432291666 0.0 0.0 0.0 0.0 0.19895426432291666 
178 0.0 0.0 0.0 0.0 0.19895426432291666 0.0 0.0 0.0 0.0 0.19895426432291666 
179 1902.0469665527344 822.3923400878906 2022.5119934082031 1014.0412536621094 0.9783296130952381 1200.4223388671876 387.4967437744141 1323.6252685546874 497.01039733886716 0.8514927455357143 
180 1891.9869445800782 820.5038452148438 2010.0173278808593 984.1369018554688 0.9874674479166666 1225.4867004394532 423.69889678955076 1343.5170837402343 539.0468002319336 0.9125046502976191 
181 1884.1181884765624 812.0532501220703 2003.1386474609376 968.1022064208985 0.9558221726190477 1256.0565551757813 455.6023422241211 1369.7871948242187 579.912580871582 0.8740466889880952 
182 0.0 0.0 0.0 0.0 0.19895426432291666 0.0 0.0 0.0 0.0 0.19895426432291666 
183 0.0 0.0 0.0 0.0 0.19895426432291666 0.0 0.0 0.0 0.0 0.19895426432291666 
184 0.0 0.0 0.0 0.0 0.19895426432291666 0.0 0.0 0.0 0.0 0.19895426432291666 
185 0.0 0.0 0.0 0.0 0.19862874348958334 0.0 0.0 0.0 0.0 0.19862874348958334 
186 0.0 0.0 0.0 0.0 0.19905308314732142 0.0 0.0 0.0 0.0 0.19905308314732142 
187 0.0 0.0 0.0 0.0 0.19905308314732142 0.0 0.0 0.0 0.0 0.19905308314732142 
188 1794.8746520996094 797.2019592285156 1944.415753173828 933.9252380371094 0.8920433407738095 1560.3744812011719 686.7715515136719 1662.9169006347656 840.5852600097656 0.8076404389880952 
189 1793.1465270996093 794.750619506836 1939.6585266113282 934.8925079345703 0.9115745907738095 1578.931951904297 707.4477355957031 1685.1001525878905 853.9597351074219 0.8028041294642857 
190 1793.455322265625 799.1615753173828 1937.940673828125 935.1478118896484 0.8985770089285714 1601.4891357421875 718.9917877197265 1709.8531494140625 869.8515350341797 0.8306826636904762 
191 1789.9379943847657 796.2457489013672 1936.2852722167968 931.9880767822266 0.8864629836309523 1618.3839721679688 730.4139892578125 1724.4326782226562 885.245068359375 0.8517252604166666 
192 1785.9447082519532 792.6783477783204 1937.5573669433593 931.6565521240234 0.8972051711309523 1625.8281799316405 740.7640014648438 1733.220526123047 894.4823364257812 0.8428199404761905 
193 1784.3692749023437 789.9075714111328 1937.8089477539063 930.7358001708984 0.8981584821428571 1626.1597595214844 744.554721069336 1735.4592590332031 900.0963409423828 0.8288225446428571 
194 1782.7242736816406 788.6143157958984 1936.1257019042969 929.4074737548829 0.8869047619047619 1627.787176513672 747.6371795654297 1737.0593811035155 907.3428619384765 0.8047340029761905 
195 1785.4564392089844 791.914028930664 1935.664044189453 927.3124725341797 0.8873930431547619 1629.2274963378907 753.670458984375 1737.1232116699218 910.2249267578125 0.8005022321428571 
196 1784.7529235839843 790.8013000488281 1937.4976867675782 926.8069763183594 0.8918340773809523 1628.8694580078125 756.4376892089844 1737.6739990234375 911.2749572753906 0.8089890252976191 
197 1786.5437072753907 792.2718505859375 1936.5408874511718 925.367919921875 0.8828125 1628.6647705078126 757.0882904052735 1738.5217529296874 913.4233673095703 0.8111979166666666 
198 1788.956964111328 790.8144348144531 1939.5260681152345 926.7448913574219 0.88818359375 1633.1598083496094 755.9872619628907 1739.812969970703 914.9213073730468 0.8281017485119048 
199 1790.9372619628907 794.4959075927734 1940.2108093261718 926.9498321533204 0.8956008184523809 1632.4453125 759.2394866943359 1739.669921875 916.9228057861328 0.8206147693452381 
200 1791.0049987792968 794.2735717773437 1940.3252014160157 929.0765258789063 0.8877883184523809 1636.7393493652344 761.8091827392578 1740.4338684082031 915.2771820068359 0.8267531622023809 
201 1795.1011779785156 793.8156372070313 1942.398699951172 928.4878295898437 0.8884161086309523 1634.854229736328 763.8705780029297 1740.0667907714844 919.585171508789 0.8255905877976191 
202 1792.8811767578125 795.2072967529297 1942.3964111328125 927.8757720947266 0.8794875372023809 1634.3753967285156 766.8593170166016 1739.6679382324219 920.5863006591796 0.8252883184523809 
203 1794.8457641601562 796.3132965087891 1942.2907104492188 929.0136688232421 0.8875558035714286 1633.9526794433593 766.0952301025391 1743.4832336425782 921.9654998779297 0.8365885416666666 
204 1794.8885864257813 797.1930450439453 1942.9124389648437 930.4145599365235 0.8948800223214286 1636.616925048828 768.4829803466797 1746.5775329589844 924.9653228759765 0.8467494419642857 
205 1789.4664672851563 798.1414154052734 1945.3645874023437 931.1745635986329 0.8826497395833334 1633.2485107421876 770.15966796875 1743.4165283203124 923.979248046875 0.8460984002976191 
206 1797.265673828125 797.7460479736328 1944.90009765625 930.8250579833984 0.8930199032738095 1633.876025390625 771.5940979003906 1742.00263671875 923.3873474121094 0.8468424479166666 
207 1793.7192749023438 798.8630737304687 1945.4882446289062 931.9207397460938 0.8894391741071429 1635.633251953125 770.8761779785157 1743.742724609375 924.7241638183593 0.8548874627976191 
208 1798.1799255371093 797.813330078125 1944.2659973144532 931.1963134765625 0.8890904017857143 1639.7164489746094 770.6970520019531 1747.693096923828 927.3691101074219 0.8713727678571429 
209 1798.1903869628907 798.3659149169922 1945.6351745605468 933.1725982666015 0.8880208333333334 1641.023992919922 769.7681579589844 1746.3416076660155 927.7446594238281 0.8715355282738095 
210 1793.5705200195312 799.0306243896484 1945.2988647460938 931.7930450439453 0.8830682663690477 1641.9230651855469 768.5552795410156 1745.1827697753906 926.6057312011719 0.8739769345238095 
211 1795.2714294433595 799.9717742919922 1945.140069580078 932.953823852539 0.8852771577380952 1643.3731079101562 771.3132171630859 1744.6928100585938 927.5143585205078 0.8735119047619048 
212 1791.6640380859376 800.7039611816406 1945.9419189453124 933.8477966308594 0.8899042038690477 1642.8322387695312 768.5153350830078 1748.5019897460938 927.0198822021484 0.8900902157738095 
213 1790.9840881347657 799.8530731201172 1945.0558288574218 933.1042633056641 0.8816964285714286 1639.3148315429687 771.8254669189453 1747.5814086914063 925.8971282958985 0.8516787574404762 
214 1793.2464904785156 800.8304229736328 1945.1879577636719 931.9578460693359 0.8843005952380952 1640.264581298828 770.9705200195312 1744.3339294433595 924.9932250976562 0.8681873139880952 
215 1794.0193908691406 801.0072448730468 1944.001971435547 932.2420227050782 0.8874395461309523 1640.6717407226563 771.1228332519531 1744.8263061523437 925.2716979980469 0.8662109375 
216 1796.9234924316406 801.5899230957032 1945.2214050292969 933.1782653808593 0.8849283854166666 1639.7083374023437 771.8660369873047 1744.1434692382813 924.341421508789 0.8734886532738095 
217 1793.2087951660155 800.8648529052734 1943.774725341797 932.6100616455078 0.8724888392857143 1642.9646423339843 771.1055603027344 1743.3418762207032 923.7627258300781 0.8638857886904762 
218 1797.3881958007812 800.8835571289062 1945.0515014648438 933.9885131835938 0.890625 1637.4062927246093 769.6870697021484 1743.4742004394532 923.5897247314454 0.8673967633928571 
219 1792.2395263671874 801.2201080322266 1944.6391357421876 934.8307342529297 0.8927873883928571 1638.5552185058593 769.9050659179687 1745.0262023925782 924.3924194335938 0.8541434151785714 
220 1797.6027282714845 802.48291015625 1942.158380126953 932.3734130859375 0.8795572916666666 1639.6713806152343 768.9628112792968 1742.3267883300782 923.9933654785157 0.8597702752976191 
221 1795.23505859375 803.6107208251954 1942.22392578125 931.7011077880859 0.8699544270833334 1640.4119873046875 769.7709564208984 1743.3043212890625 925.1592803955078 0.8606073288690477 
222 1794.60888671875 801.8501220703125 1944.9404296875 935.478125 0.8877650669642857 1637.2105407714844 768.6840637207031 1745.7832336425781 925.2793151855469 0.8634440104166666 
223 1798.2023986816407 800.980191040039 1944.2672058105468 934.5251190185547 0.8893229166666666 1635.6049194335938 767.834683227539 1744.1101684570312 924.3327362060547 0.8670479910714286 
224 1796.5304809570312 800.7319732666016 1944.1994995117188 935.9218963623047 0.8845563616071429 1636.7823913574218 771.3741271972656 1740.7746154785157 925.2827331542969 0.8581194196428571 
225 1795.6661743164063 801.2217041015625 1943.3694702148437 936.44296875 0.8874860491071429 1637.2412170410157 770.0167541503906 1743.3380065917968 926.0413513183594 0.8641415550595238 
226 1795.3103820800782 800.7038848876953 1945.3481872558593 936.1546966552735 0.8914155505952381 1638.4599548339843 769.4460418701171 1744.7367004394532 925.7354156494141 0.8596540178571429 
227 1792.8728088378907 801.2999603271485 1944.6314636230468 936.4275177001953 0.8900204613095238 1639.8347961425782 770.3565032958984 1745.8579528808593 924.1940948486329 0.8638857886904762 
228 1794.3336059570313 800.6280364990234 1943.6136596679687 935.3947296142578 0.8871372767857143 1641.9435913085938 771.3621002197266 1743.5368774414062 924.7888397216797 0.8608165922619048 
229 1793.4834045410157 800.0040588378906 1942.5474792480468 936.6460876464844 0.8896949404761905 1639.243389892578 771.0193695068359 1744.8304626464844 924.2240997314453 0.8454938616071429 
230 1796.5877197265625 801.4102142333984 1942.1578857421875 936.5825225830079 0.8936941964285714 1641.659405517578 770.4565216064453 1743.5584899902344 924.3450531005859 0.8576078869047619 
231 1792.9363342285155 802.0882598876954 1942.213690185547 934.7791107177734 0.8879278273809523 1636.8811279296874 770.9888427734375 1742.6191162109376 924.412646484375 0.8601190476190477 
232 1794.8520812988281 799.9466674804687 1943.9751892089844 936.6428100585938 0.8893926711309523 1635.7715148925781 770.9504760742187 1741.4004821777344 924.2159057617188 0.8502371651785714 
233 1798.124951171875 800.5510223388671 1943.123828125 937.2642242431641 0.8837193080357143 1635.120849609375 771.3122375488281 1742.834228515625 926.6681091308594 0.8545619419642857 
234 1795.400372314453 800.622802734375 1942.8883239746094 937.7242431640625 0.8901134672619048 1636.9667724609376 771.3010070800781 1744.9861083984374 927.0980407714844 0.8548874627976191 
235 1794.8238342285156 800.6837493896485 1942.533953857422 937.9917266845703 0.8871605282738095 1637.9918884277345 771.317739868164 1744.093438720703 927.3495574951172 0.8492838541666666 
236 1792.3983154296875 802.7113586425781 1942.8377685546875 936.4353698730469 0.8955543154761905 1636.7353515625 767.6731597900391 1743.296630859375 926.4703338623046 0.8497023809523809 
237 1795.7425231933594 804.3435577392578 1941.4585266113281 935.4878021240235 0.8990652901785714 1638.577655029297 769.4358154296875 1744.7420471191406 925.559912109375 0.8446103050595238 
238 1792.6589477539062 802.0289489746094 1942.5471069335938 935.2629211425781 0.8830915178571429 1637.5663024902344 770.5619750976563 1743.737042236328 926.6955932617187 0.8680478050595238 
239 1792.396728515625 802.647412109375 1941.779296875 935.4318115234375 0.8814174107142857 1637.8273559570312 769.4512359619141 1743.6399291992188 927.1328094482421 0.8540271577380952 
240 1794.3201599121094 804.3722503662109 1941.7944641113281 935.2297393798829 0.8925316220238095 1639.336376953125 769.3011474609375 1745.268603515625 927.1610107421875 0.8481910342261905 
241 1792.952215576172 803.9117858886718 1942.5606018066405 936.8969299316407 0.8925548735119048 1639.7476196289062 770.9052612304688 1745.7201538085938 926.7472045898437 0.8544456845238095 
242 1793.2173461914062 802.5832397460938 1942.5602416992188 935.3324096679687 0.8918108258928571 1641.8800170898437 771.2308074951172 1747.6646606445313 926.7962310791015 0.8480282738095238 
243 1789.5242858886718 803.1467193603515 1943.0625061035157 935.9365936279297 0.8870907738095238 1643.1679992675781 772.0240936279297 1751.0599060058594 925.5623931884766 0.8484468005952381 
244 1789.8436096191406 801.0102813720703 1941.165545654297 933.676058959961 0.8779529389880952 1650.2416259765625 769.6775726318359 1753.8867919921875 925.1452423095703 0.8412620907738095 
245 1787.4141052246093 802.2544860839844 1938.7027160644532 932.8186340332031 0.8885091145833334 1652.6253662109375 769.3344635009765 1756.2476806640625 922.6955047607422 0.8156156994047619 
246 1792.7281066894532 801.8499420166015 1939.6143005371093 936.3232147216797 0.8879975818452381 1652.9236389160155 767.8735443115235 1756.364569091797 920.9662384033203 0.8114769345238095 
247 1792.4827392578125 804.2612609863281 1938.9891845703125 936.3234558105469 0.8800223214285714 1653.2776489257812 766.7219512939453 1754.3878784179688 921.4823333740235 0.8043619791666666 
248 1792.6928833007812 802.475454711914 1939.5944702148438 932.8246551513672 0.8797898065476191 1652.8739318847656 769.6096282958985 1756.3256530761719 922.7181915283203 0.8167317708333334 
249 1798.2014770507812 804.2891235351562 1940.3969116210938 931.8468627929688 0.8990885416666666 1657.775390625 769.4641296386719 1762.330810546875 920.0240295410156 0.8293340773809523 
250 1794.5472412109375 801.4506439208984 1942.3302001953125 934.6634307861328 0.8845563616071429 1655.2502502441407 769.1080963134766 1761.4041687011718 918.9725311279296 0.8078264508928571 
251 1797.8755615234375 802.0270141601562 1941.8588134765625 933.4898315429688 0.8815569196428571 1657.744921875 767.5159973144531 1764.1671875 919.8459411621094 0.8174525669642857 
252 1795.3869384765626 803.0012847900391 1945.8149658203124 934.6257293701171 0.8726748511904762 1658.539306640625 770.0549987792969 1769.27099609375 922.5721984863281 0.8241954985119048 
253 1803.713604736328 804.4134368896484 1948.3958923339844 934.4178009033203 0.8791387648809523 1659.1926025390626 767.396029663086 1770.3254638671874 924.6594512939453 0.8251953125 
254 1807.0901123046874 805.2277984619141 1949.7460693359376 939.4922332763672 0.8908110119047619 1659.6735900878907 768.6762512207031 1779.2528015136718 926.0173522949219 0.8524925595238095 
255 1815.1414794921875 807.7967529296875 1953.5108642578125 946.1661376953125 0.8891136532738095 1659.7581115722655 765.3022369384765 1775.065985107422 922.5401092529297 0.7921316964285714 
256 1820.6572692871093 812.9079315185547 1956.9178039550782 955.457485961914 0.9001581101190477 1658.8376098632812 764.692660522461 1772.0388549804688 919.8200958251953 0.7741350446428571 
257 1828.1520751953126 815.6313262939453 1962.5744873046874 960.5553802490234 0.9088774181547619 1656.8120056152343 763.3649261474609 1763.9298156738282 927.1921417236329 0.8258463541666666 
258 1830.330145263672 818.9501495361328 1966.7734924316405 965.8892669677734 0.9152948288690477 1652.630682373047 764.4535339355468 1761.7854553222655 921.8882629394532 0.8424479166666666 
259 1833.5336669921876 820.2958099365235 1970.7807861328124 970.2118194580078 0.9071103050595238 1646.9101135253907 764.0975738525391 1754.5963562011718 922.4596160888672 0.8364490327380952 
260 1837.0418273925782 823.2264465332031 1969.8013122558593 970.7369323730469 0.9131091889880952 1645.926495361328 765.51904296875 1749.1839782714844 921.458740234375 0.8360072544642857 
261 1838.503662109375 823.773892211914 1971.740966796875 971.8152801513672 0.9140857514880952 1643.6910095214844 764.2319976806641 1745.2051086425781 920.7329071044921 0.8333333333333334 
262 1836.9606567382812 823.4753265380859 1972.3215698242188 973.6414337158203 0.9209681919642857 1640.752130126953 760.6756164550782 1742.2728942871095 919.3018005371093 0.8363095238095238 
263 1838.2777038574218 824.358676147461 1969.0310119628907 976.2011993408203 0.9263625372023809 1640.2821533203125 760.6042388916015 1743.6194580078125 916.6646209716797 0.8370070684523809 
264 1841.9041076660155 822.7590942382812 1968.717108154297 974.9346313476562 0.9293387276785714 1639.0847717285155 755.125537109375 1734.194403076172 915.7552001953125 0.8482142857142857 
265 1841.3845825195312 820.7030578613281 1967.6442260742188 978.5275329589844 0.931640625 1637.8315063476562 752.4742889404297 1732.5261596679688 912.4030914306641 0.8322405133928571 
266 1839.24580078125 822.6819610595703 1967.810595703125 978.6458587646484 0.9335704985119048 1637.2384765625 752.4820251464844 1732.08134765625 912.6611633300781 0.8465634300595238 
267 1843.3507690429688 820.7018371582031 1970.1817016601562 979.2404235839844 0.9343843005952381 1635.6245971679687 750.5383148193359 1730.7477172851563 911.1907501220703 0.8640718005952381 
268 1841.9422546386718 822.8000946044922 1969.1091369628907 979.6391754150391 0.9365001860119048 1634.154803466797 747.5596893310546 1725.2911193847656 906.5182525634766 0.8395647321428571 
269 1842.6425720214843 824.5689971923828 1971.3741516113282 981.192416381836 0.9383370535714286 1630.1529846191406 742.708871459961 1726.7016296386719 907.9144805908203 0.8533993675595238 
270 1842.7960327148437 821.9138305664062 1972.1431762695313 980.9473754882813 0.9367094494047619 1629.7725891113282 741.499868774414 1725.1926208496093 904.7743621826172 0.8596307663690477 
271 1843.046160888672 823.2719085693359 1972.9698303222656 985.1440460205079 0.9371047247023809 1629.5650024414062 738.7313842773438 1721.1505737304688 909.1231079101562 0.8556315104166666 
272 1843.4463195800781 822.1904479980469 1971.2571716308594 984.0840881347656 0.9431966145833334 1628.0523620605468 740.0146636962891 1719.6501525878907 904.0384979248047 0.8543294270833334 
273 1835.3890502929687 818.7702178955078 1970.2554809570313 987.3532562255859 0.9415922619047619 1626.0381896972656 738.2070190429688 1720.865985107422 902.5754516601562 0.8596075148809523 
274 1825.3242614746093 817.5182556152344 1964.6665832519532 988.5293518066406 0.9344308035714286 1625.8113098144531 736.8036193847656 1720.8174743652344 903.5922546386719 0.85888671875 
275 1815.5587524414063 817.9264434814453 1962.6145874023437 985.9902435302735 0.9283389136904762 1627.6989379882812 737.3689117431641 1722.2348999023438 903.3319549560547 0.8538411458333334 
276 1807.6091552734374 820.6702117919922 1956.0033935546876 987.8750152587891 0.9351050967261905 1625.5328308105468 737.5501129150391 1721.6755432128907 900.5748260498046 0.849609375 
277 1806.79853515625 823.1072082519531 1952.16240234375 989.2372741699219 0.9272228422619048 1627.010760498047 735.4895812988282 1724.6121643066406 899.5430114746093 0.8449823288690477 
278 1805.5005798339844 827.8573516845703 1952.1211242675781 990.9985443115235 0.9263625372023809 1628.7776000976562 737.311636352539 1723.7712280273438 900.4528289794922 0.8430524553571429 
279 1809.3041198730468 833.8169158935547 1951.8996154785157 995.0117584228516 0.9258742559523809 1630.3842712402343 734.7790954589843 1725.4478820800782 900.1071350097657 0.8549339657738095 
280 1814.0306335449218 838.3822601318359 1954.2673400878907 997.4566680908204 0.9377325148809523 1630.9662963867188 732.2789642333985 1725.1550415039062 903.9118927001953 0.8488420758928571 
281 1821.3231018066406 838.9879974365234 1958.391375732422 1000.9778839111328 0.9436383928571429 1634.8909851074218 732.352651977539 1726.2697814941407 904.7265106201172 0.8522367931547619 
282 1827.8584899902344 838.799169921875 1959.5429992675781 999.7468505859375 0.9392671130952381 1640.38095703125 734.6895782470704 1738.621728515625 906.0884368896484 0.8501674107142857 
283 1832.5079345703125 839.5289794921875 1962.2286376953125 998.5415771484375 0.9290597098214286 1643.3988952636719 742.4798736572266 1752.1969299316406 905.6769256591797 0.8731166294642857 
284 1836.0349365234374 839.8576507568359 1963.7199462890626 998.9406280517578 0.9267345610119048 1651.6725646972657 749.6891326904297 1758.4257019042968 908.7721099853516 0.8316824776785714 
285 1839.0126159667968 839.1480895996094 1964.3139221191407 997.8631408691406 0.9184337797619048 1662.6268371582032 762.5215637207032 1771.2214294433593 917.0598571777343 0.8285202752976191 
286 1840.6574951171874 840.7230712890625 1966.0510009765626 1001.6447265625 0.9318033854166666 1674.9130554199219 776.9009704589844 1787.7672424316406 933.6428527832031 0.8346354166666666 
287 1841.3287414550782 842.6694396972656 1968.4902282714843 1006.7488952636719 0.9374767485119048 1683.6388610839845 788.1604095458985 1796.443536376953 946.0868438720703 0.8743489583333334 
288 1845.4054626464845 843.8666168212891 1969.559747314453 1008.7270721435547 0.9278738839285714 1691.347900390625 797.1326477050782 1807.36083984375 959.9578063964843 0.8813244047619048 
289 1845.3753295898437 844.401089477539 1971.7511352539063 1009.5049774169922 0.9315476190476191 1699.4002380371094 811.0824188232422 1813.5461730957031 965.9946685791016 0.8926246279761905 
290 1846.459033203125 843.8687347412109 1972.8478515625 1008.9896026611328 0.9231538318452381 1704.9380798339844 818.6223052978515 1821.1343078613281 971.5120330810547 0.8973679315476191 
291 1848.1385498046875 842.6927886962891 1974.2696533203125 1007.4770721435547 0.9127371651785714 1705.1064086914062 822.192578125 1823.1001342773438 974.770556640625 0.8878813244047619 
292 1848.9091430664062 843.4478240966797 1972.9617065429688 1006.139761352539 0.9039248511904762 1707.0229736328124 825.84892578125 1827.0082763671876 978.3726318359375 0.8829287574404762 
293 1849.3514892578125 843.003549194336 1971.3382080078125 1005.6526397705078 0.9020414806547619 1709.066632080078 828.537222290039 1826.9872009277344 981.0207000732422 0.8936011904761905 
294 1848.6747253417968 842.758432006836 1970.8847229003907 1003.6682647705078 0.8829287574404762 1707.193096923828 827.7955200195313 1833.4767028808594 982.5948608398437 0.8962286086309523 
295 1849.2166076660155 841.461474609375 1971.240301513672 1002.1260498046875 0.8827194940476191 1709.5151123046876 829.6502014160156 1835.6062255859374 984.2135681152344 0.9059012276785714 
296 1847.9846923828125 840.5159759521484 1969.9955322265625 1001.1636505126953 0.8876255580357143 1708.063250732422 832.0690216064453 1836.1746643066406 984.582650756836 0.9023670014880952 
297 1848.035546875 841.0956634521484 1968.0494140625 1001.7922149658203 0.8947637648809523 1709.6362243652343 832.6461944580078 1835.7525695800782 985.2061614990234 0.9062732514880952 
298 1846.7614135742188 839.4094635009766 1968.5332641601562 999.7424530029297 0.8868815104166666 1708.6752075195313 834.101416015625 1836.5357299804687 986.31630859375 0.9009254092261905 
299 1848.6896362304688 837.6351959228516 1964.4883422851562 1002.1912811279296 0.8925548735119048 1709.5280212402345 834.3534240722656 1839.547540283203 986.7201843261719 0.9028087797619048 
