0 1631.1469665527343 1146.1987365722657 1722.3131164550782 1248.5281921386718 0.8477725074404762 1606.6021057128905 1299.2636352539062 1736.839666748047 1414.6167358398438 0.8854631696428571 
1 1629.9455932617188 1145.425030517578 1722.2814575195312 1248.8412048339844 0.8551432291666666 1597.8411437988282 1299.1998413085937 1734.4980895996093 1411.8494750976563 0.8819986979166666 
2 1629.7568786621093 1144.8076538085938 1722.4947082519532 1248.6740356445312 0.8623744419642857 1594.0884765625 1298.8238586425782 1723.921533203125 1415.6735778808593 0.8540736607142857 
3 1628.3876953125 1145.264630126953 1723.047119140625 1249.2044860839844 0.8655133928571429 1589.481671142578 1300.8173706054688 1711.9820739746094 1417.7497680664062 0.8762788318452381 
4 1630.0720520019531 1145.5169189453125 1722.5232849121094 1249.0624267578125 0.8719075520833334 1588.4688354492187 1305.742169189453 1708.6556762695313 1425.9288513183594 0.8947637648809523 
5 1628.1302368164063 1147.58486328125 1722.2904174804687 1249.130224609375 0.8683500744047619 1584.742694091797 1312.4718383789063 1710.2896545410156 1425.0948120117187 0.8961356026785714 
6 1629.218817138672 1147.000439453125 1721.4602600097655 1250.311083984375 0.8738141741071429 1584.2333129882813 1318.7117614746094 1709.6817260742187 1422.0222473144531 0.9097144717261905 
7 1630.8686889648438 1150.428857421875 1721.6176391601562 1250.4380859375 0.8746977306547619 1582.8585998535157 1319.960107421875 1706.9440124511718 1419.9693359375 0.9050176711309523 
8 1629.7096374511718 1150.2954833984375 1722.4347717285157 1250.4386474609375 0.8743257068452381 1576.7135864257812 1319.2693237304688 1708.3833374023438 1413.8490844726562 0.8480515252976191 
9 1629.7888305664062 1148.2903930664063 1720.8024780273438 1250.4486206054687 0.8764415922619048 1575.066259765625 1317.530029296875 1706.94326171875 1414.115966796875 0.8920200892857143 
10 1628.0209838867188 1147.4973693847655 1722.7143676757812 1251.474676513672 0.8800455729166666 1573.7471923828125 1317.1029968261719 1705.5753173828125 1411.7965393066406 0.9063895089285714 
11 1630.1577697753905 1148.3019409179688 1721.411199951172 1250.7293090820312 0.8697451636904762 1567.6986022949218 1313.9047607421876 1703.6474670410157 1408.8828369140624 0.8884626116071429 
12 1628.3457092285157 1145.4363098144531 1721.7376647949218 1251.9031677246094 0.8746977306547619 1557.6551330566406 1305.9986450195313 1703.346697998047 1403.1263549804687 0.8703031994047619 
13 1629.0771362304688 1144.8528747558594 1720.4443481445312 1251.1372375488281 0.8710704985119048 1553.7744689941405 1303.4904479980469 1701.080877685547 1402.3163146972656 0.8501441592261905 
14 1627.293701171875 1143.401220703125 1718.027099609375 1248.94814453125 0.8636765252976191 1549.0237670898437 1301.3655334472655 1700.8631958007813 1395.802313232422 0.8084774925595238 
15 1628.7886901855468 1145.4996276855468 1717.5617736816407 1247.2187561035157 0.8661411830357143 1548.6226440429687 1293.3124633789062 1691.0294555664063 1383.9350952148438 0.8259858630952381 
16 1628.9921081542968 1147.48828125 1717.7690002441407 1247.3623046875 0.8494466145833334 1543.7008056640625 1280.0134582519531 1693.5118408203125 1378.0379333496094 0.8352864583333334 
17 1628.6725952148438 1149.3497375488282 1719.5827758789062 1253.2470642089843 0.8405412946428571 1541.9011962890625 1266.8050964355468 1692.1813232421875 1366.9919006347657 0.8319149925595238 
18 1626.1724670410156 1148.6504150390624 1720.793963623047 1258.1144775390626 0.8405645461309523 1539.257745361328 1256.972705078125 1682.1176208496095 1355.3048828125 0.8430989583333334 
19 1624.8365600585937 1145.2795166015626 1723.3499633789063 1264.2390380859374 0.8415876116071429 1531.8281127929688 1251.2279174804687 1680.5273559570312 1344.1649047851563 0.8317057291666666 
20 1622.7785522460938 1145.8375 1726.6696899414062 1262.714990234375 0.8379371279761905 1531.4456909179687 1241.8083068847657 1672.4407836914063 1330.8578308105468 0.8375883556547619 
21 1617.41572265625 1145.9019287109375 1723.427294921875 1266.7924072265625 0.8460984002976191 1530.5749206542969 1232.528253173828 1670.0638732910156 1321.8012145996095 0.8162899925595238 
22 1620.9857849121095 1142.6318054199219 1716.029718017578 1274.9479064941406 0.8254045758928571 1530.0273559570312 1223.7703430175782 1667.9343139648438 1311.3599060058593 0.7980375744047619 
23 1630.3133911132813 1144.5619201660156 1706.5039916992187 1280.2184753417969 0.7834123883928571 1532.1803894042969 1217.5363342285157 1665.9786682128906 1303.0184753417968 0.8114769345238095 
24 1626.6456665039063 1139.1491394042969 1688.1350952148437 1262.1278381347656 0.7429780505952381 1529.1800476074218 1210.8150634765625 1665.2019104003907 1296.5274658203125 0.8301711309523809 
25 1625.94501953125 1137.470849609375 1689.293994140625 1262.30576171875 0.7896205357142857 1525.4034423828125 1209.3475952148438 1665.1439208984375 1295.0552368164062 0.8374720982142857 
26 1623.2651489257812 1137.5098510742187 1688.1486694335938 1256.1542114257813 0.8146623883928571 1523.5867797851563 1209.8088317871093 1673.7459838867187 1295.0843566894532 0.8454706101190477 
27 1622.1905578613282 1136.6852600097657 1687.0371032714843 1249.7035339355468 0.8157784598214286 1524.4218200683595 1211.3657531738281 1670.789727783203 1294.7398376464844 0.8464471726190477 
28 1620.2193176269532 1129.9842712402344 1687.0361755371093 1245.057598876953 0.7884114583333334 1522.4926513671876 1210.2929321289062 1669.1184326171874 1297.5259155273438 0.8660016741071429 
29 1622.2218688964845 1134.7635620117187 1685.197442626953 1242.1922485351563 0.7657412574404762 1520.3497009277344 1207.2851257324219 1675.9363098144531 1303.6004943847656 0.8663736979166666 
30 1625.1720703125 1137.836492919922 1682.53837890625 1239.6152893066405 0.7482793898809523 1524.8167785644532 1204.0994812011718 1674.7092224121093 1311.4299377441407 0.8406575520833334 
31 1623.5527404785157 1132.5067993164062 1679.2650085449218 1240.2173217773438 0.7429547991071429 1526.698974609375 1208.2183471679687 1678.979248046875 1315.9288696289063 0.8270786830357143 
32 1624.5697509765625 1134.6065551757813 1672.7871826171875 1232.8958862304687 0.7490699404761905 1528.8481750488281 1207.2893432617188 1677.2095642089844 1318.5602661132812 0.8248232886904762 
33 1625.4636657714843 1137.9601501464845 1677.3067199707032 1226.834161376953 0.7390718005952381 1533.8122009277345 1207.2505310058593 1676.381036376953 1312.7884094238282 0.8327520461309523 
34 1625.0663757324219 1140.6168395996094 1678.7223205566406 1227.576397705078 0.7662760416666666 1538.8184326171875 1211.9207641601563 1673.8832275390625 1309.9815795898437 0.8361932663690477 
35 1625.6253234863282 1128.5147583007813 1686.7229431152343 1234.0467651367187 0.7802269345238095 1547.7225952148438 1210.9749816894532 1679.1746215820312 1305.3984313964843 0.8296595982142857 
36 1629.148681640625 1122.9526245117188 1699.556884765625 1239.6818969726562 0.80615234375 1559.3819396972656 1217.1627075195313 1690.934100341797 1307.9522827148437 0.8156854538690477 
37 1628.5058837890624 1124.306201171875 1708.1359619140626 1244.67744140625 0.8054082961309523 1576.9385803222656 1218.4663879394532 1708.420916748047 1312.9114196777343 0.83544921875 
38 1628.301904296875 1118.3658813476563 1713.92734375 1254.2498413085937 0.8103608630952381 1592.8631774902344 1231.769598388672 1725.024395751953 1315.5337463378905 0.8235677083333334 
39 1633.3233825683594 1118.4390014648438 1716.820294189453 1246.4677368164062 0.8214750744047619 1604.4919372558593 1240.4017761230468 1739.9425109863282 1325.7541076660157 0.7989908854166666 
40 1628.8401489257812 1115.59794921875 1713.9606323242188 1239.57783203125 0.8097795758928571 1618.3780090332032 1243.7057312011718 1757.1614196777343 1330.6767150878907 0.7904575892857143 
41 1628.985400390625 1108.7852478027344 1715.8537109375 1230.7705383300781 0.8290550595238095 1625.0045654296875 1245.0590087890625 1771.0171630859375 1331.9273193359375 0.8184756324404762 
42 1624.6340576171874 1103.7342956542968 1715.1154541015626 1223.7606994628907 0.8131975446428571 1647.7161376953125 1249.8256286621095 1784.3614990234375 1334.767266845703 0.80810546875 
43 1619.1491088867188 1097.7881408691405 1716.0698852539062 1218.939031982422 0.8093843005952381 1667.681170654297 1251.9867736816407 1803.7430236816406 1341.4520690917968 0.8156622023809523 
44 1618.8533569335937 1097.8239196777345 1715.7538208007813 1209.632012939453 0.8154296875 1688.0168212890626 1262.1673645019532 1831.5036865234374 1353.4772888183593 0.6199776785714286 
45 1620.7274597167968 1095.9973693847655 1715.6266662597657 1205.782781982422 0.8169177827380952 1765.8674194335938 1279.7126770019531 1868.2097290039062 1372.7510681152344 0.7170293898809523 
46 1620.8629150390625 1094.5398010253907 1715.7889404296875 1204.3563171386718 0.8197544642857143 1734.1155700683594 1285.0363342285157 1877.4353332519531 1381.8236511230468 0.6901506696428571 
47 1619.7469177246094 1097.0848327636718 1712.6631164550781 1199.2927307128907 0.8171502976190477 1720.596697998047 1286.991387939453 1893.4210021972656 1391.0575622558595 0.8566545758928571 
48 1615.5194763183595 1094.5614990234376 1711.033135986328 1195.6936279296874 0.8007579985119048 1721.9819580078124 1283.427996826172 1918.6279052734376 1395.7972229003906 0.8767438616071429 
49 1614.1217468261718 1094.9335327148438 1708.8654357910157 1187.7822875976562 0.7965959821428571 1723.3685119628906 1278.0803771972655 1907.171405029297 1387.983221435547 0.8825567336309523 
50 1611.4008544921876 1093.732733154297 1704.9380126953124 1181.6577697753905 0.7681129092261905 1718.4649780273437 1269.0071044921874 1894.3150512695313 1371.8981689453126 0.8716052827380952 
51 1607.280322265625 1090.80791015625 1702.549755859375 1173.001171875 0.7577194940476191 1711.099591064453 1260.2237854003906 1890.4305603027344 1368.5695495605469 0.8961356026785714 
52 1600.1024291992187 1087.131817626953 1702.4339477539063 1169.3626892089844 0.7952706473214286 1700.1147155761719 1253.9126708984375 1873.7127990722656 1352.5895263671875 0.9032970610119048 
53 1597.2098266601563 1084.5649169921876 1698.8792846679687 1166.2636962890624 0.8005952380952381 1691.4077514648438 1253.68837890625 1860.2519165039062 1346.28037109375 0.8821847098214286 
54 1587.7998596191405 1079.5062438964844 1696.645819091797 1157.512432861328 0.8005022321428571 1686.2496826171875 1255.0552001953124 1836.8198974609375 1347.5741943359376 0.9154110863095238 
55 1587.9083312988282 1076.4025817871093 1692.1992126464843 1153.2484191894532 0.7878301711309523 1670.9468933105468 1256.2726135253906 1811.8310607910157 1347.7558288574219 0.9050176711309523 
56 1583.46435546875 1074.3753051757812 1680.65966796875 1147.7304077148438 0.7950381324404762 1653.3631469726563 1258.2565673828126 1792.7376831054687 1351.7842041015624 0.8846028645833334 
57 1579.543505859375 1073.778173828125 1672.81025390625 1141.44228515625 0.8081519717261905 1646.8559326171876 1265.727734375 1778.5266357421874 1364.48076171875 0.9061337425595238 
58 1575.5381225585938 1071.8873474121094 1669.0419555664062 1137.890118408203 0.8193126860119048 1634.9828308105468 1273.4212951660156 1763.3214904785157 1365.0917663574219 0.9110863095238095 
59 1569.1885620117187 1070.5968078613282 1667.5965942382813 1136.7985778808593 0.8064313616071429 1625.0678344726562 1276.703302001953 1752.1037963867188 1369.7435974121095 0.9034133184523809 
60 1571.9809997558593 1072.2972900390625 1663.0398742675782 1137.8596923828125 0.8034551711309523 1618.8413024902343 1277.249951171875 1740.8602355957032 1375.5935546875 0.8763253348214286 
61 1600.8415283203126 1081.4114379882812 1710.3144775390624 1128.3285522460938 0.4672154017857143 1608.300146484375 1269.8013671875 1736.53994140625 1373.018701171875 0.7869698660714286 
62 1566.28203125 1072.8505737304688 1660.183544921875 1143.2768676757812 0.7987816220238095 1610.9408386230468 1280.8649353027345 1739.1525451660157 1378.378106689453 0.9093191964285714 
63 1564.8211853027344 1075.8158386230468 1657.042950439453 1142.7218811035157 0.7943638392857143 1607.5241638183593 1276.3253234863282 1739.5279602050782 1377.5883728027343 0.8914388020833334 
64 1566.4948120117188 1077.5235412597656 1655.5349731445312 1144.758074951172 0.7849237351190477 1608.009619140625 1278.0387451171875 1737.027001953125 1376.1646240234375 0.8980189732142857 
65 1568.0342407226562 1078.0255126953125 1658.8295288085938 1150.6617431640625 0.7694382440476191 1606.727001953125 1277.844989013672 1737.472216796875 1374.0879943847656 0.8943917410714286 
66 1563.7381530761718 1074.7105651855468 1661.9597229003907 1154.7429260253907 0.76708984375 1608.9312377929687 1278.4991760253906 1739.8932250976563 1374.9018249511719 0.8959030877976191 
67 1565.5582397460937 1076.37294921875 1672.9234497070313 1160.081396484375 0.7537202380952381 1611.0520568847655 1282.7044677734375 1736.614569091797 1373.6917724609375 0.8921828497023809 
68 1595.3765747070313 1118.0360412597656 1707.8529174804687 1143.0307312011719 0.4417085193452381 1602.8269897460937 1270.768212890625 1734.0492309570313 1367.62265625 0.7828543526785714 
69 1602.2002319335938 1113.9810974121094 1702.2580200195312 1164.009991455078 0.4790736607142857 1608.5741394042968 1274.5306274414063 1736.7731506347657 1371.4615600585937 0.7976888020833334 
70 1566.0001586914063 1080.9791320800782 1663.1602416992187 1156.1406188964843 0.7696010044642857 1608.7280151367188 1277.4848754882812 1738.8857543945312 1372.8117553710938 0.8953450520833334 
71 1590.6331909179687 1110.0989013671874 1687.4803344726563 1153.8361572265626 0.541015625 1609.3778259277344 1277.718896484375 1731.217755126953 1368.317724609375 0.7754836309523809 
72 1565.974432373047 1082.1469421386719 1667.3120666503905 1157.6896057128906 0.7450474330357143 1607.714178466797 1281.704119873047 1740.3743225097655 1371.9866760253906 0.8751627604166666 
73 1569.1214904785156 1081.6485107421875 1662.7343444824219 1156.9056884765625 0.7546270461309523 1604.2086303710937 1278.192803955078 1736.3677856445313 1375.4765075683595 0.8777204241071429 
74 1564.9705932617187 1080.700909423828 1659.7261840820313 1159.0565368652344 0.7569521949404762 1602.3961975097657 1277.4310546875 1737.2408874511718 1375.83115234375 0.8737211681547619 
75 1564.6339721679688 1079.8402526855468 1658.1301879882812 1158.6703674316407 0.7822963169642857 1604.119561767578 1279.3832885742188 1734.2809509277345 1376.5459106445312 0.8886253720238095 
76 1620.4215698242188 1109.9027221679687 1730.0313110351562 1141.2198364257813 0.47644624255952384 1603.799493408203 1278.533135986328 1732.1994079589845 1372.4843200683595 0.7658575148809523 
77 1617.5964111328126 1113.8872802734375 1727.1487060546874 1170.2284423828125 0.45998418898809523 1602.6684204101562 1278.0954345703126 1737.2612670898438 1371.9975830078124 0.7733677455357143 
78 1558.8232360839843 1077.9112426757813 1659.4759582519532 1158.4334838867187 0.7439313616071429 1602.674005126953 1279.7093627929687 1738.0976013183595 1380.3619262695313 0.8826962425595238 
79 1557.0466186523438 1077.370361328125 1657.6052368164062 1157.8173828125 0.7315848214285714 1602.4737731933594 1280.1755065917969 1735.942608642578 1382.5624084472656 0.8820684523809523 
80 1560.640362548828 1081.3099060058594 1657.3661071777344 1156.1352844238281 0.7460704985119048 1598.4742858886718 1278.6918579101562 1744.4752990722657 1382.7175659179688 0.8896484375 
81 1561.1246704101563 1079.4840942382812 1661.3506713867187 1159.6648315429688 0.7456752232142857 1599.7431701660157 1278.6045227050781 1741.8819519042968 1382.4751892089844 0.8878580729166666 
82 1560.7813293457032 1079.3813049316407 1653.8711364746093 1156.0433776855468 0.7576264880952381 1598.6209838867187 1281.6373657226563 1740.9935180664063 1382.0284057617187 0.9022972470238095 
83 1559.688427734375 1078.5374816894532 1652.98564453125 1157.1997009277343 0.7575102306547619 1596.6273803710938 1282.8625610351562 1735.6585083007812 1383.4770385742188 0.8986700148809523 
84 1557.1363952636718 1078.4006103515626 1655.1205627441407 1158.2395263671874 0.7671363467261905 1598.2422973632813 1282.6738403320312 1727.0733764648437 1382.4726440429688 0.9010649181547619 
85 1559.1626037597657 1079.271923828125 1655.3443542480468 1157.306201171875 0.7693219866071429 1595.038836669922 1281.7562072753906 1731.1451232910156 1383.382342529297 0.8966006324404762 
86 1616.5041198730469 1124.1008422851562 1732.1703186035156 1189.7492553710938 0.46572730654761907 1587.5273864746093 1276.438739013672 1725.0764953613282 1376.4744689941406 0.7880161830357143 
87 1621.0339294433593 1121.6830261230468 1742.9893859863282 1187.3512756347657 0.47594633556547616 1587.23759765625 1276.111767578125 1731.082470703125 1379.30498046875 0.7885277157738095 
88 1559.6424560546875 1079.32451171875 1652.8450927734375 1161.56220703125 0.7447219122023809 1595.5598754882812 1288.2924377441407 1730.7951049804688 1386.9777038574218 0.8912062872023809 
89 1619.0553466796875 1113.1598388671875 1734.5039794921875 1172.4444091796875 0.4749116443452381 1590.4932189941405 1275.7720275878905 1724.663153076172 1381.859930419922 0.7644391741071429 
90 1609.0100219726562 1115.943182373047 1730.8161499023438 1175.2847229003905 0.4697149367559524 1586.9070556640625 1271.8646423339844 1733.6991455078125 1374.931378173828 0.7553013392857143 
91 1597.9316101074219 1113.6741333007812 1719.6376037597656 1169.8461303710938 0.5018252418154762 1591.3302001953125 1276.6689453125 1728.6395263671875 1376.5302734375 0.7531389508928571 
92 1599.517889404297 1113.7944580078124 1718.0703674316405 1173.0707763671876 0.4856770833333333 1592.1983642578125 1274.7042358398437 1732.5894775390625 1374.5379516601563 0.7320498511904762 
93 1556.9661560058594 1076.594305419922 1655.6999816894531 1162.5293518066405 0.7566266741071429 1599.3710510253907 1289.1112121582032 1732.8446472167968 1386.0165954589843 0.8949032738095238 
94 1559.3400024414063 1079.3341430664063 1658.2869506835937 1161.7898803710937 0.7716471354166666 1596.973699951172 1287.2352783203125 1736.2322326660155 1388.0144775390625 0.8949032738095238 
95 1558.9366760253906 1078.3295837402343 1657.6308288574219 1162.4022277832032 0.7675548735119048 1595.2792236328125 1285.9104858398437 1732.3543212890625 1386.4322875976563 0.8939732142857143 
96 1560.2076599121094 1078.541552734375 1655.806378173828 1161.27119140625 0.7622535342261905 1589.1984436035157 1282.4667236328125 1739.9503601074218 1387.2576416015625 0.8873000372023809 
97 1560.1203308105469 1078.1637878417969 1658.9684143066406 1162.3678283691406 0.7548828125 1589.4085876464844 1281.210888671875 1739.511456298828 1387.38115234375 0.8791852678571429 
98 1557.3820739746093 1079.799267578125 1657.5714172363282 1163.59404296875 0.7699962797619048 1592.8336791992188 1283.6811462402343 1725.8123168945312 1385.6922668457032 0.8703264508928571 
99 1558.5627502441407 1078.0861206054688 1657.8516784667968 1161.1277465820312 0.7650204613095238 1586.5442993164063 1283.329522705078 1720.1329467773437 1380.8131774902345 0.8295200892857143 
100 1557.2571899414063 1078.5091796875 1655.0767944335937 1161.836767578125 0.7541387648809523 1583.3146057128906 1285.8530151367188 1720.9865417480469 1383.6726196289062 0.8506789434523809 
101 1555.7427124023438 1077.2949768066405 1658.1554809570312 1161.740545654297 0.7629278273809523 1582.416943359375 1295.0431396484375 1717.170703125 1384.8789794921875 0.8650483630952381 
102 1555.9763549804688 1079.5253845214843 1653.8473754882812 1159.2721008300782 0.7720656622023809 1576.4706665039062 1295.1343322753905 1714.2151245117188 1391.192938232422 0.8696754092261905 
103 1557.1685852050782 1078.8608154296876 1649.7004333496093 1156.8779541015624 0.7554640997023809 1565.682061767578 1297.0715393066407 1705.3871520996095 1395.0465026855468 0.8643973214285714 
104 1557.2054138183594 1079.9182189941407 1661.2680969238281 1158.4217468261718 0.7446056547619048 1566.8954223632813 1310.3729431152344 1696.5174194335937 1399.830303955078 0.9011811755952381 
105 1556.1075012207032 1077.2525268554687 1663.1938903808593 1160.7435668945313 0.7423502604166666 1564.9732482910156 1316.7658569335938 1692.024920654297 1405.7019165039062 0.9168526785714286 
106 1554.5681884765625 1078.7258544921874 1664.5121337890625 1161.1838134765626 0.7685081845238095 1567.183642578125 1315.457763671875 1689.954296875 1410.742431640625 0.9073660714285714 
107 1552.926690673828 1078.4390441894532 1666.3747009277345 1166.2698181152343 0.7532552083333334 1565.9464721679688 1318.7067260742188 1688.5435180664062 1410.1970825195312 0.9009951636904762 
108 1557.7235473632813 1076.8679504394531 1673.5616088867187 1166.9642028808594 0.7513485863095238 1568.6143005371093 1318.5155456542968 1688.1297180175782 1410.4503967285157 0.9035063244047619 
109 1558.4553649902343 1077.646417236328 1674.2986633300782 1169.5853942871095 0.7572079613095238 1567.507830810547 1321.355535888672 1690.7061584472656 1409.6169982910155 0.9045061383928571 
110 1560.0637451171874 1080.649835205078 1673.7204345703126 1170.4750427246095 0.7501627604166666 1573.3189880371094 1323.192315673828 1694.308331298828 1413.0175231933595 0.9097144717261905 
111 1557.9762817382812 1079.275634765625 1666.3437866210938 1169.27587890625 0.7583937872023809 1573.0233581542968 1323.27939453125 1697.9215881347657 1416.95302734375 0.9170619419642857 
112 1559.3643859863282 1078.9943542480469 1673.3132263183593 1170.8885803222656 0.7477446056547619 1575.2691467285156 1328.0278198242188 1698.407489013672 1418.0842407226562 0.9157133556547619 
113 1560.1523681640624 1078.5999877929687 1670.3781494140626 1170.4546997070313 0.7470935639880952 1577.2515075683593 1328.9396179199218 1698.4998352050782 1418.9574768066407 0.9113885788690477 
114 1560.966973876953 1082.6838439941407 1667.6705993652345 1169.1505065917968 0.7570917038690477 1579.0811767578125 1329.913348388672 1700.5023193359375 1420.0594299316406 0.9211774553571429 
115 1558.2270141601562 1079.2372192382813 1667.8037475585938 1170.5511108398437 0.7667875744047619 1577.4028686523438 1330.7018188476563 1703.4162231445312 1422.0157104492187 0.9286179315476191 
116 1559.1496826171874 1078.867608642578 1670.3498291015626 1171.8380798339845 0.7704845610119048 1581.51591796875 1333.0993286132812 1705.4767578125 1422.4238647460938 0.9353841145833334 
117 1559.002130126953 1079.7892822265626 1666.2897399902345 1168.8926025390624 0.7647181919642857 1578.8650390625 1331.5726257324218 1707.973828125 1420.6757873535157 0.9289667038690477 
118 1552.2804626464845 1077.1791381835938 1661.352716064453 1168.8630981445312 0.7807152157738095 1581.8892333984375 1326.9388122558594 1708.3497802734375 1424.9458312988281 0.9910016741071429 
119 1556.6015686035157 1080.420477294922 1657.0679870605468 1167.9233947753905 0.7759021577380952 1584.086444091797 1330.5893676757812 1705.6185119628906 1421.3332397460938 0.9536365327380952 
120 1556.9292846679687 1082.3841491699218 1658.2794555664063 1168.1420959472657 0.7813430059523809 1584.2158325195312 1326.8242614746093 1708.9545776367188 1425.0559875488282 0.9738420758928571 
121 1556.7003662109375 1077.1709106445312 1663.6717041015625 1169.8793823242188 0.7863420758928571 1580.083203125 1329.5136657714843 1710.23173828125 1422.2222961425782 0.9147832961309523 
122 1557.0900085449218 1081.8364624023438 1661.2155334472657 1167.6945434570312 0.7727864583333334 1582.4539794921875 1331.3304870605468 1710.3275146484375 1422.6686584472657 0.9290132068452381 
123 1557.711895751953 1082.384765625 1660.0680114746094 1168.290771484375 0.7493954613095238 1581.2622863769532 1332.0182983398438 1711.0351989746093 1423.4077270507812 0.9194568452380952 
124 1558.8461853027343 1082.582958984375 1663.1012023925782 1170.3767578125 0.7407459077380952 1582.6236328125 1332.5981384277343 1712.48525390625 1424.0499328613282 0.9225027901785714 
125 1557.5531616210938 1079.6707824707032 1664.1128540039062 1169.6953063964843 0.7514183407738095 1584.8996215820312 1332.8560119628905 1711.6689819335938 1421.043524169922 0.9220842633928571 
126 1556.8475341796875 1079.8751220703125 1661.0728759765625 1169.4722900390625 0.7564871651785714 1585.0488708496093 1333.053955078125 1713.0447570800782 1422.651123046875 0.9272228422619048 
127 1556.9120727539062 1079.8088928222655 1663.1531127929688 1169.564276123047 0.759765625 1583.5428283691406 1331.814227294922 1715.428240966797 1423.4012268066406 0.9258742559523809 
128 1559.0419494628907 1080.37041015625 1664.7508972167968 1169.676220703125 0.7338402157738095 1584.137225341797 1334.127978515625 1715.3621643066406 1423.4337890625 0.9226422991071429 
129 1559.3260314941406 1079.764208984375 1665.027362060547 1169.063671875 0.7297014508928571 1584.2094177246095 1333.2931884765626 1717.247247314453 1424.4150634765624 0.9148297991071429 
130 1558.7628601074218 1081.483465576172 1663.6056701660157 1167.9326721191405 0.7254231770833334 1586.9190673828125 1329.6534545898437 1717.5125732421875 1423.4600708007813 0.9053431919642857 
131 1556.6779052734375 1081.4603576660156 1667.0674560546875 1167.9320983886719 0.73583984375 1588.5210998535156 1326.6523315429688 1717.308856201172 1422.3232543945312 0.9008556547619048 
132 1557.4256469726563 1083.0008239746094 1667.1439331054687 1170.7754211425781 0.7461170014880952 1585.628857421875 1323.6778259277344 1719.11943359375 1422.4243469238281 0.8890671502976191 
133 1560.8921447753905 1081.4521240234376 1663.872869873047 1173.3991943359374 0.7470470610119048 1587.415301513672 1320.8679992675782 1717.9800842285156 1422.0098083496093 0.8955078125 
134 1558.9180786132813 1082.072119140625 1668.1475952148437 1174.9173828125 0.7650204613095238 1592.457049560547 1320.4868103027343 1714.4302795410156 1422.4344543457032 0.9044828869047619 
135 1557.8222961425781 1080.4729553222655 1679.5013122558594 1173.094305419922 0.7555106026785714 1589.5343078613282 1319.9191955566407 1714.8454528808593 1419.8048034667968 0.8763253348214286 
136 1557.2187194824219 1082.5889709472656 1670.0887756347656 1171.792742919922 0.7510463169642857 1590.9677856445312 1319.3921142578124 1714.7607299804688 1419.5187744140626 0.8989490327380952 
137 1561.2085083007812 1082.6327758789062 1669.0529663085938 1172.1985229492188 0.7590680803571429 1588.4157470703126 1318.7795837402343 1716.3667236328124 1421.1404602050782 0.9024600074404762 
138 1559.617205810547 1080.5151916503905 1666.5655334472656 1172.961981201172 0.7758091517857143 1587.7836120605468 1321.1140441894531 1716.4840881347657 1418.9988708496094 0.90869140625 
139 1558.3618896484375 1082.1636535644532 1666.4681884765625 1170.3118103027343 0.7325846354166666 1589.5143676757812 1317.3106567382813 1715.9155639648438 1418.7642944335937 0.9378022693452381 
140 1558.2617797851562 1078.6790161132812 1667.7160034179688 1171.7150268554688 0.7589750744047619 1588.43193359375 1322.425030517578 1716.128369140625 1419.1095153808594 0.8908575148809523 
141 1558.5958190917968 1078.8319458007813 1682.8999084472657 1168.1209350585937 0.7542085193452381 1591.8602355957032 1318.2825256347655 1719.6660095214843 1421.577459716797 0.8876720610119048 
142 1554.7528076171875 1078.4283325195313 1662.4090576171875 1168.1419799804687 0.7771577380952381 1591.1213439941407 1316.9284606933593 1718.5145202636718 1420.9962219238282 0.8692568824404762 
143 1556.8779052734376 1078.8126586914063 1659.8857666015624 1165.5562377929687 0.7837844122023809 1589.6846801757813 1317.218212890625 1721.6070678710937 1422.033251953125 0.8702334449404762 
144 1558.6458801269532 1075.9729614257812 1660.7785583496093 1158.3956909179688 0.7670433407738095 1589.1754821777345 1317.2456970214844 1725.352227783203 1422.9619445800781 0.8875093005952381 
145 1558.8191711425782 1078.6990356445312 1650.0935485839843 1149.4833374023438 0.7658807663690477 1593.2082580566407 1321.9305053710937 1721.7376647949218 1420.6559204101563 0.8942522321428571 
146 1558.4537658691406 1079.5649475097657 1648.6166687011719 1141.5518737792968 0.7829938616071429 1594.3599182128905 1323.9726989746093 1723.969061279297 1421.6490051269532 0.9035063244047619 
147 1552.6935302734375 1077.0662963867187 1646.8806884765625 1135.4625122070313 0.7948056175595238 1596.5992309570313 1323.1849487304687 1724.6939819335937 1421.1397583007813 0.8932756696428571 
148 1551.605126953125 1075.688543701172 1648.116796875 1130.5676818847655 0.7962239583333334 1597.3863037109375 1322.7175537109374 1726.0685302734375 1419.2292236328126 0.8830217633928571 
149 1550.580810546875 1067.1673156738282 1650.981689453125 1122.9455993652343 0.7991303943452381 1599.0649169921876 1320.8868408203125 1725.4956298828124 1421.2877197265625 0.8972981770833334 
150 1545.5880187988282 1057.1144226074218 1651.5578552246093 1116.6064025878907 0.7922014508928571 1597.357354736328 1319.3935913085938 1725.6366638183595 1423.5043579101562 0.8894391741071429 
151 1549.221533203125 1051.6605041503906 1644.44716796875 1107.675555419922 0.7753673735119048 1600.3533020019531 1320.8201843261718 1725.4537048339844 1421.6474670410157 0.9085984002976191 
152 1545.4478088378905 1040.1680053710938 1644.486639404297 1098.0963989257812 0.7761811755952381 1601.3637756347657 1321.0416015625 1726.5638366699218 1423.8177734375 0.8851609002976191 
153 1547.562725830078 1026.4016418457031 1643.7362243652344 1080.0369567871094 0.7572777157738095 1598.2102783203125 1317.7678100585938 1723.9757568359375 1423.1887329101562 0.8845331101190477 
154 1538.6666015625 1007.7246612548828 1639.01796875 1060.7403656005858 0.7613234747023809 1600.3483764648438 1321.2313171386718 1721.5273559570312 1421.5825256347657 0.8814406622023809 
155 1531.09443359375 990.7942474365234 1627.762255859375 1032.4941436767579 0.7679501488095238 1598.01826171875 1318.9255249023438 1721.2224609375 1423.1753051757812 0.9068777901785714 
156 1521.9921752929688 963.539028930664 1625.9690063476562 1007.0202362060547 0.7546735491071429 1594.775927734375 1318.223858642578 1723.329296875 1425.9818298339844 0.8814174107142857 
157 1522.2647644042968 934.5986022949219 1614.1767639160157 990.1286926269531 0.6941499255952381 1601.4357360839845 1321.100115966797 1722.070245361328 1422.5862854003906 0.8834402901785714 
158 1513.157696533203 907.6320343017578 1597.9085876464844 965.4167327880859 0.7039388020833334 1601.4645080566406 1323.0890258789063 1717.0339050292969 1427.1014038085937 0.9146437872023809 
159 1490.587744140625 883.1143920898437 1593.287744140625 925.7446166992188 0.76123046875 1600.5914184570313 1321.8625244140626 1718.7933471679687 1424.5625244140624 0.9115978422619048 
160 1480.572314453125 855.4359100341796 1574.19453125 906.1478912353516 0.7628115699404762 1600.9008483886719 1321.971453857422 1717.9286193847656 1425.3460510253906 0.9059012276785714 
161 1471.6340270996093 840.7735717773437 1552.1075500488282 883.9544555664063 0.7200055803571429 1599.1384887695312 1318.17890625 1712.9789428710938 1424.16826171875 0.9119233630952381 
162 1652.63818359375 1325.3570556640625 1652.63818359375 1325.3570556640625 0.1639346168154762 1601.79052734375 1317.5578857421874 1711.132080078125 1424.9113525390626 0.8795340401785714 
163 1607.6757751464843 1259.6717590332032 1690.0726379394532 1394.3203063964843 0.23331124441964285 1599.5596496582032 1310.609356689453 1712.1018493652343 1419.1322204589844 0.8472144717261905 
164 1656.6694641113281 1337.8086853027344 1672.7393493652344 1363.9221496582031 0.17570568266369047 1597.4117309570313 1306.6732360839844 1711.9098022460937 1415.145001220703 0.8790922619047619 
165 1600.849365234375 1305.3189758300782 1715.123046875 1415.5830017089843 0.9008091517857143 
166 1458.7802612304688 830.7590209960938 1538.8169067382812 876.7801635742187 0.28437732514880953 1600.38369140625 1303.1296691894531 1720.438818359375 1417.1819763183594 0.8987165178571429 
167 1461.365545654297 837.7970031738281 1543.3682189941405 873.7982116699219 0.4348958333333333 1602.0624450683595 1301.3509033203125 1718.066339111328 1413.3546630859375 0.9168991815476191 
168 1458.4807067871093 845.121337890625 1536.1453918457032 880.966552734375 0.46390206473214285 1602.2446350097657 1295.0247863769532 1721.7286315917968 1414.5087829589843 0.9160388764880952 
169 1458.365985107422 849.6859619140625 1535.9151428222656 881.5010498046875 0.5439220610119048 1602.1455383300781 1294.1027099609375 1719.4637145996094 1411.4207275390625 0.9268973214285714 
170 1522.3067565917968 850.0206359863281 1530.2170471191407 863.8637634277344 0.17140997023809523 1602.094873046875 1293.4566955566406 1722.72763671875 1406.1791687011719 0.9141090029761905 
171 1600.0035583496094 1291.262646484375 1719.526593017578 1399.029345703125 0.9218517485119048 
172 1464.9652526855468 845.1994171142578 1533.2106506347657 878.3472747802734 0.31978934151785715 1598.1565002441407 1285.3454162597657 1720.9984069824218 1390.6385925292968 0.9261067708333334 
173 1458.2254272460937 852.2579406738281 1534.2230590820313 881.4877868652344 0.6569707961309523 1596.9548767089843 1277.9644470214844 1717.7715637207032 1385.1406555175781 0.9711449032738095 
174 1461.782568359375 847.9083190917969 1531.988916015625 877.1610168457031 0.5108468191964286 1592.669451904297 1272.2969909667968 1750.6338928222656 1367.8557189941407 0.9297572544642857 
175 1470.5323425292968 836.8179443359375 1539.3007873535157 874.149462890625 0.2804361979166667 1592.1995544433594 1256.4566955566406 1759.2087707519531 1350.7677917480469 0.8982282366071429 
176 1465.9081176757813 849.2709716796875 1532.0852905273437 870.681298828125 0.38771856398809523 1595.6424072265625 1237.5007873535155 1757.1927978515625 1332.873846435547 0.8968796502976191 
177 1471.4724365234374 836.6921966552734 1540.2289794921876 875.9815704345704 0.25630115327380953 1600.1451599121094 1211.3768127441406 1745.515850830078 1303.706805419922 0.8881138392857143 
178 1555.6096984863282 1152.1716613769531 1718.5967224121093 1237.6404724121094 0.30698939732142855 1604.459942626953 1182.0628662109375 1741.6075622558594 1273.4945068359375 0.8593517485119048 
179 1462.5960571289063 850.9476776123047 1532.5494506835937 878.1517486572266 0.4326985677083333 1603.623828125 1159.83359375 1733.814892578125 1243.3890625 0.8983677455357143 
180 1464.2969299316405 850.8135314941406 1535.326727294922 873.8502868652344 0.5368187313988095 1609.1622619628906 1127.6969665527345 1730.1049499511719 1208.325372314453 0.8734188988095238 
181 1465.8209533691406 853.4164825439453 1540.0861511230469 880.0757659912109 0.5615699404761905 1606.0021118164063 1099.6491821289062 1722.1607299804687 1175.8188354492188 0.8080589657738095 
182 1466.2607116699219 852.8225494384766 1541.0353088378906 887.3338836669922 0.6467866443452381 1612.786328125 1063.9463317871093 1708.651171875 1134.8863098144532 0.8414946056547619 
183 1470.7161254882812 859.6148132324219 1542.8493041992188 893.7831359863281 0.6626209077380952 1602.2057983398438 1032.5736389160156 1699.0161254882812 1099.0121765136719 0.7716703869047619 
184 1472.1805236816406 857.9553619384766 1551.618426513672 892.0001434326172 0.6920572916666666 1597.3023498535156 1005.7737060546875 1676.740252685547 1070.0805419921876 0.7630208333333334 
185 1473.2396728515625 861.3909881591796 1561.0188720703125 893.1409332275391 0.7114722842261905 1597.1507141113282 974.9581726074218 1656.9153259277343 1030.9875061035157 0.7593005952380952 
186 1475.3305358886719 863.2452239990234 1564.5428771972656 898.5584259033203 0.7002883184523809 1590.4917236328124 940.4482879638672 1648.1081298828126 1012.9333648681641 0.7616722470238095 
187 1476.5500854492188 863.3205444335938 1568.5114379882812 899.3838012695312 0.7229120163690477 1586.127001953125 915.6123016357421 1642.02509765625 991.3451568603516 0.7423502604166666 
188 1477.1437377929688 860.0788116455078 1575.7910766601562 902.3561859130859 0.7011253720238095 1578.7721130371094 901.9496459960938 1642.188214111328 968.8888549804688 0.7370024181547619 
189 1482.2535583496094 861.2720520019532 1568.689434814453 899.3038757324218 0.6869419642857143 1574.2745788574218 890.7267303466797 1646.8808166503907 961.6042633056641 0.67041015625 
190 1477.6203186035157 861.4893768310546 1570.7259948730468 898.7316314697266 0.6865466889880952 1575.0882507324218 887.793359375 1636.0300354003907 945.349462890625 0.7252371651785714 
191 1480.3508728027343 860.1024353027344 1569.4673645019532 897.3693664550781 0.6910109747023809 1573.2687683105469 882.4126983642578 1634.8402404785156 942.3638519287109 0.7317475818452381 
192 1477.6752197265625 858.6347778320312 1570.1612060546875 899.1988403320313 0.6572730654761905 1576.089794921875 879.7280700683593 1637.747119140625 943.0080139160157 0.7373511904761905 
193 1473.3322448730469 859.3994110107421 1573.2023010253906 898.0587799072266 0.5990978422619048 1575.6805236816406 878.91494140625 1636.891131591797 941.73642578125 0.7314453125 
194 1481.3727905273438 859.8233245849609 1563.2312133789062 904.9290557861328 0.5758114769345238 1572.1624450683594 878.6495361328125 1635.6445617675781 938.7904052734375 0.7176571800595238 
195 1484.318603515625 859.0198333740234 1565.428955078125 897.0920440673829 0.5829148065476191 1575.7428955078126 877.6102905273438 1636.9895263671874 942.1675415039062 0.7416759672619048 
196 1489.06005859375 862.6240814208984 1563.660888671875 899.0570098876954 0.5695568266369048 1577.2064636230468 878.7052642822266 1639.6627990722657 937.6918914794921 0.7469540550595238 
197 1493.7513549804687 863.4281707763672 1566.4424926757813 901.504507446289 0.5332496279761905 1577.4926513671876 878.5388885498047 1639.7993408203124 935.653433227539 0.7326543898809523 
198 1484.1687255859374 862.4202606201172 1566.7790283203126 898.768765258789 0.5658249627976191 1573.7690979003905 878.4339477539063 1639.857244873047 941.2176635742187 0.7460007440476191 
199 1499.5611755371094 861.8505615234375 1573.828594970703 896.267236328125 0.5445963541666666 1579.053887939453 879.1982452392579 1640.6415466308595 944.4087493896484 0.7401878720238095 
200 1501.4466125488282 864.5419738769531 1572.4910095214843 894.4554626464844 0.5626162574404762 1576.6616333007812 880.793017578125 1643.9667846679688 944.35908203125 0.7297944568452381 
201 1510.8817810058595 870.6261169433594 1581.388848876953 903.0212219238281 0.47057524181547616 1575.8186157226562 879.2746032714844 1642.5143920898438 938.3479553222656 0.6805943080357143 
202 1520.4559020996094 865.5420379638672 1589.1811828613281 897.9956207275391 0.44020879836309523 1574.3493347167969 880.0801086425781 1646.8927307128906 939.2601013183594 0.6851515997023809 
203 1513.7539001464843 871.8240631103515 1613.1942199707032 902.4211151123047 0.43679082961309523 1572.9619934082032 880.0617797851562 1643.7175720214843 941.2557250976563 0.7130068824404762 
204 1533.585675048828 875.5984893798828 1608.1803161621094 905.4363616943359 0.45813569568452384 1577.6969665527345 879.1130279541015 1642.967218017578 940.6536346435547 0.7144717261904762 
205 1541.9675720214843 877.5939910888671 1621.0262023925782 915.2409088134766 0.4690638950892857 1578.021710205078 879.3315399169921 1645.7862731933594 939.5665924072266 0.7294224330357143 
206 1541.106951904297 881.4083679199218 1609.6805236816406 912.9151184082032 0.43861607142857145 1578.6014221191406 879.4124816894531 1643.468280029297 940.5726257324219 0.7342819940476191 
207 1541.8108032226562 882.0283935546875 1621.4208862304688 917.2048828125 0.44356863839285715 1574.4238403320312 878.8240478515625 1642.9255249023438 941.771533203125 0.6603422619047619 
208 1543.326239013672 882.5805786132812 1628.8867736816405 914.2007934570313 0.4632045200892857 1575.5187866210938 879.1467010498047 1642.4792602539062 940.5271881103515 0.6976143973214286 
209 1552.2248229980469 879.49462890625 1632.0775451660156 912.92138671875 0.45372953869047616 1575.152099609375 880.5659851074219 1642.005615234375 941.8483215332031 0.6972191220238095 
210 1536.1350524902343 878.7147369384766 1625.4895812988282 914.0842742919922 0.4499627976190476 1574.2968444824219 880.2183044433593 1643.1744689941406 939.7880432128907 0.6825009300595238 
211 1524.2406372070313 876.1640838623047 1595.6482788085937 908.1095367431641 0.47122628348214285 1577.1459167480468 881.584683227539 1641.0368225097657 941.7173797607422 0.7129836309523809 
212 1527.8504821777344 877.4867706298828 1597.731671142578 908.7493743896484 0.45668247767857145 1574.9566284179687 879.3257415771484 1641.1598266601563 943.6899444580079 0.7079148065476191 
213 1521.7225402832032 873.5013092041015 1570.2048278808593 903.3366424560547 0.44491722470238093 1575.7272705078126 880.0994903564454 1640.9919677734374 939.7700775146484 0.6640159970238095 
214 1518.1611267089843 872.9434539794922 1570.2923645019532 897.1473052978515 0.42885044642857145 1572.0826416015625 878.6721801757812 1640.9705810546875 940.1127319335938 0.6631091889880952 
215 1516.2664123535155 872.2143371582031 1567.777166748047 899.8093444824219 0.4531947544642857 1572.588641357422 878.0870941162109 1638.8167541503906 940.6358673095704 0.66748046875 
216 1510.9083618164063 864.568978881836 1586.3975463867187 894.7647003173828 0.4489164806547619 1577.7599304199218 881.8444183349609 1640.0385314941407 938.4613067626954 0.7041248139880952 
217 1515.5066772460937 863.0953125 1589.1778930664063 893.3193603515625 0.45632207961309523 1577.84375 882.0580139160156 1640.180908203125 936.8390808105469 0.6974283854166666 
218 1514.475732421875 864.7609130859375 1584.863623046875 897.10126953125 0.46489025297619047 1578.0590576171876 882.3944641113281 1642.7397705078124 939.4657653808594 0.6735956101190477 
219 1515.4671264648437 864.6094604492188 1576.1415161132813 904.4270385742187 0.44087146577380953 1574.172412109375 881.6012176513672 1644.32734375 938.4834381103516 0.7017996651785714 
220 1523.2552001953125 874.6198944091797 1586.4677001953125 901.7109771728516 0.4683314732142857 1574.4503540039063 878.7877838134766 1639.4690795898437 942.0003631591796 0.7322591145833334 
221 1507.491552734375 868.8530517578125 1568.639794921875 900.35361328125 0.5070219494047619 1575.695361328125 881.7526000976562 1638.696484375 937.3418823242188 0.6878952752976191 
222 1511.6569702148438 868.5366394042969 1567.3154418945312 900.0763977050781 0.4993489583333333 1575.0220092773438 879.8110046386719 1638.1015258789062 937.3247375488281 0.6761067708333334 
223 1525.6169067382812 879.4761932373046 1607.3179077148438 905.4719879150391 0.41567847842261907 1575.8943786621094 879.4762115478516 1642.7407531738281 942.6088104248047 0.7058919270833334 
224 1520.8154907226562 874.2891204833984 1579.9550170898438 900.1627227783204 0.4377325148809524 1575.6191162109376 878.76728515625 1640.3030029296874 939.754931640625 0.7057059151785714 
225 1534.2634033203126 878.62490234375 1599.7724853515624 908.571875 0.4579496837797619 1577.6722473144532 880.7125427246094 1641.3095642089843 942.4782531738281 0.7259579613095238 
226 1521.66337890625 878.2340301513672 1587.9240234375 907.6832672119141 0.4088657924107143 1575.4647705078125 879.2959228515625 1641.7254150390625 936.3537353515625 0.6924990699404762 
227 1509.668524169922 873.5187866210938 1578.3950744628905 905.0958374023437 0.46347191220238093 1577.680731201172 880.3057006835937 1638.9773498535155 939.7448364257813 0.7236560639880952 
228 1509.3342041015626 871.5300506591797 1582.1494384765624 901.4029937744141 0.5111955915178571 1576.9072692871093 881.0089538574218 1636.6531555175782 940.7548400878907 0.7490001860119048 
229 1520.2401977539062 873.7676330566406 1577.1536010742188 899.4704040527344 0.43493071056547616 1573.0580200195313 876.8039642333985 1637.3150268554687 937.3890899658203 0.7080078125 
230 1511.0059936523437 870.0462768554687 1576.6036254882813 897.3786499023438 0.4696451822916667 1569.0347595214844 877.6852966308594 1641.9209289550781 935.9943908691406 0.6926385788690477 
231 1519.7035888671876 874.1029296875 1578.4778076171874 897.9799560546875 0.45261346726190477 1570.7071960449218 877.1405487060547 1640.5014221191407 935.9146881103516 0.6939639136904762 
232 1518.4483947753906 867.6556579589844 1577.9838562011719 895.5629699707031 0.44030180431547616 1573.4041381835937 879.7488006591797 1640.3817504882813 939.2843414306641 0.6909644717261905 
233 1513.371160888672 866.4554656982422 1584.5764709472655 898.3104644775391 0.46340215773809523 1579.0991821289062 880.9415466308594 1642.8090209960938 937.1562316894531 0.6926618303571429 
234 1524.5005981445313 872.7009490966797 1596.6851928710937 901.1948638916016 0.42349097842261907 1582.8036315917968 881.3221954345703 1643.5905334472657 936.4104095458985 0.6804082961309523 
235 1522.022479248047 868.8806091308594 1595.9756896972656 899.2203430175781 0.41859654017857145 1576.8673950195312 878.7264709472656 1643.2356323242188 937.5097351074219 0.6951962425595238 
236 1515.573748779297 869.5862731933594 1587.2544982910156 895.9949035644531 0.40514555431547616 1575.7189086914063 879.3806610107422 1641.7405639648437 934.0843658447266 0.6936151413690477 
237 1517.7871154785157 868.8303894042969 1597.3983093261718 899.1583801269531 0.4190266927083333 1577.8599365234375 878.6723876953125 1642.3070556640625 937.432958984375 0.6926385788690477 
238 1511.2632141113281 863.5716979980468 1578.0381774902344 896.0052062988282 0.48423549107142855 1577.7447509765625 880.0085968017578 1640.7039794921875 935.3364349365235 0.6873837425595238 
239 1514.5746276855468 866.9855255126953 1581.1728088378907 899.3332611083985 0.48490978422619047 1577.9526977539062 880.23203125 1640.7453002929688 937.3161865234375 0.6947312127976191 
240 1520.0514343261718 876.0566345214844 1582.8664123535157 900.0741027832031 0.4239908854166667 1573.415704345703 877.4778198242187 1641.7731384277345 938.4451538085938 0.7270972842261905 
241 1517.584161376953 870.7565826416015 1577.3627380371095 902.5139862060547 0.5055222284226191 1577.722021484375 881.677700805664 1639.3685546875 943.3243133544922 0.7282133556547619 
242 1528.2130615234375 871.6820739746094 1592.4773681640625 907.5944152832031 0.5008370535714286 1574.7391845703125 880.47841796875 1639.0034912109375 940.9623779296875 0.7399321056547619 
243 1543.7388732910156 882.5495300292969 1609.849871826172 918.4383850097656 0.4938848586309524 1570.1106323242188 879.0623596191406 1634.3327270507812 945.1733581542969 0.7349795386904762 
244 1534.8099670410156 883.9744293212891 1597.4208679199219 918.1258514404296 0.4946870349702381 1566.69921875 880.2528106689454 1631.207275390625 946.6582611083984 0.70947265625 
245 1525.2445556640625 872.8787811279296 1591.9209716796875 910.9795562744141 0.48270089285714285 1566.4959899902344 880.4989715576172 1631.267315673828 941.4601959228515 0.6914295014880952 
246 1526.1411926269532 872.8338287353515 1596.8459899902343 912.9634735107422 0.48098028273809523 1561.4201416015626 880.2570251464844 1632.1247802734374 945.2289367675781 0.6659923735119048 
247 1517.1304992675782 876.1069488525391 1586.1061950683593 908.6787567138672 0.4375697544642857 1567.462176513672 881.6338256835937 1634.5218322753906 942.9455200195313 0.6782691592261905 
248 1525.6340454101562 875.7219512939453 1596.1542846679688 911.935092163086 0.46959867931547616 1559.1348388671875 878.0677795410156 1631.5609619140625 944.7760925292969 0.7101934523809523 
249 1518.8930725097657 875.6224365234375 1578.4647155761718 910.21240234375 0.45934477306547616 1565.5303771972656 880.9439514160156 1630.866961669922 946.2805358886719 0.6740606398809523 
250 1516.4875427246093 873.7010711669922 1577.4293273925782 909.8851715087891 0.4679594494047619 1567.5408874511718 884.2486785888672 1630.3869689941407 943.2859283447266 0.6758277529761905 
251 1518.261895751953 876.6311248779297 1583.7279724121095 913.2151275634766 0.44127836681547616 1570.5459594726562 883.8887298583984 1632.1610717773438 947.4293243408204 0.6628301711309523 
252 1519.8253173828125 875.9121520996093 1581.2261962890625 908.5313293457032 0.43745349702380953 1566.8353698730468 881.4470825195312 1630.1549865722657 942.8479614257812 0.6566220238095238 
253 1519.7822998046875 879.2674041748047 1586.8573486328125 911.8466705322265 0.42639741443452384 1567.6193969726562 881.6260345458984 1628.9450561523438 944.8682891845704 0.6655505952380952 
254 1506.4323120117188 861.9617065429687 1580.8760375976562 902.0468383789063 0.49238513764880953 1557.2361572265625 881.3435150146485 1624.0446044921875 944.3344024658203 0.6448567708333334 
255 1509.1098571777343 858.7181549072266 1579.7889465332032 895.0128631591797 0.5018019903273809 1553.8537292480469 878.1145172119141 1618.8021545410156 937.3321990966797 0.5684988839285714 
256 1520.7203369140625 868.1405548095703 1601.3482666015625 908.4545989990235 0.41885230654761907 1565.5382202148437 885.1226440429688 1628.8887817382813 944.6338256835937 0.6377883184523809 
257 1516.84921875 874.4527435302734 1597.411767578125 905.1432647705078 0.39417085193452384 1567.3114807128907 888.3962646484375 1632.5287292480468 951.69541015625 0.7065662202380952 
258 1521.4628051757813 878.1560180664062 1598.3040405273437 905.0504028320313 0.3955078125 1570.5229370117188 889.756103515625 1631.9958618164062 956.9920654296875 0.7378162202380952 
259 1512.1558654785156 874.9528411865234 1594.345477294922 901.7122589111328 0.3768717447916667 1569.791571044922 888.1855651855469 1636.6899963378905 953.1727111816406 0.6994047619047619 
260 1507.8692565917968 865.3854156494141 1582.6838439941407 896.0786346435547 0.41237676711309523 1569.2556213378907 890.6925628662109 1636.3968444824218 957.8338653564454 0.7315383184523809 
261 1501.6455444335938 872.7826965332031 1582.3302856445312 903.5197937011719 0.41687593005952384 1574.3504699707032 892.8800384521485 1639.6667419433593 954.3541534423828 0.6884300595238095 
262 1511.9074279785157 868.7522583007812 1598.1481140136718 903.2485961914062 0.3949381510416667 1570.94912109375 893.6662658691406 1643.77451171875 954.9930358886719 0.6825241815476191 
263 1523.89443359375 885.6219329833984 1604.530615234375 912.5006866455078 0.4664946056547619 1573.9598022460937 896.62451171875 1643.0765747070313 956.1417236328125 0.6955682663690477 
264 1505.5032104492188 869.8004943847657 1590.1584106445312 902.5082214355468 0.5052548363095238 1573.0645812988282 898.5862182617187 1636.5559020996093 964.0016723632813 0.7175874255952381 
265 1513.6237548828126 881.7870880126953 1603.6760498046874 914.3592132568359 0.47451636904761907 1573.9778625488282 899.3259826660156 1639.1221130371093 958.7221130371094 0.6718052455357143 
266 1509.625714111328 873.2870574951172 1588.4701110839844 913.670767211914 0.4882928757440476 1575.8964111328125 901.2450103759766 1631.6643798828125 968.5511932373047 0.7253301711309523 
267 1524.9603393554687 886.2464813232422 1634.1124145507813 922.6305328369141 0.44935825892857145 1572.9812744140625 899.9457275390625 1636.1747314453125 970.7989013671875 0.6866164434523809 
268 1506.2381408691406 873.1047729492187 1584.692156982422 915.2021118164063 0.47815522693452384 1576.3756958007812 905.5609283447266 1633.7810424804688 972.5338592529297 0.7155645461309523 
269 1509.5272583007813 885.5670989990234 1582.2298217773437 923.8316436767578 0.3942173549107143 1577.2995910644531 910.4390228271484 1636.6097106933594 975.4887725830079 0.7540457589285714 
270 1531.7118286132813 903.7806518554687 1606.0171752929687 939.9807006835938 0.48583984375 1578.9037658691407 909.2765869140625 1637.9669616699218 974.0556884765625 0.7420014880952381 
271 1497.005078125 875.7557067871094 1588.188525390625 913.7488098144531 0.49840727306547616 1580.6629333496094 906.2963470458984 1643.3515930175781 970.8846221923828 0.7109142485119048 
272 1485.9984252929687 859.7614929199219 1580.7032348632813 895.7493713378906 0.6035621279761905 1577.570654296875 913.9618469238281 1636.287744140625 972.6787780761719 0.7568591889880952 
273 1486.2561462402343 862.2229644775391 1575.4995910644532 900.1988494873046 0.6079334077380952 1575.280499267578 913.4173706054687 1639.8394958496094 976.0776245117188 0.7529296875 
274 1488.4235412597657 859.2532501220703 1581.2181823730468 891.4473724365234 0.6318591889880952 1574.7357666015625 914.4639251708984 1639.1238525390625 973.1707794189454 0.7611607142857143 
275 1490.873291015625 867.1511322021485 1585.351806640625 901.1633819580078 0.5839146205357143 1574.523126220703 909.9571166992188 1636.8788513183595 976.0920776367187 0.7709263392857143 
276 1490.021905517578 867.1923187255859 1584.5158142089845 903.0999786376954 0.6175362723214286 1575.1391235351562 915.0207763671875 1637.5051635742188 977.38681640625 0.7423967633928571 
277 1486.2125427246094 859.9902160644531 1584.172589111328 895.7832214355469 0.6977306547619048 1572.9418884277343 913.6797607421875 1635.1087707519532 973.9628173828125 0.7517903645833334 
278 1486.1012756347657 860.7342864990235 1584.5707214355468 894.8198516845703 0.7098446800595238 1574.9568298339843 915.5042663574219 1635.5533020019532 979.8880676269531 0.7712518601190477 
279 1484.325372314453 857.4128692626953 1580.8473571777345 893.372103881836 0.7300967261904762 1571.02041015625 913.6081909179687 1635.368505859375 979.8488403320313 0.7524181547619048 
280 1482.2043212890626 854.3104583740235 1578.9502197265624 894.1470001220703 0.7017299107142857 1572.4567138671875 909.1768768310546 1633.1599853515625 979.3650543212891 0.7602771577380952 
281 1480.5736083984375 854.5676208496094 1578.4798583984375 894.1066955566406 0.6794317336309523 1566.1691589355469 904.4621887207031 1637.7159729003906 976.0090026855469 0.7287713913690477 
282 1486.626727294922 857.8584594726562 1577.5250061035156 897.6265258789062 0.6118396577380952 1558.9520141601563 896.9710083007812 1629.0196655273437 976.5071411132812 0.7316313244047619 
283 1488.6171630859376 854.2373443603516 1575.9939208984374 894.1267303466797 0.6302315848214286 1554.8802490234375 894.1267181396485 1625.1614990234375 968.2069610595703 0.7360026041666666 
284 1487.5376708984375 858.6250457763672 1580.2731201171875 898.3689117431641 0.6201171875 1552.9765991210938 884.6114379882813 1621.1088500976562 964.0990112304687 0.6499255952380952 
285 1499.9252319335938 857.2788024902344 1571.6013793945312 895.8736633300781 0.5700334821428571 1556.1210388183595 881.7363891601562 1618.607843017578 953.4125366210938 0.6693405877976191 
286 1489.739111328125 854.4952789306641 1576.195458984375 893.1246551513672 0.6177455357142857 1549.8764892578124 876.7814331054688 1617.9379638671876 943.0033569335938 0.6771763392857143 
287 1491.9772644042969 854.6151916503907 1568.6656799316406 887.4816101074218 0.6236514136904762 1550.1958740234375 871.1185821533203 1621.4064208984375 931.3737884521485 0.6947544642857143 
288 1484.4468872070313 853.826791381836 1572.4784057617187 890.5066436767578 0.6183268229166666 1551.246563720703 869.2041656494141 1622.7721130371094 931.5598114013671 0.7042410714285714 
289 1494.2728088378906 846.5397277832031 1567.820086669922 891.7996276855469 0.5506417410714286 1551.2828247070313 867.7915649414062 1621.0584838867187 930.0239868164062 0.6350213913690477 
290 1501.9669677734375 851.9255004882813 1564.0794189453125 883.9227661132812 0.5642903645833334 1553.4377563476562 863.7977722167968 1621.1967651367188 918.3814270019532 0.5958193824404762 
291 1500.9692749023438 850.6632843017578 1565.2104125976562 880.8943939208984 0.5760323660714286 1556.4172607421874 865.0521392822266 1618.7690185546876 921.7355194091797 0.5976097470238095 
292 1498.3671569824219 852.7628143310546 1564.7311096191406 883.2543365478516 0.5696847098214286 1557.9016357421874 865.3181335449219 1622.4718994140626 906.5713928222656 0.5576869419642857 
293 1506.9084533691407 850.5380096435547 1571.6312194824218 879.3036041259766 0.47977120535714285 1551.3016296386718 855.585806274414 1626.8112854003907 900.5320526123047 0.6069800967261905 
294 1518.379412841797 849.1842529296875 1566.9769104003906 879.090283203125 0.47644624255952384 1553.3897705078125 852.994384765625 1622.5474853515625 899.72265625 0.5867745535714286 
295 1498.2186767578125 851.7150024414062 1564.3238037109375 880.0458618164063 0.5695568266369048 1554.214306640625 866.1225738525391 1628.1892578125 916.4884490966797 0.5304245721726191 
296 1520.2200622558594 851.7009185791015 1564.5481262207031 886.7940155029297 0.4573335193452381 1549.985205078125 854.8976654052734 1607.242333984375 899.2258087158203 0.49855840773809523 
297 1511.7681274414062 847.3046966552735 1567.4894409179688 876.1261505126953 0.509521484375 1556.330389404297 864.3019592285157 1610.1304260253905 912.3376892089843 0.5146949404761905 
298 1528.4076049804687 846.7786193847656 1586.2230102539063 877.6134704589844 0.45649646577380953 1560.7990112304688 862.5666198730469 1620.5415649414062 910.7461242675781 0.5362258184523809 
299 1534.0220947265625 849.913427734375 1588.3104248046875 878.996484375 0.4436732700892857 1566.311749267578 867.0649353027344 1638.0499450683594 915.5367492675781 0.5220075334821429 
