0 1966.1575073242188 1177.8642028808595 2182.060021972656 1312.587335205078 0.8285667782738095 1921.6484130859376 1108.7753356933595 2016.6455322265624 1243.498468017578 0.8345191592261905 
1 1977.186328125 1183.6420959472657 2174.93232421875 1314.3265319824218 0.8102446056547619 1920.706201171875 1109.3053161621094 2011.84140625 1253.746075439453 0.8439825148809523 
2 1976.5834533691407 1188.8825256347657 2174.003338623047 1307.3343933105468 0.8546549479166666 1917.5555725097656 1117.30947265625 2008.5404968261719 1249.494970703125 0.8561662946428571 
3 1987.29013671875 1190.7722900390625 2169.570703125 1304.2677490234375 0.8431687127976191 1915.396417236328 1118.2833679199218 2009.9760192871095 1252.4142639160157 0.8748372395833334 
4 1992.517315673828 1193.0352111816405 2167.779437255859 1304.721746826172 0.8216610863095238 1914.7993225097657 1121.3310791015624 2007.5850769042968 1258.7914794921876 0.8705124627976191 
5 1991.5966918945312 1196.823828125 2168.1672241210936 1308.25185546875 0.8208937872023809 1914.256365966797 1124.5604431152344 2006.8272521972656 1256.559796142578 0.8728143601190477 
6 1997.0489074707032 1200.3485107421875 2168.9670837402346 1309.2869873046875 0.81298828125 1914.624932861328 1127.4828857421876 2006.5416931152345 1255.1450439453124 0.8561430431547619 
7 2006.296368408203 1201.5831481933594 2171.059466552734 1310.292950439453 0.8075241815476191 1911.1100646972657 1121.5534362792969 2006.2311218261718 1255.7420959472656 0.8554920014880952 
8 2007.7528198242187 1202.0784301757812 2172.456408691406 1310.7487182617188 0.7794596354166666 1908.8784423828124 1118.15927734375 2002.2670654296876 1252.29921875 0.8616768973214286 
9 2007.00439453125 1203.6364868164062 2174.5888671875 1310.2812377929688 0.7869931175595238 1904.9171936035157 1113.8544067382813 1998.0196960449218 1242.5052124023437 0.8552594866071429 
10 2015.0120849609375 1204.221453857422 2173.9796142578125 1310.7635314941406 0.7826450892857143 1900.5343811035157 1111.4034851074218 1991.8563659667968 1233.1659729003907 0.8732561383928571 
11 2009.08720703125 1205.8391662597655 2176.06611328125 1312.098455810547 0.7901785714285714 1894.3946105957032 1111.256689453125 1987.1606872558593 1227.635888671875 0.8898809523809523 
12 2021.44755859375 1207.173028564453 2172.36689453125 1312.8165954589845 0.7742978050595238 1889.1027526855469 1112.4291137695313 1979.6544494628906 1223.1033569335937 0.8803245907738095 
13 2013.7499389648438 1207.0094116210937 2173.1824340820312 1316.0948364257813 0.7801339285714286 1882.2664306640625 1112.9634216308593 1972.8912841796875 1220.3706848144532 0.8541899181547619 
14 2012.4822143554688 1207.7953674316407 2171.617639160156 1315.0023620605468 0.7853190104166666 1877.571484375 1114.5047912597656 1966.35234375 1215.0111999511719 0.8565150669642857 
15 2010.9951293945312 1206.713623046875 2171.5378295898436 1317.086669921875 0.8052920386904762 1877.8528564453125 1121.9398315429687 1954.7794677734375 1208.9005004882813 0.8274507068452381 
16 2012.6464477539062 1204.898291015625 2166.583776855469 1318.678125 0.7911551339285714 1876.6641418457032 1121.7516357421875 1948.6130798339843 1208.7595947265625 0.8380998883928571 
17 2008.0445678710937 1206.5963439941406 2165.689562988281 1318.9601745605469 0.7992931547619048 1877.4908081054687 1125.1291931152343 1947.9278930664063 1205.6287414550782 0.8327055431547619 
18 1996.9701843261719 1207.5122924804687 2160.0216369628906 1320.6500610351563 0.7947591145833334 1876.9852722167968 1127.0742980957032 1948.5282775878907 1205.2725036621093 0.82421875 
19 1994.1575622558594 1210.3680053710937 2158.665802001953 1320.0399536132813 0.8102446056547619 1875.4101684570312 1127.283135986328 1950.1865112304688 1203.7211364746095 0.8309151785714286 
20 1991.2216064453125 1212.6011474609375 2155.7471435546877 1322.2848388671875 0.8151971726190477 1875.2098876953125 1126.7588928222656 1948.3323486328125 1204.866961669922 0.8313337053571429 
21 1988.0718383789062 1216.525653076172 2154.4201049804688 1322.9883850097656 0.8211263020833334 1874.5073486328124 1129.3209655761718 1949.3639892578126 1204.1774475097657 0.8332868303571429 
22 1988.1742919921876 1217.15751953125 2153.7383056640624 1321.462841796875 0.8306826636904762 1878.0741638183595 1128.5170593261719 1949.266778564453 1206.3321838378906 0.8313802083333334 
23 1988.3441528320313 1216.9261657714844 2155.3792358398437 1321.116436767578 0.8371698288690477 1878.5563903808593 1128.1927185058594 1949.6702941894532 1207.5757141113281 0.8332170758928571 
24 1984.8060607910156 1215.7597412109376 2155.587371826172 1320.2180419921874 0.8364490327380952 1878.9446838378906 1129.5400085449219 1950.241717529297 1207.4693908691406 0.8273111979166666 
25 1982.199530029297 1216.2053588867188 2155.9924865722655 1320.4811645507812 0.8379371279761905 1877.9874572753906 1131.6007385253906 1950.8149108886719 1207.7384948730469 0.8163597470238095 
26 1982.0209411621095 1217.1023864746094 2156.597833251953 1320.8603820800781 0.8332170758928571 1875.7925109863281 1130.0040283203125 1949.9053649902344 1209.0577392578125 0.8058035714285714 
27 1982.8138305664063 1218.4255126953126 2157.202038574219 1322.0713134765624 0.837890625 1875.6245178222657 1130.155743408203 1948.0120788574218 1209.1239196777344 0.8019438244047619 
28 1983.2731140136718 1218.816339111328 2157.1879455566404 1320.5402282714845 0.8370535714285714 1877.8260009765625 1129.3346374511718 1948.3763916015625 1208.0885803222657 0.8055478050595238 
29 1983.5912231445313 1218.7817016601562 2156.7264038085937 1320.0493530273438 0.8409830729166666 1877.3608032226562 1128.0680541992188 1947.5947631835938 1209.7354125976562 0.8102213541666666 
30 1983.0333740234375 1219.2274230957032 2157.5691650390627 1320.3603454589843 0.8361235119047619 1877.1323120117188 1127.1913146972656 1947.2729614257812 1210.3813171386719 0.8086402529761905 
31 1985.5909851074218 1220.5424560546876 2156.9477111816404 1320.7700439453124 0.8318219866071429 1876.9074096679688 1127.900408935547 1944.8035278320312 1211.9622619628906 0.8004092261904762 
32 1988.6631713867187 1221.0246337890626 2155.3180297851563 1321.3410888671874 0.8293805803571429 1878.2652465820313 1128.3002502441407 1944.6036499023437 1212.4366882324218 0.8130347842261905 
33 1989.7594299316406 1220.8605163574218 2154.770721435547 1321.1615783691407 0.83349609375 1874.898583984375 1127.7771728515625 1946.079931640625 1215.1361572265625 0.8201962425595238 
34 1989.1348449707032 1222.2007263183593 2155.3210876464846 1322.2351867675782 0.8347749255952381 1874.9515441894532 1128.123681640625 1944.3303161621093 1215.250341796875 0.8147321428571429 
35 1990.3863220214844 1221.4362182617188 2154.520050048828 1322.8130493164062 0.8253115699404762 1869.3901306152343 1130.45712890625 1945.0203918457032 1215.742333984375 0.8034319196428571 
36 1993.0917419433595 1221.1764831542969 2153.887872314453 1322.4779357910156 0.8264276413690477 1866.4958862304688 1137.3151733398438 1945.2858520507812 1225.7529418945312 0.81103515625 
37 1994.4428588867188 1220.997735595703 2153.8982055664064 1324.0800231933595 0.8267531622023809 1861.0679748535156 1137.4912475585938 1941.600848388672 1234.1308227539062 0.7892252604166666 
38 1992.7127197265625 1221.6319763183594 2154.4567138671873 1323.530743408203 0.8187779017857143 1860.2069458007813 1142.0040466308594 1941.0789428710937 1243.902813720703 0.8328450520833334 
39 1995.9387512207031 1221.8232055664062 2153.8121032714844 1323.3130249023438 0.8252650669642857 1857.025341796875 1143.3822143554687 1940.7947265625 1248.0941040039063 0.8423549107142857 
40 1999.3896057128907 1221.9923278808594 2153.118572998047 1323.938702392578 0.8148484002976191 1855.3700927734376 1145.6879760742188 1941.1345458984374 1250.8708618164062 0.8089192708333334 
41 2005.9798889160156 1218.0140808105468 2152.500457763672 1323.8344299316407 0.8189871651785714 1853.5108276367187 1152.0170776367188 1943.0511840820313 1254.5815551757812 0.8371000744047619 
42 2007.797625732422 1219.9413757324219 2151.949566650391 1323.6009826660156 0.7994094122023809 1857.5408020019531 1156.399853515625 1943.3841247558594 1260.059619140625 0.8445172991071429 
43 2007.5691833496094 1221.0136962890624 2155.662384033203 1323.5397705078126 0.8157087053571429 1865.4222717285156 1159.6733825683593 1943.5373229980469 1262.1992980957032 0.8277762276785714 
44 2007.5226928710938 1221.8672485351562 2156.2251098632814 1324.8151245117188 0.8047805059523809 1867.11630859375 1164.234033203125 1947.1869140625 1265.547705078125 0.8251023065476191 
45 2010.1270629882813 1223.4857788085938 2157.778942871094 1321.9204711914062 0.8079427083333334 1867.3337524414062 1169.2206604003907 1951.0031616210938 1267.6551940917968 0.8356119791666666 
46 2007.7002868652344 1221.99619140625 2158.776885986328 1322.166650390625 0.8104538690476191 1868.7502136230469 1170.0163269042969 1954.1412658691406 1271.8287658691406 0.8423316592261905 
47 2008.707537841797 1223.3030944824218 2155.646099853516 1322.3625549316407 0.8099888392857143 1871.3576049804688 1169.3917419433594 1953.9072875976562 1273.404278564453 0.8623279389880952 
48 2002.927264404297 1222.0361267089843 2157.095806884766 1319.8419250488282 0.8092912946428571 1874.0072265625 1165.099560546875 1951.920263671875 1281.1404296875 0.8690011160714286 
49 2004.7092834472655 1221.9639404296875 2155.805242919922 1318.2667724609375 0.8116629464285714 1872.6439880371095 1166.9154235839844 1950.682550048828 1286.463848876953 0.8772786458333334 
50 2005.8470520019532 1224.0964416503907 2155.4379821777343 1318.8372741699218 0.8187313988095238 1872.1740417480469 1165.8582153320312 1950.2938537597656 1288.8551635742188 0.8877883184523809 
51 2006.564715576172 1223.3910583496095 2158.035504150391 1319.933038330078 0.8190104166666666 1872.6992248535157 1165.06904296875 1952.5960632324218 1289.907763671875 0.8926478794642857 
52 2006.631982421875 1223.0276977539063 2158.409521484375 1319.7650268554687 0.8165225074404762 1872.6880920410156 1164.3951782226563 1951.078631591797 1291.1543823242187 0.9022042410714286 
53 2009.3158142089844 1221.3311340332032 2156.1115539550783 1321.4192321777343 0.8131277901785714 1873.4911804199219 1165.8336303710937 1951.8934631347656 1290.9437133789063 0.8932989211309523 
54 2012.6695434570313 1222.777569580078 2154.754528808594 1321.4012634277344 0.8163597470238095 1876.1778869628906 1168.8367248535155 1953.0710144042969 1289.190985107422 0.8854166666666666 
55 2008.9752014160156 1222.9682556152343 2155.0793640136717 1320.3709777832032 0.7998279389880952 1877.5978881835938 1164.3200622558593 1953.1689575195312 1288.5924133300782 0.8720470610119048 
56 2008.7552917480468 1221.8868591308594 2158.4601623535154 1322.811260986328 0.7901320684523809 1878.8474426269531 1169.2896240234375 1954.5408630371094 1288.7169677734375 0.8658389136904762 
57 2018.9568176269531 1223.089404296875 2154.9180603027344 1322.122998046875 0.7800176711309523 1878.7344787597656 1170.2155151367188 1954.268572998047 1291.0701293945312 0.86572265625 
58 2016.75166015625 1222.3389465332032 2155.5583984375 1324.3535583496093 0.7908528645833334 1877.4303039550782 1170.0451904296874 1952.6870056152343 1290.4557861328126 0.8803943452380952 
59 2019.4700622558594 1223.125994873047 2156.727813720703 1323.5584533691406 0.7851097470238095 1875.5812683105469 1163.3814636230468 1954.2533264160156 1290.5959533691407 0.8827194940476191 
60 2021.1994018554688 1224.1450073242188 2157.3931274414062 1323.7990844726562 0.7917829241071429 1874.5929016113282 1167.9938659667969 1952.6552673339843 1289.2396545410156 0.8776041666666666 
61 2015.224346923828 1224.293896484375 2156.094866943359 1325.389208984375 0.7913178943452381 1873.3337341308593 1169.3479125976562 1951.2269348144532 1293.6454956054688 0.8896251860119048 
62 2014.0883483886719 1221.8101318359375 2156.0148010253906 1326.2157470703125 0.7857375372023809 1873.3543212890625 1170.6112976074219 1951.6583740234375 1294.5929260253906 0.8941824776785714 
63 2013.3202087402344 1220.2747863769532 2153.5334289550783 1324.6196228027343 0.7847842261904762 1872.6677978515625 1170.359844970703 1949.2960693359375 1294.2694274902344 0.8840680803571429 
64 2012.5614379882813 1223.2910034179688 2155.1707397460937 1323.2815063476562 0.7955496651785714 1872.978338623047 1170.2065551757812 1946.7417541503905 1293.1457397460938 0.8854166666666666 
65 2011.6063659667968 1222.0942138671876 2156.7663146972654 1323.2168212890624 0.7944103422619048 1874.5388305664062 1172.5366149902343 1946.3032104492188 1289.9693664550782 0.8841843377976191 
66 2010.8059020996093 1221.7728759765625 2155.889044189453 1324.4722412109375 0.8022693452380952 1873.4344543457032 1172.6176025390625 1948.4213806152343 1288.3582275390625 0.8823707217261905 
67 2012.665625 1220.6946411132812 2154.49892578125 1323.4013061523438 0.7961309523809523 1873.466082763672 1170.469793701172 1950.0884826660156 1284.5884338378905 0.8626999627976191 
68 2012.876934814453 1220.8718200683593 2155.169329833984 1323.9112609863282 0.7901088169642857 1875.931591796875 1176.8380249023437 1951.166552734375 1279.8773071289063 0.8319382440476191 
69 2015.5602416992188 1222.3773620605468 2153.4043579101562 1324.1193420410157 0.7905738467261905 1876.3276733398438 1178.1965759277343 1951.8136840820312 1279.9385559082032 0.8389601934523809 
70 2013.3626098632812 1221.7577026367187 2154.3202514648438 1323.3782836914063 0.7991303943452381 1877.1959655761718 1174.9189147949219 1952.5919982910157 1278.1786193847656 0.8468656994047619 
71 2013.2949096679688 1221.4359375 2154.1262329101564 1326.2408203125 0.7978283110119048 1877.25029296875 1167.5849365234376 1952.578564453125 1280.5776611328124 0.8514694940476191 
72 2014.5273071289062 1221.7492614746093 2153.630163574219 1324.8490051269532 0.7952938988095238 1875.298486328125 1162.3315368652343 1955.487158203125 1278.5233215332032 0.8663039434523809 
73 2011.1859619140625 1223.3639099121094 2154.4658935546877 1322.177716064453 0.7755068824404762 1873.6067443847655 1159.1349548339845 1957.598455810547 1287.592950439453 0.8744884672619048 
74 2013.405743408203 1223.3042602539062 2153.349505615234 1322.0880737304688 0.7785993303571429 1872.5754333496093 1157.638330078125 1959.8346008300782 1287.7037109375 0.8700009300595238 
75 2016.478692626953 1220.689630126953 2154.0319274902345 1325.4921325683595 0.7888997395833334 1872.2492614746093 1154.3062744140625 1960.6763977050782 1288.5845947265625 0.8863002232142857 
76 2015.0935668945312 1221.2591979980468 2153.9755249023438 1325.8290588378907 0.7957124255952381 1872.8182250976563 1155.2117004394531 1959.4151733398437 1287.5579528808594 0.8779529389880952 
77 2014.2529663085938 1221.0607360839845 2153.133020019531 1325.629327392578 0.7965494791666666 1876.8811462402343 1156.8365600585937 1953.6736633300782 1284.2794067382813 0.8834635416666666 
78 2011.5661926269531 1220.8550537109375 2153.6783142089844 1325.3971435546875 0.7963402157738095 1875.673895263672 1157.0239807128905 1954.0806213378905 1281.167791748047 0.8730236235119048 
79 2013.9618408203125 1221.6326965332032 2153.3570068359377 1324.9492126464843 0.7967819940476191 1875.89111328125 1158.2425842285156 1954.6083984375 1286.1581726074219 0.8728608630952381 
80 2014.9009948730468 1221.2464599609375 2152.5732482910157 1324.5006103515625 0.7925734747023809 1876.7244689941406 1158.0835205078124 1955.394305419922 1284.2831787109376 0.8644903273809523 
81 2012.5122009277343 1221.1271057128906 2153.107550048828 1325.7563171386719 0.7830636160714286 1878.6446044921875 1160.8270874023438 1958.7513916015625 1286.7090454101562 0.8491443452380952 
82 2015.5880493164063 1221.1462524414062 2151.3799682617187 1324.2172729492188 0.7955496651785714 1878.348614501953 1157.717755126953 1960.1510192871094 1286.9657165527344 0.86669921875 
83 2016.1032775878907 1221.234844970703 2151.961053466797 1324.3558532714844 0.7879464285714286 1881.50458984375 1159.223895263672 1961.709765625 1286.8973205566406 0.8730236235119048 
84 2018.0269592285156 1222.0621459960937 2152.1721374511717 1323.4891235351563 0.7831566220238095 1881.6794006347657 1158.4500244140625 1965.1112487792968 1287.6876708984375 0.8760928199404762 
85 2017.1560974121094 1222.6119567871094 2154.743927001953 1324.164776611328 0.8045479910714286 1883.5371948242187 1158.3539245605468 1967.0726684570313 1292.6657287597657 0.8951125372023809 
86 2018.5665649414063 1223.2984802246094 2154.6377807617187 1323.302471923828 0.7919224330357143 1883.1890502929687 1158.9831237792969 1968.4383911132813 1291.7752990722656 0.9035295758928571 
87 2019.1842224121094 1223.4769653320313 2155.2333801269533 1323.4649291992187 0.80078125 1885.0894287109375 1160.4329833984375 1970.3251220703125 1293.2037353515625 0.9069010416666666 
88 2020.34091796875 1224.151593017578 2155.02041015625 1321.0550720214844 0.7964332217261905 1884.14541015625 1160.7916015625 1972.836767578125 1292.186181640625 0.9071335565476191 
89 2020.9376220703125 1223.073748779297 2155.4539794921875 1321.5003479003906 0.7907831101190477 1885.0962280273438 1161.2415893554687 1972.0397583007812 1292.4771606445313 0.9044828869047619 
90 2018.9211059570312 1222.673779296875 2156.329138183594 1322.45830078125 0.7914109002976191 1885.0991821289062 1159.3804809570313 1971.7970581054688 1295.1527221679687 0.9025995163690477 
91 2018.600390625 1224.0250122070313 2155.69453125 1321.9493530273437 0.7888997395833334 1886.3396850585937 1159.4324951171875 1972.8395141601563 1294.8946533203125 0.8955310639880952 
92 2018.8067749023437 1223.2152526855468 2153.841418457031 1324.0844299316407 0.7912481398809523 1886.7757202148437 1157.7628540039063 1973.0026000976563 1294.4244018554687 0.8896251860119048 
93 2017.748583984375 1223.7734802246093 2154.855419921875 1321.7068664550782 0.7897367931547619 1886.9196716308593 1160.61904296875 1971.7952941894532 1294.461279296875 0.8853004092261905 
94 2016.869207763672 1222.6601440429688 2155.4898010253905 1325.4023559570312 0.7964564732142857 1887.5945251464843 1157.0504821777345 1972.3977844238282 1295.671075439453 0.8761858258928571 
95 2015.3465515136718 1222.554510498047 2155.7102111816407 1322.1148010253905 0.7893880208333334 1885.968328857422 1157.7711853027345 1972.4714904785155 1296.502862548828 0.8788829985119048 
96 2015.5374938964844 1223.0166076660157 2156.7536437988283 1323.1815124511718 0.7903180803571429 1886.8260437011718 1157.1450805664062 1972.2126525878907 1291.7931518554688 0.8921130952380952 
97 2014.4380310058593 1222.162774658203 2155.887774658203 1322.4933532714845 0.7949451264880952 1886.58935546875 1157.4476379394532 1973.76171875 1292.3183532714843 0.8873697916666666 
98 2014.1312377929687 1222.1577514648438 2155.691271972656 1320.9206176757812 0.7940383184523809 1886.1828186035157 1157.392156982422 1973.4232604980468 1290.7219787597655 0.8894391741071429 
99 2011.1721923828125 1221.7999084472656 2157.4215576171873 1320.395037841797 0.7931547619047619 1886.3483093261718 1160.0516479492187 1975.0839416503907 1289.8685180664063 0.8854864211309523 
100 2011.6299560546875 1218.6310180664063 2156.0258056640623 1317.0828491210937 0.7922014508928571 1886.7981323242188 1159.4968811035155 1975.4047485351562 1289.125067138672 0.8856259300595238 
101 2010.780743408203 1216.605938720703 2156.691302490234 1314.9725524902344 0.7854120163690477 1887.5071716308594 1161.3061950683593 1976.0371398925781 1290.8223449707032 0.8832542782738095 
102 2010.0030578613282 1212.7239562988282 2157.6325622558593 1314.4243591308593 0.7759951636904762 1888.113946533203 1161.9368041992188 1976.6918395996095 1288.2421508789062 0.8899274553571429 
103 2007.5499145507813 1211.7892028808594 2156.712536621094 1311.777325439453 0.7723911830357143 1887.1983154296875 1161.92109375 1975.7125732421875 1289.774951171875 0.8928803943452381 
104 2006.722802734375 1211.4091003417968 2157.427587890625 1309.6947814941407 0.7728097098214286 1887.8980407714844 1161.384228515625 1976.3550109863281 1289.15556640625 0.8793712797619048 
105 2005.3762084960938 1212.275946044922 2157.6777465820314 1310.5349670410155 0.7664620535714286 1888.0322570800781 1161.0049194335938 1976.4654235839844 1288.7416625976562 0.8816266741071429 
106 1999.157977294922 1213.3289794921875 2159.636090087891 1309.9434814453125 0.7633231026785714 1889.2544067382812 1160.6131774902344 1976.0436889648438 1288.340557861328 0.8668387276785714 
107 2000.245849609375 1215.0703063964843 2158.822998046875 1309.8895324707032 0.7671363467261905 1887.4435668945312 1161.5614196777344 1977.3584350585938 1284.172589111328 0.8639787946428571 
108 1998.751531982422 1214.9936401367188 2160.0459533691405 1311.1184204101562 0.7817150297619048 1887.9634765625 1160.2261474609375 1977.571435546875 1285.6774169921875 0.87646484375 
109 1999.72080078125 1215.96845703125 2159.61318359375 1310.598681640625 0.7848772321428571 1887.3318298339843 1158.2365356445312 1977.0672180175782 1285.4978393554688 0.8746047247023809 
110 1998.8260498046875 1216.85556640625 2162.1163330078125 1311.5638671875 0.7801106770833334 1889.4214477539062 1158.0081481933594 1977.5983276367188 1283.7417297363281 0.8800920758928571 
111 2003.2233764648438 1216.6091552734374 2161.9804809570314 1309.8993896484376 0.7935732886904762 1889.0342102050781 1157.6261779785157 1979.0511169433594 1282.0131042480468 0.8747209821428571 
112 2000.5060913085938 1215.4834106445312 2161.9419067382814 1311.6926147460938 0.7782970610119048 1889.4327575683594 1158.3474182128907 1980.749981689453 1282.2779479980468 0.8577008928571429 
113 2004.4681396484375 1217.1642700195312 2162.9849853515625 1310.3132690429688 0.7902018229166666 1887.7489318847656 1157.013232421875 1979.2638854980469 1281.212109375 0.8786969866071429 
114 2004.974835205078 1215.6425537109376 2163.180804443359 1311.8711181640624 0.7809942336309523 1888.4844848632813 1157.0525024414062 1979.8199584960937 1282.6386596679688 0.8740466889880952 
115 2002.1856201171875 1215.1331787109375 2162.2665283203123 1309.8751220703125 0.7925967261904762 1889.6639587402344 1157.710186767578 1979.505352783203 1281.8546325683594 0.8737676711309523 
116 2001.8060302734375 1216.8937072753906 2163.6744384765625 1310.0907897949219 0.8005952380952381 1889.3660034179688 1158.1582885742187 1979.2929321289062 1280.7858032226563 0.8700009300595238 
117 2004.6247680664062 1216.7225769042968 2162.9267456054686 1311.3773986816407 0.7781575520833334 1890.762713623047 1157.9084411621093 1980.5215881347656 1283.5709289550782 0.8650483630952381 
118 2005.7667724609375 1215.4295654296875 2162.5672119140627 1311.7965087890625 0.7866675967261905 1891.809991455078 1158.1998168945313 1980.0101989746095 1282.3336303710937 0.8670479910714286 
119 2005.2013244628906 1217.4394775390624 2162.341522216797 1309.1047119140626 0.8068498883928571 1890.808770751953 1157.1898071289063 1980.8371032714845 1279.9557006835937 0.8544456845238095 
120 2002.1549072265625 1215.5449951171875 2162.5887451171875 1310.4957763671875 0.8076869419642857 1890.6444030761718 1156.9248657226562 1980.6838439941407 1279.7059936523438 0.8556780133928571 
121 2001.9392578125 1216.5273376464843 2162.50068359375 1309.9151672363282 0.8125930059523809 1890.3402465820313 1157.8607177734375 1980.4512573242187 1279.1009521484375 0.8568638392857143 
122 2002.0436767578126 1216.3389526367187 2162.3581787109374 1309.5831665039063 0.8121512276785714 1890.6161193847656 1157.5737182617188 1980.5885925292969 1280.2634399414062 0.8518880208333334 
123 2006.00810546875 1215.9908569335937 2161.63740234375 1311.0067016601563 0.8024786086309523 1890.073681640625 1158.7796997070313 1980.174853515625 1280.0069213867187 0.8537248883928571 
124 2004.7695190429688 1216.7886108398438 2161.8381469726564 1310.0480590820312 0.8046875 1890.4291137695313 1158.0137756347656 1980.4163452148437 1280.723651123047 0.85107421875 
125 2006.191583251953 1217.3383911132812 2161.4992126464845 1310.5229370117188 0.8096168154761905 1890.4967712402345 1157.1645141601562 1980.411798095703 1281.4106811523438 0.8517252604166666 
126 2007.74814453125 1215.6153686523437 2161.47060546875 1312.1006958007813 0.8102446056547619 1889.1229858398438 1157.0574829101563 1980.7022094726562 1281.3436401367187 0.8556315104166666 
127 2006.3306030273438 1216.736865234375 2161.689172363281 1311.587353515625 0.8031529017857143 1889.1512329101563 1156.54326171875 1980.7310913085937 1282.46552734375 0.8627697172619048 
128 2007.7297607421874 1217.7775146484375 2161.5798095703126 1311.0696533203125 0.8134068080357143 1890.453546142578 1157.7230651855468 1980.4723571777345 1280.4757873535157 0.8534923735119048 
129 2004.7801147460937 1217.511456298828 2160.5043090820313 1310.9459411621094 0.8113374255952381 1889.846826171875 1158.8153930664062 1981.6421875 1280.1162475585938 0.8626069568452381 
130 2003.9427734375 1215.7896118164062 2161.99814453125 1311.9264526367188 0.7921084449404762 1890.0700805664062 1158.8845581054688 1981.3185913085938 1281.0924926757812 0.8514927455357143 
131 2004.4660034179688 1217.6464416503907 2161.8799438476562 1311.1107604980468 0.8054082961309523 1889.685235595703 1158.9316345214843 1981.5099548339845 1280.2713684082032 0.8597005208333334 
132 2007.7240234375 1216.6806274414062 2160.37119140625 1311.8799194335938 0.8031296502976191 1891.1868957519532 1159.5484191894532 1981.4621520996093 1279.3682067871093 0.8640252976190477 
133 2007.6212585449218 1218.3345458984375 2159.9984924316404 1311.7269775390625 0.8060360863095238 1890.0300415039062 1159.4757568359375 1980.1454956054688 1282.3606689453125 0.8496326264880952 
134 2007.5842163085938 1217.450994873047 2160.0254028320314 1310.8826232910155 0.8070359002976191 1891.393505859375 1160.017596435547 1979.907763671875 1281.3148010253906 0.8530738467261905 
135 2007.6604553222655 1217.6070190429687 2160.070379638672 1311.0194458007813 0.8005022321428571 1891.493634033203 1160.185369873047 1979.9896423339844 1281.4578186035155 0.8470052083333334 
136 2007.5591979980468 1216.7452575683594 2160.1294006347657 1311.896466064453 0.8003627232142857 1891.0810852050781 1159.4526672363281 1981.3106384277344 1280.8523864746094 0.8574683779761905 
137 2006.149346923828 1216.3398742675781 2160.2636169433595 1311.4317321777344 0.8017345610119048 1891.3834411621094 1158.8939392089844 1979.917218017578 1281.857403564453 0.8497023809523809 
138 2007.8827758789062 1217.6410827636719 2160.334753417969 1312.7186584472656 0.8015252976190477 1890.2336547851562 1158.942694091797 1980.3935424804688 1281.8877502441405 0.8516555059523809 
139 2009.085919189453 1216.6592041015624 2161.420306396484 1311.6633056640626 0.8071056547619048 1890.2676940917968 1157.8169921875 1980.3579162597657 1282.305322265625 0.8513764880952381 
140 2007.6367248535157 1216.851385498047 2160.258660888672 1312.0349670410155 0.8048270089285714 1891.118914794922 1159.3498474121093 1981.3792541503906 1282.4320129394532 0.8585611979166666 
141 2009.3296447753905 1216.855419921875 2161.542791748047 1311.783984375 0.8092912946428571 1890.6061889648438 1159.6969909667969 1980.6245239257812 1280.8126525878906 0.8449590773809523 
142 2007.752947998047 1217.3812927246095 2161.851666259766 1312.463311767578 0.8091052827380952 1890.2875 1158.4908874511718 1980.451513671875 1283.0812561035157 0.8616303943452381 
143 2007.7288635253906 1217.5733337402344 2161.7549011230467 1310.9719543457031 0.8091750372023809 1890.318896484375 1158.521728515625 1980.440380859375 1283.05322265625 0.8602818080357143 
144 2006.796435546875 1217.4323120117188 2160.248486328125 1312.1155395507812 0.7929222470238095 1889.8239501953126 1157.345037841797 1979.6096435546874 1283.0449768066405 0.86669921875 
145 2008.9503784179688 1218.0579040527343 2161.2227172851562 1311.3860656738282 0.8045712425595238 1887.28359375 1157.41337890625 1980.6119140625 1285.12568359375 0.8792085193452381 
146 2009.6546752929687 1217.1480102539062 2160.063342285156 1311.9708862304688 0.8045944940476191 1889.616748046875 1156.783154296875 1979.535107421875 1284.303759765625 0.8757905505952381 
147 2004.4095153808594 1216.6647521972657 2161.021270751953 1312.9156921386718 0.7861793154761905 1889.146826171875 1158.0608154296874 1978.872216796875 1283.6764892578126 0.8689313616071429 
148 2002.5898132324219 1216.7119934082032 2160.7599182128906 1312.9184997558593 0.7893647693452381 1888.8227294921876 1158.1350036621093 1978.5068603515624 1283.6927551269532 0.86962890625 
149 2006.6388244628906 1216.6483215332032 2160.110076904297 1312.9760681152343 0.7958751860119048 1889.6514892578125 1157.8093688964843 1979.4486083984375 1285.1577941894532 0.8693963913690477 
150 2008.8932250976563 1217.4190856933594 2160.8272338867187 1312.173565673828 0.7920619419642857 1889.1305847167969 1156.9094848632812 1978.9840393066406 1285.9716186523438 0.8687918526785714 
151 2007.326123046875 1217.281231689453 2161.126025390625 1312.1788513183594 0.8090355282738095 1887.1936279296874 1158.316180419922 1980.4552978515626 1284.3011291503906 0.8743024553571429 
152 2007.5233764648438 1217.9969970703125 2159.7576293945312 1311.3018310546875 0.8089425223214286 1888.5941772460938 1157.367742919922 1980.2622680664062 1285.0481506347655 0.8778134300595238 
153 2005.9230895996093 1218.4892822265624 2159.759649658203 1311.7731689453126 0.810546875 1889.9161499023437 1159.5100646972655 1979.9268676757813 1283.888739013672 0.8687918526785714 
154 2005.8830139160157 1218.8247131347657 2161.097332763672 1311.9532409667968 0.806640625 1887.3670532226563 1158.4984069824218 1980.4957397460937 1284.3037170410157 0.8721168154761905 
155 2001.8085388183595 1217.5695190429688 2161.366876220703 1312.0020141601562 0.7922247023809523 1889.6542175292968 1158.8936706542968 1979.2023498535157 1284.2609924316407 0.8675362723214286 
156 2007.7338745117188 1216.6604431152343 2159.5720336914064 1312.9878723144532 0.8015718005952381 1889.3026489257813 1157.8216125488282 1979.0994506835937 1285.1697204589843 0.8683500744047619 
157 2003.9386657714845 1219.5297241210938 2160.850030517578 1311.0613403320312 0.8108723958333334 1888.0783264160157 1159.1791931152343 1981.2443054199218 1283.4007629394532 0.8767903645833334 
158 2004.361798095703 1218.0096740722656 2159.393939208984 1311.0290222167969 0.8014090401785714 1888.6839416503906 1159.009454345703 1980.071307373047 1284.6671813964845 0.8693731398809523 
159 2003.542169189453 1217.377020263672 2160.0368103027345 1311.9258361816405 0.8044782366071429 1889.6196594238281 1158.4406799316407 1979.2779235839844 1285.5926452636718 0.8659784226190477 
160 2005.464404296875 1217.383856201172 2160.573193359375 1312.0818420410155 0.8062220982142857 1888.4732788085937 1158.5429443359376 1979.9058715820313 1284.2627197265624 0.8719540550595238 
161 2007.0909301757813 1216.7586303710937 2160.417614746094 1312.9957641601563 0.8005719866071429 1888.7707824707031 1157.975048828125 1980.1143493652344 1285.203662109375 0.8710239955357143 
162 2006.5987060546875 1218.2141906738282 2160.2303955078123 1311.3738220214843 0.8100120907738095 1887.8546936035157 1159.313623046875 1981.0143249511718 1283.52646484375 0.8802083333333334 
163 2004.2131774902343 1216.962957763672 2160.497393798828 1311.3848205566405 0.8001069568452381 1889.0035705566406 1159.546075439453 1980.1694030761719 1284.8991149902345 0.8710239955357143 
164 2003.7994689941406 1217.6816101074219 2160.412811279297 1312.3021545410156 0.7957124255952381 1888.3472595214844 1160.143798828125 1979.7051086425781 1285.7607421875 0.8702799479166666 
165 2002.5935852050782 1217.869561767578 2160.6103942871096 1312.3539489746095 0.8007114955357143 1888.7487915039062 1159.1614990234375 1979.9750854492188 1284.5975341796875 0.8739304315476191 
166 2006.3772705078125 1218.0681579589843 2160.0724365234373 1311.2661926269532 0.8128022693452381 1887.5843933105468 1158.9546264648438 1980.7824279785157 1284.8537231445312 0.8811848958333334 
167 2006.5190124511719 1217.3820007324218 2160.1822814941406 1312.1955139160157 0.8086635044642857 1887.9391662597657 1159.5381591796875 1979.4833190917968 1287.0460693359375 0.8823474702380952 
168 2006.6867065429688 1217.170880126953 2160.1904907226562 1313.5189392089844 0.8041759672619048 1888.2300415039062 1159.7639587402343 1979.6791381835938 1285.5064270019532 0.8678850446428571 
169 2002.3516723632813 1217.5674865722656 2160.534313964844 1312.150897216797 0.7926664806547619 1888.3874084472657 1161.4948791503907 1979.7093933105468 1285.4317565917968 0.8624209449404762 
170 2002.7074951171876 1218.4737365722656 2159.1245361328124 1311.346453857422 0.7926664806547619 1888.6533264160157 1161.008038330078 1979.8966003417968 1284.8382751464844 0.8672340029761905 
171 2005.181134033203 1218.2876953125 2160.270404052734 1312.973779296875 0.7977585565476191 1889.6490600585937 1160.7099182128907 1979.4376098632813 1286.4139831542968 0.8660946800595238 
172 2006.5130798339844 1219.0193969726563 2160.2404602050783 1312.2369506835937 0.7961542038690477 1889.1418029785157 1161.1513977050781 1980.7240417480468 1287.0769958496094 0.8651878720238095 
173 2004.9294189453126 1218.5663208007813 2161.4099365234374 1311.4766479492187 0.78369140625 1888.3212829589843 1162.3310913085938 1979.6016906738282 1286.2116333007812 0.8619559151785714 
174 2005.3206909179687 1217.7262634277345 2160.299670410156 1312.344903564453 0.7876441592261905 1888.427801513672 1161.6325988769531 1979.7837463378905 1285.6158142089844 0.8606770833333334 
175 2004.5797607421875 1218.696435546875 2161.4754150390627 1311.853369140625 0.7908528645833334 1887.4736755371093 1162.3120910644532 1980.6304504394532 1286.5212829589843 0.8699776785714286 
176 2009.282568359375 1218.3801147460938 2159.621728515625 1313.1591918945312 0.7842261904761905 1889.1118530273438 1162.19150390625 1980.6225219726562 1286.38466796875 0.8687918526785714 
177 2005.72099609375 1218.5348999023438 2159.6935546875 1313.5393188476562 0.7956891741071429 1889.6115478515626 1159.6927062988282 1979.7019287109374 1284.1811950683593 0.8593517485119048 
178 2005.98388671875 1218.8741149902344 2161.61572265625 1313.8913879394531 0.7939220610119048 1888.598486328125 1158.385565185547 1980.3392578125 1286.1675354003905 0.8548642113095238 
179 2002.6135314941407 1217.3417541503907 2159.405877685547 1313.7037780761718 0.7960844494047619 1888.6625549316407 1157.4138305664062 1976.8583190917968 1283.1745483398438 0.8542364211309523 
180 2003.0446655273438 1219.796563720703 2158.6088989257814 1313.1351989746095 0.8080357142857143 1886.0880126953125 1153.9179931640624 1974.5140380859375 1283.2819580078126 0.8691173735119048 
181 2003.9912170410157 1219.4984741210938 2157.952508544922 1314.4959106445312 0.8148251488095238 1885.74833984375 1150.2032348632813 1972.55634765625 1277.9583862304687 0.8636300223214286 
182 2004.4670532226562 1219.8808837890624 2157.2910034179686 1315.8022216796876 0.8156156994047619 1883.533624267578 1147.7209106445312 1968.0744079589845 1272.9065307617188 0.8671409970238095 
183 2005.0775817871095 1219.5753356933594 2156.447442626953 1315.605694580078 0.8265206473214286 1881.314764404297 1143.3896362304688 1965.9517150878905 1270.3449829101562 0.8676060267857143 
184 2005.548028564453 1219.778857421875 2159.1100524902345 1316.76533203125 0.8078031994047619 1879.0924926757812 1137.8997802734375 1964.7639526367188 1265.5987548828125 0.8716517857142857 
185 2006.5942077636719 1219.7783630371093 2158.3277893066406 1316.6294738769532 0.8038969494047619 1878.8874267578126 1136.089111328125 1964.4392333984374 1258.76708984375 0.8604910714285714 
186 2007.065087890625 1219.269921875 2154.278662109375 1316.333837890625 0.8119884672619048 1876.899884033203 1133.0946350097656 1965.8751403808594 1254.4245300292969 0.8546084449404762 
187 2006.6448181152343 1218.4767944335938 2155.495928955078 1315.5537231445312 0.8144066220238095 1877.8936462402344 1132.4767272949218 1966.8806457519531 1252.2047912597657 0.8592354910714286 
188 2000.1506286621093 1217.8946472167968 2154.444219970703 1312.0949768066407 0.8129185267857143 1877.7152954101562 1132.6272277832031 1967.0430053710938 1251.1895446777344 0.857421875 
189 2000.0307250976562 1217.3948608398437 2156.367468261719 1311.8483032226563 0.8012462797619048 1877.6419555664063 1134.4034118652344 1965.5814331054687 1253.2846984863281 0.8662109375 
190 2000.3505859375 1214.211572265625 2154.64306640625 1311.659521484375 0.7984793526785714 1876.6666442871094 1132.8800964355469 1965.993878173828 1253.0658264160156 0.8671642485119048 
191 2006.6684204101562 1211.5075805664062 2150.017858886719 1304.3588745117188 0.7818545386904762 1875.035107421875 1135.8231323242187 1964.628466796875 1254.7379028320313 0.8622116815476191 
192 1997.141748046875 1209.2729248046876 2150.442724609375 1302.8672119140624 0.7823893229166666 1878.7213073730468 1136.594659423828 1961.0197814941407 1257.6217712402345 0.8501441592261905 
193 1995.5333862304688 1207.2982666015625 2148.0786743164062 1301.4219482421875 0.7642299107142857 1877.3170288085937 1137.766534423828 1961.7037231445313 1261.1010192871095 0.8510509672619048 
194 1989.1148010253905 1208.2949157714843 2145.142889404297 1302.5618957519532 0.7590913318452381 1877.344677734375 1139.7200561523437 1961.859912109375 1264.8675903320313 0.8502139136904762 
195 1989.1171569824219 1210.8784301757812 2146.5636291503906 1305.0214721679688 0.7650437127976191 1878.0556640625 1143.6420837402343 1959.213623046875 1268.6253723144532 0.8509347098214286 
196 1985.6469970703124 1210.1345764160155 2143.6547607421876 1309.500311279297 0.7759021577380952 1876.3197082519532 1142.6586486816407 1961.0248962402343 1272.9742858886718 0.8564453125 
197 1987.1442810058593 1214.0506103515625 2145.138555908203 1310.1503173828125 0.7992931547619048 1876.5733581542968 1147.6454772949219 1961.2712463378907 1276.3211975097656 0.8712332589285714 
198 1987.5852294921874 1216.189453125 2145.5231689453126 1312.2548828125 0.7865048363095238 1875.8010620117188 1148.7432800292968 1960.4689575195312 1275.7451232910157 0.8725818452380952 
199 1989.167742919922 1214.9445739746093 2145.570660400391 1312.6964172363282 0.7941545758928571 1875.8759460449219 1150.3406311035155 1960.5941467285156 1275.788885498047 0.8719308035714286 
200 1987.5354370117188 1216.2620971679687 2145.845666503906 1312.5538208007813 0.8006184895833334 1875.4878845214844 1150.10068359375 1960.3552551269531 1275.769677734375 0.8786039806547619 
201 1985.6920349121094 1216.2194763183593 2144.2372863769533 1312.6541809082032 0.8018740699404762 1873.101171875 1148.702703857422 1961.363427734375 1274.5581604003905 0.8788364955357143 
202 1981.7998291015624 1215.2892150878906 2142.0737060546876 1311.7807312011719 0.7909691220238095 1874.5520629882812 1147.7326049804688 1961.2308959960938 1273.6621704101562 0.8733026413690477 
203 1981.8911865234375 1213.1111145019531 2143.2098876953123 1309.2503356933594 0.8002697172619048 1875.222833251953 1150.1253051757812 1961.5853942871095 1270.7069702148438 0.8681640625 
204 1979.5163879394531 1209.989080810547 2140.5000915527344 1309.1812072753905 0.7880161830357143 1874.3203063964843 1151.4496154785156 1960.5035461425782 1270.1547546386719 0.8620489211309523 
205 1977.5236450195312 1210.4164672851562 2139.141638183594 1305.7712768554688 0.7816452752976191 1875.6420593261719 1153.2906677246094 1961.2997131347656 1269.655743408203 0.8661179315476191 
206 1971.8705627441407 1207.8046142578125 2135.476483154297 1306.6160400390625 0.7897600446428571 1874.7412536621093 1151.9817810058594 1962.2137023925782 1270.2314758300781 0.8500046502976191 
207 1966.1003967285155 1205.9399963378905 2133.427313232422 1306.660955810547 0.8001999627976191 1874.064434814453 1151.3930969238281 1961.7892028808594 1269.9839782714844 0.8602585565476191 
208 1969.1158874511718 1206.0696411132812 2131.4906799316404 1306.7418823242188 0.8009440104166666 1873.8768432617187 1151.736474609375 1963.1829711914063 1268.646337890625 0.8554920014880952 
209 1971.066259765625 1207.9492736816405 2130.565087890625 1307.229315185547 0.7881324404761905 1872.7252197265625 1152.2373779296875 1962.2398681640625 1267.7926513671875 0.8494001116071429 
210 1973.7805908203125 1209.2357666015625 2128.6691162109373 1307.0601318359375 0.7966657366071429 1874.890155029297 1150.3530212402343 1962.9319885253906 1269.3726867675782 0.8533528645833334 
211 1969.1509643554687 1210.5280395507812 2128.9249633789063 1308.3489135742188 0.7972005208333334 1874.5908203125 1151.6474609375 1962.629638671875 1270.662841796875 0.8590959821428571 
212 1973.6732971191407 1210.6414794921875 2130.607830810547 1308.7254638671875 0.7943638392857143 1874.7090087890624 1150.156268310547 1962.9845947265626 1271.1265686035156 0.8527948288690477 
213 1973.4988586425782 1211.3583190917968 2131.8965270996096 1309.3361389160157 0.7969912574404762 1874.8301391601562 1149.4940673828125 1963.0101928710938 1271.9663818359375 0.8563290550595238 
214 1975.596905517578 1210.8395263671875 2133.009417724609 1309.2224853515625 0.7998046875 1874.8804931640625 1151.4314819335937 1965.0648193359375 1272.7704223632813 0.8531901041666666 
215 1975.1025512695312 1211.1943298339843 2132.7570678710936 1308.0860656738282 0.8049665178571429 1875.6842529296875 1150.0526428222656 1964.3648193359375 1273.2201843261719 0.85498046875 
216 1979.875909423828 1211.6002685546875 2132.2826599121095 1308.2884033203125 0.7905738467261905 1875.0569641113282 1150.7762390136718 1963.5510681152343 1272.0461486816407 0.8584216889880952 
217 1976.1968627929687 1212.0002319335938 2133.1144165039063 1310.0737426757812 0.7951543898809523 1874.7285400390624 1150.2641967773438 1962.9946044921876 1271.2216430664062 0.8519345238095238 
218 1973.4544006347655 1212.4855529785157 2135.138250732422 1310.4757507324218 0.7909226190476191 1875.1500244140625 1151.1788269042968 1963.3411865234375 1268.7670959472657 0.8507254464285714 
219 1974.7903930664063 1211.4251953125 2134.883679199219 1309.441259765625 0.7988048735119048 1875.014990234375 1149.913751220703 1963.229638671875 1269.1666931152345 0.8494698660714286 
220 1974.8784912109375 1211.2810974121094 2134.8324462890623 1309.2119445800781 0.7963169642857143 1875.1898681640625 1151.078662109375 1963.3277099609375 1270.227978515625 0.8505394345238095 
221 1976.5274536132813 1211.9702453613281 2134.672009277344 1309.7915954589844 0.7858537946428571 1874.0657287597655 1151.83525390625 1963.735418701172 1270.85126953125 0.8511439732142857 
222 1978.952703857422 1211.9121520996093 2135.7148986816405 1311.5213195800782 0.7898065476190477 1875.0727172851562 1150.6141784667968 1963.2515014648438 1269.8185607910157 0.8471214657738095 
223 1977.5187377929688 1212.1898681640625 2135.8784790039062 1310.1443603515625 0.7833891369047619 1875.1061157226563 1150.7172119140625 1963.2652221679687 1269.8950927734375 0.8478655133928571 
224 1980.218243408203 1211.4213012695313 2133.822161865234 1307.8323608398437 0.7878069196428571 1874.6312683105468 1149.3261779785157 1962.8717834472657 1271.8824401855468 0.8488885788690477 
225 1973.8545227050781 1212.1972595214843 2136.4568786621094 1309.7586730957032 0.7932012648809523 1876.16806640625 1149.345281982422 1963.973291015625 1271.2969299316405 0.8527483258928571 
226 1979.2335388183594 1212.2221740722657 2135.8617980957033 1308.4832702636718 0.7808314732142857 1875.6305053710937 1148.9683898925782 1962.1024047851563 1271.3342224121093 0.8464471726190477 
227 1976.7540771484375 1212.790301513672 2136.5886962890627 1309.0174377441406 0.7805292038690477 1875.8849304199218 1148.304443359375 1963.9572326660157 1270.626953125 0.8471447172619048 
228 1974.2486328125 1212.410791015625 2135.766015625 1308.6685546875 0.7810872395833334 1876.0456298828126 1147.9043090820312 1964.1460205078124 1270.2658569335938 0.8456333705357143 
229 1975.1296813964843 1211.8325622558593 2136.790362548828 1308.1758605957032 0.7820870535714286 1875.5833740234375 1148.5249633789062 1963.7618408203125 1270.9950561523438 0.8485165550595238 
230 1981.0734008789063 1211.8333679199218 2134.9053588867187 1306.7509826660157 0.7844354538690477 1875.3296630859375 1148.3872009277343 1963.7010986328125 1269.4888977050782 0.8450055803571429 
231 1979.69404296875 1211.858905029297 2135.06181640625 1306.7149475097656 0.7872023809523809 1875.4656494140625 1149.9005065917968 1963.7799560546875 1269.2883361816407 0.8488188244047619 
232 1976.4290649414063 1212.0341247558595 2135.468640136719 1307.782647705078 0.7886207217261905 1874.6260314941405 1150.3657348632812 1963.883123779297 1272.0798217773438 0.8692103794642857 
233 1974.6355041503907 1212.1334594726563 2136.994744873047 1307.9256225585937 0.7965494791666666 1875.8459106445312 1150.4368408203125 1963.5200561523438 1272.2064697265625 0.8652808779761905 
234 1976.3940795898438 1212.9333801269531 2136.614953613281 1306.8001403808594 0.7876906622023809 1875.0576599121093 1148.5711181640625 1964.0694152832032 1271.5690185546875 0.8706287202380952 
235 1975.0421936035157 1211.0242614746094 2135.575848388672 1309.9389953613281 0.7982003348214286 1874.7554016113281 1149.5923645019532 1963.9407653808594 1272.8303649902343 0.8738141741071429 
236 1974.6207153320313 1211.7564819335937 2136.853161621094 1307.4737426757813 0.78515625 1875.9083862304688 1150.10810546875 1963.5139770507812 1271.78251953125 0.8623511904761905 
237 1974.6095703125 1212.1059875488281 2136.92802734375 1307.8738708496094 0.7942010788690477 1875.8450561523437 1149.1763549804687 1963.4969848632813 1270.9151977539063 0.8589564732142857 
238 1977.126806640625 1212.3529846191407 2138.142724609375 1308.3119323730468 0.7900855654761905 1875.475390625 1149.2977355957032 1963.302197265625 1271.2795349121093 0.8598865327380952 
239 1975.0411987304688 1211.6188171386718 2137.2476196289062 1308.9428283691407 0.7896670386904762 1876.3448303222656 1148.7326354980469 1963.936297607422 1272.0096740722656 0.8603748139880952 
240 1980.7329711914062 1212.3632385253907 2137.4391479492188 1307.0399597167968 0.7911783854166666 1877.078302001953 1147.8223083496093 1963.5932067871095 1268.6167785644532 0.8516787574404762 
241 1975.7614685058593 1211.986962890625 2138.338751220703 1309.53330078125 0.7857142857142857 1875.5888122558595 1149.1445617675781 1963.380548095703 1271.0774841308594 0.8552827380952381 
242 1978.4095886230468 1211.4676574707032 2137.8581115722654 1307.4621520996093 0.7805989583333334 1876.7205139160155 1148.2014953613282 1962.952947998047 1271.8552673339843 0.8624209449404762 
243 1978.71650390625 1211.9829711914062 2138.24833984375 1306.3995971679688 0.7863653273809523 1875.534197998047 1148.683612060547 1963.4395568847656 1270.7742736816406 0.8667457217261905 
244 1978.345770263672 1211.3721313476562 2138.0596252441405 1305.8966674804688 0.7923409598214286 1876.4874084472656 1146.747003173828 1962.863299560547 1268.9769958496095 0.8699079241071429 
245 1976.9905212402343 1211.5644897460938 2138.276690673828 1306.0553833007812 0.7918759300595238 1876.6095947265626 1146.962225341797 1962.9548583984374 1269.1487365722655 0.8683965773809523 
246 1978.7023620605469 1211.563702392578 2138.0213928222656 1307.4801208496094 0.7848772321428571 1875.6578552246094 1148.5365234375 1963.445782470703 1270.464208984375 0.8621419270833334 
247 1978.7361877441406 1211.600653076172 2138.4751159667967 1306.1399475097655 0.79296875 1876.8618103027343 1146.7771789550782 1963.2513488769532 1270.6562927246093 0.8675595238095238 
248 1982.6342895507812 1211.7705444335938 2136.1501342773436 1306.4931274414062 0.7932012648809523 1877.2962463378906 1145.5652709960937 1963.853045654297 1269.6844848632813 0.8522367931547619 
249 1984.1272827148437 1211.3947204589845 2136.0111450195313 1306.118096923828 0.7933640252976191 1877.3436401367187 1146.6335998535155 1963.9012329101563 1269.120672607422 0.85009765625 
250 1986.4825439453125 1211.7268188476562 2135.5540771484375 1306.7394897460938 0.7886672247023809 1876.4743896484374 1146.7677917480469 1963.2963623046876 1269.6290588378906 0.8620954241071429 
251 1987.8404907226563 1212.665966796875 2136.9815307617187 1306.0837890625 0.7910853794642857 1876.3315307617188 1146.0379272460937 1964.8327758789062 1270.5951293945313 0.8669549851190477 
252 1987.6339416503906 1212.171563720703 2136.769744873047 1305.5863708496095 0.7938523065476191 1876.1286315917969 1146.617236328125 1964.6268615722656 1272.80927734375 0.8643740699404762 
253 1987.6716430664062 1211.8744140625 2135.4682495117186 1305.478857421875 0.7921316964285714 1875.750341796875 1146.3765258789062 1964.428369140625 1271.1825561523438 0.8604910714285714 
254 1984.6143859863282 1210.5695678710938 2134.3576599121093 1304.3647583007812 0.7996884300595238 1876.642266845703 1147.8494750976563 1963.8554138183595 1269.6187866210937 0.8660714285714286 
255 1987.273260498047 1211.6109619140625 2135.2883850097655 1303.7091064453125 0.7976655505952381 1875.1866333007813 1147.4710998535156 1963.9957397460937 1269.1723327636719 0.8665597098214286 
256 1988.8813781738281 1211.54599609375 2135.2083435058594 1303.616845703125 0.7995721726190477 1875.3736511230468 1148.8797119140625 1964.1562561035157 1268.9005615234375 0.8631882440476191 
257 1987.6132690429688 1212.1780029296874 2136.9250610351564 1305.7031005859376 0.7918759300595238 1876.1657592773438 1148.1872009277345 1963.1276977539062 1271.246514892578 0.8560732886904762 
258 1987.9129638671875 1211.6646789550782 2137.1241455078125 1305.1264587402343 0.7981770833333334 1876.5406982421875 1147.717059326172 1963.4439208984375 1270.6932189941406 0.8663039434523809 
259 1989.1792846679687 1212.0273071289062 2136.8229125976563 1305.5349487304688 0.7953869047619048 1876.1120178222657 1146.7865356445313 1964.6981628417968 1269.8228393554687 0.8617699032738095 
260 1990.0328247070313 1212.3443603515625 2137.856091308594 1305.9659423828125 0.7898065476190477 1877.017352294922 1147.0241149902345 1964.0689514160156 1270.210382080078 0.8581891741071429 
261 1988.942315673828 1212.0531188964844 2136.7406677246095 1305.658673095703 0.7907366071428571 1877.2095031738281 1148.196759033203 1964.2461853027344 1269.7196228027344 0.8550269717261905 
262 1985.5146362304688 1211.5295959472655 2133.5442016601564 1303.636785888672 0.7989443824404762 1875.9474853515626 1148.8384521484375 1964.7651611328124 1268.9069091796875 0.8618861607142857 
263 1985.7057250976563 1210.9454772949218 2133.5772338867187 1304.5973693847657 0.8038736979166666 1876.2556762695312 1146.8679077148438 1964.9784545898438 1270.0940063476562 0.8619791666666666 
264 1989.5943176269532 1210.2579467773437 2134.6555603027346 1302.5696899414063 0.7869698660714286 1877.0575622558595 1147.0471618652343 1964.424005126953 1270.6790344238282 0.8570033482142857 
265 1987.9238220214843 1209.720947265625 2134.555792236328 1303.63134765625 0.7941545758928571 1876.9043395996093 1148.1913757324219 1964.2244445800782 1270.1100158691406 0.8603748139880952 
266 1982.6330322265626 1209.8500427246095 2134.3210693359374 1303.830743408203 0.7981073288690477 1877.3645080566407 1146.815655517578 1963.1011901855468 1270.4745056152344 0.8587472098214286 
267 1984.7335815429688 1210.4728454589845 2133.3052368164062 1302.917413330078 0.8014787946428571 1876.4157592773438 1148.8218933105468 1962.2573364257812 1269.3300842285157 0.8542596726190477 
268 1979.5710021972657 1210.9229431152344 2134.493328857422 1303.2170715332031 0.8112676711309523 1877.2613586425782 1147.9143615722655 1962.9631286621093 1269.874578857422 0.8557942708333334 
269 1980.4923217773437 1209.8319396972656 2135.452258300781 1303.7970886230469 0.8062686011904762 1876.699609375 1148.4566162109375 1964.070654296875 1268.7980224609375 0.8545851934523809 
270 1979.1441040039062 1210.424334716797 2133.8825073242188 1304.2552307128906 0.8070824032738095 1876.7658996582031 1146.2244018554688 1964.0120544433594 1269.6859985351562 0.8519345238095238 
271 1985.4060791015625 1211.0348571777345 2133.3756591796873 1304.748956298828 0.8023158482142857 1876.072979736328 1145.8396606445312 1963.2105895996094 1267.5036010742188 0.8546549479166666 
272 1974.0656005859375 1208.233740234375 2133.7732666015627 1303.729150390625 0.8122209821428571 1875.8471618652343 1144.4013916015624 1964.7567199707032 1266.2402099609376 0.8527483258928571 
273 1973.7980712890626 1207.7570068359375 2133.6428466796874 1303.3343017578125 0.8114536830357143 1872.7701843261718 1141.9051879882813 1963.4037658691407 1258.9048706054687 0.8514229910714286 
274 1970.756817626953 1206.4547607421875 2133.882220458984 1300.3753173828125 0.8154296875 1873.2238525390626 1138.9610473632813 1958.9057861328124 1257.5977905273437 0.8508184523809523 
275 1971.2470581054688 1205.7475891113281 2133.2922485351564 1296.6912536621094 0.8035249255952381 1867.9018676757812 1137.3170837402345 1955.5385620117188 1248.103204345703 0.8519112723214286 
276 1966.151708984375 1203.232733154297 2133.896142578125 1296.9722229003905 0.8241954985119048 1865.96044921875 1136.6283325195313 1948.18798828125 1248.4578491210937 0.8525390625 
277 1968.198712158203 1203.4249694824218 2134.015521240234 1295.3629943847657 0.8204055059523809 1858.7696105957032 1131.5035888671875 1944.1406677246093 1244.7844970703125 0.8672805059523809 
278 1969.2712890625 1202.779296875 2133.32392578125 1294.64892578125 0.8225446428571429 1853.6141967773438 1131.6688232421875 1937.2810668945312 1238.3031005859375 0.8679082961309523 
279 1969.9448791503905 1199.9305725097656 2132.612615966797 1293.5878601074219 0.8228469122023809 1851.5779113769531 1131.8047485351562 1933.7332458496094 1235.3207397460938 0.8736281622023809 
280 1972.276629638672 1201.1473876953125 2130.209332275391 1293.2747314453125 0.8215448288690477 1849.2081909179688 1133.1274780273438 1933.1099243164062 1233.4804321289062 0.8723028273809523 
281 1972.388201904297 1199.8294067382812 2131.717388916016 1293.4557495117188 0.8195452008928571 1848.81669921875 1133.5580688476562 1929.30244140625 1232.1120971679688 0.8692103794642857 
282 1969.9465270996093 1199.26318359375 2127.769415283203 1292.970458984375 0.8098725818452381 1846.9637084960937 1129.4568237304688 1930.8070434570313 1236.3161254882812 0.8637462797619048 
283 1966.7672546386718 1198.8507202148437 2126.2729064941404 1294.2252075195313 0.8136393229166666 1847.7388122558593 1128.8376586914062 1931.6026184082032 1239.0117065429688 0.8715355282738095 
284 1959.58515625 1199.5824401855468 2124.030078125 1296.6049377441407 0.8212193080357143 1845.9915832519532 1131.4010131835937 1931.5029235839843 1238.2901489257813 0.8811848958333334 
285 1962.1322265625 1199.3701477050781 2120.22568359375 1298.1785583496094 0.8086635044642857 1844.702392578125 1131.0911437988282 1933.6298828125 1239.7803161621093 0.8934384300595238 
286 1963.5609313964844 1199.8360229492187 2118.5261047363283 1297.1014770507813 0.8071986607142857 1844.7372497558595 1132.3716430664062 1930.462823486328 1242.8256225585938 0.8726748511904762 
287 1956.2366333007812 1199.2682250976563 2114.5805053710938 1296.5838256835937 0.8082914806547619 1842.9979370117187 1133.037939453125 1927.1180297851563 1243.54873046875 0.8786504836309523 
288 1967.3451293945313 1196.853955078125 2111.0779663085937 1294.3279296875 0.8207775297619048 1843.3103637695312 1134.5188232421874 1927.5675659179688 1243.5575927734376 0.8773018973214286 
289 1966.4829650878905 1197.018017578125 2107.416326904297 1293.184375 0.8167317708333334 1842.7038696289062 1134.2676818847656 1928.9218627929688 1243.698260498047 0.8854864211309523 
290 1963.5447082519531 1198.7625 2105.8789978027344 1291.445263671875 0.8120349702380952 1842.7259460449218 1134.852069091797 1928.7885803222657 1240.7752502441406 0.8837658110119048 
291 1961.3837829589843 1197.946026611328 2103.705694580078 1292.2755310058594 0.8054082961309523 1843.121844482422 1135.88701171875 1929.1768615722656 1238.491162109375 0.8701636904761905 
292 1961.7689880371095 1198.0864379882812 2100.894219970703 1292.4929077148438 0.8005254836309523 1842.8373168945313 1134.129620361328 1930.6187377929687 1241.7860290527344 0.8756277901785714 
293 1955.5207580566407 1198.368719482422 2099.643182373047 1292.7937561035155 0.8031529017857143 1843.3194885253906 1134.781689453125 1932.7746276855469 1239.146044921875 0.8665829613095238 
294 1949.766180419922 1198.9543029785157 2100.2124572753905 1293.1898620605468 0.7981770833333334 1843.830499267578 1133.6506591796874 1931.4530700683595 1242.7656005859376 0.8636765252976191 
295 1948.1922241210937 1200.1279663085938 2100.1966918945313 1294.3046508789062 0.7997814360119048 1843.7844482421874 1136.7081237792968 1931.3522705078126 1240.7981018066407 0.8672572544642857 
296 1950.7625793457032 1200.1446411132813 2098.9252868652343 1298.9195678710937 0.7981538318452381 1845.4658813476562 1137.3338012695312 1929.4247436523438 1242.6937866210938 0.8727678571428571 
297 1952.1260864257813 1200.5523315429687 2099.308239746094 1298.1224731445313 0.8039434523809523 1843.4251403808594 1140.9544494628906 1929.4192199707031 1236.870867919922 0.8623046875 
298 1945.6931457519531 1200.3721130371093 2100.6338806152344 1299.2703430175782 0.8042457217261905 1844.639337158203 1137.2927368164062 1930.3512634277345 1244.4326049804688 0.8761858258928571 
299 1944.0115966796875 1200.315985107422 2100.5733642578125 1299.1970764160155 0.7978748139880952 1844.243017578125 1137.2475158691407 1931.588037109375 1244.3688171386718 0.8756045386904762 
