0 1964.8941223144532 533.9465545654297 2366.7815368652346 864.0683990478516 0.7047758556547619 2083.3074340820312 351.4963104248047 2320.1337280273438 588.3228424072265 0.5627557663690477 
1 2023.6230346679688 556.5212829589843 2357.9943969726564 862.4356262207032 0.6715494791666666 2114.19345703125 354.5850067138672 2327.62197265625 560.8993072509766 0.6024460565476191 
2 2044.4131469726562 557.5966094970703 2346.0997924804688 859.283334350586 0.7101004464285714 2090.550158691406 347.35523529052733 2327.589733886719 555.6627395629882 0.6103050595238095 
3 2071.5925537109374 568.699185180664 2344.9753173828126 863.6650115966797 0.6971958705357143 2098.709436035156 366.15227661132815 2328.926550292969 546.0094665527344 0.7034970238095238 
4 2061.6301879882812 561.3580657958985 2339.9828491210938 853.9852569580078 0.7434430803571429 2094.8458251953125 363.4367172241211 2323.2376708984375 563.279621887207 0.7012416294642857 
5 2066.126086425781 554.3319488525391 2337.512829589844 861.4275115966797 0.7290969122023809 2098.5386352539062 370.5690170288086 2327.0748901367188 556.2547439575195 0.7116815476190477 
6 2056.147985839844 539.0220764160156 2335.431848144531 868.4338562011719 0.7223539806547619 2075.1524658203125 371.2864929199219 2332.9530029296875 578.9591125488281 0.6985212053571429 
7 2044.418310546875 534.0340850830078 2330.444970703125 862.964633178711 0.71923828125 2060.919775390625 380.019709777832 2346.946435546875 565.9370468139648 0.6723400297619048 
8 2068.6226318359377 546.2556793212891 2315.0697509765623 838.3409393310546 0.6070963541666666 2070.9047973632814 371.95234832763674 2358.4260131835936 531.6864761352539 0.5500720796130952 
9 2051.314904785156 543.7413543701172 2327.692175292969 869.7245269775391 0.7717168898809523 2077.75361328125 368.75711212158205 2361.21708984375 510.48889007568357 0.7229585193452381 
10 2047.0692016601563 559.9120025634766 2338.146374511719 879.3867645263672 0.7562546502976191 2081.474157714844 349.38633728027344 2358.352258300781 505.57398986816406 0.7198195684523809 
11 2036.6881469726563 573.7992584228516 2333.8692260742187 878.0561492919921 0.7261672247023809 2106.084753417969 343.837646484375 2367.887170410156 471.20098876953125 0.7258649553571429 
12 2016.5051025390626 582.8511505126953 2319.6037841796874 871.8524017333984 0.7369791666666666 2115.188439941406 335.0582763671875 2361.896765136719 468.98572998046876 0.7188895089285714 
13 2049.1860473632814 580.938119506836 2308.9235717773436 845.2322296142578 0.6345331101190477 2119.8163452148438 319.27288818359375 2374.9968872070312 451.41998291015625 0.6313011532738095 
14 2048.528125 583.8547882080078 2302.98408203125 847.3984466552735 0.5841936383928571 2122.4533081054688 296.3685272216797 2372.3652954101562 446.3157989501953 0.5366908482142857 
15 2044.5496215820312 581.9280975341796 2300.1395874023438 846.6465484619141 0.5843331473214286 2123.36826171875 281.57445220947267 2365.266015625 441.3183395385742 0.5415852864583334 
16 2042.8267456054687 581.7327087402343 2307.5148071289063 846.4206115722657 0.5956798735119048 2122.1630249023438 276.49903564453126 2368.5964965820312 417.97020263671874 0.5521995907738095 
17 2037.4807983398437 562.54892578125 2302.2132934570313 836.410302734375 0.5457124255952381 2127.3635498046874 265.8658020019531 2373.8385986328126 402.79649047851564 0.5500372023809523 
18 2025.7830932617187 563.0932708740235 2299.691760253906 832.4369415283203 0.6109095982142857 2131.308215332031 266.35874633789064 2373.260876464844 398.7480041503906 0.5680106026785714 
19 2019.275146484375 559.0544311523438 2297.740478515625 832.9548461914062 0.6237444196428571 2115.6668334960937 262.85579986572264 2380.4374145507813 395.24097137451173 0.5721493675595238 
20 2020.8692749023437 558.9631225585938 2299.297473144531 832.8270385742187 0.62158203125 2117.7749755859377 261.75061950683596 2377.9457275390623 403.24693908691404 0.5571521577380952 
21 2019.3719116210937 559.8016021728515 2293.1307739257813 824.4351531982422 0.6301850818452381 2111.677770996094 269.7226135253906 2376.311242675781 402.0393493652344 0.5643601190476191 
22 2015.8416320800782 559.2165771484375 2294.1338317871096 828.3844970703125 0.6190243675595238 2112.700061035156 269.6943695068359 2372.743542480469 401.9972198486328 0.5552687872023809 
23 2024.4934326171874 551.0751281738281 2289.0656494140626 829.3320983886719 0.6419270833333334 2120.286828613281 270.71284637451174 2375.735876464844 393.87574615478513 0.5829613095238095 
24 2025.7646362304688 562.4721374511719 2294.9519165039064 836.2219543457031 0.6195359002976191 2118.067529296875 270.99877471923827 2378.129736328125 394.18619232177736 0.5947963169642857 
25 2028.3485229492187 567.2310729980469 2293.021350097656 831.9040588378906 0.6419735863095238 2121.1944580078125 275.17812194824216 2372.1776123046875 393.8246246337891 0.6092354910714286 
26 2029.3456176757813 567.0459075927735 2294.0838256835937 831.7843536376953 0.6248604910714286 2114.6657592773436 271.40956726074216 2370.2754028320314 390.08542785644534 0.5822405133928571 
27 2027.5777954101563 566.3965759277344 2292.2588745117187 835.6411437988281 0.6169782366071429 2112.3528686523437 275.38769378662107 2372.4706176757813 389.47439727783205 0.6117931547619048 
28 2029.1877807617188 561.2218048095704 2298.391564941406 844.1140716552734 0.6094215029761905 2109.913818359375 270.78335723876955 2379.117919921875 393.97839202880857 0.5865187872023809 
29 2028.2222900390625 573.9456146240234 2297.4676513671875 838.6275665283204 0.61083984375 2109.487353515625 270.2985580444336 2374.169384765625 398.07604522705077 0.5862862723214286 
30 2029.4669067382813 569.7740600585937 2303.081677246094 838.8283569335938 0.6011904761904762 2115.2347045898437 270.3764923095703 2375.1683715820313 398.0633270263672 0.5944940476190477 
31 2022.6966186523437 569.4603393554687 2299.8260864257813 837.5037719726563 0.6535993303571429 2116.1796875 274.15819549560547 2370.59375 405.90836334228516 0.5994466145833334 
32 2020.6334838867188 570.6115905761719 2294.5269165039062 835.3753479003906 0.6301385788690477 2109.9999877929686 273.36683044433596 2370.1989868164064 405.7487091064453 0.5984235491071429 
33 2028.6264770507812 573.1531066894531 2291.9377319335936 836.4642028808594 0.6533435639880952 2111.0423828125 278.06308898925784 2356.1939453125 405.1787933349609 0.5700567336309523 
34 2019.3234741210938 587.7629241943359 2292.8969848632814 829.4193878173828 0.6134207589285714 2108.234912109375 271.7506103515625 2340.772412109375 394.858642578125 0.48049200148809523 
35 2027.9315551757813 578.7457153320313 2296.8528686523437 838.5511596679687 0.6217680431547619 2120.8443115234377 270.9061340332031 2344.1859619140623 403.08782348632815 0.5086960565476191 
36 2030.8610961914062 590.0680969238281 2295.3720581054686 840.8974792480469 0.6008649553571429 2113.301477050781 263.9898376464844 2332.207067871094 391.6848449707031 0.4274786086309524 
37 2032.4324462890625 591.8104644775391 2295.9801513671873 841.7263397216797 0.6279994419642857 2100.0669189453124 270.4151138305664 2322.7192138671876 397.645036315918 0.48636300223214285 
38 2028.1383666992188 589.0433013916015 2297.3853149414062 844.5997039794922 0.6319521949404762 2072.8959228515623 270.8265319824219 2319.3252685546877 394.04120483398435 0.42501395089285715 
39 2026.3360229492187 592.9383178710938 2295.5182250976563 843.8710083007812 0.6247442336309523 2059.5012451171874 277.2543716430664 2314.9963134765626 405.00194549560547 0.4378138950892857 
40 2018.6297729492187 605.943228149414 2300.441271972656 846.8463836669922 0.6095377604166666 2053.2443237304688 270.81158447265625 2307.7837524414062 416.2625732421875 0.4662504650297619 
41 2015.0162841796875 601.3064361572266 2297.9700439453127 843.1861785888672 0.6176990327380952 2035.2022094726562 279.0341323852539 2295.3370971679688 393.12837371826174 0.45263671875 
42 2003.9707763671875 580.3057739257813 2305.0394775390623 854.0046508789062 0.6308826264880952 2026.252783203125 284.8512954711914 2286.266748046875 412.5774459838867 0.47842261904761907 
43 2016.9618530273438 597.5992919921875 2303.9187622070312 857.227001953125 0.6100492931547619 2024.14443359375 291.8972503662109 2279.2173828125 437.6531646728516 0.37100074404761907 
44 2034.6705688476563 598.2286163330078 2296.4317260742187 850.4709075927734 0.8405877976190477 2023.3217163085938 320.1762939453125 2256.5266723632812 443.917822265625 0.7536039806547619 
45 2036.9745849609376 593.9711547851563 2300.1845947265624 852.3956665039062 0.8467726934523809 2011.3896728515624 329.65653839111326 2241.1005615234376 454.0831771850586 0.7844819568452381 
46 2029.154150390625 602.1492797851563 2291.618310546875 850.2972534179687 0.8308454241071429 2009.3317504882812 337.4825378417969 2252.707556152344 461.5565246582031 0.7663922991071429 
47 2025.7934692382812 599.7018402099609 2289.6506225585936 844.3696319580079 0.8175920758928571 1997.3779602050781 342.4870864868164 2251.6404724121094 481.611882019043 0.7915736607142857 
48 2033.9768188476562 608.4006622314453 2290.7944213867186 841.438754272461 0.8274042038690477 1998.4907165527343 334.9376281738281 2245.796514892578 496.63750610351565 0.7942475818452381 
49 2034.4356689453125 602.3040008544922 2294.1531982421875 847.5929107666016 0.83544921875 2002.8033813476563 342.2163284301758 2248.0923706054687 500.9326889038086 0.7849004836309523 
50 2042.6828369140626 606.1220184326172 2291.7058349609374 850.262319946289 0.8156854538690477 2006.2494323730468 345.2675186157227 2245.5070373535154 506.40011444091795 0.7953869047619048 
51 2026.5755126953125 596.148080444336 2292.4464599609373 847.5167755126953 0.8050595238095238 2003.3350952148437 349.61333923339845 2245.035754394531 513.9697906494141 0.7911086309523809 
52 2022.55078125 604.5793334960938 2291.88818359375 845.0593383789062 0.8029901413690477 2004.7921508789063 350.2255111694336 2235.6529174804687 518.561506652832 0.7795526413690477 
53 2024.492578125 599.0825836181641 2300.1890625 845.7582977294921 0.8089425223214286 2008.30810546875 351.290705871582 2230.7998046875 520.577976989746 0.7611607142857143 
54 2028.9393432617187 608.2826568603516 2300.664416503906 850.8942840576171 0.8097098214285714 2008.4107482910156 353.3538391113281 2231.6135437011717 508.6252868652344 0.7662760416666666 
55 2035.648583984375 604.9798461914063 2287.071630859375 851.5678833007812 0.8202659970238095 2003.8487487792968 353.55674438476564 2240.7666076660157 522.7838317871094 0.8081519717261905 
56 2038.078515625 606.4737701416016 2285.159765625 843.8654022216797 0.8225446428571429 2002.488592529297 352.87086486816406 2235.0354553222655 527.2810516357422 0.7865745907738095 
57 2040.8591796875 611.9742309570313 2296.1212890625 847.9712036132812 0.8027808779761905 2002.8847351074219 356.712109375 2234.0655822753906 525.2814208984375 0.7788550967261905 
58 2030.9761962890625 621.4436157226562 2294.0833740234375 850.4442016601563 0.8142438616071429 2004.36572265625 358.89872283935546 2238.23876953125 524.5587051391601 0.7899460565476191 
59 2038.7826904296876 616.5553833007813 2293.3154541015624 846.6138061523437 0.8146856398809523 2003.3890502929687 360.3282775878906 2238.342150878906 526.7535095214844 0.7954334077380952 
60 2039.99970703125 619.2901153564453 2304.49638671875 844.6021575927734 0.8166387648809523 1998.7427124023438 362.32898712158203 2228.952844238281 528.8639144897461 0.7799711681547619 
61 2032.7002563476562 610.5533264160156 2302.5216674804688 841.8287536621094 0.7948753720238095 2000.6406005859376 357.78119506835935 2227.0976806640624 531.2377258300781 0.7765764508928571 
62 2039.6475830078125 616.2413757324218 2299.4095458984375 842.3307678222657 0.8086867559523809 1993.7634887695312 359.624365234375 2234.2841186523438 532.79921875 0.8033621651785714 
63 2028.6712280273437 612.1867614746094 2304.2264770507813 844.9834045410156 0.8315894717261905 1991.7600158691407 359.8381881713867 2238.809686279297 530.8724136352539 0.7970610119047619 
64 2031.0174438476563 609.898080444336 2301.921765136719 842.7808135986328 0.8135695684523809 1989.339776611328 361.1120803833008 2241.2333435058595 532.2095443725586 0.8081519717261905 
65 2031.96865234375 608.1930877685547 2305.5513671875 849.858120727539 0.6004696800595238 1991.4571411132813 357.93483581542966 2251.360974121094 549.4429107666016 0.4906412760416667 
66 2022.2339599609375 604.6410980224609 2300.5970947265623 846.4975128173828 0.6132347470238095 1993.2745056152344 351.20082702636716 2248.820831298828 538.2972808837891 0.5140787760416666 
67 2033.229833984375 612.2475616455079 2307.056298828125 849.5636566162109 0.5919363839285714 1996.1931762695312 354.2189254760742 2256.3280639648438 545.8973159790039 0.5385044642857143 
68 2028.193798828125 600.7496948242188 2302.059619140625 847.2291870117188 0.5407482328869048 1997.1204528808594 355.67472076416016 2266.422149658203 565.6387252807617 0.4833984375 
69 2027.4869140625 609.4314727783203 2305.953515625 842.2480316162109 0.5626627604166666 2001.5013061523437 350.27821655273436 2261.7079223632813 546.5745666503906 0.5408528645833334 
70 2025.0372802734375 604.0077087402344 2303.3509033203127 850.3838928222656 0.5905180431547619 2003.1019714355468 350.0857986450195 2258.6032287597654 546.2742782592774 0.5336449032738095 
71 2024.889990234375 603.8573852539063 2303.134423828125 850.1721557617187 0.5494791666666666 2005.9424926757813 353.50742797851564 2265.941540527344 549.6469909667969 0.4960356212797619 
72 2024.142041015625 611.5790130615235 2316.155810546875 853.4027374267578 0.5992606026785714 2002.2060424804688 350.6269195556641 2271.4060180664064 542.2608367919922 0.5241001674107143 
73 2027.5988525390626 609.8675170898438 2306.0241943359374 838.0851196289062 0.60498046875 2005.654736328125 355.3171844482422 2261.258349609375 537.8912506103516 0.5567568824404762 
74 2028.6813842773438 600.7465637207031 2311.6748168945314 847.2246276855469 0.5510718936011905 2005.1571838378907 360.2372756958008 2279.021893310547 561.0712875366211 0.47865513392857145 
75 2027.4818359375 601.9201446533203 2301.4009765625 839.3168548583984 0.5464564732142857 2004.47958984375 363.294255065918 2264.70302734375 568.7337295532227 0.48002697172619047 
76 2028.9714477539062 596.6726348876953 2307.3837768554686 847.699984741211 0.5678245907738095 2008.6084533691405 360.21538696289065 2250.507635498047 561.0372985839844 0.5013834635416666 
77 2031.6208374023438 592.0556335449219 2305.4228637695314 852.1675109863281 0.5787295386904762 2011.6121459960937 364.76489105224607 2276.2875122070313 556.426301574707 0.4792364211309524 
78 2028.1576293945313 600.7899749755859 2306.6067749023437 847.2858917236329 0.5786830357142857 2010.2498352050782 358.3320571899414 2261.3105895996096 545.4863937377929 0.5480375744047619 
79 2027.8777954101563 604.7369995117188 2306.285046386719 846.6318969726562 0.5589308965773809 2012.4302185058593 356.6982818603516 2272.581134033203 557.5166229248047 0.5264020647321429 
80 2033.9067626953124 600.6777923583984 2298.6122802734376 847.1276885986329 0.5732421875 2008.8054809570312 357.2119934082031 2278.0746459960938 553.4591491699218 0.5096493675595238 
81 2031.3628784179687 605.7721954345703 2296.0699829101563 838.5319427490234 0.6085844494047619 2007.3145385742187 363.70904846191405 2267.4576782226563 564.5213592529296 0.5536876860119048 
82 2030.9033325195312 600.6974792480469 2304.7453491210936 847.1555480957031 0.6161179315476191 2008.4340942382812 367.2294662475586 2264.0202514648436 568.0470535278321 0.5437825520833334 
83 2026.03955078125 605.7629089355469 2295.11669921875 837.7261047363281 0.8075241815476191 2014.9765319824219 377.1899444580078 2256.2184143066406 548.8427093505859 0.8186151413690477 
84 2039.0546020507813 600.1438537597656 2299.2161499023437 855.7412780761719 0.5286807105654762 2012.3713500976562 375.0917037963867 2290.7900268554686 603.3037124633789 0.4202241443452381 
85 2025.4918334960937 604.2297576904297 2300.092395019531 836.9420562744141 0.8207775297619048 2011.350146484375 373.84465942382815 2253.371044921875 555.3601745605469 0.8325892857142857 
86 2038.8826538085937 615.4695556640625 2293.7508911132813 832.57939453125 0.7802036830357143 2014.5578125 384.3819152832031 2259.9861328125 559.0137145996093 0.7862723214285714 
87 2033.8196533203125 607.8243835449218 2301.0616943359373 836.8892395019532 0.8094540550595238 2013.446026611328 386.2848876953125 2266.371722412109 562.8557373046875 0.8055943080357143 
88 2036.4850952148438 621.5172393798828 2291.6567504882814 834.1603118896485 0.8145228794642857 2018.8557861328125 389.0638626098633 2269.3019287109373 568.6291000366211 0.8152901785714286 
89 2035.5486694335937 614.2998962402344 2297.9388793945313 833.7534484863281 0.8046409970238095 2015.7317504882812 387.5068084716797 2259.0390014648438 568.7945220947265 0.7838076636904762 
90 2032.0397216796875 613.7448333740234 2283.7058837890627 846.4174591064453 0.8349841889880952 2022.177490234375 381.2548355102539 2264.346923828125 571.191667175293 0.8085007440476191 
91 2034.0495239257812 618.1350250244141 2285.232946777344 840.8826141357422 0.8108723958333334 2016.915185546875 393.3823608398437 2258.619970703125 573.4761596679688 0.7887834821428571 
92 2037.0180908203124 620.1848052978515 2287.2382568359376 846.7993865966797 0.8082449776785714 2011.051824951172 388.48602600097655 2265.9932189941405 577.3314178466796 0.7853190104166666 
93 2036.0295532226562 616.448843383789 2290.5302612304686 842.6714569091797 0.8005719866071429 2018.9904907226562 397.11436157226564 2264.0649291992186 576.2072937011719 0.7918759300595238 
94 2034.8789306640624 610.9728088378906 2294.6840576171876 837.7118835449219 0.8071056547619048 2014.1672729492188 387.5040222167969 2264.524865722656 567.0057434082031 0.8028041294642857 
95 2031.5759765625 605.92900390625 2298.454296875 840.0327880859375 0.7932012648809523 2011.5872009277343 377.7679473876953 2264.419268798828 560.3688323974609 0.8201497395833334 
96 2037.4978881835937 601.892529296875 2296.7587036132813 842.2982666015625 0.8061988467261905 2012.659423828125 387.77551422119143 2267.206787109375 566.901335144043 0.7967354910714286 
97 2039.4497924804687 596.6991882324219 2299.3326782226563 842.4066467285156 0.7795991443452381 2019.27705078125 386.7937271118164 2264.98466796875 561.6240890502929 0.8030133928571429 
98 2039.24580078125 612.6106140136719 2303.1775390625 838.8377502441406 0.7849237351190477 2015.4993408203125 385.47711791992185 2265.2916748046873 569.2866760253906 0.8041062127976191 
99 2043.9292358398438 610.8727294921875 2299.428430175781 837.9829833984375 0.7739955357142857 2014.8125366210938 390.6776916503906 2270.311730957031 570.4733093261718 0.8069428943452381 
100 2043.974951171875 606.3560821533204 2302.471826171875 836.6532562255859 0.7866675967261905 2015.5946655273438 387.62806243896483 2269.3914184570312 570.9258010864257 0.8017810639880952 
101 2056.7934326171876 585.8980773925781 2308.2602783203124 851.3353210449219 0.7210518973214286 2022.941943359375 398.3725860595703 2288.379345703125 566.017123413086 0.7445359002976191 
102 2056.656359863281 575.9860595703125 2314.878063964844 855.1445556640625 0.6815011160714286 2019.0772583007813 394.8014221191406 2277.298962402344 569.2754821777344 0.7415597098214286 
103 2050.313134765625 594.1393493652344 2311.175146484375 847.9508605957031 0.7050316220238095 2024.0099365234375 396.1880279541016 2277.8216064453127 579.4963592529297 0.7385602678571429 
104 2023.5685546875 565.2761596679687 2298.780078125 833.4309936523438 0.7074730282738095 2012.712109375 401.3434005737305 2287.9236328125 584.8177627563476 0.7270740327380952 
105 2043.2322998046875 563.9015808105469 2297.5606689453125 839.4239807128906 0.6986607142857143 2013.6150817871094 401.4139678955078 2289.137481689453 578.0309173583985 0.7335611979166666 
106 2049.747351074219 579.9632141113282 2311.803674316406 849.1020935058593 0.7144252232142857 2015.4239501953125 399.08443450927734 2291.6453857421875 583.2321243286133 0.7399553571428571 
107 2059.55751953125 579.7895568847656 2299.853125 855.4227233886719 0.7399088541666666 2029.9281860351562 402.5579544067383 2291.426550292969 565.1108383178711 0.7565801711309523 
108 2044.5076782226563 576.3282928466797 2298.628796386719 844.5671539306641 0.7117047991071429 2021.1589721679688 397.683332824707 2289.397912597656 567.0973983764649 0.7453264508928571 
109 2055.1971069335937 577.509033203125 2300.4422973632813 850.781982421875 0.7292829241071429 2026.6301879882812 394.7880584716797 2285.8890991210938 569.9629791259765 0.7449311755952381 
110 2055.0073364257814 607.3957611083985 2295.8669311523436 838.9915069580078 0.8593284970238095 2038.2610473632812 386.3109191894531 2269.8568725585938 557.6917663574219 0.8282645089285714 
111 2050.3937377929688 606.4140380859375 2302.2925415039062 849.1528564453125 0.8519810267857143 2022.737890625 383.75667266845704 2270.05654296875 571.5357772827149 0.8250790550595238 
112 2054.963330078125 610.6572387695312 2306.885302734375 848.8381225585938 0.8430059523809523 2031.3565063476562 384.98441925048826 2274.1178588867188 563.6200424194336 0.82861328125 
113 2053.192663574219 611.6438232421875 2304.978479003906 849.6955322265625 0.8582356770833334 2037.1701904296874 382.04356384277344 2275.2218994140626 565.1603546142578 0.8260323660714286 
114 2053.0993774414064 609.4301147460938 2307.3842651367186 845.2217407226562 0.8499116443452381 2041.5408447265625 388.2198760986328 2272.7091552734373 568.5311614990235 0.82275390625 
115 2054.4766357421877 607.7514862060547 2305.0243408203123 839.7401519775391 0.8326822916666666 2046.9815063476562 393.42968292236327 2269.6906127929688 565.1012924194335 0.8031296502976191 
116 2052.8518310546874 604.044140625 2311.1589111328126 843.9008056640625 0.8327055431547619 2033.6916625976562 382.8154098510742 2273.5483276367186 571.9331558227539 0.8068033854166666 
117 2051.999157714844 606.3545501708984 2312.063586425781 848.1690704345704 0.8324962797619048 2032.5206176757813 379.1050689697266 2278.897595214844 552.4815399169922 0.8119884672619048 
118 2053.6849975585938 605.8081481933593 2308.5989379882812 842.5139953613282 0.8421456473214286 2029.699267578125 381.0076705932617 2280.060986328125 563.0890396118164 0.8268694196428571 
119 2050.8335693359377 605.4248687744141 2307.8368408203123 844.0707977294921 0.8334263392857143 2034.7708251953125 379.3113250732422 2278.0060302734373 558.2957916259766 0.8176153273809523 
120 2052.26904296875 602.5454223632812 2307.68603515625 844.2794067382813 0.8341471354166666 2024.7274536132813 373.7928131103516 2275.5833374023437 560.7945281982422 0.7917364211309523 
121 2050.6266357421873 613.4732025146484 2299.0110595703127 843.4588653564454 0.8625837053571429 2049.741979980469 383.3106994628906 2275.127893066406 553.5000915527344 0.8283110119047619 
122 2053.4705078125 606.5197631835938 2301.2296875 854.2789428710937 0.8578869047619048 2045.0002319335938 380.9953247070313 2274.4067504882814 564.5206665039062 0.8392857142857143 
123 2054.355358886719 611.5745513916015 2301.483264160156 849.5495330810547 0.86279296875 2037.809912109375 382.04846649169923 2275.784814453125 565.106105041504 0.8445870535714286 
124 2053.4772705078126 606.6151397705078 2301.3132568359374 854.451205444336 0.8558640252976191 2036.8842895507812 381.02073364257814 2275.5412475585936 564.6030456542969 0.8360537574404762 
125 2051.773815917969 601.7817687988281 2303.960803222656 853.9685974121094 0.8566313244047619 2043.837841796875 380.98597717285156 2273.098681640625 559.8093719482422 0.8189406622023809 
126 2054.3612548828123 609.3165588378906 2302.2378662109377 857.1933288574219 0.8571196056547619 2046.4164916992188 388.8050338745117 2271.3415649414064 558.6465347290039 0.8248232886904762 
127 2051.1560668945312 606.722036743164 2302.0043334960938 853.0095916748047 0.8602120535714286 2039.2273559570312 383.5896942138672 2271.8324584960938 556.9031646728515 0.8045944940476191 
128 2048.9455688476564 602.1780578613282 2307.9467651367186 852.0914733886718 0.8497721354166666 2037.0615478515624 382.84839935302733 2277.8871826171876 564.6036575317382 0.8186151413690477 
129 2051.4380859375 607.1512725830078 2305.3900390625 847.4986907958985 0.8628627232142857 2036.0891967773437 391.22225799560545 2271.9017700195313 568.0817276000977 0.8303803943452381 
130 2050.4094482421874 603.0815307617188 2308.7863525390626 852.3927124023437 0.8477260044642857 2038.5540649414063 387.2443222045898 2278.799206542969 573.0944534301758 0.8367047991071429 
131 2048.788195800781 601.0845611572265 2307.200329589844 850.4297821044922 0.8495396205357143 2036.9311157226562 385.74103393554685 2277.209265136719 567.0829406738281 0.8132207961309523 
132 2051.8422241210938 615.0648223876954 2302.0842895507812 847.1076019287109 0.8442150297619048 2031.36767578125 393.34678955078124 2277.06005859375 575.3410766601562 0.8178478422619048 
133 2043.8068115234375 597.4418243408203 2307.4573486328127 847.455453491211 0.8456798735119048 2035.9390502929687 392.5355819702148 2276.8614868164063 569.8179641723633 0.8058268229166666 
134 2053.47607421875 614.0082916259765 2300.43798828125 851.8233123779297 0.8534458705357143 2037.4693237304687 391.6724685668945 2270.7110961914063 574.6070419311524 0.8269624255952381 
135 2051.4965576171876 613.0794006347656 2303.1855712890624 851.0398620605469 0.8557942708333334 2039.528076171875 384.09522552490233 2272.912353515625 562.5655715942382 0.8269159226190477 
136 2048.8242065429686 612.7199249267578 2300.1110961914064 854.8691253662109 0.8595145089285714 2044.4310302734375 384.6288269042969 2272.8736572265625 562.8140441894532 0.8281715029761905 
137 2047.9960815429688 604.0844299316407 2298.9719360351564 850.4971130371093 0.8521670386904762 2039.5716430664063 383.8222991943359 2272.294812011719 561.7870147705078 0.8165690104166666 
138 2051.4309936523437 606.0403228759766 2302.6937622070313 852.7347625732422 0.8575381324404762 2039.4826049804688 386.05357513427737 2272.4717407226562 559.6533645629883 0.8235444568452381 
139 2051.6538940429687 609.7331176757813 2302.1422485351563 851.1125854492187 0.8570731026785714 2039.7427612304687 385.3448211669922 2272.0133422851563 567.518032836914 0.8304036458333334 
140 2053.4598388671875 609.2249206542969 2306.8931884765625 853.6069885253906 0.8517950148809523 2037.62041015625 389.7335494995117 2277.4767578125 575.2829605102539 0.8202659970238095 
141 2047.327490234375 597.6819519042969 2305.868798828125 847.1516662597656 0.8373558407738095 2035.9880249023438 392.69810791015624 2271.8501098632814 574.1306274414062 0.7958984375 
142 2051.5152954101563 614.8419067382813 2302.1680541992187 851.8227661132812 0.8522367931547619 2036.0903442382812 386.80042572021483 2268.5139038085936 564.5360305786132 0.8296828497023809 
143 2049.900744628906 609.4364379882812 2312.610241699219 844.9690795898438 0.8373325892857143 2034.5703979492187 375.2974624633789 2279.1617797851563 556.476432800293 0.8283110119047619 
144 2052.5729125976563 605.6649169921875 2311.8775268554687 846.772705078125 0.8333565848214286 2029.1271240234375 382.0541015625 2279.3333251953127 559.472998046875 0.8370070684523809 
145 2052.9082153320314 608.7953277587891 2307.9167358398436 845.5890106201172 0.8308919270833334 2028.9133544921874 381.459326171875 2279.3683837890626 554.50087890625 0.8228469122023809 
146 2050.1033203125 605.4964019775391 2313.58564453125 850.8073699951171 0.84228515625 2026.6904907226562 379.23030548095704 2281.0870971679688 556.3993026733399 0.8260323660714286 
147 2050.176220703125 609.8070465087891 2309.258349609375 846.1627410888672 0.8383324032738095 2034.26767578125 378.8708206176758 2279.71376953125 556.1375717163086 0.8246140252976191 
148 2051.0226196289063 605.7370483398438 2306.0108276367187 842.5116088867187 0.8410760788690477 2027.0299560546875 384.37381744384766 2277.4646728515627 566.5081100463867 0.8235212053571429 
149 2049.5829833984376 602.8006225585938 2304.7441650390624 848.8487915039062 0.8362630208333334 2029.6046630859375 388.2970489501953 2275.6531494140627 579.667855834961 0.8318452380952381 
150 2048.6453491210937 597.8970336914062 2303.7928833007813 843.9321899414062 0.8358212425595238 2028.66796875 383.9304931640625 2274.703125 570.7350341796875 0.8164992559523809 
151 2049.1775390625 602.6527679443359 2303.98896484375 843.8134796142579 0.8379371279761905 2025.2015991210938 380.91795349121094 2275.4627075195312 572.0264434814453 0.8265438988095238 
152 2046.048828125 594.1328643798828 2300.64697265625 844.1845794677735 0.8383324032738095 2029.6119018554687 388.14623107910154 2275.1173461914063 574.5484100341797 0.8088030133928571 
153 2051.521630859375 609.7531158447266 2310.479345703125 850.5382049560546 0.8422386532738095 2036.669287109375 383.47102813720704 2272.911279296875 556.1093856811524 0.83251953125 
154 2045.0595947265624 605.2023376464844 2304.1918701171876 841.6038146972656 0.8444475446428571 2020.5801025390624 380.16627197265626 2279.7123779296876 566.5598022460938 0.8238234747023809 
155 2049.5489990234373 598.4583679199219 2303.7796142578127 843.6091369628906 0.8414713541666666 2021.6117797851562 378.8005142211914 2275.842077636719 560.393669128418 0.8226609002976191 
156 2055.342138671875 581.5679931640625 2315.222802734375 869.543701171875 0.7662295386904762 2022.924658203125 390.03450469970704 2282.805322265625 558.6056015014649 0.7523018973214286 
157 2060.464733886719 581.757699584961 2303.676135253906 859.7135528564453 0.7728562127976191 2020.6423583984374 385.31775054931643 2284.7004150390626 559.0401290893554 0.7364211309523809 
158 2047.9462646484376 600.3191070556641 2302.3965087890624 845.6818084716797 0.8417038690476191 2032.0430297851562 382.91795043945314 2272.8619995117188 573.7556335449219 0.8184988839285714 
159 2053.347119140625 604.710498046875 2299.772021484375 842.008740234375 0.8409365699404762 2036.8484375 386.3679504394531 2274.1466796875 568.9051208496094 0.8224051339285714 
160 2054.1772583007814 611.4756652832032 2300.4831420898436 844.0980651855468 0.8309849330357143 2038.212890625 389.20375366210936 2270.83544921875 571.6526916503906 0.8141508556547619 
161 2052.9952026367187 580.1564758300781 2320.4127563476563 868.6861755371094 0.7673921130952381 2028.3645141601562 392.8558288574219 2274.6703979492186 568.7885803222656 0.7155645461309523 
162 2057.355334472656 574.6777770996093 2304.189343261719 856.7741271972657 0.7416294642857143 2029.4168212890625 396.1976348876953 2283.3033935546873 579.5602386474609 0.7331426711309523 
163 2051.1310791015626 612.706509399414 2298.5290771484374 850.9417449951172 0.8560500372023809 2046.7256225585938 391.56361083984376 2271.216516113281 561.0771362304688 0.8193359375 
164 2051.03505859375 612.1594635009766 2298.71298828125 850.6638397216797 0.8674897693452381 2038.5102172851562 385.6508255004883 2272.428015136719 569.1157455444336 0.8406575520833334 
165 2054.2195556640627 609.96455078125 2296.7184326171873 852.463427734375 0.8610723586309523 2041.7250122070313 388.5831100463867 2270.4973999023437 567.0256851196289 0.8344029017857143 
166 2049.2434814453127 568.0161743164062 2309.9918701171873 864.0010375976562 0.7621140252976191 2022.1384643554688 390.4794647216797 2282.887170410156 580.7554595947265 0.724609375 
167 2055.4174926757814 568.4535247802735 2308.9597045898436 864.2529571533203 0.7639741443452381 2022.9118408203126 392.65331268310547 2276.4543701171874 568.7244033813477 0.7312825520833334 
168 2053.6106689453127 573.5878143310547 2314.0480224609373 876.2579498291016 0.75927734375 2028.9749877929687 387.0585906982422 2268.295275878906 570.0684234619141 0.7196335565476191 
169 2052.9341674804687 610.1573913574218 2291.0763305664063 852.8792297363282 0.8668387276785714 2039.899951171875 384.521174621582 2268.882763671875 567.7074325561523 0.8399600074404762 
170 2055.6382080078124 573.9664245605469 2309.2861083984376 869.8889221191406 0.7590448288690477 2022.3064575195312 391.8602294921875 2282.9999389648438 575.0504150390625 0.7303989955357143 
171 2053.958703613281 574.8495269775391 2314.308142089844 870.3812469482422 0.7599283854166666 2023.106689453125 387.5711273193359 2269.383056640625 570.5193878173828 0.7319568452380952 
172 2054.3759521484376 574.3219940185547 2314.9009033203124 870.053189086914 0.7565801711309523 2021.8778686523438 387.7297164916992 2282.4031372070312 563.7601821899414 0.7362118675595238 
173 2052.433459472656 569.774951171875 2312.369030761719 864.836865234375 0.7788318452380952 2026.2238037109375 399.8171890258789 2279.1341064453127 575.4492599487305 0.7241908482142857 
174 2051.7619873046874 569.9228240966797 2311.5798095703126 864.851040649414 0.7663225446428571 2024.7539306640624 393.8301208496094 2284.5717529296876 576.4047424316407 0.7234933035714286 
175 2053.893701171875 581.1604125976562 2313.879736328125 869.2529174804688 0.7621140252976191 2028.4898559570313 394.14348754882815 2274.422497558594 569.8096374511719 0.7440243675595238 
176 2051.077978515625 575.9386352539062 2310.850732421875 863.7950073242188 0.7584635416666666 2023.2644287109374 400.68648223876954 2290.0583251953126 569.1877548217774 0.7392113095238095 
177 2056.9183959960938 588.6646209716797 2309.5408325195312 862.338980102539 0.7676246279761905 2028.3095092773438 406.48494720458984 2294.9666137695312 574.8999710083008 0.7463727678571429 
178 2045.7669677734375 576.39892578125 2305.9923095703125 850.690673828125 0.7388160342261905 2021.6920532226563 396.78382568359376 2303.0166870117187 586.6780883789063 0.7412341889880952 
179 2043.54951171875 571.3739227294922 2310.325 852.1903472900391 0.7513485863095238 2018.1680236816405 386.68314666748046 2270.902655029297 583.2546279907226 0.7333984375 
180 2045.298291015625 565.5917297363281 2312.181689453125 853.5447448730469 0.7516043526785714 2017.47548828125 380.826416015625 2291.38193359375 584.50048828125 0.7325381324404762 
181 2040.2185546875 564.9670623779297 2307.42060546875 853.2641998291016 0.7426292782738095 2022.3690673828125 371.5970428466797 2303.6343505859377 554.4196197509766 0.7467215401785714 
182 2047.1947143554687 577.4563232421875 2307.265490722656 851.5849365234375 0.7201683407738095 2023.1341674804687 362.5328887939453 2304.291857910156 531.2274871826172 0.7390252976190477 
183 2048.2654052734374 583.3612091064454 2299.0695556640626 862.0322845458984 0.7562546502976191 2042.9065551757812 351.31388092041016 2293.7103881835938 504.58300018310547 0.7328636532738095 
184 2048.202746582031 605.10849609375 2302.266735839844 845.314599609375 0.8398204985119048 2055.309436035156 332.92225494384763 2309.373425292969 499.21882781982424 0.8341238839285714 
185 2051.049450683594 596.8979309082031 2315.614367675781 856.9012634277344 0.5916806175595238 2058.067028808594 326.7189315795898 2322.631945800781 495.49307403564455 0.5505719866071429 
186 2045.21357421875 605.2002716064453 2298.24638671875 844.4311370849609 0.8471447172619048 2075.117639160156 325.09480743408204 2314.348425292969 476.91443939208983 0.8371698288690477 
187 2041.7776977539063 595.8762176513671 2296.743054199219 846.2886383056641 0.8562593005952381 2081.878869628906 327.77735290527346 2323.185339355469 473.4718536376953 0.8393787202380952 
188 2042.8260009765625 594.3926574707032 2295.9825927734373 843.0286071777343 0.8449823288690477 2086.641455078125 331.6730987548828 2321.715478515625 476.33404235839845 0.8331938244047619 
189 2058.6474365234376 582.0464263916016 2300.5229736328124 837.6133026123047 0.5855422247023809 2079.1838134765626 314.71932830810545 2325.6233154296874 483.5759902954102 0.5073474702380952 
190 2044.790966796875 561.5533020019532 2309.325732421875 846.9723327636718 0.7779017857142857 2075.5821044921877 347.35509490966797 2305.3094970703123 493.5453872680664 0.7027762276785714 
191 2036.4025756835938 550.4208251953125 2303.3618286132814 824.4053466796875 0.7613002232142857 2065.0437744140627 341.8250762939453 2317.9528076171873 503.40569763183595 0.7276320684523809 
192 2048.3286010742186 545.8320953369141 2313.5803344726564 825.0443084716796 0.7867838541666666 2073.83349609375 340.1815475463867 2304.18359375 493.74829254150393 0.7240978422619048 
193 2043.7889526367187 566.1088104248047 2303.320178222656 807.7414703369141 0.8523065476190477 2062.0317626953124 328.0902816772461 2312.6137451171876 484.70406036376954 0.8450288318452381 
194 2042.84638671875 552.7368713378906 2298.36748046875 808.2581237792969 0.8511672247023809 2053.191357421875 329.1126937866211 2308.712451171875 490.49451446533203 0.8349144345238095 
195 2033.1479248046876 555.9486633300781 2298.8017822265624 808.0945495605469 0.8293340773809523 2040.0752075195312 331.3378845214844 2305.7287475585936 488.9290832519531 0.83935546875 
196 2035.1191650390624 553.9089416503906 2299.1962646484376 817.9861999511719 0.7826683407738095 2047.4142822265626 346.7633850097656 2297.5925537109374 506.59959106445314 0.7440011160714286 
197 2026.2426513671876 556.5742370605469 2289.5605712890624 815.3521545410156 0.8496558779761905 2021.1786987304688 338.4814453125 2298.1164672851564 520.0799560546875 0.845703125 
198 2033.8073120117188 557.2206176757812 2287.3945922851562 820.0291381835938 0.8420061383928571 2037.3542236328126 341.9376159667969 2290.9411865234374 503.31122436523435 0.8380068824404762 
199 2034.4676391601563 549.7815643310547 2287.420788574219 816.787710571289 0.8355422247023809 2022.5765625 346.0137451171875 2284.89853515625 505.28056640625 0.8324497767857143 
200 2034.6186279296876 553.5865783691406 2287.5263916015624 815.8614196777344 0.8432384672619048 2026.8729248046875 345.1718276977539 2284.4639892578125 509.09358367919924 0.8354259672619048 
201 2028.0683959960938 559.1869262695312 2290.848352050781 821.9668823242188 0.8522135416666666 2031.6147827148438 342.86339111328124 2294.394738769531 513.4398315429687 0.8405645461309523 
202 2035.3526733398437 550.0580139160156 2289.754992675781 809.1717224121094 0.8481910342261905 2030.6414428710937 347.6594268798828 2294.4662231445313 507.83880310058595 0.8258928571428571 
203 2035.192578125 553.0520477294922 2287.36845703125 809.8127593994141 0.8460751488095238 2029.5495727539062 334.38223724365236 2300.0654174804686 499.4426834106445 0.8410993303571429 
204 2042.1398681640626 554.556118774414 2294.2160888671874 806.6324188232422 0.7765531994047619 2035.1377685546875 348.801496887207 2301.2181884765623 516.8524032592774 0.7628580729166666 
205 2037.2135498046875 547.9799896240235 2285.8201416015627 801.1069854736328 0.8461681547619048 2032.6933837890624 341.7927749633789 2290.3403076171876 513.557536315918 0.8371930803571429 
206 2037.9845581054688 548.8181396484375 2289.6421508789062 795.9819091796875 0.8386579241071429 2036.9475219726562 341.407942199707 2297.5927612304686 498.6940170288086 0.8399600074404762 
207 2040.4456787109375 540.9946044921875 2286.7188720703125 796.3890625 0.8221493675595238 2027.2901489257813 344.537287902832 2296.366345214844 508.7194564819336 0.8261486235119048 
208 2029.43828125 532.1673980712891 2289.73408203125 792.4632781982422 0.8481910342261905 2040.83037109375 342.81419525146487 2292.1505859375 508.86503448486326 0.8433314732142857 
209 2039.5794555664063 543.509146118164 2282.909558105469 791.3455291748047 0.8364025297619048 2030.0471069335938 342.46704864501953 2295.9082153320314 500.18111419677734 0.8373093377976191 
210 2041.9293334960937 546.4994293212891 2280.024523925781 789.0869354248047 0.8493303571428571 2028.4523071289063 338.6414077758789 2293.5015502929687 495.8740036010742 0.8333333333333334 
211 2043.129150390625 536.924267578125 2284.568603515625 796.5856201171875 0.8339611235119048 2029.462646484375 345.244384765625 2298.235107421875 504.68560791015625 0.8298688616071429 
212 2034.1831787109375 542.5251495361329 2289.6312744140623 797.9733245849609 0.8254975818452381 2025.7370971679688 345.50940856933596 2294.629846191406 515.808218383789 0.8348446800595238 
213 2053.5655151367187 536.039584350586 2286.3819946289063 796.2461212158203 0.6142345610119048 2031.267333984375 340.79688415527346 2305.168701171875 527.963003540039 0.5029180617559523 
214 2052.980920410156 544.0939300537109 2285.787878417969 795.1601593017579 0.6173967633928571 2031.2103759765625 344.821061706543 2300.5357177734377 527.4146865844726 0.5372140066964286 
215 2043.6241943359375 543.8195190429688 2286.7273681640627 800.4282836914062 0.8285202752976191 2026.6554321289063 342.96509552001953 2296.7701049804687 509.53572845458984 0.8312639508928571 
216 2041.111572265625 550.0276123046875 2286.550048828125 800.011328125 0.8491443452380952 2035.5174682617187 347.24361114501954 2299.136584472656 506.3241683959961 0.8327055431547619 
217 2041.5933837890625 548.5426788330078 2289.8470458984375 801.3099212646484 0.8354259672619048 2033.0868896484376 343.69004821777344 2294.8813720703124 506.1833038330078 0.8330310639880952 
218 2041.6203247070312 545.3406494140625 2284.577185058594 797.295947265625 0.8223586309523809 2028.1226684570313 347.54879302978514 2298.074841308594 514.0192916870117 0.8268461681547619 
219 2036.924169921875 554.3383728027344 2292.634423828125 801.0760559082031 0.8418898809523809 2024.5011474609375 345.2152328491211 2298.1555908203127 520.174690246582 0.8313337053571429 
220 2040.5350830078125 557.1174133300781 2291.1983154296877 798.8283874511719 0.8248930431547619 2024.1800048828125 346.91146697998045 2297.2238037109373 530.4328018188477 0.8287992931547619 
221 2043.3193115234376 559.7016326904297 2289.7715087890624 801.6729400634765 0.8312174479166666 2022.4657104492187 336.5159057617187 2300.284533691406 511.2729125976563 0.8329845610119048 
222 2042.7393432617187 551.5956604003907 2289.0192016601563 802.3533142089843 0.818359375 2017.4225952148438 335.97171478271486 2304.0024536132814 515.0842849731446 0.8191034226190477 
223 2040.7557861328125 560.522705078125 2291.7364013671877 802.539794921875 0.8187313988095238 2023.86298828125 336.7776763916016 2301.7341796875 516.0495330810547 0.8268694196428571 
224 2044.0471313476562 556.6779205322266 2290.4482299804686 803.0790985107421 0.8303338913690477 2023.1976806640625 336.46767578125 2300.9590576171877 520.14853515625 0.8322637648809523 
225 2040.472705078125 558.1387145996093 2291.113720703125 804.3041564941407 0.8299153645833334 2032.0376708984375 339.6884262084961 2296.1058837890623 509.7663772583008 0.8273111979166666 
226 2037.207763671875 552.7341918945312 2292.383544921875 803.4332885742188 0.8248930431547619 2024.8105102539062 337.6770446777344 2297.893347167969 512.2710754394532 0.8260091145833334 
227 2035.6698608398438 551.9992095947266 2290.5964965820312 802.4533660888671 0.8293805803571429 2010.8996459960938 332.6797073364258 2301.6054809570314 516.0479843139649 0.8222423735119048 
228 2044.9700317382812 553.2823760986328 2290.5180053710938 798.830111694336 0.8228469122023809 2024.1929565429687 342.24865875244143 2300.9923461914063 511.8998092651367 0.8077334449404762 
229 2045.6273193359375 559.1118865966797 2290.7135009765625 799.7419342041015 0.8349609375 2033.2871948242187 337.1631912231445 2296.1979125976563 510.9515853881836 0.8264973958333334 
230 2047.5247680664063 558.0481750488282 2288.023815917969 794.0935485839843 0.8229399181547619 2030.2239379882812 343.072119140625 2301.8988647460938 512.3122192382813 0.8219401041666666 
231 2043.4390258789062 556.818978881836 2288.5172729492188 797.4410919189453 0.8265438988095238 2022.7018310546875 341.7328811645508 2298.9715087890627 515.5155624389648 0.8252650669642857 
232 2045.0182006835937 554.5601684570313 2289.943469238281 795.0322387695312 0.8232654389880952 2024.293701171875 332.24346313476565 2300.391357421875 510.37091674804685 0.8249395461309523 
233 2036.8721557617187 552.7354553222656 2295.1871704101563 802.1429626464844 0.8270089285714286 2028.4787109375 346.1520233154297 2300.15458984375 515.3928375244141 0.8280784970238095 
234 2038.3783325195313 553.5021270751953 2291.9954467773437 802.6699310302735 0.8243117559523809 2025.5432739257812 343.6945602416992 2301.4076538085938 512.7727554321289 0.8283807663690477 
235 2040.1462646484374 555.9964050292969 2298.9103759765626 805.8374572753906 0.8396112351190477 2040.6610473632813 346.13683013916017 2294.9637084960937 511.21036834716796 0.8451683407738095 
236 2036.876416015625 549.7773284912109 2291.394580078125 799.8301544189453 0.8194521949404762 2012.145928955078 334.2441665649414 2302.3856872558595 517.3185470581054 0.8168247767857143 
237 2039.1129516601563 566.3963623046875 2294.3169799804687 799.214111328125 0.8207775297619048 2038.0797607421875 347.35480041503905 2302.2381103515627 508.53631286621095 0.8353097098214286 
238 2037.318994140625 555.026821899414 2296.086279296875 800.4095184326172 0.8374953497023809 2037.318994140625 344.1349182128906 2296.086279296875 513.6720886230469 0.8447265625 
239 2035.297607421875 552.5529144287109 2294.707275390625 803.0177032470704 0.8147786458333334 2022.9117431640625 337.1807891845703 2300.2122802734375 516.0841644287109 0.8195219494047619 
240 2037.8580932617188 544.2915863037109 2296.1807250976562 809.5959259033203 0.7357235863095238 2031.6818969726562 350.68383331298827 2296.9863159179686 525.226170349121 0.7380022321428571 
241 2044.8275512695313 561.5152313232422 2291.4114624023437 794.6490142822265 0.8162899925595238 2008.6160217285155 333.72696685791016 2300.033270263672 508.5773239135742 0.8089192708333334 
242 2042.4950561523438 565.8280548095703 2297.5296020507812 802.965463256836 0.8229864211309523 2029.5882690429687 336.09045257568357 2306.994494628906 506.1134963989258 0.8237072172619048 
243 2047.6869384765625 552.0275024414062 2289.7237060546877 798.5463500976563 0.8165225074404762 2026.3105834960938 340.15918731689453 2304.204309082031 510.48128509521484 0.8259626116071429 
244 2045.51904296875 548.9869689941406 2292.3857421875 800.3422546386719 0.8309616815476191 2029.118701171875 333.8847686767578 2298.428173828125 504.44732360839845 0.8352167038690477 
245 2044.7296630859375 548.7006652832031 2291.4510009765627 804.3939392089844 0.8282645089285714 2036.27548828125 338.21087951660155 2296.4544921875 504.1872528076172 0.8357514880952381 
246 2045.4346435546875 553.8844543457031 2292.1293212890623 800.5792907714844 0.8334728422619048 2033.013623046875 335.48187866210935 2297.649951171875 501.44024047851565 0.8364025297619048 
247 2042.6185913085938 554.0379608154296 2293.8001098632812 800.7338287353516 0.8255673363095238 2033.6480834960937 339.60227966308594 2302.770617675781 501.07594299316406 0.8241024925595238 
248 2043.819384765625 550.766015625 2295.018994140625 801.9653076171875 0.8199172247023809 2023.46123046875 335.27979736328126 2301.57490234375 510.22215576171874 0.8276599702380952 
249 2042.5646240234375 551.1522430419922 2294.3133056640627 802.9011627197266 0.8263346354166666 2041.5271850585937 339.6901458740234 2302.2670043945313 506.0242095947266 0.8351236979166666 
250 2044.3745361328124 548.89736328125 2291.5541748046876 805.065283203125 0.8239862351190477 2035.3862548828124 337.4982620239258 2300.5424560546876 508.2769149780273 0.82275390625 
251 2041.5032348632812 554.9827209472656 2298.3627319335938 802.8296569824219 0.8177083333333334 2021.5713989257813 341.9729537963867 2300.962536621094 513.2126846313477 0.8312872023809523 
252 2036.7723876953125 543.5393249511719 2294.2530029296877 805.5370910644531 0.8324497767857143 2024.784423828125 345.4772750854492 2295.816650390625 517.1310317993164 0.8226376488095238 
253 2047.451904296875 553.3798980712891 2291.430419921875 801.8767547607422 0.8104073660714286 2021.9069458007812 343.8083999633789 2306.548864746094 510.97904510498046 0.8183361235119048 
254 2043.6839233398437 551.5576843261719 2292.6932739257813 800.5671936035156 0.8224516369047619 2022.0913940429687 333.5437316894531 2307.3204711914063 510.1141052246094 0.8270554315476191 
255 2047.7291259765625 555.405874633789 2292.4344482421875 800.1112762451172 0.8238234747023809 2026.639794921875 333.1840545654297 2303.066259765625 509.9157379150391 0.8271949404761905 
256 2053.8037841796877 557.63984375 2289.0536376953123 797.4139892578125 0.8206612723214286 2028.747607421875 339.26795349121096 2300.189892578125 511.1814483642578 0.8172898065476191 
257 2045.2798583984375 540.4756225585937 2290.3051025390623 803.6507202148438 0.8251255580357143 2023.6394897460937 338.5567321777344 2304.9647583007813 506.4443054199219 0.8158017113095238 
258 2044.54794921875 553.4206573486329 2293.3265625 802.1990325927734 0.833984375 2027.4990356445312 340.65415954589844 2303.4167358398436 503.49098205566406 0.8324962797619048 
259 2044.0809448242187 548.9510101318359 2292.814807128906 802.2074981689453 0.8312872023809523 2027.0347045898438 343.70191345214846 2302.903527832031 506.5096954345703 0.8341006324404762 
260 2040.965869140625 544.8937347412109 2298.214794921875 802.1425811767579 0.8455171130952381 2032.9812866210937 343.5384048461914 2299.2562622070313 510.52449188232424 0.8360770089285714 
261 2048.090197753906 555.9804565429688 2296.384167480469 804.2744262695312 0.8249627976190477 2031.595361328125 339.1138259887695 2302.461279296875 510.6624496459961 0.8292643229166666 
262 2044.1253540039063 555.775424194336 2296.983288574219 804.1181915283203 0.8292178199404762 2035.6155517578125 338.86629180908204 2302.0197021484373 510.4485580444336 0.8341703869047619 
263 2048.2569213867187 555.861117553711 2292.1246704101563 799.7287872314453 0.8254045758928571 2034.7088012695312 335.9632965087891 2305.6727905273438 498.54176940917966 0.8415411086309523 
264 2047.3726196289062 559.391796875 2291.4606323242188 798.9596435546875 0.8228701636904762 2025.8149047851562 338.77374267578125 2306.064245605469 501.49908447265625 0.8292410714285714 
265 2049.36025390625 550.3476135253907 2293.2994140625 798.8042419433593 0.8229399181547619 2032.333154296875 341.331364440918 2303.376806640625 503.95748443603514 0.8166620163690477 
266 2040.5066284179688 555.6203186035157 2294.476037597656 805.0544860839843 0.8343331473214286 2023.9358520507812 341.7698318481445 2300.5809936523438 509.57095794677736 0.8271019345238095 
267 2046.1666870117188 547.612680053711 2297.9829711914062 804.0071319580078 0.8344959077380952 2042.11669921875 343.34238891601564 2298.51123046875 508.16737670898436 0.8292643229166666 
268 2053.7250732421876 539.8142517089843 2292.5918212890624 802.0995666503907 0.8309849330357143 2033.5492065429687 349.9456558227539 2291.150744628906 509.19029998779297 0.8048270089285714 
269 2052.5912231445313 552.3301666259765 2293.1194702148437 792.8584930419922 0.8407273065476191 2035.90302734375 351.1643585205078 2295.29619140625 511.5165496826172 0.8144763764880952 
270 2051.055065917969 538.4742248535156 2292.641467285156 798.6441833496094 0.8349376860119048 2038.1896362304688 346.56317749023435 2298.3594360351562 504.52349243164065 0.8244280133928571 
271 2047.8112670898438 546.3258392333985 2292.3442504882814 800.2640655517578 0.8378441220238095 2037.8636474609375 343.75404205322263 2305.9093017578125 503.64106903076174 0.8173363095238095 
272 2035.9182983398437 540.1540985107422 2290.8182739257813 790.4195709228516 0.8254045758928571 2047.1481079101563 336.9470413208008 2297.4136596679687 494.52161712646483 0.8189406622023809 
273 2048.4240600585936 538.7998657226562 2293.6298950195314 802.5116577148438 0.8446335565476191 2047.3564086914062 327.40333862304686 2301.815222167969 480.07859497070314 0.81689453125 
274 2056.216687011719 556.0434356689453 2292.591662597656 782.9633392333984 0.8244280133928571 2054.034765625 313.3044937133789 2309.3197265625 469.3119918823242 0.8258928571428571 
275 2043.870263671875 537.9833587646484 2285.784521484375 784.4621368408203 0.8399135044642857 2064.4099853515627 310.8156372070313 2310.8888427734373 456.8771118164062 0.8055245535714286 
276 2050.503210449219 538.9606903076171 2285.835900878906 783.3444244384766 0.8495861235119048 2069.3021850585938 296.83971252441404 2322.7371215820312 437.1341033935547 0.8110816592261905 
277 2046.1463989257813 529.4489288330078 2291.2068725585937 783.5856781005859 0.8590029761904762 2065.5208129882812 274.7885711669922 2324.1957397460938 406.39508361816405 0.8165225074404762 
278 2040.9243041992188 525.3384552001953 2295.6897094726564 780.1036224365234 0.8583519345238095 2068.4294677734374 252.8668960571289 2323.1945556640626 395.8929611206055 0.8335890997023809 
279 2038.974560546875 526.5442108154297 2297.878955078125 780.9845367431641 0.8641183035714286 2073.827038574219 248.0677047729492 2328.267443847656 386.44752349853513 0.8219633556547619 
280 2038.7449951171875 516.2244323730469 2292.2291259765625 774.1555725097656 0.8575381324404762 2077.4004150390624 238.79463272094728 2321.9902099609376 381.1014091491699 0.8144066220238095 
281 2041.1328369140624 515.7605621337891 2297.3388427734376 776.4614227294921 0.8654901413690477 2072.2507202148436 234.83286743164064 2328.4570434570314 383.1626770019531 0.8258231026785714 
282 2044.9925659179687 513.5949768066406 2297.535021972656 770.6469665527344 0.8677455357142857 2081.2435913085938 239.71841583251953 2320.2566528320312 375.00890960693357 0.8199869791666666 
283 2037.134326171875 520.1474609375 2297.582470703125 758.143310546875 0.8303571428571429 2076.16689453125 244.32791290283203 2327.634375 388.0234970092773 0.8104771205357143 
284 2049.399865722656 506.1334564208984 2295.632116699219 757.1009796142578 0.8112211681547619 2067.06591796875 246.05971069335936 2318.033203125 383.38157348632814 0.7967122395833334 
285 2045.91728515625 505.94740905761716 2290.7501953125 750.7805572509766 0.8184291294642857 2059.3177978515623 250.4300521850586 2313.5674560546877 386.97158966064455 0.7855050223214286 
286 2036.498583984375 490.24578552246095 2294.756787109375 753.1995880126954 0.78759765625 2054.558642578125 247.88035278320314 2312.816845703125 388.7484924316406 0.7816685267857143 
287 2042.9629760742187 507.738525390625 2289.5729125976563 749.6953125 0.8209402901785714 2052.627001953125 254.14915618896484 2308.542919921875 398.39262237548826 0.7867838541666666 
288 2050.940563964844 493.4891662597656 2281.113879394531 737.2018737792969 0.8218238467261905 2051.287731933594 254.98401489257813 2308.540148925781 399.4063659667969 0.7885277157738095 
289 2045.94248046875 482.77563934326173 2283.3080078125 733.577052307129 0.8386579241071429 2062.1343017578124 249.54410705566406 2308.4570068359376 401.8163665771484 0.7896670386904762 
290 2047.0416748046875 482.3138458251953 2285.5808837890627 741.9006927490234 0.7672991071428571 2067.819287109375 280.20313873291013 2313.374560546875 420.52034149169924 0.7358630952380952 
291 2045.19990234375 477.73070220947267 2283.53154296875 737.0915328979493 0.7557663690476191 2059.758544921875 281.18799743652346 2312.109619140625 421.38304748535154 0.7213541666666666 
292 2033.4133666992188 470.2887557983398 2285.814904785156 743.7238479614258 0.7625558035714286 2058.761193847656 280.71783752441405 2325.185339355469 420.94097595214845 0.7260509672619048 
293 2041.0341430664062 470.0932556152344 2278.532019042969 730.4276184082031 0.8360305059523809 2060.5327270507814 254.3775833129883 2311.7326538085936 405.0974838256836 0.8072916666666666 
294 2037.7893310546874 471.4644943237305 2277.6818603515626 729.4619277954101 0.8417736235119048 2053.1089721679687 262.2115509033203 2311.1066040039063 402.52593688964845 0.79248046875 
295 2034.8310180664062 468.8231903076172 2277.794226074219 725.284292602539 0.8267764136904762 2061.4806884765626 259.7779571533203 2313.4426513671874 408.25542907714845 0.7888067336309523 
296 2032.3876586914062 475.8911193847656 2277.597937011719 730.1834655761719 0.8367280505952381 2059.8077758789063 261.41929321289064 2309.5591674804687 406.7292053222656 0.7983630952380952 
297 2041.2890625 474.0672546386719 2273.4609375 728.5633605957031 0.8254278273809523 2059.8352905273437 263.1891845703125 2309.8666137695313 410.5290771484375 0.7913643973214286 
298 2036.3895263671875 482.0419326782227 2273.7696533203125 728.3799118041992 0.8332635788690477 2066.8802978515623 267.05611114501954 2308.7393310546877 405.90113372802733 0.7923409598214286 
299 2031.4023559570312 473.88517608642576 2273.6393920898436 729.5797592163086 0.8127092633928571 2057.97265625 265.9823501586914 2309.18115234375 409.53019256591796 0.7805292038690477 
