0 1969.9326904296875 482.3457946777344 2217.9032470703123 640.7713928222656 0.7539760044642857 2044.2444702148437 648.8516082763672 2199.2259887695313 810.7212066650391 0.7240513392857143 
1 1972.8771667480469 500.0179779052734 2200.8587951660156 645.0970733642578 0.7463030133928571 2043.82255859375 648.2856536865235 2209.6271484375 820.9989532470703 0.7171688988095238 
2 1964.820849609375 502.00001525878906 2178.029736328125 625.7987518310547 0.7234700520833334 2058.0666381835936 650.6643035888671 2219.6928833007814 815.7293121337891 0.7677873883928571 
3 1980.4019592285156 510.6756561279297 2192.5344421386717 630.4279205322266 0.7032180059523809 2065.28115234375 649.9041290283203 2226.09140625 817.5572357177734 0.7932012648809523 
4 1975.2624267578126 511.81206970214845 2190.4397216796874 631.3548614501954 0.6794782366071429 2056.183740234375 653.4243469238281 2230.374853515625 820.7842712402344 0.7482096354166666 
5 1970.93681640625 503.61151428222655 2233.3908203125 622.9088104248046 0.6668526785714286 2062.83515625 654.6339752197266 2233.2595703125 828.4671600341796 0.7605096726190477 
6 1962.8345031738281 480.5177398681641 2210.5843200683594 626.4526580810547 0.7100306919642857 2070.0012084960936 654.1253936767578 2226.1176879882814 833.9986907958985 0.7772739955357143 
7 1985.925518798828 487.13255920410154 2234.902972412109 611.6212860107422 0.6840122767857143 2068.0983764648436 665.066049194336 2232.9619262695314 840.0232452392578 0.7787155877976191 
8 1975.627001953125 475.20589141845704 2220.777294921875 606.1766464233399 0.6984514508928571 2062.0364990234375 678.6367126464844 2229.9478759765625 859.9808410644531 0.8172898065476191 
9 1967.3376342773438 479.4045379638672 2216.2758911132814 598.8949615478516 0.7062872023809523 2057.46611328125 685.8319458007812 2233.38251953125 875.0251098632813 0.8243582589285714 
10 1974.4796508789063 474.74160919189455 2201.5318237304687 593.2036727905273 0.7214936755952381 2058.6434326171875 686.8596374511719 2236.3365478515625 897.4588439941406 0.8342866443452381 
11 1974.8966064453125 484.107958984375 2191.9451904296875 595.9209716796875 0.7065662202380952 2057.49150390625 694.1999908447266 2238.3654296875 914.5373748779297 0.8264043898809523 
12 1980.5372497558594 478.19806518554685 2189.4955871582033 594.2860656738281 0.7175176711309523 2048.786572265625 703.1026092529297 2241.161181640625 948.545767211914 0.8460518973214286 
13 1976.5871887207031 485.6100280761719 2196.2232360839844 597.0670959472657 0.7251674107142857 2041.1415893554688 731.3451416015625 2247.6648071289064 964.093701171875 0.8306129092261905 
14 1977.7610961914063 485.5345626831055 2209.912976074219 596.7059463500976 0.7137974330357143 2043.658935546875 754.0310272216797 2249.653076171875 979.6434722900391 0.8534923735119048 
15 1970.835272216797 488.4251998901367 2215.8933654785155 602.7856460571289 0.7259347098214286 2042.8445922851563 764.27275390625 2251.960827636719 992.9937255859375 0.8477725074404762 
16 1976.7353881835938 491.09896087646484 2232.412316894531 615.6596145629883 0.7316313244047619 2042.1673461914063 774.386181640625 2255.231823730469 1000.562060546875 0.8399832589285714 
17 1983.7805480957031 493.82262420654297 2214.0997009277344 605.6919326782227 0.7374906994047619 2044.2709594726562 785.3916015625 2254.848425292969 1002.5496826171875 0.8504696800595238 
18 1986.1760803222655 496.3180465698242 2216.459051513672 611.4595718383789 0.728515625 2044.1263305664063 791.1308990478516 2254.670788574219 1004.9651092529297 0.8531436011904762 
19 1989.5801147460938 504.37499084472654 2212.839562988281 609.4383026123047 0.7562546502976191 2043.7531982421874 795.3196746826172 2257.1633056640626 1005.4463775634765 0.8562593005952381 
20 1993.8130859375 516.9290313720703 2214.7572265625 615.8592376708984 0.7423967633928571 2045.6879638671876 796.0899078369141 2256.7392822265624 1003.8433807373046 0.8524460565476191 
21 1994.8774353027343 516.5324127197266 2218.925421142578 618.6719940185546 0.7436290922619048 2047.0876831054688 795.8322357177734 2257.956506347656 1003.4062286376953 0.8425874255952381 
22 1994.219989013672 518.0993133544922 2223.570172119141 621.140737915039 0.7483723958333334 2044.3345458984375 791.8111389160156 2260.3890869140623 1004.5418884277344 0.8560732886904762 
23 1992.4937438964844 526.2560028076172 2216.416046142578 626.5196929931641 0.7335379464285714 2044.6823608398438 791.1835388183594 2261.9204223632814 1001.7373596191406 0.8494931175595238 
24 1988.1458618164063 518.3991058349609 2220.792858886719 621.4284698486329 0.7274228050595238 2043.3675537109375 792.4623321533203 2262.7203369140625 1001.844613647461 0.8445405505952381 
25 1990.405450439453 514.3111114501953 2227.3122009277345 624.4227142333984 0.7209123883928571 2043.664599609375 792.7983612060547 2263.887646484375 1003.0113922119141 0.8450288318452381 
26 1990.6180908203125 523.8984619140625 2212.9517333984377 620.132421875 0.7178896949404762 2044.2230712890625 788.733267211914 2266.5567138671877 1001.1116424560547 0.8460518973214286 
27 1992.64326171875 516.2425079345703 2223.643359375 628.4424896240234 0.7280738467261905 2047.4739501953125 786.2078857421875 2265.2740966796873 1000.7078857421875 0.85009765625 
28 1994.7728576660156 521.4172088623047 2215.548309326172 623.567105102539 0.7021716889880952 2051.29755859375 784.7764312744141 2265.48271484375 998.9616668701171 0.8439127604166666 
29 1992.4838989257812 517.4937805175781 2229.5285522460936 626.1391540527344 0.7065894717261905 2050.858642578125 781.3831085205078 2264.857177734375 995.381723022461 0.8477027529761905 
30 1992.9270080566407 514.0818084716797 2217.607537841797 626.4219146728516 0.7325381324404762 2052.52841796875 773.455435180664 2267.2962890625 994.8316131591797 0.8383091517857143 
31 1991.4958129882812 524.2630035400391 2209.646032714844 620.1168182373046 0.7069847470238095 2055.8220703125 769.4911315917968 2267.3615234375 987.6411926269532 0.8371465773809523 
32 1990.4599853515624 521.646044921875 2200.8803466796876 630.143994140625 0.7184244791666666 2061.2744384765624 767.0942749023437 2271.6947998046876 984.0901733398438 0.8382859002976191 
33 1986.776544189453 522.7775787353515 2211.6544860839845 621.9883514404297 0.7122628348214286 2070.851281738281 767.1159759521485 2272.580114746094 975.4586700439453 0.8377743675595238 
34 1991.9946228027343 520.1194458007812 2203.169561767578 627.3313598632812 0.7389787946428571 2075.2149291992187 766.6568786621094 2279.8922485351563 968.0853088378906 0.8241489955357143 
35 1987.9456298828125 520.1106201171875 2193.0695068359373 617.788671875 0.7268182663690477 2083.119250488281 768.3129150390625 2288.242810058594 950.64521484375 0.7958054315476191 
36 1987.6418151855469 519.5262145996094 2196.2694396972656 622.2352600097656 0.7190522693452381 2093.8074462890627 760.744287109375 2302.4352294921873 934.065771484375 0.7901320684523809 
37 1990.5723022460938 517.8704345703125 2191.957727050781 625.0594970703125 0.71435546875 2095.762548828125 755.6103302001953 2316.636865234375 924.5142425537109 0.8026646205357143 
38 1986.3784240722657 513.5689117431641 2186.823602294922 628.5783660888671 0.7324683779761905 2102.904443359375 753.4457214355468 2323.065283203125 914.4589416503907 0.7998976934523809 
39 1983.5639221191407 517.4090270996094 2185.363690185547 633.1958312988281 0.7578125 2111.0567016601562 749.4915893554687 2332.7057495117188 904.9767944335938 0.8154761904761905 
40 1985.5603881835937 517.1761047363282 2186.3148559570313 630.9370544433593 0.7327241443452381 2108.2007690429687 738.263540649414 2339.0685180664063 898.8672576904297 0.7984793526785714 
41 1986.6215454101562 517.7968658447265 2184.364050292969 621.6953826904297 0.72265625 2116.817138671875 723.2736114501953 2348.074951171875 900.9065032958985 0.7972702752976191 
42 1984.2570373535157 511.3916015625 2196.428875732422 625.89697265625 0.6995442708333334 2119.2283569335937 707.5015502929688 2351.6068481445313 896.0986694335937 0.8017578125 
43 1983.6723999023438 506.09116516113284 2191.621301269531 620.1275238037109 0.7031482514880952 2125.4438598632814 697.6567901611328 2356.8708374023436 895.5434661865235 0.7907366071428571 
44 1984.5014526367188 511.78790588378905 2190.6882446289064 623.3315399169921 0.7043340773809523 2127.376123046875 690.6737121582031 2357.223486328125 896.8603454589844 0.7981305803571429 
45 1984.9977722167969 514.9490142822266 2183.7801818847656 619.3940643310547 0.7172619047619048 2132.5944702148436 679.5212249755859 2354.9614379882814 885.0420684814453 0.8001767113095238 
46 1983.0805419921876 521.3605529785157 2183.1631103515624 619.7062194824218 0.7072637648809523 2135.4250610351564 673.5745697021484 2349.0722534179686 877.0482940673828 0.7998046875 
47 1981.9441955566406 516.6876434326172 2184.9677917480467 624.9668365478516 0.7259579613095238 2132.519982910156 670.1265106201172 2338.927038574219 869.7662506103516 0.8112211681547619 
48 1981.1235412597657 528.8556884765625 2172.847039794922 616.3086181640625 0.7278413318452381 2133.0017578125 680.2164672851562 2331.45234375 868.5765014648438 0.8100353422619048 
49 1981.183251953125 522.3775085449219 2180.193701171875 616.8231750488281 0.6934523809523809 2135.046630859375 685.7113647460938 2327.310791015625 871.2295532226562 0.7978748139880952 
50 1984.3769958496093 520.7607116699219 2176.557208251953 621.9082336425781 0.7033110119047619 2131.81884765625 684.4123046875 2327.37109375 873.2211181640625 0.8150111607142857 
51 1984.2164733886718 521.4798187255859 2180.2782775878904 619.5107208251953 0.7081473214285714 2132.8231811523438 684.778076171875 2325.5046997070312 877.4595947265625 0.8074079241071429 
52 1984.2789489746094 519.985220336914 2173.6674621582033 618.0613494873047 0.7182152157738095 2134.7751220703126 686.3503784179687 2327.5451904296874 875.7387329101563 0.8022228422619048 
53 1979.6321228027343 522.0181640625 2172.897784423828 620.3462158203125 0.7154250372023809 2130.123742675781 685.8113311767578 2330.170446777344 879.0769134521485 0.8145228794642857 
54 1977.35146484375 520.8798217773438 2174.10849609375 626.0430297851562 0.7007765997023809 2127.9201782226564 688.1493316650391 2331.4619018554686 881.5139373779297 0.8253115699404762 
55 1981.0499633789063 514.1066711425781 2174.3643432617187 626.0255310058594 0.7138904389880952 2131.9708862304688 680.9414642333984 2328.6768188476562 884.4304229736329 0.81591796875 
56 1985.7311096191406 511.3293792724609 2186.384490966797 626.9601104736328 0.7171688988095238 2133.0162841796873 681.6361907958984 2326.8679931640627 885.6904083251953 0.8323800223214286 
57 1982.3407592773438 504.44362182617186 2179.9290161132812 623.6778381347656 0.7355840773809523 2131.31806640625 677.6608612060547 2332.31279296875 885.4690826416015 0.8263811383928571 
58 1980.3323791503906 505.5084930419922 2181.3818542480467 621.3674224853515 0.7127046130952381 2133.1508666992186 684.0151336669921 2327.3850219726564 888.4721099853516 0.8286597842261905 
59 1986.4410461425782 511.74558410644534 2182.1794372558593 625.0678314208984 0.7111002604166666 2136.6127807617186 677.2383239746093 2335.7854125976564 890.1468078613282 0.8311476934523809 
60 1972.7838623046875 507.69208374023435 2182.6253173828127 624.6528869628906 0.6824776785714286 2138.4343139648436 686.0441528320313 2334.5156372070314 885.5655883789062 0.8189871651785714 
61 1981.4699829101562 506.5469543457031 2184.7514526367186 630.5831726074218 0.7139601934523809 2140.8882568359377 685.9754425048828 2340.7245361328123 885.8114837646484 0.8236142113095238 
62 1983.421124267578 507.9270965576172 2179.192523193359 628.137661743164 0.7016834077380952 2138.5058349609376 689.431787109375 2341.1465087890624 885.2033447265625 0.8249860491071429 
63 1983.3878112792968 512.618408203125 2184.9492248535157 628.7725830078125 0.7114722842261905 2147.1072021484374 690.5287353515625 2341.8361572265626 881.8413818359375 0.8163364955357143 
64 1986.2370666503907 517.0297607421875 2174.183709716797 626.380517578125 0.7393508184523809 2148.4231811523437 691.5704284667969 2343.2045043945313 882.9343322753906 0.8237072172619048 
65 1983.1022216796875 515.4835052490234 2173.6785400390627 627.7874298095703 0.73583984375 2148.0238525390623 692.3163330078125 2338.6001708984377 882.8926513671875 0.8263346354166666 
66 1978.8749389648438 518.0151458740235 2179.2244262695312 630.0750030517578 0.71630859375 2144.2220703125 700.0797241210937 2337.7798828125 886.8461791992188 0.8272879464285714 
67 1984.2493408203125 520.063851928711 2170.4127685546873 635.1467803955078 0.7286783854166666 2139.6894409179686 692.9485870361328 2332.6223266601564 889.2664398193359 0.8341238839285714 
68 1988.5779113769531 515.2012329101562 2169.7915954589844 629.2987670898438 0.7488374255952381 2136.74990234375 696.9312377929688 2331.38681640625 891.5681518554687 0.8535388764880952 
69 1993.606640625 517.0874267578125 2171.4451171875 631.1725830078125 0.7371186755952381 2133.6319946289063 701.7659698486328 2328.2476440429687 893.0263275146484 0.8436569940476191 
70 1993.3404907226563 515.94384765625 2177.3555541992187 639.73583984375 0.7263299851190477 2131.544970703125 700.4737365722656 2322.251416015625 897.8717224121094 0.8524925595238095 
71 1986.376806640625 519.3435333251953 2173.538720703125 629.6354095458985 0.7545107886904762 2127.0054321289062 702.5205688476562 2320.8517456054688 896.3668823242188 0.8447498139880952 
72 1989.1727905273438 520.3299194335938 2176.2683715820312 630.5826782226562 0.7314220610119048 2124.2260131835938 697.1455627441406 2321.3445434570312 900.9461120605469 0.8471912202380952 
73 1994.0929443359375 520.6417175292969 2171.0852783203127 630.8444885253906 0.7242838541666666 2122.405908203125 706.2396209716796 2322.774755859375 899.9293853759766 0.8339146205357143 
74 1988.8393798828124 512.9435272216797 2179.0868896484376 629.7622222900391 0.7123558407738095 2126.7112548828127 700.6236724853516 2323.6339599609373 904.2219696044922 0.8252418154761905 
75 1989.2258666992188 514.9050079345703 2172.495080566406 628.1986907958984 0.7273065476190477 2126.485498046875 704.8386169433594 2319.751318359375 904.7686828613281 0.8282412574404762 
76 1988.674822998047 518.5800262451172 2168.386334228516 631.7316802978515 0.7251441592261905 2128.3225341796874 709.0434356689453 2318.0177978515626 902.0668548583984 0.8291945684523809 
77 1989.8487365722656 519.0789215087891 2179.4343444824217 632.1650360107421 0.7060779389880952 2133.125207519531 706.4897644042969 2322.710974121094 902.7273986816406 0.8316127232142857 
78 1984.2960693359375 520.7489562988281 2176.5227783203127 626.8051208496094 0.7269345238095238 2135.4771240234377 697.9341735839844 2321.0756103515623 903.4181213378906 0.8401460193452381 
79 1984.608331298828 519.5398498535156 2173.1522888183595 628.6968444824219 0.7350957961309523 2132.1865966796877 699.3054138183594 2320.7303955078123 904.3881896972656 0.8366350446428571 
80 1988.9480895996094 520.8783233642578 2170.531524658203 633.1300384521485 0.7423735119047619 2133.3260131835937 706.9063507080078 2318.2113403320313 901.6960052490234 0.8426339285714286 
81 1992.1955505371093 519.393099975586 2169.969122314453 631.3247344970703 0.7401646205357143 2133.2496704101563 696.153921508789 2317.6075073242187 900.2644744873047 0.8423781622023809 
82 1989.408026123047 517.2987609863281 2179.0574279785155 630.4230407714844 0.7132626488095238 2128.38173828125 708.4838195800781 2311.37705078125 894.8060974121094 0.8378208705357143 
83 1988.4516052246095 514.546029663086 2176.593438720703 633.3724884033203 0.7280040922619048 2125.9400268554687 713.3517944335938 2310.7809204101563 891.5914428710937 0.8451450892857143 
84 1987.7866760253905 514.4552001953125 2182.471990966797 636.5460205078125 0.7224004836309523 2126.7568969726562 713.9632690429687 2304.9435424804688 888.8500854492188 0.8380068824404762 
85 1990.8132629394531 508.71404418945315 2171.5953063964844 633.6179870605469 0.7286318824404762 2125.1987548828124 712.504672241211 2302.6938232421876 889.9996612548828 0.8371698288690477 
86 1990.11044921875 512.8099243164063 2181.23330078125 634.7331665039062 0.7308407738095238 2120.9054931640626 709.129116821289 2298.8474365234374 887.0711395263672 0.8232886904761905 
87 1988.0616394042968 513.6584625244141 2179.8603576660157 632.7059783935547 0.7371419270833334 2123.007604980469 713.2157196044922 2291.658166503906 888.4801422119141 0.8269624255952381 
88 1988.556658935547 516.4812469482422 2185.191021728516 629.7960357666016 0.7237025669642857 2119.817272949219 708.757437133789 2289.789416503906 888.7278533935547 0.8087797619047619 
89 1988.0710083007812 516.3852142333984 2184.823278808594 629.7679229736328 0.7256789434523809 2119.41025390625 708.7766632080078 2289.48427734375 888.8549896240235 0.8096633184523809 
90 1987.2131286621093 514.7284545898438 2183.655157470703 631.2619018554688 0.7288876488095238 2118.345251464844 713.0913269042969 2288.151086425781 886.2266662597656 0.8201962425595238 
91 1987.0891174316407 514.2802673339844 2183.554315185547 630.8275207519531 0.7313755580357143 2118.236706542969 715.6124572753906 2288.062854003906 885.4384460449219 0.8174758184523809 
92 1991.6840942382812 510.82993469238284 2184.5807983398436 633.8847259521484 0.7253766741071429 2119.343994140625 708.9712036132812 2292.285888671875 888.5648071289063 0.8239397321428571 
93 1988.4136535644532 507.98858947753905 2177.7624938964846 635.3093231201171 0.7290271577380952 2117.617822265625 716.5484832763672 2297.172705078125 886.3094879150391 0.8325660342261905 
94 1991.1531921386718 513.5742553710937 2184.2087463378907 633.4018188476563 0.7298177083333334 2116.3575805664063 711.8786346435547 2289.4419799804687 888.2913482666015 0.8200799851190477 
95 1992.0306457519532 518.0994049072266 2182.1005798339843 628.1399139404297 0.7262602306547619 2117.8461181640623 713.4276916503907 2284.5742919921877 886.8248718261718 0.8190104166666666 
96 1991.01455078125 517.7041107177735 2184.5279296875 631.1429962158203 0.7227725074404762 2117.285998535156 707.6244476318359 2284.107800292969 887.7921173095704 0.8180106026785714 
97 1988.8130126953124 514.7390686035156 2182.7294677734376 631.7576354980469 0.7260509672619048 2120.8767822265627 711.3559814453125 2284.7028076171873 885.212255859375 0.8154761904761905 
98 1986.3303649902343 513.2850280761719 2180.630694580078 627.1853088378906 0.7080775669642857 2118.2689819335938 712.8682250976562 2285.7693481445312 883.7185668945312 0.8098493303571429 
99 1987.9509216308593 509.9548614501953 2182.164923095703 627.1529876708985 0.7062872023809523 2120.2174072265625 709.4492858886719 2284.2947998046875 883.5723205566406 0.8080357142857143 
100 1984.850811767578 512.5516052246094 2177.975238037109 629.0921936035156 0.7142159598214286 2113.045458984375 707.5970184326172 2282.861767578125 887.402554321289 0.8088030133928571 
101 1984.537127685547 514.6710601806641 2170.545513916016 624.2831024169922 0.7213541666666666 2117.144677734375 712.1771820068359 2283.223486328125 881.5776397705079 0.8186616443452381 
102 1982.7062377929688 504.65294189453124 2169.1480102539062 624.5084350585937 0.7190522693452381 2118.5681762695312 711.4548767089843 2281.7045288085938 881.2500793457032 0.8074776785714286 
103 1984.4798461914063 506.3436004638672 2173.785046386719 622.583706665039 0.7011021205357143 2114.5153930664064 706.3787567138672 2283.8940307617186 882.3995025634765 0.8076869419642857 
104 1983.3375183105468 501.86383666992185 2176.2851623535157 618.2977844238281 0.7189360119047619 2116.916711425781 710.2934936523437 2283.251013183594 883.2810913085938 0.8118954613095238 
105 1982.0241455078126 500.6563446044922 2187.0451904296874 623.0076568603515 0.7105654761904762 2113.0240234375 711.1463104248047 2284.976953125 883.099478149414 0.8213355654761905 
106 1983.2719970703124 507.4592041015625 2172.1928466796876 620.148828125 0.7157505580357143 2115.9756469726562 715.8840545654297 2281.6954956054688 878.2897125244141 0.8154296875 
107 1976.7102661132812 506.0667785644531 2176.7518920898438 619.4236999511719 0.7114722842261905 2114.3029907226564 715.7258514404297 2277.6703979492186 879.0931793212891 0.7994791666666666 
108 1976.263006591797 515.5424102783203 2172.4377990722655 618.617318725586 0.7307710193452381 2113.099401855469 712.4845642089844 2276.024377441406 882.0595031738281 0.8108956473214286 
109 1979.242010498047 511.74965515136716 2179.0413146972655 614.9792877197266 0.7295386904761905 2114.490588378906 714.4946533203125 2274.329968261719 880.993994140625 0.8157552083333334 
110 1973.050311279297 515.6145721435547 2178.317486572266 618.248159790039 0.7272135416666666 2113.3756469726563 714.2602386474609 2272.2920776367187 883.1090850830078 0.8248697916666666 
111 1977.4705993652344 521.7221740722656 2168.9474914550783 620.7619567871094 0.7367931547619048 2112.5708251953124 711.0404388427735 2277.6371826171876 886.0106475830078 0.8266136532738095 
112 1972.682080078125 513.403353881836 2175.016162109375 619.5459259033203 0.7096354166666666 2112.8872314453124 715.354833984375 2272.1010498046876 884.5195556640625 0.8158714657738095 
113 1976.4561706542968 522.0493011474609 2173.1552795410157 622.0657501220703 0.7449776785714286 2114.427697753906 713.6192657470704 2271.119909667969 886.9811370849609 0.8218005952380952 
114 1976.2952941894532 522.645556640625 2163.2612243652343 622.805859375 0.7327473958333334 2113.309375 715.2614837646485 2270.22724609375 882.1952423095703 0.8144298735119048 
115 1975.8926391601562 525.1056579589844 2162.7565307617188 621.8745666503906 0.7420944940476191 2109.8802734375 714.2797729492188 2270.0494140625 884.4594848632812 0.8196614583333334 
116 1976.9250915527343 519.2528076171875 2160.574053955078 622.7640380859375 0.73486328125 2111.0015869140625 714.4600341796875 2267.9378662109375 884.752734375 0.8179873511904762 
117 1977.329852294922 517.1446166992188 2161.243511962891 624.1489624023437 0.7414202008928571 2108.641638183594 715.5913757324219 2269.148156738281 886.1295715332031 0.8184291294642857 
118 1977.096875 522.8622344970703 2157.6013671875 623.1425872802735 0.7340262276785714 2111.3181274414064 715.7090881347656 2265.0815307617186 882.8430358886719 0.81640625 
119 1977.6460083007812 520.0413146972656 2158.1457397460936 623.6615661621094 0.7391880580357143 2111.4781127929687 715.4541748046875 2268.5797485351563 885.9261962890625 0.8219866071428571 
120 1975.9607543945312 518.5914428710937 2166.0619506835938 621.9798461914063 0.7247953869047619 2113.598046875 710.6167266845703 2267.01328125 884.0423919677735 0.8085472470238095 
121 1977.4496948242188 516.8244201660157 2161.3625610351564 623.8282897949218 0.7479538690476191 2111.718957519531 715.2702911376953 2268.880895996094 885.8077728271485 0.82470703125 
122 1977.1676147460937 518.7175994873047 2167.433215332031 622.195425415039 0.7482096354166666 2111.9713134765625 713.4766723632813 2268.8568115234375 887.0523803710937 0.8213820684523809 
123 1976.6806213378907 522.4119720458984 2159.526287841797 622.1459503173828 0.7414434523809523 2112.7280151367186 710.5 2268.9777954101564 886.6966552734375 0.82763671875 
124 1977.773455810547 521.3964416503907 2157.840435791016 621.4337585449218 0.7532784598214286 2114.234411621094 713.3911560058593 2267.625207519531 883.4545471191407 0.8251255580357143 
125 1973.9654602050782 520.8010345458985 2163.9655700683593 624.1344512939453 0.7460007440476191 2113.709191894531 709.7755798339844 2270.376013183594 886.4424377441406 0.8228701636904762 
126 1977.2191223144532 526.3173828125 2160.4018493652343 619.573974609375 0.7452566964285714 2113.5172729492188 711.8058044433594 2270.0552368164062 884.9966857910156 0.8164760044642857 
127 1977.7054748535156 519.323764038086 2166.425262451172 621.9608428955078 0.7483258928571429 2110.649694824219 712.1185729980468 2272.882775878906 887.5949279785157 0.8352864583333334 
128 1980.1669860839843 523.3864654541015 2161.698370361328 622.4036346435547 0.7496977306547619 2109.0163452148436 706.8221282958984 2274.0449340820314 888.3535919189453 0.8284040178571429 
129 1976.8811889648437 522.8448516845704 2161.5316528320313 625.0621917724609 0.7493024553571429 2108.520861816406 709.3978210449219 2273.387585449219 887.4538635253906 0.8276599702380952 
130 1977.3994201660157 521.6352508544921 2162.591180419922 624.1520416259766 0.7577892485119048 2109.4248779296877 708.7347381591796 2274.7743408203123 887.3123199462891 0.8310314360119048 
131 1976.266131591797 525.4150695800781 2160.820904541016 624.2837829589844 0.7450241815476191 2110.752783203125 711.8712615966797 2272.238427734375 886.5393218994141 0.8268461681547619 
132 1976.6003967285155 526.1789947509766 2159.809149169922 619.4489959716797 0.7393275669642857 2112.9179931640624 711.6940612792969 2269.4784912109376 884.9096984863281 0.8208705357142857 
133 1978.065606689453 521.2101440429688 2160.6618103027345 620.8080444335938 0.7496977306547619 2108.053576660156 711.5954193115234 2270.730358886719 887.5517364501953 0.8331473214285714 
134 1976.8413635253905 514.1656433105469 2165.667791748047 623.4860900878906 0.7474423363095238 2106.9302734375 709.999642944336 2272.56728515625 888.8876251220703 0.8357514880952381 
135 1973.978466796875 521.4751129150391 2159.072314453125 623.9377899169922 0.7487909226190477 2108.8580688476563 711.0183715820312 2270.8150268554687 889.5017700195312 0.8244745163690477 
136 1976.9036560058594 525.8700897216797 2157.065216064453 624.1399810791015 0.7595796130952381 2106.922216796875 713.716830444336 2273.981103515625 887.3270538330078 0.8389834449404762 
137 1977.2009582519531 523.9605194091797 2158.9414978027344 623.0917877197265 0.7479306175595238 2109.1217651367188 710.9119171142578 2271.0361938476562 886.043832397461 0.82080078125 
138 1975.4484069824218 523.9439758300781 2163.2773010253904 622.8012634277344 0.7591378348214286 2109.91962890625 712.9135559082031 2274.68193359375 887.5615417480469 0.8405877976190477 
139 1975.5003540039063 521.1865844726562 2161.479382324219 624.1392211914062 0.7501395089285714 2108.4703369140625 712.0194610595703 2271.2020263671875 888.035287475586 0.8359840029761905 
140 1978.6785461425782 521.9606994628906 2161.4385192871096 621.6479431152344 0.7517903645833334 2111.7226440429686 712.5167846679688 2271.2224243164064 888.6309204101562 0.8307291666666666 
141 1979.031689453125 522.076058959961 2161.872119140625 621.8071807861328 0.7480701264880952 2112.1345092773436 712.7159698486328 2271.7041137695314 888.9076263427735 0.8251255580357143 
142 1976.2541809082031 522.2564117431641 2162.3619079589844 621.9569061279296 0.7452101934523809 2112.2558715820314 713.2211608886719 2271.7765991210936 886.0353088378906 0.8262416294642857 
143 1975.9526672363281 527.7327331542969 2161.6858825683594 623.9160705566406 0.7458379836309523 2108.7468383789064 712.4455780029297 2271.2636596679686 888.2289215087891 0.8271251860119048 
144 1978.4897888183593 516.6482452392578 2162.405352783203 626.9975677490235 0.7514415922619048 2112.375341796875 715.4828369140625 2272.883447265625 886.0227783203125 0.8209867931547619 
145 1976.0552551269532 520.1381408691407 2167.1116149902346 624.0459411621093 0.7442103794642857 2113.9973754882812 719.4451873779296 2271.5350952148438 883.6865875244141 0.8171968005952381 
146 1980.5987670898437 523.4467803955079 2157.299426269531 620.1321380615234 0.7494652157738095 2110.752197265625 717.586880493164 2270.782958984375 887.6197235107422 0.8238234747023809 
147 1977.7942626953125 522.3579742431641 2161.4630615234373 622.5408905029296 0.7438616071428571 2114.453955078125 717.2008483886718 2271.407373046875 887.5117980957032 0.8178478422619048 
148 1976.0310119628907 520.3935089111328 2163.412713623047 624.1225433349609 0.75048828125 2110.3899047851564 718.9715850830078 2271.0024291992186 886.2765228271485 0.8200567336309523 
149 1981.6120361328126 524.424917602539 2158.4431396484374 624.5180145263672 0.7522553943452381 2111.861376953125 716.5266906738282 2272.010205078125 886.6849792480468 0.8225446428571429 
150 1981.2711608886718 526.7733856201172 2157.9408752441404 623.441763305664 0.7530226934523809 2114.7350952148436 716.1357727050781 2268.0713012695314 882.8053894042969 0.81689453125 
151 1977.8246704101562 523.9273803710937 2167.143835449219 620.2476684570313 0.7268647693452381 2111.1910888671873 714.3962982177734 2273.9392822265627 887.1086456298829 0.8284737723214286 
152 1978.133056640625 521.8114227294922 2161.783447265625 625.3235260009766 0.7542085193452381 2112.2106323242188 717.0203033447266 2269.1484985351562 887.3143524169922 0.8202659970238095 
153 1980.0713439941405 519.3967590332031 2160.004705810547 626.0238952636719 0.7479073660714286 2110.1513061523438 716.759423828125 2273.4241333007812 890.0285400390625 0.8289853050595238 
154 1983.5234680175781 520.1907257080078 2160.1604919433594 623.5068450927735 0.7464425223214286 2107.733361816406 717.5937561035156 2274.372351074219 887.5654235839844 0.8315894717261905 
155 1979.5796936035156 524.6366882324219 2163.2302429199217 624.8098449707031 0.7578125 2113.272119140625 710.5991027832031 2273.549169921875 890.9107849121094 0.8260556175595238 
156 1982.3275512695313 520.1953765869141 2162.3308959960937 626.8640106201171 0.7359561011904762 2112.842822265625 715.0706909179687 2272.845654296875 888.4070922851563 0.8146158854166666 
157 1977.9875366210938 522.1599273681641 2162.1352661132814 622.6040496826172 0.7524181547619048 2112.4282348632814 714.9353729248047 2269.7907592773436 885.6904205322265 0.8173595610119048 
158 1976.0004638671876 525.3174865722656 2162.6831298828124 621.9924499511719 0.7485119047619048 2112.4223876953124 713.9234008789062 2272.4360107421876 887.2715454101562 0.8302408854166666 
159 1977.532733154297 524.3600982666015 2157.961529541016 621.2571502685547 0.7479073660714286 2114.2679809570313 715.9694396972657 2267.9666381835937 889.7157409667968 0.8187779017857143 
160 1979.199444580078 523.6686706542969 2162.688128662109 620.4172668457031 0.7494652157738095 2112.7740112304687 712.4182891845703 2272.9098266601563 885.8985443115234 0.8261951264880952 
161 1982.6136108398437 521.2380218505859 2162.7128051757813 624.6282501220703 0.7447219122023809 2110.2479614257813 713.2668212890625 2273.6712280273437 886.6955810546875 0.8223353794642857 
162 1982.0347534179687 520.9209442138672 2165.4156860351563 624.2810211181641 0.7400716145833334 2112.9660400390626 712.893685913086 2273.0075927734374 886.2719024658203 0.8191964285714286 
163 1979.9891357421875 521.9272888183593 2163.6300048828125 625.4339172363282 0.7531389508928571 2110.7208984375 711.218472290039 2274.3279296875 888.1813690185547 0.8295665922619048 
164 1974.9809020996095 522.8902465820313 2162.380059814453 626.6290405273437 0.7415597098214286 2111.926477050781 712.6061401367188 2272.554235839844 889.9660034179688 0.8201729910714286 
165 1977.6488525390625 525.6076599121094 2161.5855224609377 625.9366516113281 0.7473260788690477 2111.163610839844 712.2452789306641 2275.034387207031 889.4931854248047 0.8260323660714286 
166 1977.6595153808594 522.9720977783203 2161.680450439453 626.6928802490235 0.7481398809523809 2111.6215942382814 715.6148834228516 2272.2214233398436 889.5981903076172 0.8241024925595238 
167 1982.1874267578125 521.2974548339844 2162.2583740234377 624.6714172363281 0.7380022321428571 2112.751672363281 716.2459167480469 2272.814489746094 886.3127990722656 0.8189406622023809 
168 1981.8414367675782 520.9529754638672 2168.5407653808593 627.6382720947265 0.7329566592261905 2113.5312744140624 718.8080108642578 2270.2250732421876 888.837680053711 0.81396484375 
169 1981.0215087890624 517.4784393310547 2170.9579833984376 627.4416656494141 0.7227260044642857 2112.6442626953126 718.1805480957031 2272.5906005859374 888.1236511230469 0.8163132440476191 
170 1976.879461669922 522.65732421875 2173.1621643066405 625.78896484375 0.7321893601190477 2111.6160400390627 719.7077545166015 2271.3033935546873 889.3759246826172 0.8171502976190477 
171 1977.1186157226562 525.5226745605469 2169.986120605469 625.2816467285156 0.7380022321428571 2114.3514038085937 719.1575103759766 2270.6405395507813 892.0731414794922 0.8201264880952381 
172 1977.2085327148438 523.258090209961 2170.367395019531 626.4981964111328 0.7387230282738095 2114.6486206054688 717.569857788086 2271.1738891601562 890.7468536376953 0.8156622023809523 
173 1977.2847229003905 525.6395935058594 2163.483221435547 625.3887268066406 0.7434895833333334 2113.7364990234373 713.7562957763672 2270.0100830078127 889.979849243164 0.8224283854166666 
174 1976.9051025390625 521.2159362792969 2166.7819091796873 624.4823059082031 0.7460007440476191 2113.995568847656 715.5771057128907 2270.560827636719 888.7981384277343 0.8149879092261905 
175 1981.7804626464845 524.4814544677735 2161.873468017578 624.5331329345703 0.7424665178571429 2114.54130859375 713.553500366211 2277.9591796875 886.9764678955078 0.8159644717261905 
176 1983.6175720214844 521.2390563964843 2160.3805969238283 627.9639465332032 0.7420247395833334 2110.8664428710936 709.9317687988281 2274.2890747070314 893.3652282714844 0.8258463541666666 
177 1980.3936889648437 519.1965057373047 2163.968859863281 626.0039947509765 0.7263764880952381 2107.7410400390627 701.74482421875 2277.9655029296873 895.3334228515625 0.8239629836309523 
178 1980.7356384277343 522.2284759521484 2163.476885986328 625.2280059814453 0.7218656994047619 2106.7376220703127 691.807162475586 2282.8336669921873 897.8063018798828 0.8296828497023809 
179 1980.3306213378905 512.79501953125 2180.398748779297 626.1670166015625 0.7113095238095238 2108.7077880859374 682.9812713623047 2285.4347900390626 899.7219146728515 0.8279389880952381 
180 1983.3296142578124 513.8870849609375 2176.8779052734376 624.0093994140625 0.7174479166666666 2108.4686889648438 683.4344482421875 2285.3318481445312 903.6790771484375 0.8453776041666666 
181 1985.2680541992188 510.81507568359376 2178.8103149414064 624.2708618164063 0.7092168898809523 2104.114294433594 682.5389038085938 2290.982629394531 909.4504760742187 0.8361700148809523 
182 1983.8470458984375 513.227182006836 2170.6744384765625 626.6581329345703 0.7208658854166666 2102.282263183594 708.1385437011719 2285.773645019531 911.6471008300781 0.8347051711309523 
183 1983.279119873047 515.5326110839844 2174.0520568847655 629.3268859863281 0.7323056175595238 2099.9053588867187 719.1780792236328 2283.9845336914063 919.9916595458984 0.8357049851190477 
184 1986.2018249511718 515.3990264892578 2176.9189025878904 625.8140472412109 0.7278180803571429 2097.260388183594 723.3602752685547 2284.631457519531 927.4608306884766 0.8390299479166666 
185 1988.1795471191406 514.1456237792969 2171.9189636230467 627.7301086425781 0.7260277157738095 2093.540490722656 735.404052734375 2277.280065917969 935.84716796875 0.8418433779761905 
186 1989.9832946777344 515.1232208251953 2178.0832336425783 625.967660522461 0.7437918526785714 2088.942431640625 742.3673156738281 2270.324169921875 943.9027038574219 0.8492140997023809 
187 1989.1101013183593 516.6920745849609 2176.398809814453 630.4029571533204 0.7400716145833334 2081.7251953125 749.2592193603516 2269.0140625 943.2366912841796 0.8544921875 
188 1984.544610595703 521.5882843017578 2169.5783142089845 625.8800384521485 0.7466982886904762 2079.9082763671877 752.1688690185547 2268.3060791015623 943.9311676025391 0.8552362351190477 
189 1984.8457885742187 521.4071716308594 2168.9884399414063 625.1965881347656 0.7657645089285714 2079.75 765.6858276367187 2267.24072265625 939.7842651367188 0.8493303571428571 
190 1987.2396057128906 518.8158874511719 2182.4428894042967 626.5141906738281 0.7366536458333334 2086.78291015625 755.8297943115234 2271.889453125 940.9362579345703 0.8445405505952381 
191 1986.0830505371093 528.8868347167969 2173.337481689453 625.8579162597656 0.7538829985119048 2086.01201171875 758.8394012451172 2276.610546875 936.0623931884766 0.8512834821428571 
192 1987.0320922851563 522.1957000732422 2184.081433105469 625.7300201416016 0.7273763020833334 2093.90634765625 755.2122039794922 2277.59609375 932.2225494384766 0.83984375 
193 1986.6216979980468 512.9403076171875 2197.5014709472657 630.0958251953125 0.7279343377976191 2094.5077880859376 750.5986968994141 2285.3037353515624 928.0056121826171 0.8337751116071429 
194 1988.9216918945312 515.9613189697266 2196.1044311523438 622.8943328857422 0.7304222470238095 2099.196337890625 750.2628295898437 2286.329052734375 920.6872436523438 0.8336123511904762 
195 1992.1598754882812 512.9467864990235 2206.349157714844 623.3879913330078 0.7297247023809523 2100.7992431640623 747.9883697509765 2288.2144287109377 918.6702606201172 0.8265438988095238 
196 1989.7538818359376 515.5243438720703 2200.4814697265624 625.905404663086 0.7412341889880952 2103.093957519531 748.2508850097656 2290.407263183594 915.4949645996094 0.8218238467261905 
197 1991.7939819335938 515.3671051025391 2204.725793457031 625.1600555419922 0.73583984375 2105.2978271484376 750.1807006835937 2288.2861572265624 909.8794799804688 0.8343331473214286 
198 1995.4414978027344 515.28515625 2204.922882080078 628.3385009765625 0.7301199776785714 2104.786267089844 735.2531524658203 2297.641711425781 914.8084320068359 0.8277064732142857 
199 1990.945166015625 521.8836486816406 2206.589013671875 628.0467712402344 0.7451404389880952 2105.9128540039064 744.2903137207031 2298.3334838867186 913.4878845214844 0.8395647321428571 
200 1993.0767761230468 525.3770050048828 2195.7299865722657 628.364633178711 0.7547200520833334 2104.1143432617187 745.1520843505859 2296.8009399414063 914.5833282470703 0.83984375 
201 1994.0805419921876 517.7176818847656 2200.4092041015624 627.5376892089844 0.7264462425595238 2103.900598144531 752.5891143798829 2290.261755371094 912.3273284912109 0.8388671875 
202 1995.9103698730469 519.554165649414 2208.8417053222656 632.6739227294922 0.7415364583333334 2103.9115234375 751.8079467773438 2290.22666015625 914.8335327148437 0.8304734002976191 
203 1994.8150390625 523.6702056884766 2201.24208984375 630.2131561279297 0.7371419270833334 2101.7422729492187 752.7631591796875 2291.5216430664063 915.90712890625 0.8260091145833334 
204 1993.8641052246094 532.9963287353515 2203.554962158203 636.1775604248047 0.7632533482142857 2107.4146484375 753.5685852050781 2287.1498046875 919.9900085449219 0.8352632068452381 
205 1997.2766235351562 534.0446319580078 2200.5453979492186 637.3451995849609 0.7584170386904762 2107.6262939453127 751.92421875 2287.5690185546873 921.8703369140625 0.8280319940476191 
206 2001.4745727539062 531.2891418457032 2200.753210449219 640.8923767089843 0.7500930059523809 2105.9680297851564 751.7729431152344 2285.3188354492186 921.1596740722656 0.8446800595238095 
207 2004.0760925292968 538.1608123779297 2197.1227600097654 644.6693267822266 0.7659505208333334 2108.4082885742187 756.5544006347657 2284.8131469726563 922.9739196777343 0.8324032738095238 
208 2001.1395446777344 536.4420379638672 2203.7248352050783 652.6796051025391 0.7520461309523809 2106.008837890625 755.1218688964843 2285.346630859375 924.4965393066407 0.8323102678571429 
209 2001.2868591308593 538.7126831054687 2200.350469970703 654.8332153320313 0.7421875 2105.667578125 757.9379943847656 2284.82509765625 920.5067077636719 0.8228236607142857 
210 2004.3466247558595 539.5821350097656 2201.267266845703 659.7370788574219 0.7559523809523809 2104.2189331054688 757.9406555175781 2281.1138305664062 921.4850036621094 0.8234979538690477 
211 2003.834716796875 545.51904296875 2200.453369140625 662.1572265625 0.7444428943452381 2106.501953125 755.083251953125 2279.79296875 921.709228515625 0.8257068452380952 
212 1999.9121032714843 552.2570739746094 2190.780889892578 659.4113830566406 0.7535109747023809 2104.490686035156 756.9064270019531 2281.965124511719 920.9865173339844 0.8266369047619048 
213 2000.750714111328 552.536099243164 2188.365374755859 659.7446014404297 0.7394903273809523 2102.031774902344 757.2888275146485 2282.946008300781 921.4518341064453 0.8290318080357143 
214 2000.0899536132813 547.7464813232422 2193.705212402344 661.2450347900391 0.7751813616071429 2101.7764282226562 754.7144012451172 2282.0387573242188 921.6240386962891 0.8349841889880952 
215 2000.0862182617188 553.0599914550781 2190.102990722656 656.4025329589844 0.7569521949404762 2104.5826904296873 756.0267944335938 2277.9314697265627 922.7083129882812 0.8353329613095238 
216 2000.3125305175781 548.8779998779297 2196.0306091308594 661.664663696289 0.7751813616071429 2104.2958251953123 754.5477905273438 2283.4273193359377 920.4104614257812 0.8386811755952381 
217 1999.4958801269531 548.2435974121094 2189.3106384277344 664.7965637207031 0.7678571428571429 2103.4970825195314 752.1472625732422 2279.9914428710936 921.9815826416016 0.82861328125 
218 1999.8919860839844 549.5428924560547 2194.0602844238283 656.6703033447266 0.7565104166666666 2101.869091796875 756.7159454345704 2282.646533203125 920.7546966552734 0.8386811755952381 
219 2000.3293090820312 550.1184204101562 2194.091833496094 657.0218383789063 0.7587425595238095 2102.093127441406 756.4728240966797 2282.492565917969 923.5094146728516 0.8416108630952381 
220 2000.350030517578 552.4817626953125 2190.5824645996095 655.9415771484375 0.7582542782738095 2104.579943847656 752.7265167236328 2281.462780761719 922.9345550537109 0.8343563988095238 
221 2001.1609924316406 553.5383880615234 2191.7368347167967 653.8414337158204 0.7610444568452381 2102.621447753906 753.7587036132812 2283.166882324219 924.2738891601563 0.8393322172619048 
222 2000.4300415039063 550.180532836914 2190.960339355469 657.1449676513672 0.7697405133928571 2101.866418457031 753.6957641601563 2282.368688964844 924.1703247070312 0.8414713541666666 
223 1999.6912536621094 550.3208862304688 2189.552032470703 660.2403930664062 0.7673921130952381 2103.7174438476563 750.943212890625 2280.2549682617187 920.8188720703125 0.8316359747023809 
224 1999.7348571777343 550.0279296875 2189.435675048828 659.8547607421875 0.7712518601190477 2103.673620605469 753.4251159667969 2280.061975097656 919.8294006347656 0.8316359747023809 
225 2000.0093933105468 551.6837097167969 2186.0507873535157 661.3151916503906 0.7612769717261905 2103.3796875 751.7803497314453 2279.45478515625 921.2108001708984 0.8298223586309523 
226 1999.0774230957031 547.5312194824219 2188.1050720214844 666.9171447753906 0.7650204613095238 2104.815576171875 750.9719848632812 2283.894384765625 920.1021118164062 0.8300548735119048 
227 1999.1753662109375 547.7791564941406 2188.3856689453123 667.2802917480469 0.7636951264880952 2105.3986083984373 751.4161743164062 2281.3308837890627 920.7094360351563 0.8275204613095238 
228 1999.232159423828 549.8427001953125 2188.909808349609 659.656201171875 0.7699265252976191 2103.158251953125 752.8312683105469 2279.525341796875 922.5429992675781 0.82861328125 
229 2000.9114624023437 547.6622161865234 2190.2464965820313 667.2421417236328 0.7694149925595238 2104.6496459960936 751.4335662841797 2280.6977661132814 920.8384674072265 0.8395879836309523 
230 1998.605810546875 554.0688903808593 2188.230615234375 663.8517639160157 0.7537899925595238 2102.502795410156 748.5560180664063 2278.820690917969 924.8739135742187 0.8290783110119048 
231 2001.3171752929688 551.0942443847656 2187.499963378906 664.1337829589844 0.7513020833333334 2102.2087524414064 751.7266021728516 2278.4174682617186 921.2859100341797 0.8334263392857143 
232 2000.2438720703126 550.4581604003906 2189.4592529296874 663.3234558105469 0.7589053199404762 2106.8531005859377 753.7178436279297 2279.4706298828123 919.6962799072265 0.8351469494047619 
233 2001.476739501953 549.3001525878906 2187.8942321777345 662.4821960449219 0.7552780877976191 2099.5507080078123 749.8014190673828 2279.3106201171877 922.903353881836 0.8260323660714286 
234 1996.1684814453124 549.8605926513671 2194.2109130859376 665.3853179931641 0.7684849330357143 2105.472607421875 749.0455535888672 2280.410205078125 920.6822906494141 0.8385649181547619 
235 1996.7501892089845 548.4711853027344 2195.264093017578 664.2710021972656 0.7625558035714286 2103.0060180664063 747.7486572265625 2284.9771362304687 923.1026611328125 0.8450520833333334 
236 1998.5125793457032 551.2020111083984 2187.7636657714843 660.7685089111328 0.75537109375 2102.2047607421873 750.7968994140625 2278.1751220703127 923.447119140625 0.82861328125 
237 1993.950634765625 549.8514068603515 2192.603076171875 659.1102020263672 0.7694614955357143 2103.209582519531 745.5749389648438 2281.996716308594 924.3620727539062 0.8391229538690477 
238 1995.0339294433593 546.821743774414 2196.408087158203 665.6654998779297 0.7651134672619048 2105.116748046875 748.5768737792969 2276.780224609375 923.5412902832031 0.8368675595238095 
239 1997.265802001953 550.514682006836 2189.6564392089845 663.2953155517578 0.7494187127976191 2104.1778564453125 753.6219268798828 2276.6658935546875 919.4757904052734 0.8348911830357143 
240 1989.5030883789063 548.316128540039 2190.9995971679687 663.9289276123047 0.7769252232142857 2101.4315795898438 743.9686309814454 2279.8054809570312 925.6459320068359 0.8327752976190477 
241 1992.8400817871093 552.2031799316406 2191.218145751953 661.3109802246094 0.7619977678571429 2105.254248046875 750.9625 2277.181787109375 922.8900390625 0.8336821056547619 
242 1995.1870056152343 548.2631286621094 2192.232061767578 659.9220520019531 0.7594401041666666 2106.087890625 751.4974761962891 2283.4287109375 918.9858612060547 0.8445172991071429 
243 1994.3103942871094 550.3862457275391 2194.321075439453 658.5887908935547 0.7561616443452381 2105.4134155273437 743.8392211914063 2282.4720825195313 924.1767700195312 0.8409133184523809 
244 1994.5815368652343 547.5129638671875 2185.824835205078 662.9184326171875 0.7734840029761905 2105.1679565429686 745.7313446044922 2283.2219360351564 923.7855621337891 0.8470982142857143 
245 1996.7975341796875 547.7210662841796 2187.9324462890627 659.7656890869141 0.7762741815476191 2104.7862915039063 742.5316467285156 2282.7393432617187 923.7802429199219 0.8550269717261905 
246 1991.3287353515625 549.3707641601562 2189.7977294921875 661.8366333007813 0.7474190848214286 2106.7208251953125 751.1477264404297 2275.4193115234375 923.1542144775391 0.8323335193452381 
247 1995.4475463867188 553.00712890625 2188.257287597656 659.3849609375 0.7468145461309523 2104.7660278320313 749.5248260498047 2280.9544311523437 925.7131500244141 0.8307524181547619 
248 1992.893505859375 550.4216857910156 2189.882861328125 657.2633728027344 0.7506975446428571 2103.0738525390625 754.0886322021485 2280.0306396484375 921.0287384033203 0.8198707217261905 
249 1993.0644592285157 552.7509368896484 2189.942254638672 659.5320831298828 0.7505812872023809 2106.134558105469 750.783724975586 2279.653771972656 920.9662139892578 0.8215680803571429 
250 1994.0758666992188 551.8573120117187 2191.4483032226562 655.5615112304688 0.7543712797619048 2101.8971923828126 753.3470764160156 2279.1980224609374 917.2665710449219 0.81982421875 
251 1991.8678649902345 553.3704254150391 2188.287042236328 663.2319305419921 0.7330264136904762 2105.058459472656 751.7101226806641 2274.844616699219 918.1670135498047 0.8177780877976191 
252 1994.3695129394532 550.3168273925781 2187.2578063964843 656.7379821777344 0.7435593377976191 2103.7326416015626 752.7983703613281 2279.9924560546874 922.4069519042969 0.8294968377976191 
253 1992.6756530761718 550.1617248535156 2188.0036682128907 659.4129821777344 0.7427920386904762 2104.4736206054686 749.1823364257813 2279.9377563476564 921.3358520507812 0.8281017485119048 
254 1993.709295654297 550.3033447265625 2189.9094787597655 656.717041015625 0.7367001488095238 2103.8321044921877 749.445346069336 2276.7543212890623 925.6930206298828 0.8283342633928571 
255 1993.2933410644532 549.6253356933594 2192.7641540527343 659.3342590332031 0.7392113095238095 2103.769482421875 749.0960815429687 2276.644091796875 925.2952758789063 0.8312406994047619 
256 1994.0848388671875 551.1473876953125 2190.6622314453125 661.09736328125 0.7375139508928571 2101.8562622070312 752.2097961425782 2275.1107788085938 918.8007019042968 0.8268694196428571 
257 1993.4836486816407 550.5887084960938 2189.599725341797 656.9567016601562 0.7367931547619048 2103.5591796875 750.0286712646484 2276.40712890625 922.8765411376953 0.8249395461309523 
258 1994.8827758789062 548.3470886230468 2187.229772949219 661.1022521972657 0.7581845238095238 2103.938830566406 748.0921325683594 2279.704479980469 920.5412902832031 0.8348679315476191 
259 1992.37255859375 551.0880676269531 2189.689453125 658.1074890136719 0.7509300595238095 2103.122106933594 749.17685546875 2277.028527832031 923.0832763671875 0.8254045758928571 
260 1991.2566467285155 553.4220184326172 2187.674871826172 659.9540191650391 0.7332821800595238 2104.4469970703126 750.9927459716797 2274.2322021484374 920.778189086914 0.8221493675595238 
261 1993.2356750488282 554.8744079589844 2192.9438903808596 658.0569885253906 0.7302594866071429 2103.45908203125 748.6937103271484 2279.86806640625 925.1026153564453 0.8312406994047619 
262 1991.3577941894532 552.9187591552734 2188.0229431152343 656.2512237548829 0.7430478050595238 2103.9209838867187 747.0196685791016 2280.5860961914063 923.6848602294922 0.8267764136904762 
263 1993.4333068847657 552.6269287109375 2189.951824951172 655.8823486328125 0.7339797247023809 2106.297082519531 749.5297210693359 2279.499548339844 922.7324249267579 0.8272646949404762 
264 1993.1498413085938 544.7998291015625 2190.4778442382812 663.196630859375 0.7882021949404762 2104.2101318359373 745.4166839599609 2281.8054931640627 923.0119659423829 0.8462844122023809 
265 1990.887384033203 544.7262451171875 2191.5426696777345 666.43525390625 0.7815522693452381 2102.3485473632813 745.7611450195312 2279.9778686523437 923.3904663085938 0.84765625 
266 1991.2239868164063 544.3806060791015 2188.324108886719 665.9256072998047 0.77587890625 2105.0618286132812 745.144644165039 2279.1669311523438 922.5347381591797 0.8424711681547619 
267 1994.4210144042968 549.4316955566406 2186.4863342285157 665.3330749511719 0.7691592261904762 2103.3174438476562 749.2661376953125 2278.8253784179688 921.4625 0.8424246651785714 
268 1992.698583984375 548.9503021240234 2194.548974609375 664.7660675048828 0.7656017485119048 2102.2780029296873 748.6370239257812 2280.9651611328127 920.7061157226562 0.8528645833333334 
269 1998.603125 547.0574157714843 2194.1947265625 666.4014465332032 0.7643926711309523 2102.9015869140626 750.4268310546875 2278.6028076171874 919.497607421875 0.8459588913690477 
270 1998.382147216797 547.1519836425781 2197.4959045410155 666.6201110839844 0.7623232886904762 2103.1720336914063 747.7972625732422 2279.0557495117187 920.3623443603516 0.8467029389880952 
271 1994.7706665039063 545.8725006103516 2194.5152221679687 669.0482147216796 0.7899925595238095 2098.740283203125 747.1533905029297 2285.168408203125 923.594351196289 0.8406575520833334 
272 1995.41123046875 552.2107147216797 2197.953515625 665.1030670166016 0.7610212053571429 2099.4918823242188 740.4497680664062 2285.4321899414062 926.3900756835938 0.8356352306547619 
273 1996.1260803222656 543.2581115722656 2194.8650085449217 662.5015319824219 0.7872256324404762 2095.495568847656 738.6848175048829 2294.234655761719 930.7992523193359 0.8426339285714286 
274 1992.6300476074218 542.4192657470703 2197.7499572753904 664.8294525146484 0.7720656622023809 2095.190051269531 737.2321655273438 2293.693005371094 935.7351196289062 0.8544456845238095 
275 1992.3629455566406 544.7267120361328 2206.486053466797 660.023715209961 0.7688104538690477 2098.157373046875 752.1346282958984 2295.809423828125 936.6098175048828 0.8440987723214286 
276 1990.2532287597655 547.3276550292969 2210.437078857422 657.4196594238281 0.7412341889880952 2094.827685546875 762.1224731445312 2298.331005859375 945.6090942382813 0.8217540922619048 
277 1990.9926635742188 542.3262359619141 2209.7478149414064 661.6473358154296 0.7408854166666666 2094.1238525390627 780.5859344482421 2302.9357177734373 956.2531158447266 0.8264973958333334 
278 1995.1417236328125 548.0679321289062 2218.7220458984375 659.8580932617188 0.7214239211309523 2089.8599487304687 796.6871215820313 2303.5763305664063 967.6602905273437 0.8259161086309523 
279 1995.05947265625 550.3014404296875 2208.46005859375 653.6673095703125 0.71533203125 2095.86044921875 807.9466430664063 2302.5921875 967.9970825195312 0.8437267485119048 
280 1991.6925964355469 554.6543640136719 2211.4540100097656 657.8756652832031 0.7188197544642857 2092.35244140625 805.6640014648438 2305.4546875 975.4796752929688 0.8276134672619048 
281 1996.3737731933593 554.562875366211 2216.251348876953 661.1700958251953 0.7034040178571429 2091.9615478515625 808.6520690917969 2305.1761474609375 978.5574035644531 0.83837890625 
282 1990.7253723144531 560.1759094238281 2210.3550720214844 660.0075622558594 0.7353748139880952 2098.3644897460936 811.0348876953125 2294.6997192382814 977.4209228515625 0.8395879836309523 
283 1998.0809509277344 563.2631408691407 2213.0568664550783 669.0974548339843 0.7345377604166666 2099.590234375 807.8777801513672 2294.722265625 976.5511138916015 0.8280784970238095 
284 1998.657470703125 572.336865234375 2217.892822265625 675.311083984375 0.7189592633928571 2100.9927490234377 804.0927795410156 2296.9760009765623 980.1455017089844 0.8328683035714286 
285 1999.4765747070312 575.2040130615235 2222.0612670898436 674.8688018798828 0.72900390625 2104.3800537109373 801.8775756835937 2303.7097900390627 974.6299926757813 0.8295433407738095 
286 1999.9756896972656 574.2971313476562 2222.4231140136717 677.2205688476563 0.7479073660714286 2107.7514404296876 803.3847869873047 2303.6382080078124 979.3506256103516 0.8295433407738095 
287 1996.4063598632813 578.6292053222656 2219.544567871094 685.2027038574219 0.7598586309523809 2109.6407470703125 807.01923828125 2306.1356201171875 976.8707763671875 0.8170107886904762 
288 1997.2003234863282 584.3695617675781 2219.8273864746093 694.0216735839844 0.7556036086309523 2113.1146728515623 804.9517791748046 2305.8364990234377 974.4141265869141 0.8385881696428571 
289 1995.2722412109374 583.6725494384766 2227.6999267578126 709.8475311279296 0.7774832589285714 2112.635388183594 809.3316680908204 2301.898059082031 972.0310638427734 0.8314267113095238 
290 1997.2685546875 594.730908203125 2225.0732421875 720.188525390625 0.7985258556547619 2108.5041625976564 810.7262603759766 2296.6909057617186 979.1036346435546 0.8241024925595238 
291 1994.5925720214843 604.0191253662109 2226.121905517578 719.7837921142578 0.7760881696428571 2109.72109375 814.9398681640625 2291.6373046875 977.01044921875 0.8300316220238095 
292 1994.1638916015625 606.45439453125 2229.0328857421873 715.61884765625 0.7549060639880952 2110.0716552734375 816.258755493164 2288.7042236328125 981.6593963623047 0.8187779017857143 
293 1997.459228515625 614.1068267822266 2225.701904296875 723.2662811279297 0.7372116815476191 2112.5984497070312 819.1943908691406 2291.2230834960938 981.2797302246094 0.8178013392857143 
294 1993.945086669922 617.4090545654296 2227.744976806641 729.3695709228516 0.7470238095238095 2106.032263183594 824.8653015136719 2290.437707519531 982.9271789550781 0.8056175595238095 
295 1995.1914672851562 618.6669830322265 2225.2130737304688 727.1056610107422 0.7514880952380952 2109.5704833984373 816.2074554443359 2290.3015869140627 987.0805694580079 0.8211960565476191 
296 1991.3754577636719 619.6262176513671 2230.9161682128906 731.1931793212891 0.7320963541666666 2112.155554199219 823.4504486083985 2289.350061035156 984.2380889892578 0.8276832217261905 
297 1994.1960327148438 619.6428405761719 2230.2739379882814 724.5662658691406 0.7509533110119048 2111.2261596679687 820.0314849853515 2294.8419555664063 980.6955047607422 0.8307059151785714 
298 1991.7599243164063 619.5279876708985 2221.3003784179687 727.7398956298828 0.7475818452380952 2105.1427612304688 817.0336059570312 2292.0542602539062 984.2702270507813 0.8033621651785714 
299 1993.5064636230468 619.9357971191406 2229.5356506347657 724.8376403808594 0.7618117559523809 2110.5122192382814 823.1830230712891 2294.0905639648436 980.5357879638672 0.8377976190476191 
