0 1687.1879333496095 815.5946166992187 1842.626641845703 1011.5826293945313 0.6531110491071429 1526.1173156738282 799.565478515625 1665.7868591308593 939.2351806640625 0.7712286086309523 
1 1651.6152404785157 820.1811309814453 1848.5057312011718 1014.8343109130859 0.7112165178571429 1530.0215698242187 799.5283081054688 1662.0277465820313 949.4336059570312 0.7745535714285714 
2 1658.193914794922 834.9404754638672 1839.5691467285155 984.9669342041016 0.7729027157738095 1529.7843688964845 799.9744537353515 1659.657891845703 954.4793426513672 0.8142671130952381 
3 1676.1685668945313 835.5583648681641 1832.4659545898437 971.7604217529297 0.7545340401785714 1531.2928100585937 806.2740356445313 1663.0292114257813 958.1058471679687 0.8413318452380952 
4 1679.962664794922 837.516259765625 1829.2657287597656 971.2204345703125 0.7519996279761905 1532.888201904297 808.0327575683593 1664.3638732910156 959.5641662597657 0.8424944196428571 
5 1681.165478515625 836.0688995361328 1830.572802734375 969.8664642333985 0.7561616443452381 1535.9608276367187 809.9955200195312 1665.2984497070313 961.6327758789063 0.8466331845238095 
6 1686.4910949707032 839.2925506591797 1830.8261657714843 972.525015258789 0.7747395833333334 1535.2381286621094 811.3650299072266 1672.9116516113281 964.5822967529297 0.8377046130952381 
7 1687.492498779297 840.5345947265625 1831.5911193847655 973.548779296875 0.7866443452380952 1531.1156677246095 808.9863342285156 1670.780450439453 964.1695495605469 0.8296595982142857 
8 1695.2946533203126 839.2939727783203 1830.4438720703124 974.4432708740235 0.77978515625 1525.1224304199218 806.8274810791015 1658.0561584472657 957.4856903076172 0.8037806919642857 
9 1703.0695373535157 838.5517578125 1831.9283874511718 978.5191650390625 0.8028971354166666 1519.2660705566407 801.8936065673828 1641.4598815917968 948.5261322021485 0.8340773809523809 
10 1708.6162536621093 837.3129180908203 1831.1182434082032 979.860726928711 0.8148251488095238 1509.6146179199218 799.1059204101563 1634.3440002441407 946.1084350585937 0.8371233258928571 
11 1707.603857421875 840.5940612792969 1830.489404296875 981.3538146972656 0.8269391741071429 1501.8780090332032 793.416293334961 1620.2949645996093 940.8789337158203 0.8407273065476191 
12 1709.0677001953125 838.2388305664062 1831.0975830078125 982.4559936523438 0.8324497767857143 1493.0832763671874 791.9015838623047 1608.4570068359376 938.3374908447265 0.8328915550595238 
13 1706.980938720703 840.0806457519532 1831.5475036621094 982.4425476074218 0.8360305059523809 1482.1450439453124 789.689321899414 1597.8139404296876 938.7244354248047 0.8369838169642857 
14 1701.0694274902344 842.134652709961 1831.7256164550781 983.8634552001953 0.8309616815476191 1473.9115234375 782.4280456542969 1580.20810546875 939.6583801269531 0.8532366071428571 
15 1698.5908508300781 843.7734527587891 1830.8863220214844 984.8885955810547 0.8181036086309523 1468.6003295898438 778.4737579345704 1565.6169555664062 941.6381195068359 0.8432384672619048 
16 1693.6200866699219 845.1496215820313 1830.5350646972656 988.6894897460937 0.8227074032738095 1463.3618225097657 774.1440856933593 1549.4857116699218 944.1836730957032 0.8385416666666666 
17 1690.8036254882813 846.7176849365235 1829.2837768554687 989.5941436767578 0.8302873883928571 1452.9015869140626 772.1514099121093 1543.0237060546874 945.8012268066407 0.8689081101190477 
18 1692.1784240722657 848.9420043945313 1824.1571472167968 989.7193725585937 0.8327752976190477 1450.4710998535156 773.3926422119141 1536.2572937011719 938.3660858154296 0.8501674107142857 
19 1690.8697265625 849.3545562744141 1822.59755859375 989.8641326904296 0.8058500744047619 1455.1953063964843 774.8776733398438 1536.4273742675782 946.1237915039062 0.8478422619047619 
20 1692.7405395507812 850.7594024658204 1819.6730346679688 993.0114105224609 0.8150344122023809 1452.2587341308595 773.4045776367187 1533.233087158203 944.1070190429688 0.8619326636904762 
21 1694.2740173339844 853.5219787597656 1818.9761047363281 991.3507019042969 0.8128487723214286 1453.3682189941405 775.4358581542969 1536.502996826172 948.2687316894531 0.8630952380952381 
22 1691.6095703125 854.0104949951171 1818.21611328125 991.5314361572266 0.8369373139880952 1454.8518005371093 778.0296844482422 1537.8009094238282 948.2937408447266 0.8624906994047619 
23 1687.9984375 853.5117462158203 1818.241552734375 990.2670013427735 0.8048037574404762 1456.399591064453 777.4531433105469 1538.8869079589845 951.1105773925781 0.8599795386904762 
24 1688.8241394042968 854.774624633789 1816.7121154785157 989.1653778076172 0.8369605654761905 1453.72373046875 775.7408752441406 1538.259912109375 944.8130798339844 0.8610723586309523 
25 1689.492724609375 853.0133361816406 1817.23359375 987.2496032714844 0.8212658110119048 1454.912255859375 776.9017181396484 1537.1861328125 950.1098175048828 0.8636997767857143 
26 1684.0572814941406 850.0396514892578 1820.4533386230469 986.4356292724609 0.8301943824404762 1453.5663940429688 777.761376953125 1538.0019653320312 948.797705078125 0.8589332217261905 
27 1685.60087890625 851.7059387207031 1817.9279296875 986.2021423339844 0.8146391369047619 1452.234814453125 779.0345092773438 1539.006640625 950.4088500976562 0.8715355282738095 
28 1683.4260192871093 849.3800323486328 1820.0096496582032 988.131625366211 0.8289388020833334 1452.3678955078126 780.3377197265625 1539.0876708984374 953.7772705078125 0.8722330729166666 
29 1683.3263244628906 851.8444458007813 1820.9062194824219 985.0566772460937 0.8148251488095238 1458.0581665039062 778.4348785400391 1538.8590698242188 950.9556854248046 0.8726283482142857 
30 1685.4220092773437 851.8963928222656 1819.3426391601563 985.8168640136719 0.8328450520833334 1456.0008544921875 780.2919067382812 1543.8175048828125 949.3391967773438 0.8615373883928571 
31 1687.4350952148438 851.5856536865234 1819.0089965820312 985.3522735595703 0.828125 1459.7113342285156 779.8104400634766 1547.4272155761719 950.8563690185547 0.8585844494047619 
32 1684.6534606933594 851.1118621826172 1817.646221923828 986.3213043212891 0.8251023065476191 1459.0769897460937 781.9726409912109 1552.1720336914063 954.8633575439453 0.8653738839285714 
33 1685.9173095703125 851.4538330078125 1816.8243896484375 984.579736328125 0.8253115699404762 1462.0780334472656 787.8777099609375 1550.8285827636719 954.285009765625 0.8782319568452381 
34 1685.1429443359375 850.6834320068359 1816.2696533203125 988.4776397705078 0.8230561755952381 1464.603778076172 789.9924346923829 1551.2808654785156 950.0115325927734 0.8703497023809523 
35 1687.0985046386718 849.9198211669922 1816.1823791503907 987.9060455322266 0.8216145833333334 1467.0223022460937 790.8561645507813 1544.9178833007813 951.0983032226562 0.8480050223214286 
36 1685.7763916015624 852.7474853515625 1816.0258544921876 987.412060546875 0.8179408482142857 1471.3830688476562 797.5571136474609 1546.4418823242188 954.2978057861328 0.7834821428571429 
37 1687.5247314453125 853.7241729736328 1815.4801513671875 986.091928100586 0.8306361607142857 1469.6271728515626 807.5651885986329 1544.6355224609374 957.5819671630859 0.7544875372023809 
38 1686.6334899902345 854.4950744628907 1818.738214111328 984.3981140136718 0.8109886532738095 1469.1686157226563 809.7826629638672 1548.4314819335937 974.913687133789 0.7266090029761905 
39 1690.6376525878907 855.5272247314454 1816.9034851074218 986.1471527099609 0.7960844494047619 1469.5885009765625 827.142529296875 1552.3143310546875 986.0634033203125 0.6878720238095238 
40 1692.2811401367187 852.4028442382812 1817.5721313476563 986.3345825195313 0.8139183407738095 1473.9359436035156 835.2044342041015 1547.3822937011719 988.5778533935547 0.7047991071428571 
41 1694.0978942871093 851.4305206298828 1818.9447082519532 984.8875335693359 0.7997814360119048 1478.4307678222656 833.2996307373047 1549.464373779297 994.7394927978515 0.7437453497023809 
42 1697.884716796875 849.3123474121094 1819.854296875 986.2606506347656 0.7955496651785714 1484.8906982421875 842.15224609375 1555.5045654296875 998.3588623046875 0.7531156994047619 
43 1702.1119506835937 847.3376525878906 1820.6077758789063 984.8775573730469 0.7865978422619048 1494.7440979003907 847.2563293457031 1562.4559753417968 999.6081726074219 0.7811802455357143 
44 1701.8171081542969 852.8082702636718 1819.5907287597656 983.2003967285157 0.7890625 1504.5302124023438 846.4180847167969 1565.5200805664062 1004.1505187988281 0.6893833705357143 
45 1698.6332397460938 847.7066192626953 1821.1795043945312 980.6380462646484 0.7736700148809523 1512.9765686035157 846.5881713867187 1569.0570007324218 1016.9065795898438 0.7234235491071429 
46 1695.8558715820313 842.6861389160156 1823.2911010742187 982.4537536621094 0.7842261904761905 1514.3476257324219 855.888134765625 1584.2313537597656 1018.2653076171875 0.7751813616071429 
47 1696.3023559570313 843.5989593505859 1823.7528198242187 983.3831573486328 0.7976655505952381 1521.7301696777345 858.6209686279296 1599.844903564453 1018.9617340087891 0.8194056919642857 
48 1693.2299499511719 843.1769989013671 1822.3341369628906 982.5276519775391 0.7708798363095238 1522.982470703125 863.3545166015625 1611.10126953125 1019.0993408203125 0.8331938244047619 
49 1693.275927734375 844.5404388427735 1825.536328125 983.0005157470703 0.79541015625 1526.3607238769532 863.5369262695312 1617.2897888183593 1016.4630737304688 0.8236607142857143 
50 1691.1180358886718 845.4861328125 1825.3815979003907 981.815380859375 0.7899228050595238 1523.3282958984375 860.342578125 1624.5423095703125 1019.39326171875 0.8521670386904762 
51 1689.9903930664063 844.20244140625 1826.4234252929687 982.702587890625 0.7835518973214286 1523.663018798828 859.0701263427734 1627.0214294433595 1020.3090850830079 0.8191499255952381 
52 1689.5096740722656 846.4382629394531 1825.6327819824219 982.5613708496094 0.7777855282738095 1521.7354614257813 863.0966949462891 1626.9215209960937 1019.8445281982422 0.8141741071428571 
53 1692.5425231933593 843.5201904296875 1826.8067199707032 981.9156005859375 0.7779947916666666 1524.9902770996093 863.8584106445312 1624.1392395019532 1018.7786743164063 0.8099655877976191 
54 1689.2457336425782 845.1204467773438 1825.3732849121093 981.2478393554687 0.7491629464285714 1525.115478515625 864.0799102783203 1626.1796875 1014.6451263427734 0.8099655877976191 
55 1692.5655456542968 844.1657135009766 1825.9880432128907 981.6934783935546 0.74365234375 1529.2216674804688 861.2185272216797 1627.7490356445312 1015.1675201416016 0.8045247395833334 
56 1698.6065612792968 849.4417755126954 1821.3364318847657 980.3536956787109 0.7685314360119048 1528.8301391601562 863.0521545410156 1622.9230346679688 1012.3736267089844 0.7463030133928571 
57 1699.51494140625 849.5820037841797 1818.902294921875 981.1104400634765 0.7660667782738095 1533.1196228027343 865.0696228027343 1624.1778625488282 1010.7627746582032 0.7648111979166666 
58 1699.1352478027343 846.1383056640625 1821.9698547363282 979.208984375 0.7508138020833334 1532.8362915039063 865.4296142578125 1622.9149291992187 1008.7365234375 0.7676013764880952 
59 1702.9458557128905 846.2861389160156 1818.844061279297 980.4840026855469 0.7869931175595238 1529.8807373046875 864.9768646240234 1627.4791259765625 1013.4078399658204 0.76904296875 
60 1701.0997009277344 845.5459777832032 1819.4922180175781 980.2684753417968 0.7775297619047619 1529.3990112304687 867.6856536865234 1625.3378051757813 1014.6557159423828 0.7643694196428571 
61 1700.0066650390625 840.8007690429688 1818.3199951171875 981.5527465820312 0.7634161086309523 1526.6164978027343 869.6729370117188 1624.5308410644532 1018.5845092773437 0.7913643973214286 
62 1701.4807983398437 840.3012908935547 1817.5004028320313 982.7816558837891 0.7732049851190477 1523.0671752929688 868.8756652832031 1624.8388305664062 1021.5331481933594 0.7996651785714286 
63 1700.098126220703 841.7646697998047 1818.4312927246094 980.4999176025391 0.7804361979166666 1523.5402526855469 868.1306518554687 1621.4710998535156 1023.1877075195313 0.7844587053571429 
64 1700.7775939941407 844.0063995361328 1817.0687194824218 978.659310913086 0.7657180059523809 1521.9466918945313 872.1767883300781 1623.9563842773437 1021.1110534667969 0.7602771577380952 
65 1696.3743774414063 841.8202880859375 1818.7784545898437 980.54482421875 0.7776692708333334 1521.3994506835938 870.2242767333985 1623.4027954101562 1021.1892364501953 0.7698102678571429 
66 1698.4362060546875 840.8627166748047 1818.6582763671875 981.4613189697266 0.7892485119047619 1522.10009765625 873.5436767578125 1621.945556640625 1016.1799560546875 0.7333054315476191 
67 1696.4709411621093 842.8775482177734 1819.8704895019532 980.6736602783203 0.7805989583333334 1519.5982788085937 868.823095703125 1626.5445434570313 1014.845849609375 0.7481398809523809 
68 1698.0753173828125 841.8084442138672 1820.0391845703125 980.309780883789 0.7588588169642857 1521.0131408691407 866.7736602783203 1620.2379577636718 1009.4093841552734 0.7085193452380952 
69 1696.9808532714844 838.0802154541016 1819.131817626953 980.9346160888672 0.7663690476190477 1521.7174987792969 863.3225891113282 1616.9537658691406 1008.2473571777343 0.7165178571428571 
70 1699.9105529785156 839.2570770263671 1820.0788269042969 980.1438629150391 0.7727632068452381 1522.9255920410155 859.2585174560547 1616.159490966797 1006.3609283447265 0.7262834821428571 
71 1699.0976989746093 840.8844177246094 1818.0926086425782 982.8432434082031 0.7784365699404762 1521.8900817871095 858.0672088623047 1617.921075439453 1004.201284790039 0.7578590029761905 
72 1698.3832580566407 839.9986236572265 1819.0123718261718 981.4257537841797 0.7676246279761905 1520.2395874023437 853.4373931884766 1617.9906372070313 1003.1837615966797 0.7791341145833334 
73 1698.110772705078 841.6418640136719 1818.6364196777345 980.8696105957031 0.76513671875 1520.359637451172 853.4706176757812 1615.9488342285156 1001.0104614257813 0.76171875 
74 1698.8227661132812 837.7818237304688 1818.3088256835938 982.4230102539062 0.7682524181547619 1515.562255859375 851.8105895996093 1616.18212890625 1000.6442443847657 0.77685546875 
75 1698.5780456542968 838.81572265625 1819.7819396972657 983.00654296875 0.7779250372023809 1514.2807495117188 852.8007629394531 1616.6770141601562 1001.1710388183594 0.7785993303571429 
76 1699.1697326660155 839.2078735351563 1818.137030029297 983.2209594726562 0.7827380952380952 1513.0124938964843 852.9348663330078 1617.3697082519532 1003.209359741211 0.7747395833333334 
77 1699.0298767089844 839.2659423828125 1817.8952941894531 983.15556640625 0.7741117931547619 1510.9468566894532 853.22177734375 1619.3852966308593 1001.28212890625 0.7912481398809523 
78 1695.9673950195313 839.6274475097656 1819.4823120117187 981.9836364746094 0.7692057291666666 1510.8560363769532 855.4895324707031 1619.7165954589843 999.9391784667969 0.7697870163690477 
79 1697.28193359375 839.6700775146485 1820.844775390625 982.0815704345703 0.7745303199404762 1511.8569396972657 857.1493194580078 1622.8541198730468 1001.655062866211 0.7603701636904762 
80 1695.8956909179688 837.4266326904296 1821.2761840820312 981.6141998291016 0.7933640252976191 1514.5763427734375 858.5645538330078 1623.2393310546875 1000.6623138427734 0.7759951636904762 
81 1698.3609985351563 839.6133636474609 1821.3750854492187 981.3923126220703 0.7897135416666666 1515.3635375976562 858.8593353271484 1625.8676635742188 1000.6382843017578 0.7872023809523809 
82 1697.8087097167968 839.5907806396484 1822.9189514160157 981.3824249267578 0.7874581473214286 1516.3989013671876 859.0791229248047 1628.9980712890624 998.7855621337891 0.8101283482142857 
83 1700.148992919922 839.4790618896484 1821.1738830566405 981.3703643798829 0.7835518973214286 1517.88935546875 858.7402923583984 1632.654345703125 1000.6315948486329 0.8020833333333334 
84 1701.7077087402345 839.2658874511719 1824.906671142578 981.2580383300781 0.7914574032738095 1521.1655883789062 858.5408508300782 1636.0121459960938 1000.5330017089843 0.8257765997023809 
85 1703.3426025390625 837.4132781982422 1824.4965087890625 981.5446685791015 0.7942243303571429 1522.4954772949218 858.7839324951171 1637.3828186035157 998.7376129150391 0.8305896577380952 
86 1703.9035522460938 839.2595123291015 1824.9714477539062 981.2011199951172 0.7800176711309523 1524.5496948242187 855.0754180908203 1641.4427368164063 999.1044525146484 0.8283110119047619 
87 1704.2767150878906 838.1496673583985 1827.265887451172 981.9843048095703 0.7889694940476191 1526.7683898925782 855.7882080078125 1645.5884216308593 999.6229248046875 0.8336356026785714 
88 1701.9978881835937 837.6918670654297 1826.9073852539063 979.2559478759765 0.7894577752976191 1528.1655395507812 853.4656982421875 1646.8295776367188 997.111572265625 0.8378673735119048 
89 1703.466375732422 835.9395904541016 1826.1860900878905 981.5393524169922 0.7936895461309523 1529.7865844726562 851.9395202636719 1646.2663940429688 997.5393615722656 0.8241954985119048 
90 1704.2000305175782 838.1684448242188 1825.0037048339843 981.8831909179687 0.7900158110119048 1528.441912841797 852.5879302978516 1645.0799377441406 996.3027557373047 0.8387276785714286 
91 1701.9764404296875 839.5592468261718 1826.9237060546875 981.1660949707032 0.7939453125 1529.9337951660157 853.9762390136718 1646.5511901855468 995.5830871582032 0.8338216145833334 
92 1700.0992370605468 840.7060607910156 1825.2729553222657 980.4835144042969 0.7948521205357143 1529.5900573730469 853.3037292480469 1644.3326721191406 995.1673400878906 0.8327055431547619 
93 1700.839990234375 840.2563385009765 1826.166845703125 980.2047821044922 0.7883417038690477 1530.1220703125 852.8693908691406 1645.005126953125 994.9066101074219 0.8322405133928571 
94 1703.9875 840.2578674316406 1824.76689453125 979.7788757324219 0.7900390625 1530.3471801757812 852.8324157714844 1642.7968627929688 994.4357727050781 0.8395414806547619 
95 1706.1431640625 839.4722290039062 1822.582666015625 980.8630981445312 0.7829938616071429 1530.924072265625 852.2677612304688 1641.125732421875 993.6586303710938 0.8346121651785714 
96 1702.4668762207032 841.2096313476562 1824.9653747558593 980.3182006835938 0.7861560639880952 1529.3398132324219 853.7469818115235 1643.5333557128906 994.9317901611328 0.8287992931547619 
97 1703.1417846679688 840.7634429931641 1825.4817504882812 979.6918182373047 0.7967122395833334 1528.8831115722655 853.2844940185547 1640.855291748047 994.286489868164 0.8372395833333334 
98 1702.220947265625 840.9074066162109 1824.819580078125 980.1295196533204 0.8082449776785714 1531.0305053710938 851.8566131591797 1641.1613891601562 993.1566314697266 0.8411225818452381 
99 1702.7983520507812 841.5545043945312 1823.4682495117188 980.9490356445312 0.8152204241071429 1529.315478515625 850.9167999267578 1641.66328125 992.3918548583985 0.8430292038690477 
100 1701.8523071289062 842.2979919433594 1820.4116088867188 979.5770080566406 0.8143368675595238 1529.773486328125 851.4179046630859 1642.092724609375 992.8569366455079 0.8389834449404762 
101 1702.0207397460938 840.4382202148438 1816.4013793945312 975.6153686523437 0.8055245535714286 1529.010028076172 850.4364807128907 1645.4703186035156 996.0118835449218 0.8334030877976191 
102 1700.1859436035156 840.2575592041015 1812.3117370605469 977.3003631591797 0.8003859747023809 1532.4762084960937 850.9590545654297 1644.6021606445313 992.154653930664 0.8304501488095238 
103 1695.2383056640624 839.488656616211 1813.7414306640626 974.6238311767578 0.7843191964285714 1529.3978881835938 851.3230041503906 1643.7429809570312 994.7741638183594 0.83935546875 
104 1700.177752685547 839.6814056396485 1814.7083557128906 975.0355743408203 0.7946893601190477 1529.022900390625 853.6173065185546 1641.47099609375 993.1361724853516 0.8466099330357143 
105 1699.8967895507812 839.4787170410157 1813.8229370117188 974.1186950683593 0.7790178571428571 1531.4772216796875 853.1020263671875 1641.2605712890625 993.956201171875 0.84375 
106 1696.9202453613282 838.6763732910156 1815.2768981933593 975.7208435058594 0.7887834821428571 1530.1668090820312 852.8120941162109 1640.2177124023438 991.9329620361328 0.8368210565476191 
107 1697.5810852050781 837.9519470214843 1816.2862243652344 973.3174621582032 0.7753441220238095 1528.2540649414063 851.8889617919922 1642.7940307617187 991.4195709228516 0.8314732142857143 
108 1690.1588195800782 837.5916748046875 1819.4626403808593 973.1522216796875 0.794921875 1530.052911376953 853.1530548095703 1642.6725524902345 992.8847259521484 0.8360305059523809 
109 1692.2935913085937 836.3800079345704 1817.3433715820313 973.9347503662109 0.7890857514880952 1526.7630981445313 852.1715698242188 1641.3919311523437 991.8104858398438 0.8527250744047619 
110 1690.3031005859375 835.032192993164 1817.5355224609375 972.6935760498047 0.7771577380952381 1528.0937866210938 847.1457702636719 1642.8114868164062 991.0644348144531 0.8536783854166666 
111 1691.9644104003905 834.3392303466796 1816.936590576172 973.8914215087891 0.8092680431547619 1526.0557678222656 848.5187561035157 1644.779315185547 990.1538513183593 0.8372860863095238 
112 1690.698486328125 835.782113647461 1817.968994140625 971.3981231689453 0.8251023065476191 1524.7494689941407 846.2943359375 1643.6742370605468 988.16953125 0.8384951636904762 
113 1689.3458251953125 834.4073974609375 1818.3936767578125 971.7808349609375 0.8096633184523809 1525.8747009277345 846.9759521484375 1642.434014892578 986.4307861328125 0.8423084077380952 
114 1689.383807373047 833.7900390625 1818.1268127441406 970.839111328125 0.7841099330357143 1526.2985412597657 848.1658416748047 1642.5826843261718 985.2148345947265 0.8435872395833334 
115 1688.8335388183593 833.6365447998047 1819.4287902832032 970.4506744384765 0.7916434151785714 1526.2669738769532 847.987680053711 1642.3518005371093 984.8018096923828 0.8530970982142857 
116 1690.9962463378906 833.538525390625 1817.5185241699219 970.4314453125 0.7911783854166666 1524.6666320800782 848.1372283935547 1640.8181091308593 982.9559722900391 0.8451915922619048 
117 1691.1002075195313 834.762255859375 1817.6778686523437 971.7151611328125 0.8018740699404762 1524.6976196289063 845.9356048583984 1640.9000366210937 982.8884307861329 0.8429361979166666 
118 1692.4744750976563 835.3541290283204 1819.4076049804687 972.6914642333984 0.8058268229166666 1525.6047973632812 846.5587707519531 1642.1334838867188 983.8961853027344 0.8397972470238095 
119 1692.5852294921874 836.136328125 1819.5624755859376 973.5215087890625 0.8206845238095238 1527.7391784667968 845.7436889648437 1640.1452209472657 983.1288696289063 0.8431454613095238 
120 1691.8957397460938 836.0957122802735 1819.4953735351562 972.0624298095703 0.8080124627976191 1523.9085632324218 847.3592712402344 1643.1408752441407 983.3259094238281 0.8287760416666666 
121 1690.2652954101563 834.174594116211 1819.8999877929687 972.1728790283203 0.7802734375 1529.2672790527345 847.2827880859375 1646.356622314453 983.190234375 0.8245210193452381 
122 1690.3744506835938 832.964468383789 1820.2522583007812 971.2212615966797 0.7878999255952381 1529.3165405273437 847.708609008789 1644.5306274414063 983.8706756591797 0.8268461681547619 
123 1690.3020874023437 833.7875274658203 1820.5658325195313 972.4553314208985 0.78662109375 1528.280584716797 846.9593322753906 1648.0391174316405 983.5261413574219 0.8198939732142857 
124 1691.7952514648437 836.1144165039062 1820.0150512695313 970.6399780273438 0.8009440104166666 1528.0847045898438 845.330697631836 1645.7946899414062 984.0602325439453 0.8228701636904762 
125 1691.4679565429688 836.3166381835938 1819.6128540039062 970.7638061523437 0.7974795386904762 1527.8528869628906 845.5275970458985 1645.494158935547 984.1761993408203 0.8220098586309523 
126 1689.3350463867187 836.1281585693359 1819.6527465820313 972.7515411376953 0.7961309523809523 1527.2464111328125 847.4460296630859 1647.0546142578125 984.0694122314453 0.8224283854166666 
127 1691.196923828125 834.8020751953125 1821.10361328125 973.089892578125 0.7971540178571429 1528.0076599121094 847.9377502441406 1647.4380187988281 984.1303649902344 0.82958984375 
128 1692.5580993652343 834.6362457275391 1820.4041809082032 972.9615936279297 0.7948056175595238 1527.4705993652344 847.5337066650391 1646.933331298828 985.8590545654297 0.8358909970238095 
129 1690.7466674804687 835.3364898681641 1820.9247192382813 973.9132049560546 0.8065011160714286 1527.2162841796876 848.4996459960937 1646.8962646484374 984.9767944335938 0.8219401041666666 
130 1691.5603637695312 835.7480987548828 1819.5338745117188 970.0153900146485 0.7938523065476191 1530.0201171875 846.802603149414 1645.405908203125 983.1677947998047 0.8285900297619048 
131 1691.2110778808594 836.103402709961 1820.988751220703 972.1605743408203 0.79296875 1530.2770935058593 847.374398803711 1645.4024719238282 983.4315704345703 0.8276832217261905 
132 1691.0548950195312 835.6103881835937 1820.9790405273438 971.8212524414063 0.7999674479166666 1529.6974304199218 846.6523498535156 1647.0482971191407 984.9587341308594 0.8217308407738095 
133 1691.5376770019532 833.8164306640625 1819.6760681152343 974.5585693359375 0.8157784598214286 1527.4463439941405 846.7433715820313 1649.282781982422 987.4855102539062 0.8139183407738095 
134 1691.1463806152344 835.7823364257813 1821.857159423828 972.8177612304687 0.7943173363095238 1527.1904052734376 845.2693572998047 1645.2517333984374 984.4130767822265 0.83154296875 
135 1692.02451171875 837.271142578125 1820.74990234375 972.3273681640625 0.8041759672619048 1525.801446533203 846.7672821044922 1646.0858825683595 983.933706665039 0.8355887276785714 
136 1691.3836730957032 837.0050079345704 1821.4333435058593 973.3473480224609 0.8092447916666666 1528.0148376464845 848.2996154785156 1647.576593017578 984.6420349121094 0.8274274553571429 
137 1691.4122192382813 837.4655212402344 1819.4784057617187 973.9294982910156 0.8049665178571429 1527.6554870605469 848.7702087402344 1647.3238830566406 985.2341857910156 0.82373046875 
138 1689.0556579589843 836.7683135986329 1822.8082336425782 972.6107757568359 0.8008742559523809 1526.768048095703 847.7804077148437 1645.8914978027344 985.7127563476563 0.8327520461309523 
139 1689.6515625 836.5671630859375 1821.148974609375 972.239111328125 0.8014322916666666 1527.3268005371094 847.5653900146484 1646.300762939453 985.3246856689453 0.8311011904761905 
140 1689.4631774902343 836.8162689208984 1821.0137512207032 972.5430450439453 0.8012462797619048 1527.0729614257812 847.8189910888672 1646.0950073242188 985.6338287353516 0.8324962797619048 
141 1692.1779663085938 837.3176544189453 1821.1137817382812 972.4923431396485 0.8099190848214286 1527.0088317871093 846.6759094238281 1645.5467102050782 983.9301696777344 0.8274042038690477 
142 1690.461767578125 837.7474517822266 1821.751611328125 973.2052459716797 0.8096400669642857 1526.7902526855469 847.1253448486328 1645.5763244628906 984.6670745849609 0.8254045758928571 
143 1690.0894897460937 837.1274200439453 1821.5027954101563 972.7124847412109 0.8088030133928571 1526.023504638672 846.2733642578125 1647.0071350097655 986.0303466796875 0.8248000372023809 
144 1688.7787231445313 837.3534088134766 1821.9807983398437 972.6366424560547 0.8103841145833334 1525.078106689453 846.4790008544921 1647.8736755371094 985.9248687744141 0.8199404761904762 
145 1689.6083923339843 836.6751312255859 1820.6060852050782 973.9107452392578 0.8091517857142857 1526.0613037109374 845.7922180175781 1646.6623291015626 987.1864196777344 0.8344494047619048 
146 1688.6850891113281 837.5486724853515 1821.4661560058594 972.4043914794922 0.8190801711309523 1525.7410522460937 846.6453887939454 1646.0738891601563 985.6505706787109 0.8259161086309523 
147 1688.8829040527344 836.6178649902344 1821.7163391113281 973.6023498535156 0.8068963913690477 1525.6351318359375 847.5542846679688 1648.0909423828125 986.6142944335937 0.8263811383928571 
148 1690.4960021972656 836.6779968261719 1821.6774597167969 974.1061828613281 0.7985258556547619 1526.719256591797 846.0480865478515 1647.4896057128906 985.5585418701172 0.8304734002976191 
149 1690.6361328125 838.0674133300781 1819.50498046875 973.1717224121094 0.8103376116071429 1527.1519409179687 849.0196594238281 1645.6280883789063 986.2025085449219 0.8311941964285714 
150 1689.0804382324218 837.0413177490234 1821.8523010253907 973.9624053955079 0.8070359002976191 1526.1475219726562 847.9726593017579 1646.4721069335938 986.9683197021484 0.8321242559523809 
151 1689.2679016113282 835.3429443359375 1822.0622985839843 974.36201171875 0.8033854166666666 1526.3075317382813 848.11162109375 1646.6524291992187 987.1306884765625 0.8341238839285714 
152 1689.56328125 835.8709045410156 1822.477490234375 972.9385437011719 0.8140345982142857 1524.6188537597657 848.6511169433594 1647.1490905761718 985.7187561035156 0.8405877976190477 
153 1689.5831665039063 838.228369140625 1820.3001342773437 973.0951171875 0.8028041294642857 1526.6258117675782 847.3259033203125 1644.8935974121093 986.342431640625 0.8243582589285714 
154 1688.998095703125 839.4077026367188 1821.8869140625 972.2965209960937 0.8102213541666666 1525.921807861328 846.6750335693359 1646.3522399902345 985.7930450439453 0.8195917038690477 
155 1690.3150024414062 838.6860198974609 1821.0243530273438 973.5447540283203 0.8148484002976191 1527.3673400878906 848.0223724365235 1645.6281433105469 984.9558380126953 0.8298456101190477 
156 1688.4225463867188 839.3709014892578 1821.1504516601562 972.0988861083985 0.8141741071428571 1527.3780944824218 846.6294586181641 1645.5890686035157 985.5790985107421 0.8219866071428571 
157 1687.9020935058593 837.8220581054687 1820.5533508300782 972.5459838867188 0.80712890625 1526.7117919921875 846.9099822998047 1646.9268798828125 985.779165649414 0.8247767857142857 
158 1687.5789428710937 836.218310546875 1822.6129516601563 973.3299072265625 0.8012230282738095 1528.0947143554688 847.1648864746094 1646.5092895507812 986.3539123535156 0.8281482514880952 
159 1687.9285888671875 837.571908569336 1820.6707763671875 972.3881134033203 0.8101981026785714 1526.8670043945312 848.5008026123047 1645.0905151367188 985.3911041259765 0.8282412574404762 
160 1688.0022766113282 838.1133422851562 1820.8601501464843 973.0470581054688 0.8072451636904762 1526.56103515625 847.2154083251953 1646.96337890625 986.3008880615234 0.8240559895833334 
161 1688.1789123535157 839.8355987548828 1821.0875671386718 972.744174194336 0.8140345982142857 1528.51298828125 847.1040496826172 1646.884716796875 986.2426910400391 0.8248232886904762 
162 1690.4421142578126 839.222802734375 1819.3515869140624 972.290625 0.8094773065476191 1528.7454345703125 848.3392456054687 1645.1798583984375 985.5654174804688 0.8273577008928571 
163 1690.7325073242187 839.3113220214843 1819.4664672851563 972.1980773925782 0.8038969494047619 1527.419171142578 848.4153533935547 1645.7713806152344 985.4548248291015 0.8225213913690477 
164 1691.618634033203 837.9209594726562 1820.4698669433594 973.0070190429688 0.8001069568452381 1527.9165588378905 850.4703399658204 1648.454901123047 987.6347015380859 0.8394949776785714 
165 1690.333319091797 837.7196472167968 1821.1589904785155 974.7752258300782 0.7987816220238095 1527.0005615234375 848.9013488769531 1647.4435302734375 985.9569274902344 0.8349841889880952 
166 1690.1263122558594 838.6561920166016 1818.8877258300781 973.6480682373046 0.8064778645833334 1528.375732421875 849.5993011474609 1646.753173828125 986.6679718017579 0.8355654761904762 
167 1687.2951110839845 837.8991027832031 1820.177423095703 972.8577331542969 0.7976190476190477 1527.660577392578 850.6762634277344 1646.0089782714845 985.6348937988281 0.8421223958333334 
168 1689.485418701172 837.127474975586 1820.2920471191405 972.0868194580078 0.8034784226190477 1528.0132873535156 851.5018646240235 1646.362322998047 986.4612091064453 0.8374488467261905 
169 1690.5203857421875 837.2769805908204 1821.2186279296875 972.1244476318359 0.7952938988095238 1527.5863891601562 849.8042083740235 1645.8371948242188 986.7262481689453 0.8419363839285714 
170 1690.5359375 836.1938507080079 1821.180859375 973.0598724365234 0.7953636532738095 1527.668634033203 850.7896911621094 1645.8710388183595 985.5820129394531 0.84814453125 
171 1690.1397033691405 835.4749450683594 1821.269110107422 972.8485412597656 0.7921084449404762 1528.5097106933595 850.124966430664 1645.069024658203 985.4170867919922 0.8408435639880952 
172 1689.8797790527344 835.567984008789 1820.619122314453 972.5330291748047 0.7934337797619048 1526.8946044921875 850.1743743896484 1645.1825439453125 985.0642120361329 0.8418433779761905 
173 1689.9114990234375 837.5080017089844 1818.8323974609375 974.7463928222656 0.8119652157738095 1527.7206970214843 848.7045959472656 1648.3241027832032 985.9429870605469 0.8310779389880952 
174 1691.1612854003906 835.4932830810546 1819.9687194824219 974.6884185791016 0.7973865327380952 1529.5926208496094 850.3556427001953 1645.9348449707031 985.3957611083985 0.8355654761904762 
175 1689.4213317871095 837.0322723388672 1818.552178955078 972.4115142822266 0.7966657366071429 1528.808575439453 849.8492279052734 1647.5257751464844 985.2284698486328 0.8334263392857143 
176 1690.6640502929688 837.2202239990235 1819.8664672851562 972.6743682861328 0.7943173363095238 1526.5161254882812 847.9603942871094 1647.3828002929688 987.5823303222656 0.8388439360119048 
177 1693.39248046875 834.7868286132813 1818.4654296875 974.4514526367187 0.8026413690476191 1527.109881591797 847.3743041992187 1648.0135314941406 989.1234985351563 0.8456333705357143 
178 1693.3938293457031 835.5570404052735 1818.9925231933594 973.7156036376953 0.814453125 1526.6536071777343 846.1040954589844 1645.9722473144532 990.5426330566406 0.8425409226190477 
179 1693.2807312011719 833.7020660400391 1820.1664123535156 977.5057586669922 0.8063616071428571 1526.7028381347657 842.7304748535156 1645.1293151855468 992.8784118652344 0.8329845610119048 
180 1695.1720764160157 835.8200744628906 1818.9305847167968 978.7824645996094 0.8006882440476191 1521.680352783203 841.6468933105468 1641.1713317871095 991.0105773925782 0.8314034598214286 
181 1694.4562866210938 834.2309631347656 1819.7168090820312 976.4760681152344 0.7828776041666666 1517.670635986328 840.0285919189453 1632.3158142089844 988.642855834961 0.8342401413690477 
182 1698.0647399902343 833.7824005126953 1818.0340148925782 981.113168334961 0.8055245535714286 1512.6061645507812 833.053842163086 1626.2612670898438 986.6987823486328 0.8412155877976191 
183 1694.9700561523437 834.1526092529297 1820.2794555664063 978.5769439697266 0.8005952380952381 1505.045477294922 828.2710479736328 1619.7354064941405 981.1909271240235 0.8401460193452381 
184 1696.6967651367188 835.495816040039 1817.7360961914062 979.8936492919922 0.8232421875 1494.3928283691407 819.0795745849609 1613.3087097167968 978.3418731689453 0.8460053943452381 
185 1696.0864196777343 834.9760375976563 1817.9561828613282 980.3646606445312 0.8176850818452381 1487.7071350097656 813.2664825439454 1605.300799560547 975.7595794677734 0.8477260044642857 
186 1694.8800903320312 835.0706665039063 1817.5107788085938 979.2154663085937 0.8201962425595238 1481.889990234375 808.2607147216797 1600.217919921875 969.6167877197265 0.8576543898809523 
187 1697.1542724609376 835.9559936523438 1817.1675048828124 979.5431518554688 0.8236839657738095 1477.8996520996093 805.952734375 1597.9127258300782 966.6845947265625 0.8617699032738095 
188 1694.2419921875 836.7590179443359 1816.9015625 978.7858428955078 0.8072916666666666 1479.5463134765625 800.9212188720703 1597.9021728515625 966.6192474365234 0.8804408482142857 
189 1690.470654296875 834.1092712402344 1817.432666015625 978.2866027832031 0.7931082589285714 1479.5844421386719 802.0790740966797 1597.9388732910156 965.623501586914 0.8854166666666666 
190 1682.2442565917968 836.1632507324218 1815.8064025878907 976.1879455566407 0.8094540550595238 1480.4097839355468 805.506948852539 1596.7380432128907 967.0739227294922 0.8976236979166666 
191 1676.4282775878905 837.1023773193359 1814.971746826172 973.5143829345703 0.7646716889880952 1478.860400390625 808.1639923095703 1596.08955078125 968.021859741211 0.8669782366071429 
192 1672.3279113769531 836.7233001708985 1813.0625915527344 973.1933868408203 0.7698800223214286 1483.8614440917968 807.2805938720703 1594.7434143066407 971.4710540771484 0.8726748511904762 
193 1669.1519592285156 836.2993286132812 1809.000506591797 971.8449584960938 0.7700427827380952 1479.9011535644531 811.8051055908203 1596.0830993652344 973.1689544677735 0.8833937872023809 
194 1667.5903930664062 835.6202911376953 1808.9701538085938 974.857797241211 0.7487909226190477 1484.6042236328126 818.8129364013672 1598.1364990234374 975.187368774414 0.8765578497023809 
195 1670.959228515625 838.4997406005859 1807.11962890625 976.7877960205078 0.7735072544642857 1486.602520751953 821.3160461425781 1603.6153747558594 980.8791442871094 0.8818824404761905 
196 1673.940380859375 838.5284942626953 1805.89482421875 976.867807006836 0.7754836309523809 1489.0241394042969 824.8582550048828 1606.0804748535156 982.3522552490234 0.8937639508928571 
197 1675.8679077148438 841.4655303955078 1805.4099243164062 979.5020599365234 0.7907598586309523 1488.9877014160156 827.5801788330078 1610.0351257324219 986.8531097412109 0.8871140252976191 
198 1677.702618408203 843.2973114013672 1806.8331481933594 980.895376586914 0.7813197544642857 1489.7875427246095 827.583447265625 1610.450616455078 988.467333984375 0.87451171875 
199 1680.8703491210938 842.582308959961 1805.9372680664062 980.3679473876953 0.7637648809523809 1488.7041564941405 828.4775756835937 1611.651434326172 989.5807739257813 0.8839053199404762 
200 1681.6315612792969 841.2761596679687 1804.6927795410156 981.3114868164063 0.7628348214285714 1489.0420654296875 829.280142211914 1612.1034423828125 988.4112030029297 0.8725120907738095 
201 1682.016357421875 843.2334533691406 1804.938720703125 980.9914001464844 0.7599748883928571 1489.8888244628906 829.3761169433594 1610.6918640136719 988.3276184082031 0.8703962053571429 
202 1676.479754638672 844.7737823486328 1803.4136779785156 980.1700042724609 0.7480701264880952 1490.3099243164063 829.069711303711 1608.7816284179687 987.7372344970703 0.8781854538690477 
203 1672.1191955566405 843.2276733398437 1803.004217529297 980.4459106445313 0.7546968005952381 1490.081787109375 829.4246612548828 1608.300537109375 987.7533782958984 0.8775809151785714 
204 1670.3141967773438 842.1177215576172 1803.1157348632812 977.0272369384766 0.7689964657738095 1490.4077575683593 828.0916442871094 1608.4536926269532 986.1887512207031 0.8735119047619048 
205 1666.9244445800782 841.2126861572266 1799.3322692871093 979.9255584716797 0.7502790178571429 1486.824169921875 827.713247680664 1610.825 985.3415008544922 0.8723260788690477 
206 1663.90361328125 841.4318878173829 1796.284619140625 978.0154388427734 0.7453962053571429 1489.173516845703 829.5515319824219 1608.9469665527345 985.0467346191406 0.8762090773809523 
207 1664.0690063476563 841.9521911621093 1794.4495483398437 976.5385314941407 0.7183547247023809 1489.2038330078126 829.8200012207031 1606.9668212890624 985.4354919433594 0.8794410342261905 
208 1659.4623657226562 841.0072174072266 1793.6870483398438 975.2319793701172 0.7070545014880952 1490.1488647460938 828.9076782226563 1609.6926879882812 984.1050170898437 0.8714890252976191 
209 1658.4183044433594 841.9758605957031 1790.5884094238281 978.3417663574219 0.7216796875 1488.5660278320313 828.5006652832031 1610.2464721679687 983.7479919433594 0.8823707217261905 
210 1656.8052551269532 845.417446899414 1788.4951599121093 977.1072723388672 0.7325613839285714 1489.1782165527343 828.0517974853516 1610.4163879394532 984.8253387451172 0.8827427455357143 
211 1655.3186950683594 846.2744873046875 1789.1772766113281 978.0416748046875 0.7116117931547619 1489.443310546875 829.1399230957031 1610.752734375 983.9140319824219 0.8853004092261905 
212 1656.7312438964843 843.2363708496093 1790.5225402832032 977.0276672363282 0.7099609375 1491.1805786132813 829.5677978515625 1610.3384643554687 984.2639892578125 0.8832310267857143 
213 1658.1402099609375 843.4546966552734 1792.2941162109375 975.5125274658203 0.7100539434523809 1490.5284484863282 829.5072052001954 1610.0092712402343 984.6227386474609 0.8855096726190477 
214 1656.2441284179688 843.7440185546875 1792.5241821289062 975.830810546875 0.7290504092261905 1492.3049438476562 830.0353576660157 1609.7153198242188 983.0882995605468 0.8768368675595238 
215 1656.8381103515626 844.191928100586 1793.4409423828124 976.5915802001953 0.70361328125 1490.651434326172 828.5917388916016 1610.4417053222655 984.1087615966796 0.8862537202380952 
216 1656.8244201660157 845.2483154296875 1793.3829772949218 975.5041259765625 0.7262602306547619 1490.6915649414063 827.7946258544922 1610.4429565429687 983.261343383789 0.8891136532738095 
217 1659.9252563476562 843.1537719726563 1792.3186401367188 975.5471557617187 0.70947265625 1490.0284362792968 829.1708282470703 1609.8129943847657 984.680551147461 0.8883463541666666 
218 1660.0926879882813 844.6201904296875 1792.4759155273437 974.9020263671875 0.7024972098214286 1489.9664916992188 828.7794494628906 1611.8430786132812 984.2771911621094 0.8856026785714286 
219 1657.1798156738282 844.9499450683594 1793.6691833496093 975.1398986816406 0.724609375 1491.3734802246095 827.5051940917969 1608.964288330078 982.8931213378906 0.8892066592261905 
220 1658.3953857421875 842.5242767333984 1793.6702880859375 971.5558624267578 0.7273763020833334 1489.0213928222656 830.2775299072266 1607.6471862792969 982.2017791748046 0.8899042038690477 
221 1656.6574462890626 844.6106811523438 1792.9714599609374 974.6332153320312 0.7151925223214286 1490.8223999023437 828.8014923095703 1610.3592407226563 983.9897064208984 0.8829055059523809 
222 1658.2864807128906 842.4272735595703 1793.577410888672 973.5553314208985 0.7237490699404762 1488.8927062988282 828.5779815673828 1607.5324645996093 982.6014007568359 0.8914155505952381 
223 1657.35888671875 842.6512420654296 1794.830078125 973.8737213134766 0.7426525297619048 1489.6855895996093 829.0322540283203 1608.4107238769532 981.083773803711 0.8886253720238095 
224 1658.2814086914063 845.6344146728516 1794.6858764648437 973.6448211669922 0.7262834821428571 1492.8203491210938 829.8147583007812 1608.2394653320312 983.0075073242188 0.8871140252976191 
225 1656.302587890625 843.0065277099609 1794.777978515625 975.1875030517579 0.7129138764880952 1492.7305969238282 829.2880798339844 1608.1267028808593 982.4502014160156 0.8846726190476191 
226 1657.7527648925782 845.5586090087891 1794.1335876464843 973.5467987060547 0.7235398065476191 1492.0782348632813 829.7417144775391 1609.5755737304687 982.9078826904297 0.8892299107142857 
227 1657.5869201660157 843.2748321533203 1794.1302429199218 973.5161224365235 0.7191220238095238 1491.7150390625 829.2973266601563 1609.35234375 982.6459106445312 0.8916015625 
228 1655.6796264648438 843.9424041748047 1792.1621704101562 974.1257720947266 0.7000093005952381 1491.4965759277343 828.1136260986328 1609.0816711425782 983.4938568115234 0.8861839657738095 
229 1657.6853454589843 842.8518615722656 1793.9649230957032 974.9381774902344 0.7060779389880952 1492.37587890625 829.14326171875 1607.689306640625 982.1957275390625 0.8848353794642857 
230 1657.7616088867187 844.315185546875 1794.1451293945313 974.404052734375 0.7074265252976191 1492.3259216308593 828.7399536132813 1607.7274230957032 981.9092163085937 0.8897879464285714 
231 1657.1605529785156 844.6388916015625 1793.5820007324219 974.7639404296875 0.7130301339285714 1491.4366149902344 829.0593872070312 1608.9690246582031 982.2711791992188 0.8940894717261905 
232 1657.1660461425781 844.4574798583984 1793.6985778808594 974.6884552001953 0.7175176711309523 1491.3074279785155 828.8653167724609 1608.935369873047 982.2017608642578 0.8893926711309523 
233 1657.7038940429688 844.8764251708984 1794.3495727539062 975.2153106689453 0.7215401785714286 1489.848162841797 829.2713043212891 1609.6758850097656 982.7348602294921 0.8908575148809523 
234 1655.9489440917969 844.3762664794922 1794.6412658691406 974.6631011962891 0.7230980282738095 1490.01923828125 828.777474975586 1609.798876953125 982.1796173095703 0.8896949404761905 
235 1658.2284423828125 844.7393005371093 1792.7644775390625 975.0711242675782 0.7245861235119048 1488.27958984375 829.3775482177734 1610.20283203125 980.7306671142578 0.8879743303571429 
236 1658.996405029297 844.8182159423828 1795.3572326660155 974.8855804443359 0.7329566592261905 1491.7323120117187 829.245639038086 1609.2125122070313 982.3894317626953 0.8857886904761905 
237 1660.4828674316407 843.1305786132813 1795.0228698730468 975.5683959960937 0.72998046875 1488.9118408203126 829.6280120849609 1610.8388916015624 980.9855743408203 0.8851143973214286 
238 1659.5890869140626 843.3673736572266 1794.2781005859374 975.9519012451171 0.7293991815476191 1489.6900146484375 827.9882263183594 1609.6473876953125 981.6178527832031 0.8913922991071429 
239 1658.674737548828 844.2449951171875 1795.1647399902345 974.4354248046875 0.7291666666666666 1489.3949157714844 828.6576934814453 1609.086163330078 981.9463714599609 0.8904389880952381 
240 1658.8504455566406 844.4373474121094 1793.351092529297 974.7348937988281 0.7340262276785714 1488.9463745117187 829.0797241210937 1610.8375610351563 980.3929321289063 0.8852306547619048 
241 1658.146746826172 844.373388671875 1794.6180236816406 976.6455322265625 0.7414667038690477 1490.505078125 827.1731628417969 1610.17998046875 982.5404602050781 0.8847423735119048 
242 1658.4807983398437 846.3152587890625 1792.9784301757813 976.6097900390625 0.7382114955357143 1490.4396606445312 827.4824157714844 1610.2265991210938 980.8936828613281 0.8830217633928571 
243 1659.8984924316405 845.1231384277344 1794.528631591797 975.5460510253906 0.7317708333333334 1488.2127502441406 825.7862182617188 1610.221209716797 983.5559448242187 0.8821382068452381 
244 1658.4643432617188 843.1821014404297 1795.1030395507812 975.616665649414 0.7348865327380952 1490.616925048828 827.8203399658203 1610.4386169433594 981.2762786865235 0.8872302827380952 
245 1658.8515686035157 842.5016357421875 1795.4202819824218 972.76728515625 0.7234933035714286 1489.2314331054688 828.5214904785156 1611.0927856445312 981.8987976074219 0.8967866443452381 
246 1659.2704223632813 842.8454284667969 1795.5415893554687 974.9234924316406 0.7320265997023809 1490.2621643066407 827.5249755859375 1609.7613952636718 980.567919921875 0.8944149925595238 
247 1659.8642150878907 844.3300018310547 1794.3375671386718 974.6009674072266 0.7358630952380952 1490.4796447753906 826.8743347167969 1608.1437683105469 982.3590637207031 0.8985770089285714 
248 1660.3311401367187 841.4702331542969 1794.8287719726563 973.8663146972656 0.7234235491071429 1490.6734252929687 827.7294769287109 1610.4603637695313 981.1408233642578 0.8988792782738095 
249 1658.092431640625 842.716830444336 1792.7662109375 973.1820343017578 0.7104259672619048 1489.8310974121093 826.85380859375 1609.7749816894532 982.5703857421875 0.8972284226190477 
250 1659.920965576172 841.4872833251953 1796.2214904785155 973.5938323974609 0.7203311011904762 1489.2630859375 827.7765380859375 1608.78818359375 980.852490234375 0.8951590401785714 
251 1658.718359375 841.4233428955079 1795.20693359375 975.8121917724609 0.7152622767857143 1489.197821044922 827.9360565185547 1610.9876037597655 981.2233062744141 0.8965076264880952 
252 1658.812646484375 842.1154205322266 1795.460546875 974.5587127685546 0.7173781622023809 1491.19658203125 826.5100708007812 1608.9240234375 982.0784301757812 0.8980189732142857 
253 1660.4691589355468 841.4119720458984 1796.6471740722657 973.3999786376953 0.7173549107142857 1489.9645690917969 825.8602996826172 1609.3822326660156 980.8937896728515 0.8815104166666666 
254 1661.7171752929687 842.9116424560547 1792.3687622070313 973.5631500244141 0.7244931175595238 1489.2442016601562 827.2691162109375 1611.4667358398438 981.1007568359375 0.8915550595238095 
255 1659.13447265625 842.9763397216797 1791.907763671875 973.6421295166016 0.7412109375 1488.5069641113282 827.3320556640625 1610.7426696777343 981.180517578125 0.8931594122023809 
256 1663.2791137695312 845.1778564453125 1793.9091186523438 975.807861328125 0.7472563244047619 1487.5929626464845 826.2964508056641 1609.795343017578 980.1027801513671 0.8891136532738095 
257 1662.8577453613282 842.7186981201172 1793.6526306152343 973.5136627197265 0.7441871279761905 1488.8160217285156 827.0590209960938 1609.063006591797 981.0595092773438 0.8891136532738095 
258 1663.5906005859374 842.8009979248047 1794.3097900390626 973.5201080322265 0.7166341145833334 1489.6497436523437 827.1503753662109 1609.8270629882813 981.0615997314453 0.8973214285714286 
259 1663.2861755371093 839.8971618652344 1793.8655578613282 972.5826965332031 0.7163783482142857 1489.531396484375 827.7465118408203 1609.58017578125 981.4931732177735 0.8996233258928571 
260 1662.7399536132812 842.7078094482422 1795.7458862304688 973.6024322509766 0.74267578125 1488.5657592773437 827.0362030029297 1611.0155395507813 981.1540435791015 0.8912527901785714 
261 1661.8037170410157 840.2633728027344 1794.8240905761718 973.2837463378906 0.7294689360119048 1487.6103454589843 826.4578369140625 1610.0736145019532 980.592578125 0.8941824776785714 
262 1661.5396301269532 842.1216766357422 1794.6736267089843 973.142300415039 0.7342819940476191 1489.0671142578126 826.4349761962891 1609.5215087890624 980.7011932373047 0.8934616815476191 
263 1662.3513549804688 840.9054412841797 1795.3122192382812 973.8662261962891 0.7564174107142857 1488.236065673828 825.2391357421875 1610.6444274902344 981.415283203125 0.8926711309523809 
264 1661.0017333984374 843.2986877441406 1793.9235595703126 976.2203552246094 0.7698567708333334 1488.5606567382813 826.0139587402343 1610.9329956054687 982.1442443847657 0.8880673363095238 
265 1662.5860290527344 841.8926788330078 1795.5622863769531 974.8688568115234 0.7616024925595238 1488.4504821777343 826.4680755615234 1610.8731262207032 980.5516387939454 0.8864397321428571 
266 1660.8096496582032 843.6666412353516 1794.0356872558593 974.7778778076172 0.7691592261904762 1489.8444702148438 826.0984039306641 1610.3823364257812 982.5859832763672 0.8927873883928571 
267 1661.088153076172 845.1158050537109 1794.2745178222656 974.0740753173828 0.7450009300595238 1488.3035278320312 827.5527618408203 1610.9196166992188 981.879916381836 0.8912760416666666 
268 1661.7620666503906 842.1996887207031 1794.913836669922 975.3514587402344 0.7463727678571429 1491.135888671875 828.3805145263672 1609.493017578125 982.6675201416016 0.8940662202380952 
269 1658.0087524414062 842.4367553710938 1797.4385131835938 975.5286987304687 0.7402111235119048 1491.440869140625 828.8675659179687 1609.744677734375 980.9726440429688 0.8942754836309523 
270 1658.677557373047 845.6867980957031 1793.4927307128905 976.2890319824219 0.7344912574404762 1488.3761169433594 828.6728637695312 1610.552471923828 980.3399536132813 0.8902297247023809 
271 1654.4848876953124 844.5075500488281 1793.4750732421876 979.2859069824219 0.7332821800595238 1489.57578125 827.7412322998047 1611.71865234375 981.4728179931641 0.8831845238095238 
272 1657.5971618652343 842.1260192871093 1796.3992980957032 976.7218811035157 0.7398390997023809 1488.3007690429688 825.1397125244141 1608.1753051757812 980.7662322998046 0.8745349702380952 
273 1654.7327270507812 843.3360382080078 1794.3764038085938 978.7481292724609 0.7456519717261905 1487.9088989257812 821.1200073242187 1606.3945678710938 979.8060180664063 0.8845098586309523 
274 1655.7253112792969 843.655142211914 1791.7865295410156 975.4643035888672 0.7473028273809523 1483.1960571289062 819.4519897460938 1597.9975463867188 976.7726196289062 0.8784877232142857 
275 1654.6917358398437 842.1005615234375 1791.7189086914063 974.84560546875 0.7532087053571429 1477.8904235839843 815.8315490722656 1591.3660461425782 976.4102722167969 0.8670247395833334 
276 1651.0255432128906 842.9087005615235 1792.1569519042969 977.6249298095703 0.7793433779761905 1468.3609008789062 811.7380950927734 1581.6935424804688 974.2529327392579 0.8510509672619048 
277 1650.327130126953 841.2886840820313 1791.8958923339844 974.2774780273437 0.7659505208333334 1459.3412292480468 807.8764434814453 1568.7353088378907 973.0399993896484 0.8643043154761905 
278 1654.2154541015625 837.3671264648438 1792.1087646484375 975.2604370117188 0.7629278273809523 1450.6392517089844 804.8112548828125 1556.7109680175781 970.2832275390625 0.8220563616071429 
279 1656.57763671875 837.897802734375 1789.183349609375 974.71328125 0.7860165550595238 1437.1872192382812 802.1153381347656 1548.7444213867188 968.3986999511719 0.8454008556547619 
280 1652.2205322265625 837.3009857177734 1789.5419189453125 974.6222930908203 0.7965029761904762 1431.1250793457032 801.3861907958984 1540.9822204589843 968.2844024658203 0.8364490327380952 
281 1654.0337341308593 834.7526062011718 1787.5996887207032 972.5587951660157 0.7712751116071429 1426.7758850097657 800.3418762207032 1537.0208679199218 967.8293884277343 0.8262648809523809 
282 1641.570330810547 836.9529724121094 1786.3951232910156 973.2585754394531 0.7790411086309523 1427.3641662597656 798.8627075195312 1540.2421569824219 967.1149536132813 0.8407273065476191 
283 1640.0353698730469 831.9546722412109 1781.9681701660156 971.7690216064453 0.7119605654761905 1428.11396484375 800.8304931640625 1542.5076171875 970.30244140625 0.8524228050595238 
284 1637.7136474609374 828.2429840087891 1779.8967041015626 968.2717254638671 0.7196800595238095 1430.239111328125 801.3143951416016 1546.570703125 973.6574676513671 0.8815336681547619 
285 1637.8015991210937 827.9439147949219 1777.2281860351563 973.8055969238281 0.6950799851190477 1432.8692993164063 803.5236236572266 1546.5555053710937 975.1256072998046 0.8774879092261905 
286 1635.1077087402343 830.0943572998046 1769.5782043457032 975.2372467041016 0.6908482142857143 1432.088153076172 807.6826019287109 1547.3487365722656 976.3045196533203 0.8808826264880952 
287 1625.8737915039062 827.5712493896484 1768.9160034179688 994.0981231689453 0.6708286830357143 1430.114306640625 809.2598449707032 1547.537060546875 977.9216735839843 0.8725353422619048 
288 1630.1164855957031 826.3312042236328 1760.2093200683594 1020.4042083740235 0.6200706845238095 1429.8094909667968 809.3518341064453 1547.1064025878907 979.9654876708985 0.8752092633928571 
289 1621.7507202148438 824.2974334716797 1757.4531372070312 1025.7307037353517 0.6510881696428571 1431.489971923828 811.9015625 1548.1092712402344 979.409228515625 0.8772088913690477 
290 1614.926171875 828.1552429199219 1754.5416015625 1010.0782775878906 0.6510184151785714 1430.48095703125 814.0798400878906 1546.8271484375 976.9643493652344 0.8626767113095238 
291 1606.2500122070312 834.3420776367187 1752.0248901367188 994.9057250976563 0.69580078125 1430.8976684570312 810.6151123046875 1547.0950073242188 979.62939453125 0.8588169642857143 
292 1606.0140563964844 835.7391204833984 1748.804425048828 976.4297637939453 0.7054966517857143 1431.2411315917968 812.0753936767578 1548.8332092285157 975.8643646240234 0.8603748139880952 
293 1603.6949829101563 836.7940612792969 1750.5572143554687 979.4603332519531 0.6888485863095238 1429.5582397460937 811.7790832519531 1547.0479614257813 975.4256286621094 0.8785574776785714 
294 1603.64970703125 835.873486328125 1749.087841796875 974.9880859375 0.6983351934523809 1432.1884521484376 810.2555847167969 1546.0095458984374 974.6638488769531 0.8652808779761905 
295 1601.9358642578125 838.1849426269531 1745.3827392578125 979.5223327636719 0.7164713541666666 1431.4709777832031 811.1669769287109 1547.4942321777344 975.7089385986328 0.8795107886904762 
296 1605.3053649902345 837.4293182373046 1748.959649658203 981.0836822509766 0.6969866071428571 1433.2127258300782 810.8597717285156 1547.2910583496093 973.5271911621094 0.8775111607142857 
297 1605.2373352050781 839.5091217041015 1749.2188415527344 970.7863494873047 0.7446986607142857 1434.62578125 813.2862579345704 1546.846630859375 974.2067230224609 0.8536551339285714 
298 1606.1927612304687 839.2428588867188 1750.6219360351563 970.9281616210938 0.7719959077380952 1436.929705810547 812.6933563232421 1547.3755920410156 976.2381011962891 0.8656063988095238 
299 1607.5653259277344 838.3354095458984 1749.489239501953 971.7862335205078 0.7515811011904762 1436.6375366210937 813.9753997802734 1548.9056762695313 974.9636260986329 0.8712100074404762 
