0 1782.4748657226562 483.42168579101565 2004.2756225585938 597.5838073730469 0.42531622023809523 1914.074969482422 584.5367584228516 2060.854840087891 757.4108123779297 0.7276785714285714 
1 1757.0545227050782 468.82579803466797 1985.4700134277343 602.6119766235352 0.41592261904761907 1917.4473999023437 590.1871643066406 2061.022814941406 759.8671569824219 0.7673223586309523 
2 1754.7033264160157 463.7911972045898 1989.6600769042968 613.9024368286133 0.4233979724702381 1920.8800537109375 595.3267852783204 2064.4646728515627 758.4911468505859 0.7580915178571429 
3 1789.7917785644531 533.8296020507812 1985.4051208496094 641.4169799804688 0.5237978980654762 1921.2038269042969 593.6421691894532 2064.6537170410156 769.6942565917968 0.7626720610119048 
4 1797.6499938964844 532.9573669433594 1999.5967102050781 614.3874816894531 0.42307245163690477 1922.175469970703 597.976187133789 2065.4923767089845 767.3507781982422 0.7750186011904762 
5 1806.4497192382812 537.0947143554688 1998.6830932617188 625.0659301757812 0.4431036086309524 1925.2484130859375 603.2611053466796 2065.3507080078125 769.4290191650391 0.7374906994047619 
6 1841.2586853027344 573.7354614257813 2007.151348876953 664.8138549804687 0.4526483444940476 1925.0807373046875 600.7587646484375 2058.4456298828127 782.9155517578125 0.7071010044642857 
7 1856.6540100097657 570.6357940673828 2013.1346862792968 655.396127319336 0.4772367931547619 1922.9828063964844 601.9820434570313 2069.6833312988283 784.5428588867187 0.7790643601190477 
8 1883.2162841796876 551.9702697753906 2007.0920654296874 646.5070251464844 0.5331101190476191 1925.720281982422 611.2751434326171 2072.4150939941405 800.3485748291016 0.7704613095238095 
9 1877.1126586914063 542.3120361328125 2033.9876831054687 643.627294921875 0.6386486235119048 1934.6837463378906 618.98984375 2071.949432373047 818.351953125 0.7548595610119048 
10 1835.5552185058593 567.6298767089844 2016.0747863769532 695.6346496582031 0.41369047619047616 1934.2728515625 609.288217163086 2068.84189453125 835.7582305908203 0.7994094122023809 
11 1811.6636108398438 557.59765625 2018.0033813476562 688.60693359375 0.3606538318452381 1938.389892578125 610.2532989501954 2072.674560546875 852.6205413818359 0.8032924107142857 
12 1823.9685852050782 594.7679840087891 2031.1257751464843 699.9906219482422 0.3487955729166667 1946.8970520019532 626.8912384033204 2075.1370056152346 870.2185638427734 0.7852725074404762 
13 1803.8223571777344 439.27141723632815 2017.7915344238281 564.3610290527344 0.3568754650297619 1950.055712890625 658.3048828125 2081.728955078125 882.1495849609375 0.7956426711309523 
14 1964.1214477539063 547.2900634765625 2029.8980834960937 826.841162109375 0.19912283761160715 1956.1523498535157 671.5069183349609 2090.994500732422 905.0142608642578 0.7896205357142857 
15 1787.246649169922 444.3912719726562 2004.4861389160155 566.1770874023438 0.33238002232142855 1958.7848388671875 693.7864074707031 2093.7366455078127 914.3174743652344 0.8149646577380952 
16 1962.8316345214844 649.8255493164063 2051.688507080078 857.1580932617187 0.22799246651785715 1964.3505615234376 698.9373016357422 2105.8633056640624 919.4338531494141 0.7993396577380952 
17 1849.8414611816406 625.50322265625 2060.552703857422 826.337353515625 0.30979120163690477 1957.2231323242188 712.6242309570313 2115.2566040039064 926.6278442382812 0.7775297619047619 
18 1951.1636108398438 429.11231689453126 2053.122521972656 889.5722534179688 0.23729306175595238 1956.982489013672 721.0742462158203 2118.1436096191405 931.5702239990235 0.8068963913690477 
19 1841.7317443847655 441.57330017089845 2062.229803466797 843.0773956298829 0.24354189918154762 1959.9550903320312 721.816064453125 2121.2150756835936 932.4411376953125 0.7955496651785714 
20 1849.7911071777344 653.2588745117188 2077.026885986328 864.0283569335937 0.27905854724702384 1958.7223754882812 727.1041961669922 2120.092810058594 934.580435180664 0.7936895461309523 
21 1854.0594543457032 449.8068313598633 2061.6489196777343 845.2152328491211 0.24937220982142858 1957.854248046875 718.7352691650391 2122.607666015625 936.2098602294922 0.80908203125 
22 1861.358868408203 662.3074188232422 2088.430560302734 853.1794586181641 0.37023344494047616 1957.1744506835937 717.8729583740235 2121.719348144531 931.7812774658203 0.8023856026785714 
23 1892.274237060547 496.1437133789062 2050.1187072753905 831.5630737304688 0.2847260974702381 1957.66337890625 714.6974914550781 2118.79609375 931.7335388183594 0.8042224702380952 
24 1969.5129455566407 492.77208251953124 2058.226678466797 873.9129760742187 0.24704706101190477 1958.6448608398437 714.3039276123047 2119.6439575195313 927.874234008789 0.7992699032738095 
25 1967.178564453125 664.4767669677734 2071.998681640625 854.4629913330078 0.2908354259672619 1954.9579772949219 714.7450164794922 2122.0148010253906 927.6605621337891 0.8060360863095238 
26 1963.5557250976562 495.0260467529297 2055.2396850585938 868.3106842041016 0.25695219494047616 1954.8658874511718 712.5235290527344 2121.8617736816404 925.3612365722656 0.7933175223214286 
27 1842.8270629882813 479.1519744873047 2052.1692749023437 590.3650543212891 0.27298409598214285 1958.8207946777343 711.5168365478515 2122.369268798828 924.1300750732422 0.8095238095238095 
28 1985.536395263672 646.3253356933594 2067.056011962891 835.4504211425781 0.26906040736607145 1958.19609375 709.2834594726562 2124.49580078125 917.9731323242188 0.8034086681547619 
29 1847.18935546875 516.9047180175781 2056.105322265625 823.7499450683594 0.26254999069940477 1963.7001525878907 706.485873413086 2120.387127685547 915.4017608642578 0.7976888020833334 
30 1964.013848876953 607.6642578125 2061.6720642089845 812.746875 0.26211402529761907 1968.0203247070312 701.6917236328125 2117.7631225585938 916.5402099609375 0.80224609375 
31 1939.7727478027343 645.5631500244141 2050.553790283203 808.4764617919922 0.24396042596726192 1971.1021789550782 697.5700805664062 2114.4660583496093 909.3574096679688 0.7878766741071429 
32 1905.5871154785157 643.22919921875 2075.051922607422 806.17607421875 0.2979096912202381 1968.760430908203 693.116015625 2112.1535095214845 901.687939453125 0.7609049479166666 
33 1861.9396423339845 629.9378509521484 2077.782647705078 819.6181182861328 0.34097726004464285 1971.2448791503907 697.4831756591797 2111.869744873047 890.4337554931641 0.7328636532738095 
34 1863.636083984375 646.6129272460937 2092.616357421875 823.2548706054688 0.30063011532738093 1974.100146484375 695.4284851074219 2118.030712890625 885.1550109863281 0.7341889880952381 
35 1876.8379760742187 644.4217498779296 2063.2181762695313 771.9451324462891 0.3522832961309524 1988.515203857422 696.6132659912109 2122.5781799316405 873.1840362548828 0.71923828125 
36 1875.9181823730469 661.4563598632812 2069.4669494628906 769.7124633789062 0.37853422619047616 1994.7727355957031 695.0182861328125 2142.3946228027344 862.32314453125 0.7424200148809523 
37 1863.221661376953 565.8893280029297 2073.338763427734 697.2124176025391 0.31047130766369047 2008.3085021972656 692.7928466796875 2142.914520263672 840.5313720703125 0.7422340029761905 
38 1869.9505126953125 581.5242431640625 2083.5421630859373 729.3954345703125 0.3168131510416667 2003.1609313964843 678.9675842285156 2157.604327392578 836.6968444824219 0.7118443080357143 
39 1828.6112365722656 540.573452758789 2062.637420654297 662.5307342529297 0.36233956473214285 1992.2774291992187 666.71435546875 2170.2692016601563 838.11376953125 0.7411644345238095 
40 1831.4073059082032 612.4054962158203 2088.7458923339846 744.3739837646484 0.40054175967261907 1986.9777770996093 660.75166015625 2171.733770751953 835.609912109375 0.7272832961309523 
41 1855.6907470703125 579.3642822265625 2107.7111083984373 702.058447265625 0.37846447172619047 1993.8172302246094 655.2509979248047 2176.200469970703 827.6859527587891 0.7443266369047619 
42 1799.7925964355468 502.0002838134766 1994.9270080566407 601.2212127685547 0.3484002976190476 1990.729180908203 640.7823150634765 2162.7121032714845 816.0726043701172 0.6997535342261905 
43 1809.4875366210938 574.2039733886719 2081.3217895507814 703.4909729003906 0.34914434523809523 1993.9829406738281 629.6673095703125 2169.6805114746094 808.6801025390625 0.7474423363095238 
44 1797.5666564941407 571.6211517333984 2116.516229248047 707.8392364501954 0.3053501674107143 1993.332275390625 622.0959594726562 2166.096435546875 808.1498901367188 0.7511393229166666 
45 1843.9203857421876 618.8569610595703 2107.5429931640624 747.3729583740235 0.36973353794642855 1990.687109375 614.1675415039062 2168.6322265625 805.2938842773438 0.7899228050595238 
46 1794.0447082519531 613.3339813232421 2108.9146423339844 732.6530181884766 0.37130301339285715 1986.7909606933595 607.47001953125 2155.826348876953 799.70625 0.7714378720238095 
47 1793.113818359375 612.1211456298828 2108.602490234375 721.7119232177735 0.3835332961309524 1986.6221496582032 608.0338409423828 2152.6687438964846 797.3270599365235 0.8011067708333334 
48 1789.0132080078124 592.4274810791015 2098.5077880859376 708.9038787841797 0.42711821056547616 1988.4310913085938 621.7386169433594 2144.8421020507812 794.7892150878906 0.7999209449404762 
49 1787.232489013672 590.4462799072265 2073.2710510253905 700.2052703857422 0.4071684337797619 1991.6554443359375 627.4164031982422 2124.6966064453127 793.7179351806641 0.7807384672619048 
50 1771.61298828125 534.1915557861328 2034.63701171875 670.6976654052735 0.33403087797619047 1992.2510314941405 619.2197143554688 2118.768865966797 795.6788452148437 0.7550920758928571 
51 1765.875958251953 468.74473876953124 1988.6661560058594 611.7295043945312 0.5142066592261905 1991.479833984375 621.3214630126953 2121.163720703125 794.233285522461 0.7633231026785714 
52 1764.66875 471.559423828125 1964.21748046875 591.2885986328125 0.49865141369047616 1996.0684326171875 629.5353881835938 2119.1234619140623 799.1517456054687 0.7804594494047619 
53 1777.6127380371095 531.8229888916015 1993.801690673828 671.5143524169922 0.2814360119047619 1995.5926025390625 625.2063873291015 2118.6539794921873 798.1575653076172 0.7678338913690477 
54 1782.7349731445313 462.9799438476563 1955.4124877929687 599.1295532226562 0.5029761904761905 1992.0682373046875 623.6518280029297 2121.5762939453125 806.2915924072265 0.7940150669642857 
55 1787.5162353515625 462.57814331054686 1963.7811279296875 602.2597473144531 0.46718052455357145 1992.817364501953 624.2608489990234 2119.196185302734 803.8515167236328 0.7915271577380952 
56 1784.387030029297 479.0503295898437 1964.0960021972655 615.4960571289063 0.36586216517857145 1993.535467529297 621.7679046630859 2113.3416076660155 808.1327911376953 0.7809012276785714 
57 1787.6818054199218 460.5872741699219 1954.3349182128907 603.9089416503906 0.4746791294642857 1989.3321594238282 618.9077423095703 2119.3215270996093 812.225375366211 0.7835286458333334 
58 1796.2405883789063 460.44451293945315 1953.5440795898437 574.2384704589844 0.4973725818452381 1992.8055603027344 627.4023986816406 2119.9870422363283 811.4807800292969 0.7990141369047619 
59 1795.41865234375 489.84217376708983 1986.806201171875 654.3683059692382 0.39919317336309523 1991.3260803222656 620.6623931884766 2118.917938232422 815.4076141357422 0.7890625 
60 1821.844580078125 590.7519409179688 2047.282861328125 725.3419311523437 0.38254510788690477 1993.9644653320313 622.9758941650391 2118.460095214844 814.7665985107421 0.7696010044642857 
61 1825.3509460449218 607.4361785888672 2050.7954162597657 721.8408599853516 0.3712797619047619 1997.8638977050782 631.1195281982422 2118.9982849121093 809.4562164306641 0.7706473214285714 
62 1831.7067138671875 610.3085510253907 2050.2476318359377 727.9844177246093 0.34402901785714285 2003.6944580078125 632.5505737304687 2121.3704833984375 804.0210815429688 0.7893880208333334 
63 1821.1450561523438 572.3637084960938 2045.6296020507812 719.7864379882812 0.3392857142857143 2003.232733154297 639.245166015625 2123.8513732910155 810.121533203125 0.7786458333333334 
64 1785.3296691894532 561.7196868896484 2073.8384216308596 719.3931671142578 0.3508882068452381 1999.2596923828125 643.1369750976562 2133.4497802734377 810.8747436523438 0.7945498511904762 
65 1822.128485107422 602.8262634277344 2073.3374572753905 750.2021789550781 0.35877046130952384 2003.5142639160156 644.3079528808594 2134.1428405761717 811.7805480957031 0.8011067708333334 
66 1813.4285827636718 577.198681640625 2070.7541564941407 730.9255859375 0.3129766555059524 2004.0448120117187 648.0209930419921 2124.352893066406 811.7736236572266 0.7856910342261905 
67 1816.3808654785157 572.5656311035157 2059.123651123047 732.1772888183593 0.26529366629464285 1999.3971923828126 645.9768005371094 2119.1057373046874 812.2388977050781 0.7819010416666666 
68 1843.6947326660156 613.2089050292968 2082.173797607422 762.2583801269532 0.38538178943452384 1993.508544921875 643.2735443115234 2125.996826171875 818.8207550048828 0.7753208705357143 
69 1849.3238647460937 615.8464385986329 2077.929309082031 772.6044281005859 0.34834216889880953 1987.9942626953125 634.6876037597656 2125.1575927734375 824.1034118652344 0.7882021949404762 
70 1881.305401611328 626.0374145507812 2076.054827880859 785.0827026367188 0.4205845424107143 1987.5436767578126 640.5188171386719 2127.1140380859374 825.5306213378906 0.7816220238095238 
71 1954.2049682617187 619.7313446044922 2074.163928222656 794.8069244384766 0.29135858444940477 1987.6238403320312 637.8125457763672 2120.5516967773438 829.0987701416016 0.7921084449404762 
72 1897.2687622070312 608.6007843017578 2085.108923339844 796.4410247802734 0.2862665085565476 1988.6976379394532 635.6308502197265 2118.2426696777343 826.7096649169922 0.7972470238095238 
73 1853.0269409179687 575.835806274414 2060.3385375976563 766.9511199951172 0.28431919642857145 1989.0751525878907 635.6371978759765 2118.644940185547 826.7525115966797 0.7836681547619048 
74 1903.9752319335937 603.6306091308594 2069.326281738281 772.2238830566406 0.29725864955357145 1992.8857177734376 635.5535949707031 2122.5727783203124 830.0843444824219 0.7890159970238095 
75 1980.3177673339844 599.2183349609375 2310.9543273925783 806.6765625 0.2144833519345238 1993.9072265625 638.4907287597656 2120.3271484375 829.7413269042969 0.7975260416666666 
76 1956.8520812988281 603.3231781005859 2060.3387145996094 803.8287384033204 0.25508045014880953 1997.6497619628906 636.4090698242187 2114.0722839355467 830.4467651367188 0.8022925967261905 
77 1988.579345703125 614.9694946289062 2308.901123046875 805.8682739257813 0.20681617373511904 1999.6550231933593 648.8186126708985 2116.135626220703 826.7750762939453 0.8000837053571429 
78 2018.4949523925782 604.2252960205078 2070.3027770996096 801.7425384521484 0.2306460425967262 2001.4332885742188 648.8098693847656 2114.7627563476562 826.8992370605469 0.7917596726190477 
79 1950.9361450195313 601.8186614990234 2074.168591308594 725.0510284423829 0.28787667410714285 1996.2127868652344 653.5812133789062 2116.2023742675783 825.4579711914063 0.7847144717261905 
80 1873.4602661132812 575.0557525634765 2080.9349975585938 711.2111541748047 0.3217889694940476 1993.2819763183593 652.8588714599609 2113.228399658203 827.9157257080078 0.7649042038690477 
81 1924.5695373535157 572.2320983886718 2073.340985107422 740.4086486816407 0.26796177455357145 1992.98447265625 648.2349578857422 2109.414453125 826.113980102539 0.7786458333333334 
82 1903.941845703125 566.7165130615234 2068.818408203125 776.8533721923828 0.24224562872023808 1991.2294860839843 642.1917053222656 2110.845831298828 823.2327331542969 0.7892485119047619 
83 1926.0941955566407 599.0049560546875 2065.667889404297 767.7916748046875 0.2586088634672619 1985.3942016601563 640.3277160644532 2108.7383666992187 818.8522155761718 0.7985723586309523 
84 1987.1965698242188 596.1607299804688 2307.727502441406 774.2334350585937 0.21298653738839285 1987.9438049316407 638.1261474609375 2107.738201904297 819.436474609375 0.8034784226190477 
85 2009.6762817382812 592.3387756347656 2054.8122436523436 766.4351501464844 0.23496210007440477 1980.908154296875 637.970816040039 2103.420458984375 824.9633270263672 0.7817150297619048 
86 1922.187322998047 601.7727722167969 2060.9094787597655 737.2687316894531 0.24586704799107142 1975.7901733398437 641.2303863525391 2101.608020019531 821.8917449951172 0.7974330357142857 
87 1967.1868774414063 600.516845703125 2060.705944824219 764.9814453125 0.24284435453869047 1976.2411376953125 634.7493377685547 2098.7832763671877 825.012319946289 0.7951311383928571 
88 2005.793310546875 555.4302703857422 2050.856591796875 735.683316040039 0.22784133184523808 1977.8143798828125 642.4618286132812 2093.6914794921877 819.4960571289063 0.7739490327380952 
89 1850.9264587402345 551.2460052490235 2053.791680908203 686.4894073486328 0.29885137648809523 1977.3765930175782 634.4726867675781 2093.2995544433593 821.2373962402344 0.7650437127976191 
90 2008.3169494628905 574.8302947998047 2050.284002685547 691.046597290039 0.21880812872023808 1977.4004760742187 642.6231323242188 2093.6168579101563 816.9475463867187 0.7873651413690477 
91 1899.2856018066407 564.4153350830078 2031.7086608886718 687.1489349365235 0.26854887462797616 1972.4536743164062 639.3225921630859 2095.1871948242188 823.4229522705078 0.8061988467261905 
92 1846.895928955078 553.3068664550781 2044.0536560058595 689.0548278808594 0.24385579427083334 1972.32607421875 642.9353515625 2095.14560546875 820.7005126953125 0.8001069568452381 
93 1844.2615112304688 600.907080078125 2038.1440063476562 733.39345703125 0.29256766183035715 1971.4036499023437 640.0564422607422 2097.4271606445313 821.0134429931641 0.8022693452380952 
94 1890.8582580566406 546.1741424560547 2058.5634948730467 691.3037017822265 0.25430733816964285 1975.4551147460938 644.5397186279297 2098.008996582031 818.6952056884766 0.8018508184523809 
95 1833.9172668457031 563.9196685791015 2043.2225036621094 699.1629119873047 0.31008184523809523 1972.3807495117187 634.3897918701172 2097.963732910156 824.3744293212891 0.7904575892857143 
96 1845.8231201171875 604.5289825439453 2052.1981201171875 736.7380462646485 0.29100981212797616 1966.3738830566406 631.4420684814453 2095.3584167480467 831.3679290771485 0.7940848214285714 
97 1912.4739318847655 579.7854858398438 2034.938787841797 731.2551635742187 0.2806512741815476 1969.1201293945312 631.5975524902344 2094.8078491210936 828.1858947753906 0.7972935267857143 
98 1849.832470703125 599.3894500732422 2055.889453125 728.1750640869141 0.2988978794642857 1967.7208190917968 639.7587860107421 2096.5063537597657 826.4978668212891 0.79736328125 
99 1885.7630310058594 618.6665771484375 2063.042755126953 757.2670166015625 0.29259672619047616 1965.3530517578124 631.8075439453125 2097.5068115234376 828.4268310546875 0.8203125 
100 1928.9089660644531 561.3435607910156 2048.1473083496094 719.2537292480469 0.24747140066964285 1967.8287170410156 637.6956970214844 2093.5124694824217 821.3871887207031 0.8108026413690477 
101 1909.3257751464844 555.9872528076172 2034.8689270019531 691.1874908447265 0.26925804501488093 1965.9068786621094 636.711181640625 2094.6689270019533 823.4163818359375 0.818359375 
102 1816.4847106933594 514.9703125 2032.2344055175781 685.637841796875 0.30238560267857145 1968.0791870117187 643.4044799804688 2093.6647094726563 817.2921752929688 0.8036179315476191 
103 1847.9202819824218 610.138330078125 2057.4226135253907 735.839697265625 0.3012579055059524 1960.9771789550782 637.7827301025391 2093.1247497558593 824.7231903076172 0.8043619791666666 
104 1855.323309326172 609.5867156982422 2058.4614807128905 722.4412994384766 0.30333891369047616 1965.5735290527343 638.2344451904297 2094.550128173828 825.250601196289 0.8026646205357143 
105 1855.894549560547 612.7880218505859 2058.851177978516 735.2063018798829 0.3109770275297619 1963.1964233398437 637.56904296875 2095.279406738281 824.418017578125 0.8079427083333334 
106 1838.9219787597656 593.734765625 2057.9543640136717 729.0195068359375 0.30715215773809523 1962.9328918457031 643.0418273925782 2094.9966735839844 823.4214294433593 0.8119419642857143 
107 1824.1473693847656 555.9844024658203 2046.5890808105469 701.0550872802735 0.29049827938988093 1966.3663208007813 644.0187225341797 2095.318005371094 821.3274078369141 0.8068731398809523 
108 1849.030780029297 601.5966156005859 2064.971539306641 736.9625274658204 0.29592168898809523 1962.4554504394532 649.1977783203125 2097.8212829589843 823.2397216796875 0.8182896205357143 
109 1836.21728515625 566.3455688476563 2055.33837890625 727.4640014648437 0.2803373790922619 1966.3515075683595 649.5074798583985 2088.801446533203 820.2929962158203 0.7884579613095238 
110 1873.8252563476562 612.5577941894531 2041.3002319335938 734.9433044433594 0.41401599702380953 1962.5175720214843 643.4018859863281 2091.344366455078 820.5387878417969 0.8087797619047619 
111 1852.4107360839844 610.5417175292969 2052.519805908203 739.6443176269531 0.32217261904761907 1962.0238525390625 645.0518402099609 2094.3540771484377 819.3403106689453 0.82421875 
112 1854.4131896972656 600.0318023681641 2051.1938659667967 732.2941864013671 0.3043212890625 1958.6349609375 647.3038391113281 2090.897265625 821.5030456542969 0.8067568824404762 
113 1848.7214965820312 608.7915771484375 2022.5092163085938 718.213427734375 0.39464750744047616 1956.7818359375 648.0299774169922 2095.168359375 825.0358795166015 0.8201962425595238 
114 1849.5268249511719 598.2756561279297 2039.6446838378906 720.7244049072266 0.35923549107142855 1954.2527465820312 646.4867095947266 2096.0355834960938 823.7152557373047 0.8145693824404762 
115 1837.0916625976563 566.3573699951172 2026.9110229492187 701.483023071289 0.330078125 1957.2445068359375 645.6756256103515 2092.3702392578125 822.6258270263672 0.81005859375 
116 1835.5468505859376 569.3343353271484 2038.3113037109374 701.2921905517578 0.31082589285714285 1954.3831787109375 646.2065643310547 2092.7779541015625 820.0046783447266 0.8089425223214286 
117 1840.6976257324218 599.4403442382812 2046.8293518066407 731.4934936523438 0.30268787202380953 1958.257098388672 646.6375671386719 2090.310406494141 820.5612854003906 0.8183361235119048 
118 1848.422509765625 597.8975860595704 2031.843115234375 716.9600189208984 0.33920433407738093 1958.3262878417968 645.67109375 2090.2602600097657 822.655810546875 0.8167550223214286 
119 1868.5139038085938 612.9365295410156 2048.3293579101564 738.1651550292969 0.3012114025297619 1955.2106628417969 637.265982055664 2090.0721740722656 829.9253631591797 0.8202892485119048 
120 1850.1072509765625 609.797640991211 2050.1149169921873 722.7052276611328 0.34450567336309523 1962.8906555175781 640.9403137207031 2088.7019958496094 828.0443054199219 0.8098028273809523 
121 1857.7951965332031 614.2186248779296 2035.2320251464844 733.5852691650391 0.3828125 1963.0164855957032 638.2905242919921 2088.8354431152343 828.6319000244141 0.8113374255952381 
122 1875.0839538574219 616.669223022461 2036.4564514160156 736.0847442626953 0.37648809523809523 1960.3631652832032 635.4132141113281 2092.6884704589843 829.0600524902344 0.8215448288690477 
123 1907.2972473144532 622.2880401611328 2046.0971618652343 757.8600921630859 0.26370675223214285 1960.5576599121093 635.0754852294922 2089.673907470703 831.9777984619141 0.8200334821428571 
124 1912.6802185058593 623.6387237548828 2048.296466064453 772.170785522461 0.25100562686011907 1960.61787109375 632.9530364990235 2089.776171875 829.9194610595703 0.8208472842261905 
125 1853.0192077636718 622.2162811279297 2030.4062072753907 757.675503540039 0.2640787760416667 1963.1727905273438 638.2183166503906 2088.9563598632812 828.5062927246094 0.8155459449404762 
126 1993.2341064453126 603.2631713867188 2038.4814697265624 739.0052612304687 0.2088623046875 1961.5361633300781 639.1876220703125 2087.5823669433594 829.872802734375 0.8223353794642857 
127 1926.3338684082032 617.9422668457031 2052.2448669433593 772.9096618652344 0.21652367001488096 1961.1021606445313 635.8231231689454 2087.013317871094 829.5324066162109 0.8214518229166666 
128 1926.436669921875 607.7976043701171 2045.904638671875 766.0119049072266 0.22950962611607142 1962.9476440429687 639.2169586181641 2088.873400878906 826.4909881591797 0.8184523809523809 
129 1989.8733764648437 604.9163940429687 2038.3475708007813 727.7175170898438 0.2077694847470238 1963.5234375 639.7183502197265 2089.55615234375 827.1517059326172 0.8267299107142857 
130 1884.4028564453124 561.3835906982422 2029.9025634765626 697.1833648681641 0.22489420572916666 1963.7437377929687 639.9783447265625 2089.8434204101563 827.511279296875 0.8258463541666666 
131 1907.9041931152344 561.3329315185547 2043.610577392578 693.8081207275391 0.19914899553571427 1963.7028503417969 639.5007385253906 2089.7157287597656 826.9046569824219 0.8311476934523809 
132 2005.2435302734375 567.4530059814454 2027.8729248046875 693.5311859130859 0.1818905784970238 1963.8390808105469 643.1745513916015 2086.6844787597656 824.2097869873047 0.8192429315476191 
133 1991.0437133789062 633.9380310058593 2042.6796752929688 756.5733215332032 0.1999453590029762 1965.4740234375 642.1303192138672 2088.10947265625 822.8559478759765 0.8186383928571429 
134 1914.46953125 625.5480102539062 2046.768017578125 735.2589965820313 0.22946312313988096 1965.2294555664062 642.1783874511718 2087.847448730469 822.8788635253907 0.8159644717261905 
135 1985.874334716797 631.4858520507812 2040.7344299316405 754.1140014648438 0.21051316034226192 1965.6431823730468 638.9328918457031 2088.2714904785157 826.1022644042969 0.8168015252976191 
136 1926.4081604003907 619.674038696289 2045.8597839355468 739.1255828857422 0.21694800967261904 1962.9141174316405 639.1686981201171 2088.822576904297 826.4171783447266 0.8111514136904762 
137 1992.7969787597656 567.3501159667969 2038.040057373047 693.3842590332031 0.20023018973214285 1963.5878479003907 636.95478515625 2089.621990966797 827.621875 0.8214285714285714 
138 1989.4971740722656 601.7777069091796 2041.198992919922 731.0324127197266 0.2078857421875 1963.521954345703 636.9499053955078 2089.545306396484 827.6005706787109 0.8251488095238095 
139 1990.4692504882812 564.6408996582031 2035.6909057617188 690.6156921386719 0.19071742466517858 1964.13134765625 639.5549011230469 2086.8759765625 826.9020080566406 0.8189639136904762 
140 1919.0314819335938 565.2992126464844 2025.6997192382812 688.1293762207031 0.20930408296130953 1964.408953857422 639.8923889160156 2087.239117431641 827.3699401855469 0.8163829985119048 
141 1840.5484436035156 546.2167907714844 2028.105975341797 685.2680725097656 0.22336542038690477 1962.0628784179687 640.1199157714843 2088.179064941406 827.6774475097657 0.82177734375 
142 1826.743603515625 525.6351684570312 2027.300341796875 587.0960327148438 0.23615373883928573 1962.231427001953 646.5664001464844 2088.388079833984 824.4796203613281 0.8236142113095238 
143 1827.5280700683593 502.7100128173828 2021.6817687988282 590.079232788086 0.24863978794642858 1959.4530151367187 643.7204040527344 2088.889025878906 824.9305969238281 0.8218470982142857 
144 1996.9371643066406 621.7675872802735 2038.9689636230469 728.4636749267578 0.22481863839285715 1962.739727783203 645.5192901611329 2085.601947021484 826.5792816162109 0.8167317708333334 
145 1930.333642578125 633.7963653564453 2049.884130859375 763.0401214599609 0.21506463913690477 1959.0407409667969 639.1401275634765 2088.2845764160156 829.7746063232422 0.8204985119047619 
146 2009.3626770019532 616.0204833984375 2032.0068298339843 690.4226318359375 0.19146437872023808 1962.954608154297 646.3785675048828 2085.879986572266 824.2967864990235 0.8188011532738095 
147 2003.6171752929688 615.5877899169922 2032.7234008789062 693.2046295166016 0.20559256417410715 1960.0821044921875 645.9380004882812 2086.2093994140623 827.0439331054688 0.8218238467261905 
148 1941.5085021972657 609.6159820556641 2038.5021179199218 735.7078094482422 0.23064894903273808 1960.5342041015624 642.6933349609375 2086.6259521484376 826.98134765625 0.8170340401785714 
149 1926.9489379882812 609.4340362548828 2043.3208374023438 735.5036468505859 0.25521414620535715 1960.6419921875 642.5055511474609 2086.7115234375 826.7611114501954 0.8140113467261905 
150 2001.5303161621093 604.2952362060547 2040.3257629394532 730.380239868164 0.21952892485119047 1964.475762939453 636.9977783203125 2087.3278259277345 824.5088134765625 0.8122442336309523 
151 1998.2944580078124 604.6537689208984 2043.5805419921876 730.8079620361328 0.21564011346726192 1964.4541870117187 634.5127563476562 2087.3736938476563 825.3613891601562 0.8133138020833334 
152 1998.2971252441407 603.7982727050781 2043.5928894042968 739.6852478027344 0.21170479910714285 1964.4498596191406 634.7834350585938 2087.395233154297 825.6723754882812 0.8138253348214286 
153 1916.5484985351563 623.3484924316406 2049.3633666992187 769.1209899902344 0.24643670944940477 1959.2834777832031 635.1847290039062 2088.8589782714844 829.5480590820313 0.8207077752976191 
154 2001.7402282714843 607.9044647216797 2040.5731262207032 688.8065338134766 0.21954636346726192 1961.7869873046875 637.9004486083984 2087.9942626953125 825.5932647705079 0.8253813244047619 
155 1938.8892761230468 607.9647064208984 2045.6040100097657 727.6144561767578 0.23685128348214285 1961.5257629394532 637.0686828613282 2087.6430603027343 827.8616149902343 0.8235212053571429 
156 1927.7762268066406 567.7473571777343 2047.528094482422 693.9722473144532 0.23179989769345238 1961.8844421386718 640.6939147949219 2088.1093322753904 825.1763244628906 0.818359375 
157 1928.0742736816405 602.1854125976563 2044.613592529297 734.9107788085937 0.2465762183779762 1965.0530334472655 641.4053833007813 2084.829656982422 822.6887329101562 0.8096865699404762 
158 1928.9355529785157 610.2621032714844 2035.7369323730468 736.4819152832031 0.27647181919642855 1961.548602294922 638.0205505371093 2087.768414306641 825.7320129394532 0.8117792038690477 
159 1878.5911254882812 603.613314819336 2030.5619506835938 739.4168975830078 0.29659598214285715 1961.1677551269531 645.2746276855469 2087.2710876464844 829.5796203613281 0.8118954613095238 
160 1926.5917907714843 607.5027069091797 2030.1263488769532 733.6854644775391 0.2761753627232143 1961.3106994628906 640.2305786132813 2087.493377685547 827.8869750976562 0.8154761904761905 
161 1926.9577758789062 623.2083374023438 2043.2953979492188 736.3143676757812 0.29037620907738093 1963.4996215820313 644.8351776123047 2086.300427246094 829.0364654541015 0.8140811011904762 
162 1929.2294006347656 628.1142791748047 2045.5827331542969 763.8597808837891 0.2683803013392857 1960.4310607910156 642.0368438720703 2086.480438232422 829.4949554443359 0.8157087053571429 
163 1914.1002136230468 609.9000274658204 2036.9348205566407 732.7345550537109 0.27592540922619047 1960.9712463378905 645.0844207763672 2087.038397216797 829.3361724853515 0.8117094494047619 
164 1913.4067016601562 609.8005767822266 2045.9968627929688 735.9228729248047 0.25566173735119047 1961.4177551269531 640.0251220703125 2087.5401306152344 827.59169921875 0.8188709077380952 
165 1925.21083984375 612.9020446777344 2041.698583984375 735.8613830566406 0.27455357142857145 1961.4265625 640.2816864013672 2087.62177734375 827.956411743164 0.8179175967261905 
166 1857.5337646484375 595.5050109863281 2041.9579345703125 737.8675476074219 0.29248628162202384 1960.9456359863282 642.9176666259766 2090.3662536621096 827.3419158935546 0.8175223214285714 
167 1879.1591064453125 603.42431640625 2044.0401123046875 739.2086181640625 0.28696986607142855 1960.7291320800782 645.079721069336 2086.8146911621093 829.3584503173828 0.8184523809523809 
168 1879.2898254394531 607.0469268798828 2044.0884704589844 752.4575286865235 0.2946661086309524 1960.8191467285155 644.8287872314453 2086.841864013672 829.0156341552735 0.8178245907738095 
169 1920.9858459472657 608.5598571777343 2043.7737976074218 763.6602355957032 0.2630033947172619 1960.3824340820313 647.8320251464844 2086.401501464844 828.7825988769531 0.8181268601190477 
170 1924.5180114746095 605.9000396728516 2040.880548095703 764.2823944091797 0.25227283296130953 1960.6947814941407 645.5578430175781 2086.754315185547 826.5661804199219 0.8175223214285714 
171 1856.6715942382812 595.265869140625 2037.5515502929688 734.15576171875 0.31919061569940477 1963.1372619628905 650.4243103027344 2082.647283935547 828.0741027832031 0.8030133928571429 
172 1876.7284423828125 605.9767395019531 2038.2642333984375 761.0510925292969 0.29196893601190477 1960.354229736328 647.7275085449219 2086.352191162109 828.6476135253906 0.8135695684523809 
173 1879.0442199707031 605.7394104003906 2043.7698669433594 760.7753601074219 0.3013916015625 1957.3075378417968 644.2499481201172 2089.7340881347654 831.585073852539 0.8131975446428571 
174 1923.4720153808594 602.5008178710938 2046.1238098144531 738.0632690429687 0.2868129185267857 1960.3421508789063 649.4262756347656 2086.221569824219 830.1762634277344 0.8107328869047619 
175 1884.7700744628905 609.7106079101562 2049.535711669922 751.8612915039063 0.32967703683035715 1961.3127990722655 636.0531768798828 2087.310125732422 829.8951263427734 0.8121977306547619 
176 1880.535107421875 605.5554809570312 2035.496630859375 737.9183959960938 0.32084728422619047 1960.8717895507812 638.2116088867188 2086.777868652344 831.9135131835938 0.8049200148809523 
177 1871.558575439453 609.6298370361328 2049.235980224609 751.7717132568359 0.3693033854166667 1965.2430480957032 633.1130249023438 2084.7714782714843 830.1734741210937 0.7959914434523809 
178 1880.8991638183593 617.4989379882812 2045.6949523925782 737.0567260742188 0.397705078125 1962.0542297363281 627.3171081542969 2091.3059997558594 834.1197814941406 0.8105236235119048 
179 1884.315167236328 615.4798553466796 2055.768695068359 757.8186676025391 0.31530180431547616 1963.8208251953124 634.3919952392578 2093.2197021484376 828.4903900146485 0.8161039806547619 
180 1931.7273864746094 579.6276153564453 2044.8132629394531 725.0239349365235 0.28185453869047616 1967.517108154297 612.559228515625 2093.527447509766 838.731298828125 0.8091285342261905 
181 1889.3422546386719 617.9690093994141 2063.6576232910156 769.6879119873047 0.3767903645833333 1968.3056701660157 626.16337890625 2103.884149169922 835.9873779296875 0.8192196800595238 
182 1856.424298095703 591.2374420166016 2053.195452880859 797.6858367919922 0.26131766183035715 1967.3406188964843 632.6760284423829 2106.048175048828 845.5758636474609 0.8264973958333334 
183 2029.242413330078 627.1340942382812 2058.324359130859 769.3120727539062 0.1751040504092262 1969.71162109375 656.3402587890625 2105.42705078125 846.98798828125 0.8202194940476191 
184 1818.7779541015625 647.7006439208984 2070.9449462890625 809.3461700439453 0.2872198195684524 1965.7509216308595 661.0053619384765 2107.999200439453 858.2128387451172 0.8112909226190477 
185 1824.3592041015625 644.7494232177735 2047.4786865234375 812.8974884033203 0.25284249441964285 1965.5189575195313 668.75283203125 2107.7981811523437 866.0033935546875 0.8202659970238095 
186 1832.8490783691407 498.3311462402344 2039.8856628417968 815.3561096191406 0.20915294828869047 1964.7353637695312 673.8893310546875 2107.0729858398436 871.221142578125 0.8261021205357143 
187 1788.9474731445312 467.1531463623047 1963.6606811523438 557.745230102539 0.34851655505952384 1961.9185607910156 684.5492004394531 2104.2776062011717 875.4395690917969 0.8293108258928571 
188 1852.1288024902344 549.7440887451172 2039.651104736328 763.1315826416015 0.22420828683035715 1962.1799377441407 684.1682891845703 2101.205194091797 874.9236907958984 0.8286597842261905 
189 1849.5887390136718 659.0320831298828 2072.9226135253907 814.3948577880859 0.311279296875 1963.869940185547 690.9013977050781 2103.0491271972655 872.1579284667969 0.8308686755952381 
190 1864.9377319335938 649.2570373535157 2062.3203247070314 801.3387878417968 0.23395066034226192 1960.8910278320313 693.9357025146485 2103.2654663085937 868.6678741455078 0.8204287574404762 
191 1870.8371459960938 649.6774993896485 2068.2832153320314 798.5712188720703 0.2668863932291667 1964.3315551757812 691.8806427001953 2106.7516967773436 863.432162475586 0.8253348214285714 
192 1825.951025390625 659.4773040771485 2085.196923828125 818.2654327392578 0.2932710193452381 1966.9160461425781 687.5207061767578 2106.2605895996094 862.5117034912109 0.8272646949404762 
193 1870.5185913085938 650.4462493896484 2074.620812988281 802.7131134033203 0.23739769345238096 1970.5760681152344 690.9427825927735 2106.6442687988283 859.4082305908203 0.8115234375 
194 1874.7554992675782 623.4723327636718 2056.5068298339843 801.9781066894532 0.26598539806547616 1969.500909423828 683.7648498535157 2109.0600036621095 859.0250671386718 0.8187313988095238 
195 1876.6780151367188 604.5588348388671 2061.286584472656 805.3611480712891 0.24830264136904762 1971.5981872558593 676.932373046875 2110.864337158203 855.0634765625 0.8231724330357143 
196 1844.7630187988282 473.2701721191406 2045.5630310058593 687.0251159667969 0.27797154017857145 1973.937725830078 677.0598419189453 2113.202288818359 851.950228881836 0.8109421502976191 
197 1792.3306884765625 465.08878021240236 2019.1895751953125 578.5181838989258 0.3689662388392857 1980.5487487792968 680.6046417236328 2110.1823303222654 849.1283294677735 0.80419921875 
198 1851.3768493652344 441.108415222168 2049.0744445800783 784.6484512329101 0.21952311197916666 1978.8955444335938 681.4368927001954 2108.533410644531 843.4840667724609 0.8187779017857143 
199 1849.1466491699218 468.21822052001954 2046.6017639160157 594.4599716186524 0.27975027901785715 1976.1353637695313 680.3641082763672 2108.851208496094 845.449429321289 0.81005859375 
200 1865.5571533203124 544.2397888183593 2053.4560302734376 787.2123596191407 0.2399960472470238 1976.576971435547 683.1702758789063 2109.4021545410155 845.1519897460937 0.8128487723214286 
201 1898.1077209472655 646.5094909667969 2079.443914794922 801.9405822753906 0.2573649088541667 1975.947772216797 685.9899810791015 2108.712017822266 844.6592498779297 0.8050827752976191 
202 1877.89541015625 640.440234375 2078.52451171875 802.2378662109375 0.27676246279761907 1972.4848266601562 685.2457153320313 2108.394812011719 847.0433471679687 0.8122907366071429 
203 1838.8216857910156 646.0695831298829 2084.765594482422 801.4025238037109 0.29202125186011907 1976.3561584472657 685.1517761230468 2109.036297607422 846.9568664550782 0.8143833705357143 
204 2015.3973876953125 643.3702911376953 2067.1885498046877 805.218148803711 0.23054431733630953 1982.2808349609375 691.0531768798828 2105.2850830078123 849.6640472412109 0.7962007068452381 
205 1946.747052001953 654.620883178711 2076.229876708984 803.5260284423828 0.24061221168154762 1979.4912963867187 694.0881866455078 2105.7369750976563 846.2304779052735 0.8151971726190477 
206 1897.3550231933593 643.7176177978515 2078.490313720703 798.9762908935547 0.26962425595238093 1977.9701904296876 690.618685913086 2107.3525634765624 849.1119659423828 0.8091750372023809 
207 1849.731951904297 657.0223907470703 2085.563092041016 799.167123413086 0.29689825148809523 1975.9723266601563 692.434292602539 2108.4253784179687 850.7319061279297 0.8262183779761905 
208 1935.3293762207031 665.3740386962891 2077.5367126464844 801.1174774169922 0.28085472470238093 1976.599383544922 695.456332397461 2105.878765869141 850.5917022705078 0.8184523809523809 
209 1833.374090576172 667.9300689697266 2075.8835998535155 803.7353973388672 0.27608816964285715 1979.004150390625 695.5388824462891 2101.875732421875 850.7448699951171 0.8047107514880952 
210 1864.4394775390624 671.3362274169922 2071.4384521484376 800.7105865478516 0.27121698288690477 1975.4028869628905 693.2303649902344 2104.777166748047 848.4795959472656 0.8041759672619048 
211 1960.257666015625 661.3440307617187 2070.206689453125 816.5661254882813 0.2689848400297619 1972.9440612792969 690.4481781005859 2102.2958068847656 852.1378204345704 0.8054780505952381 
212 1844.0820251464843 659.5849304199219 2074.176153564453 795.6969299316406 0.3158598400297619 1975.33291015625 695.1087005615234 2104.9634765625 847.4244415283204 0.8076171875 
213 1838.1529296875 669.8582397460938 2051.84169921875 799.3666137695312 0.29611932663690477 1975.2574462890625 694.2655883789063 2101.5281982421875 849.6755737304687 0.7991768973214286 
214 1841.2732482910155 653.9914642333985 2051.710272216797 789.9661163330078 0.34680757068452384 1975.1310974121093 691.2226318359375 2104.630743408203 849.859765625 0.8016880580357143 
215 1835.7144775390625 648.9673645019532 2049.4908447265625 788.2458923339843 0.34404064360119047 1972.1276794433593 688.7078552246094 2104.928106689453 850.6595764160156 0.8020135788690477 
216 1845.3372314453125 653.3974914550781 2055.6407958984373 773.1087341308594 0.3113490513392857 1974.5059448242187 696.9514617919922 2100.6881469726563 849.0171051025391 0.7981305803571429 
217 1836.0220092773438 632.6989654541015 2049.652062988281 758.9348846435547 0.39124116443452384 1971.968408203125 687.9738647460938 2107.914892578125 853.0516479492187 0.8099423363095238 
218 1836.0943420410156 642.0074829101562 2040.066912841797 755.3255249023438 0.3359956287202381 1977.4306945800781 694.4326721191406 2100.4617614746094 849.8402770996094 0.7790876116071429 
219 1835.846826171875 647.7521545410157 2043.06162109375 754.5973327636718 0.34462193080357145 1974.6957092285156 694.4502044677735 2100.967254638672 849.8613800048828 0.7872488839285714 
220 1837.14736328125 658.7492279052734 2057.16220703125 794.6407257080078 0.31442987351190477 1974.5322021484376 690.6065979003906 2103.9526611328124 852.3821716308594 0.7953171502976191 
221 1834.6871643066406 653.3222961425781 2048.061248779297 789.1058044433594 0.31394159226190477 1976.9364929199219 690.5011138916016 2099.7882385253906 848.9152069091797 0.7906436011904762 
222 1834.8856018066406 659.9650573730469 2047.925799560547 792.3081359863281 0.3385532924107143 1976.5399658203125 686.0363494873047 2102.4273193359377 850.6582916259765 0.79296875 
223 1837.484307861328 656.3738311767578 2047.0485290527345 769.216195678711 0.39683314732142855 1972.895037841797 687.9945343017578 2105.081646728516 849.197787475586 0.7987583705357143 
224 1836.0099975585938 648.8231384277344 2045.7197387695312 787.5541809082031 0.41026088169642855 1973.996514892578 685.5533935546875 2106.2748474121095 850.0947998046875 0.7932942708333334 
225 1838.650146484375 652.0422760009766 2045.26318359375 787.6321014404297 0.36221168154761907 1974.2399047851563 689.1680572509765 2103.3731323242187 847.3561737060547 0.7848772321428571 
226 1832.4927734375 643.2556793212891 2045.530908203125 769.1418426513671 0.32996186755952384 1976.6287353515625 691.673452758789 2102.5148193359373 849.8380828857422 0.7928292410714286 
227 1831.7906799316406 627.5954040527344 2044.6759948730469 756.6167541503906 0.36268833705357145 1975.4510375976563 691.2376220703125 2104.472546386719 849.2888671875 0.8020368303571429 
228 1831.9428405761719 645.8287139892578 2048.1749572753906 768.4677337646484 0.33396112351190477 1976.42861328125 694.6112060546875 2102.29501953125 846.29638671875 0.79443359375 
229 1904.6145751953125 658.6984649658203 2069.2467529296873 803.9621185302734 0.30504789806547616 1972.5284606933594 685.8888397216797 2108.1078918457033 853.7490386962891 0.8193591889880952 
230 1844.060791015625 656.0703582763672 2063.461181640625 798.0352935791016 0.35373651413690477 1970.3897766113282 687.8387176513672 2105.9016052246093 855.615444946289 0.8191499255952381 
231 1838.2600952148437 645.0798828125 2054.6107543945313 777.473583984375 0.3501790364583333 1977.4845703125 695.0070068359375 2106.64921875 846.775341796875 0.8001302083333334 
232 1835.0459106445312 651.9656799316406 2073.8964721679686 787.5295593261719 0.30380975632440477 1974.3340698242187 689.0843963623047 2103.4425415039063 847.2422027587891 0.7969447544642857 
233 1836.2664672851563 650.3500366210938 2049.349987792969 779.4915161132812 0.33908807663690477 1977.5770874023438 694.9286468505859 2106.7185668945312 846.6699249267579 0.7953869047619048 
234 1882.888134765625 656.6619842529296 2060.545703125 798.7881500244141 0.2863130115327381 1972.5865051269532 692.0693206787109 2105.0222595214846 850.3461456298828 0.7997349330357143 
235 1835.4523010253906 656.6203247070313 2051.600311279297 792.1161254882812 0.3197660900297619 1974.5463745117188 691.2387542724609 2103.5901000976564 849.3172149658203 0.7946428571428571 
236 1834.775 646.4013519287109 2050.986962890625 765.8019561767578 0.3299560546875 1976.7649291992188 689.0976379394531 2102.619592285156 847.2226745605469 0.7916666666666666 
237 1840.7601257324218 653.3829132080078 2047.4790100097657 782.5822357177734 0.31430199032738093 1971.0774719238282 689.4096038818359 2103.5068786621096 850.9088165283204 0.7872023809523809 
238 1837.8848571777344 654.9323028564453 2047.8169250488281 771.2024017333985 0.30593726748511907 1973.9059631347657 689.4655578613281 2103.094891357422 850.9516784667969 0.7853887648809523 
239 1837.1479064941407 652.8573150634766 2050.376629638672 788.5483856201172 0.2999383835565476 1973.584521484375 686.7800903320312 2102.813916015625 851.5477905273438 0.79248046875 
240 1841.7330139160156 655.2129455566406 2045.242205810547 790.8856872558594 0.34062267485119047 1971.690576171875 686.2735717773437 2104.133154296875 854.2493774414063 0.7898065476190477 
241 1878.9063354492187 653.0059417724609 2053.1244262695313 778.8300567626953 0.2886439732142857 1973.8328979492187 688.9911590576172 2099.657092285156 847.0778717041015 0.7792503720238095 
242 1892.6546875 651.6544311523437 2070.12119140625 767.8143188476563 0.281982421875 1972.7007202148438 691.4913116455078 2101.767297363281 849.5978607177734 0.8000837053571429 
243 1873.672833251953 653.4071380615235 2073.735247802734 795.3869903564453 0.26639229910714285 1973.7040710449219 685.5511749267578 2102.7765197753906 850.118685913086 0.7988513764880952 
244 1863.45478515625 637.8872894287109 2066.84892578125 767.0264678955078 0.27355375744047616 1973.8439453125 685.941943359375 2102.983203125 850.59443359375 0.7909458705357143 
245 1940.4865966796874 648.4752166748046 2069.6379150390626 793.7704498291016 0.23972284226190477 1972.4017517089844 688.8349914550781 2104.7819641113283 850.2741394042969 0.8045479910714286 
246 1955.1903503417968 645.9697204589844 2064.8795959472654 787.9202941894531 0.2627592540922619 1972.437921142578 691.2599090576172 2104.7099060058595 849.3412261962891 0.8052920386904762 
247 1938.4572998046874 648.1446319580078 2064.3522705078126 796.6360687255859 0.25385974702380953 1972.8487426757813 688.8680755615235 2101.971813964844 850.2717559814453 0.8039202008928571 
248 1898.059344482422 653.5379180908203 2066.008648681641 802.1083831787109 0.2884521484375 1969.239031982422 686.4569213867187 2101.660504150391 851.1763793945313 0.80810546875 
249 1890.5041809082031 659.3159973144532 2061.6853942871094 801.4287536621093 0.29209681919642855 1972.368096923828 689.0056243896485 2101.5614685058595 853.7272247314453 0.8048502604166666 
250 1890.4360107421876 651.7107421875 2061.6494384765624 797.0806396484375 0.2869756789434524 1972.3153686523438 689.2335601806641 2101.5330200195312 853.9861053466797 0.8018043154761905 
251 1887.6586669921876 644.0291137695312 2058.7927490234374 789.3317260742188 0.2848016648065476 1971.6111877441406 686.1296203613281 2103.9980651855467 854.0348083496094 0.8022693452380952 
252 1825.2866149902343 617.4315765380859 2048.179327392578 736.9537384033204 0.3636997767857143 1972.390802001953 683.9017822265625 2104.8341735839845 851.878857421875 0.8162202380952381 
253 1832.1209716796875 641.3104675292968 2058.2181396484375 789.8886291503907 0.3257242838541667 1972.12724609375 686.6541137695312 2104.555859375 851.3821411132812 0.8168712797619048 
254 1835.2354064941405 643.7687469482422 2051.617010498047 792.329214477539 0.3324614025297619 1971.622869873047 686.62275390625 2104.0354553222655 851.331103515625 0.8091982886904762 
255 1836.2955505371094 644.2955871582031 2046.215557861328 786.3953308105469 0.3557826450892857 1969.0792541503906 683.5469573974609 2104.719940185547 851.4830108642578 0.8171037946428571 
256 1833.6344848632812 623.2454406738282 2043.5105346679688 775.0018737792968 0.3574335007440476 1968.8741943359375 685.9598449707031 2104.4861572265627 853.8605895996094 0.8148251488095238 
257 1833.528875732422 639.5930419921875 2046.6677795410155 778.4562744140625 0.3463774181547619 1969.1626831054687 683.4380645751953 2104.7965454101563 851.3657073974609 0.8203125 
258 1831.1296936035155 641.4093811035157 2044.137518310547 760.8229187011718 0.35671270461309523 1969.16279296875 682.99306640625 2104.71318359375 850.81748046875 0.8208472842261905 
259 1837.1230102539062 643.685498046875 2056.390417480469 782.339892578125 0.33096168154761907 1971.188671875 687.8366424560547 2103.39384765625 852.2871978759765 0.8143601190476191 
260 1833.2666442871093 640.4459716796875 2046.1941711425782 766.2666748046875 0.35427711123511907 1968.7659606933594 685.2401275634766 2104.265411376953 853.0011444091797 0.8194289434523809 
261 1821.929833984375 640.5331665039063 2047.835302734375 766.3948120117187 0.34971400669642855 1968.8924987792968 685.3419311523437 2104.4357482910154 853.1574584960938 0.8207310267857143 
262 1822.2508056640625 639.1865142822265 2048.3346435546873 781.2963348388672 0.33769298735119047 1969.3294799804687 683.4094665527343 2104.979846191406 851.3575012207032 0.8176618303571429 
263 1790.2024963378906 599.7972412109375 2038.938739013672 716.0894775390625 0.3773716517857143 1972.592529296875 685.7740325927734 2105.036376953125 853.7516632080078 0.8044084821428571 
264 1820.0136108398438 611.8927581787109 2042.9702758789062 737.9117462158204 0.3144938151041667 1974.9895751953125 689.4428741455079 2104.2399169921873 854.2369964599609 0.8095935639880952 
265 1797.2088806152344 595.9999908447265 2045.947979736328 728.4455047607422 0.32312593005952384 1972.1461608886718 689.5566864013672 2104.5917541503904 851.0755767822266 0.8125930059523809 
266 1820.2270080566407 642.8040313720703 2039.8668640136718 775.2339935302734 0.3462611607142857 1969.0552917480468 685.9121215820312 2104.7153381347657 853.8720581054688 0.8053617931547619 
267 1828.0391052246093 645.2515380859375 2047.9363586425782 784.304248046875 0.33254278273809523 1972.4400024414062 684.1812774658204 2105.0250854492188 852.3380706787109 0.8144996279761905 
268 1832.796697998047 655.9697143554688 2052.5117736816405 807.8316772460937 0.29127720424107145 1969.2488159179688 683.9311798095703 2104.955041503906 851.9486419677735 0.8115931919642857 
269 1841.176531982422 646.2014038085938 2051.248883056641 798.0998657226562 0.32517206101190477 1971.9434997558594 681.2549011230469 2104.4506652832033 852.5446594238281 0.8114769345238095 
270 1848.2665405273438 651.2165832519531 2054.9605102539062 799.7779235839844 0.32120186941964285 1967.88564453125 680.5313842773437 2106.7583984375 854.9294311523438 0.8151739211309523 
271 1848.9923156738282 650.4774017333984 2078.2336364746093 802.2288360595703 0.32826450892857145 1968.7045532226562 676.9283599853516 2107.540808105469 857.7385711669922 0.8232421875 
272 1839.8026794433595 635.9051940917968 2052.792413330078 781.1254455566407 0.3633510044642857 1972.48681640625 676.8647644042969 2111.2529296875 854.3561828613281 0.8205217633928571 
273 1855.54755859375 654.8779754638672 2078.26396484375 803.3556060791016 0.33362397693452384 1974.4786743164063 675.9826599121094 2113.2730346679687 856.7380432128906 0.8200334821428571 
274 1864.2851623535157 647.8618072509765 2064.339959716797 793.0629364013672 0.37582542782738093 1974.8613708496093 669.9522583007813 2120.062579345703 860.3270385742187 0.8133370535714286 
275 1856.9619079589843 640.5246459960938 2060.253057861328 785.7326782226562 0.38657924107142855 1977.4721618652343 675.3993988037109 2125.906866455078 862.5564727783203 0.8305431547619048 
276 1895.184503173828 666.1281097412109 2085.8866638183595 795.4177276611329 0.44199916294642855 1981.3361572265626 685.0242980957031 2136.4836669921874 866.0297790527344 0.8372163318452381 
277 1902.68564453125 666.1206756591797 2089.9935546875 792.069204711914 0.37031482514880953 1988.7628051757813 699.9056854248047 2140.547009277344 877.5254058837891 0.8170805431547619 
278 1912.3975158691405 661.822964477539 2103.623358154297 797.9498016357422 0.3954264322916667 1987.317236328125 705.7027130126953 2155.855126953125 893.6873626708984 0.8188244047619048 
279 1855.638165283203 649.7022155761719 2113.953021240234 811.1489807128906 0.2820638020833333 1992.3711242675781 725.209619140625 2163.5047302246094 899.572119140625 0.8288225446428571 
280 1895.8954772949219 669.3218200683593 2116.1139221191406 815.0546447753907 0.31506928943452384 1993.673583984375 725.3729278564454 2165.314208984375 903.4907806396484 0.8228469122023809 
281 1887.6532836914062 681.04462890625 2123.145300292969 831.4977294921875 0.33949497767857145 1989.6746459960937 719.2868713378906 2169.5643676757813 908.9886413574219 0.8394949776785714 
282 1903.4272033691407 667.0778228759766 2115.395916748047 807.3033416748046 0.36252557663690477 1993.2316772460938 725.2751617431641 2166.0678833007814 904.6333465576172 0.8384021577380952 
283 1962.0373291015626 666.8746002197265 2105.3274169921874 832.9607879638672 0.26663643973214285 1994.4780639648438 719.73154296875 2160.564172363281 905.35732421875 0.8408203125 
284 1887.2593322753905 669.698828125 2108.636541748047 832.476220703125 0.29978724888392855 1996.6958801269532 720.0345733642578 2159.4734313964846 902.3453704833985 0.8248000372023809 
285 1876.0427795410155 697.9674346923828 2107.747625732422 835.0321380615235 0.2836390904017857 1996.9158447265625 720.3094787597656 2160.0880615234373 903.0624694824219 0.833984375 
286 1863.2619506835938 677.2168914794922 2119.0239379882814 834.608853149414 0.2909458705357143 2002.4932189941405 716.3126495361328 2166.443182373047 906.4945404052735 0.8326590401785714 
287 1859.0566040039062 675.4677917480469 2102.172155761719 806.8815734863281 0.33541434151785715 2005.0017150878907 722.8525390625 2165.983514404297 903.5465087890625 0.8223586309523809 
288 1814.566473388672 675.9345825195312 2117.1343322753905 830.5073120117188 0.2557256789434524 2008.3516235351562 729.3140411376953 2166.2130737304688 903.6194915771484 0.8410063244047619 
289 1876.7322082519531 654.6896057128906 2074.1958923339844 799.4963073730469 0.25197637648809523 2007.868426513672 729.7511566162109 2165.839215087891 904.1773712158204 0.8384486607142857 
290 2019.4109924316406 670.0993011474609 2091.7744323730467 834.5612823486329 0.2261962890625 2007.3926635742187 730.0646820068359 2161.9869750976563 901.1050567626953 0.8347749255952381 
291 1882.695361328125 671.3389038085937 2099.078076171875 831.9866577148438 0.30311802455357145 2002.6137268066407 736.5311126708984 2163.261639404297 900.4573516845703 0.8266136532738095 
292 1884.8641845703125 678.062158203125 2071.4414794921877 805.7201904296875 0.33200799851190477 2004.0873657226562 730.6864654541016 2161.204870605469 904.1705291748046 0.8239862351190477 
293 1881.2293823242187 679.4578399658203 2074.148303222656 816.7897796630859 0.32753208705357145 2000.3258911132812 733.158154296875 2163.816442871094 906.458056640625 0.8292643229166666 
294 1913.9756774902344 678.0053466796875 2103.322296142578 821.6477294921875 0.358154296875 2000.2364440917968 729.4855712890625 2160.2016662597657 905.7739501953125 0.8474469866071429 
295 1914.1476806640626 673.8817596435547 2100.1638427734374 810.9463043212891 0.38447498139880953 2000.0012634277343 726.7243927001953 2159.909991455078 906.213656616211 0.8473772321428571 
296 1918.4847534179687 662.5601409912109 2065.287951660156 809.3632598876953 0.41652715773809523 1999.414697265625 726.1748596191406 2162.529150390625 908.8631042480469 0.8359607514880952 
297 1868.895770263672 665.1669311523438 2106.904156494141 837.9675903320312 0.2855922154017857 2001.1924682617187 732.5064910888672 2157.6910766601563 908.5675445556641 0.8315894717261905 
298 1923.8532165527345 653.8356201171875 2093.098077392578 813.316357421875 0.3657110305059524 2000.0884704589844 728.8191345214843 2159.569366455078 911.0827209472657 0.8262881324404762 
299 1906.2339233398438 674.31162109375 2104.420129394531 833.5105224609375 0.32254464285714285 1998.204278564453 732.0430572509765 2157.4030212402345 910.7356903076172 0.8327985491071429 
