0 0.0 0.0 0.0 0.0 0.24073428199404762 0.0 0.0 0.0 0.0 0.24073428199404762 
1 0.0 0.0 0.0 0.0 0.24073428199404762 0.0 0.0 0.0 0.0 0.24073428199404762 
2 1631.6116149902343 875.817333984375 1675.4693176269532 912.0475341796875 0.4378255208333333 1647.7466430664062 889.3853088378906 1691.6041870117188 935.1498474121094 0.3497837611607143 
3 1628.6345336914062 878.3918914794922 1674.6655151367188 909.0792388916016 0.4350469680059524 1644.8634155273437 886.94892578125 1690.8943969726563 932.9799072265625 0.3785923549107143 
4 1638.0273376464843 877.4127502441406 1680.3419250488282 908.1869812011719 0.4780157180059524 1644.7592712402343 866.686166381836 1692.8438781738282 926.3112091064453 0.5030924479166666 
5 1634.4317199707032 880.2527648925782 1674.7471130371093 912.8890808105468 0.41758510044642855 1653.6295959472657 888.5964202880859 1693.9449890136718 938.5108184814453 0.4449986049107143 
6 1632.5400939941405 872.7286376953125 1674.405584716797 906.982177734375 0.48716517857142855 1642.1281982421874 872.2162780761719 1689.7026123046876 923.5965881347656 0.48954845610119047 
7 1619.973779296875 878.4886108398438 1679.507177734375 914.9768432617187 0.4234212239583333 1649.3711791992187 877.3806671142578 1697.3819946289063 923.471078491211 0.5208100818452381 
8 1617.9259887695312 878.4902709960937 1677.5244506835938 916.9408813476563 0.41092354910714285 1657.3377868652344 899.3423309326172 1695.788555908203 949.3281402587891 0.36917550223214285 
9 0.0 0.0 0.0 0.0 0.24140276227678573 0.0 0.0 0.0 0.0 0.24140276227678573 
10 1628.9355712890624 881.3020538330078 1678.9982666015626 919.8117767333985 0.45299711681547616 1653.8928527832031 894.1879638671875 1705.8809509277344 975.0583740234375 0.43534923735119047 
11 1622.45810546875 874.815087890625 1682.035302734375 915.1738037109375 0.4375581287202381 1662.8169067382812 890.4115814208984 1718.5502807617188 974.9727569580078 0.6155133928571429 
12 1616.501025390625 882.8227600097656 1685.675244140625 928.9389587402344 0.3326939174107143 1664.9081665039062 902.9247283935547 1724.4748901367188 979.7849273681641 0.6841052827380952 
13 1621.0074035644532 888.3258270263672 1686.6721618652343 926.9521881103516 0.43802315848214285 1669.4389404296876 912.6901489257813 1727.3784423828124 997.6681274414062 0.6676664806547619 
14 1632.223858642578 891.716439819336 1700.1280700683594 928.5787872314453 0.43802315848214285 1669.3100524902343 915.5203033447266 1739.1544250488282 1004.7658905029297 0.6954055059523809 
15 1637.2839965820312 901.0054748535156 1705.0880737304688 933.9388610839844 0.39111328125 1671.1114624023437 916.2054809570312 1742.7901489257813 1011.1311889648438 0.6992420014880952 
16 1632.9805725097656 896.489697265625 1706.759539794922 931.4376708984375 0.39676339285714285 1672.0356567382812 919.6390045166015 1743.8730346679688 1012.8334686279297 0.7396298363095238 
17 1630.2565368652345 889.1161041259766 1713.623956298828 937.5856170654297 0.32666015625 1676.339862060547 923.1939392089844 1748.0745666503906 1012.3777160644531 0.7948056175595238 
18 1639.7090087890624 911.777783203125 1703.8920654296876 948.7316162109375 0.33589099702380953 1681.6001403808593 928.8334503173828 1745.7830383300782 1012.4658050537109 0.7525111607142857 
19 1626.6541015625 893.0992919921875 1706.482861328125 941.775341796875 0.4392206101190476 1676.9776550292968 922.0053863525391 1749.0183166503907 1005.7281951904297 0.7725771949404762 
20 1625.8063354492188 891.1879852294921 1705.4900512695312 935.8887359619141 0.3967866443452381 1679.4770263671876 925.3489013671875 1747.4997802734374 1010.8632568359375 0.7742745535714286 
21 1627.2327026367188 895.6284606933593 1709.0251098632812 938.4721252441407 0.3834751674107143 1678.2406921386719 923.8663330078125 1746.4010314941406 1007.606201171875 0.7756928943452381 
22 1628.5213928222656 895.7344177246093 1703.9482116699219 938.2829162597657 0.40947033110119047 1676.5744018554688 926.5300018310547 1748.1331176757812 1011.626919555664 0.7682291666666666 
23 1626.0312133789062 891.8577697753906 1709.8459838867188 940.5872985839844 0.38073149181547616 1675.3605041503906 927.017953491211 1747.4801940917969 1008.8835968017578 0.7883649553571429 
24 1629.626025390625 894.6362701416016 1705.287548828125 933.4370330810547 0.5053594680059523 1676.5600341796876 924.035287475586 1746.4013916015624 1005.5168975830078 0.7881789434523809 
25 1628.0204833984376 894.421664428711 1711.9187255859374 929.5418975830078 0.4611002604166667 1681.3010803222655 925.2643798828125 1745.688055419922 1005.260400390625 0.7387462797619048 
26 1633.4345581054688 902.5124969482422 1713.4172485351562 939.5776519775391 0.39993722098214285 1685.430810546875 924.3464111328125 1743.954931640625 1006.2800537109375 0.7064499627976191 
27 1629.8808227539062 911.4371917724609 1720.6081909179688 971.2786895751954 0.30404808407738093 1685.4161437988282 927.3998779296875 1745.2575622558593 1016.196923828125 0.7047991071428571 
28 1636.3856018066406 908.0839599609375 1720.577899169922 953.11708984375 0.34728422619047616 1685.560528564453 923.1451843261718 1748.2152282714844 1007.3374816894532 0.7254696800595238 
29 1632.7760437011718 910.021371459961 1718.2743713378907 966.3726104736328 0.3040190197172619 1689.2767395019532 926.7623229980469 1751.4572692871093 1006.4312805175781 0.6918712797619048 
30 1641.2260498046876 916.0204467773438 1712.7558837890624 956.6184692382812 0.30680919828869047 1695.951678466797 925.1661682128906 1744.2825744628906 1002.4956970214844 0.6152576264880952 
31 1689.452813720703 921.6089721679688 1704.9914001464845 966.2825073242187 0.20325869605654762 1710.4448303222657 927.8094604492187 1751.2337585449218 1009.3873168945313 0.5515601748511905 
32 1710.8779846191405 927.606576538086 1747.827215576172 995.6708282470703 0.5728469122023809 
33 1703.5146118164062 925.3637115478516 1744.3938354492188 987.6558807373046 0.6300223214285714 
34 1419.657958984375 975.8118896484375 1419.657958984375 975.8118896484375 0.13230678013392858 1705.3072937011718 926.6002899169922 1743.7885314941407 993.942495727539 0.6013532366071429 
35 1703.4212951660156 914.7871795654297 1746.3036804199219 1025.8917144775392 0.47351655505952384 
36 1712.1038757324218 915.1462707519531 1747.1503967285157 981.3451843261719 0.5165434337797619 
37 1710.794287109375 919.0534210205078 1749.475 998.3487396240234 0.49043201264880953 
38 1719.2600830078125 927.873583984375 1811.6940185546875 949.05634765625 0.19356863839285715 1715.778955078125 918.9856719970703 1787.030126953125 978.6826019287109 0.4991978236607143 
39 0.0 0.0 0.0 0.0 0.24073428199404762 0.0 0.0 0.0 0.0 0.24073428199404762 
40 1688.1300964355469 896.4575622558593 1739.9642639160156 967.4895812988282 0.5981910342261905 
41 0.0 0.0 0.0 0.0 0.24073428199404762 0.0 0.0 0.0 0.0 0.24073428199404762 
42 0.0 0.0 0.0 0.0 0.23330543154761904 0.0 0.0 0.0 0.0 0.23330543154761904 
43 1648.9642761230468 901.6080047607422 1712.7060119628907 934.4446685791015 0.2353573753720238 1679.795068359375 893.3617004394531 1733.87900390625 959.0350280761719 0.6440894717261905 
44 0.0 0.0 0.0 0.0 0.23099772135416666 0.0 0.0 0.0 0.0 0.23099772135416666 
45 0.0 0.0 0.0 0.0 0.23028855096726192 0.0 0.0 0.0 0.0 0.23028855096726192 
46 0.0 0.0 0.0 0.0 0.23285202752976192 0.0 0.0 0.0 0.0 0.23285202752976192 
47 1615.47626953125 891.3912322998046 1686.867724609375 917.6933013916016 0.3725004650297619 1671.2598693847656 891.391226196289 1735.136492919922 955.2677703857422 0.7804129464285714 
48 1616.5648315429687 887.4659240722656 1675.8148071289063 941.4878112792969 0.3137904575892857 1665.1578796386718 896.5812622070313 1733.1208068847657 964.5443481445312 0.7547898065476191 
49 1614.6089111328124 886.4727020263672 1674.5802978515626 944.6803131103516 0.29892113095238093 1663.7935546875 897.6665283203125 1732.584375 964.6933349609375 0.7634161086309523 
50 0.0 0.0 0.0 0.0 0.23330543154761904 0.0 0.0 0.0 0.0 0.23330543154761904 
51 1614.9149230957032 891.096713256836 1676.5622497558593 936.8349884033203 0.4803873697916667 1659.429425048828 895.5328186035156 1733.0084411621094 969.1118347167969 0.7507207961309523 
52 1607.986395263672 902.3446197509766 1679.9565979003905 937.3571014404297 0.38121977306547616 1658.6348876953125 897.0328735351562 1732.5501708984375 965.1127563476563 0.7650204613095238 
53 1620.1945678710938 897.1519104003906 1684.1208618164062 929.1150573730469 0.39199683779761907 1662.9326538085938 900.04453125 1732.4994750976562 969.6113525390625 0.7295154389880952 
54 1618.5970092773437 894.2620422363282 1690.5480102539063 938.2320983886718 0.39033435639880953 1656.5710693359374 895.4151031494141 1732.5195068359376 969.3647430419921 0.7895740327380952 
55 1618.3305053710938 895.9382965087891 1680.6914672851562 945.8271453857421 0.3553059895833333 1662.5314514160157 899.5703338623047 1733.8011901855468 965.4947906494141 0.7576962425595238 
56 0.0 0.0 0.0 0.0 0.23099772135416666 0.0 0.0 0.0 0.0 0.23099772135416666 
57 1624.5901428222655 909.2042541503906 1682.610418701172 953.2196960449219 0.42575799851190477 1654.8314514160156 903.8177490234375 1730.8581237792969 967.8402099609375 0.7241908482142857 
58 1624.5929870605469 899.5333953857422 1678.5314025878906 947.4787506103515 0.47041248139880953 1661.6276611328126 904.9118682861329 1727.5525146484374 972.8344085693359 0.6805943080357143 
59 1627.9146789550782 897.7987213134766 1685.7629333496093 943.6783905029297 0.39969308035714285 1664.8946411132813 899.4098297119141 1734.7115600585937 971.2215789794922 0.7560221354166666 
60 1627.5638305664063 900.6752197265625 1699.3326538085937 926.591748046875 0.45927501860119047 1663.0648620605468 896.9181488037109 1732.8400451660157 968.6868927001954 0.7487909226190477 
61 1632.3092346191406 899.7473175048829 1694.2282409667969 931.7056243896484 0.4619140625 1668.723162841797 898.2108947753907 1734.6370666503906 970.1169860839843 0.7585565476190477 
62 1622.6870727539062 892.6398223876953 1700.4823608398438 924.5559173583985 0.42087518601190477 1665.267333984375 898.7775177001953 1733.0888671875 970.5886322021485 0.7197033110119048 
63 1629.514337158203 898.6133331298828 1694.0949157714845 927.968148803711 0.34028552827380953 1673.1702209472655 898.8391204833985 1737.750799560547 965.3767608642578 0.7348865327380952 
64 1627.767840576172 894.4779846191407 1699.8357971191406 926.5080993652343 0.3805338541666667 1668.4985229492188 899.3286712646484 1734.5608032226562 969.3946563720704 0.7082403273809523 
65 1622.3761657714845 885.3058044433594 1692.715020751953 918.5213439941406 0.40427362351190477 1670.095440673828 893.0460968017578 1730.6649353027344 963.3848724365234 0.6775483630952381 
66 1623.2178283691405 885.924526977539 1690.689764404297 914.8410369873047 0.4474516369047619 1665.4063598632813 890.1507873535156 1727.0951049804687 959.5505065917969 0.6628766741071429 
67 1626.439031982422 884.7392303466797 1691.4458557128905 917.242642211914 0.45349702380952384 1665.340106201172 895.9168395996094 1724.6111877441406 959.0117492675781 0.6420665922619048 
68 1638.81904296875 894.6932525634766 1696.118701171875 921.4331512451172 0.4369419642857143 1673.272314453125 906.2266448974609 1724.841943359375 973.0762725830078 0.6309988839285714 
69 1626.2684997558595 886.0355529785156 1688.729913330078 918.2126159667969 0.45742652529761907 1659.755926513672 892.7330291748046 1722.2173400878905 955.1945220947266 0.6447637648809523 
70 1628.4836303710938 888.2261169433593 1694.7522094726562 920.4136535644532 0.37040783110119047 1672.0316284179687 899.0766754150391 1726.9398071289063 963.4518280029297 0.6605980282738095 
71 0.0 0.0 0.0 0.0 0.23565383184523808 0.0 0.0 0.0 0.0 0.23565383184523808 
72 1625.558856201172 881.7350219726562 1696.2588928222656 920.8061157226563 0.45365978422619047 1666.9197692871094 895.9036804199219 1726.4568176269531 961.0222229003906 0.6866164434523809 
73 1630.2640014648437 882.3716217041016 1699.5235961914063 918.9253143310547 0.43574451264880953 1668.8155700683594 893.8408935546875 1724.608135986328 959.2528564453125 0.60205078125 
74 1619.3222106933595 882.5179779052735 1695.888116455078 920.8009307861328 0.31161644345238093 1673.72822265625 900.2606475830078 1725.410205078125 963.427523803711 0.6517624627976191 
75 1623.7341369628907 885.6852569580078 1699.6129089355468 921.7276458740234 0.33578636532738093 1681.2269714355468 903.4146423339844 1726.7541076660157 975.4994201660156 0.6351609002976191 
76 1627.0187927246093 884.8472564697265 1701.3477844238282 922.9646942138672 0.3508184523809524 1681.8493408203126 904.7856292724609 1725.6843505859374 973.3970489501953 0.6415783110119048 
77 1623.8783569335938 885.0402160644531 1700.3565063476562 921.3673767089844 0.35069056919642855 1675.5010864257813 899.60048828125 1725.2118041992187 962.694921875 0.6600399925595238 
78 1626.8639282226563 886.8789733886719 1701.8135620117187 917.6274963378906 0.3344145275297619 1678.7520263671875 899.1487976074219 1726.7968017578125 964.4895080566406 0.6486002604166666 
79 1626.2570190429688 884.3823394775391 1695.0735473632812 924.5253143310547 0.28502836681547616 1678.089910888672 896.8075286865235 1718.2329650878905 969.4471710205078 0.5830775669642857 
80 1626.6019897460938 882.9214233398437 1695.1423950195312 922.9034057617188 0.33361235119047616 1675.6640319824219 894.9306396484375 1725.1654357910156 957.759423828125 0.6247674851190477 
81 1621.9900146484374 881.2838317871094 1692.9523681640626 917.7239807128906 0.40476190476190477 1672.0767150878905 893.6026947021485 1718.106268310547 951.1396759033203 0.5992140997023809 
82 1623.5142883300782 879.43916015625 1690.5634704589843 917.752978515625 0.37746465773809523 1670.3750427246093 890.933349609375 1714.4358703613282 944.5726318359375 0.5858677455357143 
83 1628.0960998535156 880.4495330810547 1697.1847839355469 918.832144165039 0.40247163318452384 1670.6122314453125 891.9642791748047 1716.6714599609375 945.6999664306641 0.6190941220238095 
84 1630.6910705566406 884.7933868408203 1696.2155456542969 921.4099212646485 0.25984119233630953 1673.163507080078 896.8012115478516 1717.4887145996095 944.9809539794921 0.5671270461309523 
85 1621.6584838867188 880.5367248535156 1692.4567504882812 922.6329528808594 0.2874232700892857 1669.9366943359375 897.5370880126953 1717.7732666015625 945.3737396240234 0.6162341889880952 
86 0.0 0.0 0.0 0.0 0.2315673828125 0.0 0.0 0.0 0.0 0.2315673828125 
87 1628.7338745117188 878.500146484375 1695.6023071289062 924.3527587890625 0.2751871744791667 1667.6793029785156 894.2252716064453 1715.442401123047 943.8989349365235 0.5894252232142857 
88 1627.9355773925781 884.8795715332031 1698.5572204589844 928.7794860839844 0.2960728236607143 1673.597344970703 906.4624786376953 1717.4972595214845 954.1797943115234 0.6189081101190477 
89 1629.348699951172 889.924609375 1698.1926818847655 931.9959228515625 0.28331938244047616 1673.4059143066406 903.9729125976562 1717.3896179199219 951.7812377929688 0.6172340029761905 
90 1635.8675903320313 890.0090423583985 1696.8365112304687 930.0198272705078 0.31254650297619047 1672.8006164550782 906.0573181152344 1718.5273864746093 959.4050842285156 0.6328125 
91 0.0 0.0 0.0 0.0 0.23414829799107142 0.0 0.0 0.0 0.0 0.23414829799107142 
92 0.0 0.0 0.0 0.0 0.2414608909970238 0.0 0.0 0.0 0.0 0.2414608909970238 
93 0.0 0.0 0.0 0.0 0.23414829799107142 0.0 0.0 0.0 0.0 0.23414829799107142 
94 0.0 0.0 0.0 0.0 0.23414829799107142 0.0 0.0 0.0 0.0 0.23414829799107142 
95 0.0 0.0 0.0 0.0 0.23414829799107142 0.0 0.0 0.0 0.0 0.23414829799107142 
96 0.0 0.0 0.0 0.0 0.23330543154761904 0.0 0.0 0.0 0.0 0.23330543154761904 
97 0.0 0.0 0.0 0.0 0.23330543154761904 0.0 0.0 0.0 0.0 0.23330543154761904 
98 0.0 0.0 0.0 0.0 0.23330543154761904 0.0 0.0 0.0 0.0 0.23330543154761904 
99 0.0 0.0 0.0 0.0 0.23330543154761904 0.0 0.0 0.0 0.0 0.23330543154761904 
100 0.0 0.0 0.0 0.0 0.23330543154761904 0.0 0.0 0.0 0.0 0.23330543154761904 
101 0.0 0.0 0.0 0.0 0.2315673828125 0.0 0.0 0.0 0.0 0.2315673828125 
102 0.0 0.0 0.0 0.0 0.23414829799107142 0.0 0.0 0.0 0.0 0.23414829799107142 
103 0.0 0.0 0.0 0.0 0.23414829799107142 0.0 0.0 0.0 0.0 0.23414829799107142 
104 0.0 0.0 0.0 0.0 0.23414829799107142 0.0 0.0 0.0 0.0 0.23414829799107142 
105 0.0 0.0 0.0 0.0 0.23414829799107142 0.0 0.0 0.0 0.0 0.23414829799107142 
106 0.0 0.0 0.0 0.0 0.23414829799107142 0.0 0.0 0.0 0.0 0.23414829799107142 
107 0.0 0.0 0.0 0.0 0.23414829799107142 0.0 0.0 0.0 0.0 0.23414829799107142 
108 0.0 0.0 0.0 0.0 0.23330543154761904 0.0 0.0 0.0 0.0 0.23330543154761904 
109 0.0 0.0 0.0 0.0 0.23330543154761904 0.0 0.0 0.0 0.0 0.23330543154761904 
110 0.0 0.0 0.0 0.0 0.24073428199404762 0.0 0.0 0.0 0.0 0.24073428199404762 
111 0.0 0.0 0.0 0.0 0.24073428199404762 0.0 0.0 0.0 0.0 0.24073428199404762 
112 0.0 0.0 0.0 0.0 0.24073428199404762 0.0 0.0 0.0 0.0 0.24073428199404762 
113 0.0 0.0 0.0 0.0 0.23330543154761904 0.0 0.0 0.0 0.0 0.23330543154761904 
114 0.0 0.0 0.0 0.0 0.23330543154761904 0.0 0.0 0.0 0.0 0.23330543154761904 
115 0.0 0.0 0.0 0.0 0.23330543154761904 0.0 0.0 0.0 0.0 0.23330543154761904 
116 0.0 0.0 0.0 0.0 0.23330543154761904 0.0 0.0 0.0 0.0 0.23330543154761904 
117 0.0 0.0 0.0 0.0 0.24073428199404762 0.0 0.0 0.0 0.0 0.24073428199404762 
118 0.0 0.0 0.0 0.0 0.24073428199404762 0.0 0.0 0.0 0.0 0.24073428199404762 
119 0.0 0.0 0.0 0.0 0.24073428199404762 0.0 0.0 0.0 0.0 0.24073428199404762 
120 0.0 0.0 0.0 0.0 0.24073428199404762 0.0 0.0 0.0 0.0 0.24073428199404762 
121 0.0 0.0 0.0 0.0 0.24073428199404762 0.0 0.0 0.0 0.0 0.24073428199404762 
122 0.0 0.0 0.0 0.0 0.23330543154761904 0.0 0.0 0.0 0.0 0.23330543154761904 
123 0.0 0.0 0.0 0.0 0.24073428199404762 0.0 0.0 0.0 0.0 0.24073428199404762 
124 0.0 0.0 0.0 0.0 0.24073428199404762 0.0 0.0 0.0 0.0 0.24073428199404762 
125 0.0 0.0 0.0 0.0 0.23330543154761904 0.0 0.0 0.0 0.0 0.23330543154761904 
126 0.0 0.0 0.0 0.0 0.23330543154761904 0.0 0.0 0.0 0.0 0.23330543154761904 
127 0.0 0.0 0.0 0.0 0.23330543154761904 0.0 0.0 0.0 0.0 0.23330543154761904 
128 0.0 0.0 0.0 0.0 0.23330543154761904 0.0 0.0 0.0 0.0 0.23330543154761904 
129 0.0 0.0 0.0 0.0 0.23330543154761904 0.0 0.0 0.0 0.0 0.23330543154761904 
130 0.0 0.0 0.0 0.0 0.23330543154761904 0.0 0.0 0.0 0.0 0.23330543154761904 
131 0.0 0.0 0.0 0.0 0.23330543154761904 0.0 0.0 0.0 0.0 0.23330543154761904 
132 0.0 0.0 0.0 0.0 0.24073428199404762 0.0 0.0 0.0 0.0 0.24073428199404762 
133 0.0 0.0 0.0 0.0 0.23330543154761904 0.0 0.0 0.0 0.0 0.23330543154761904 
134 0.0 0.0 0.0 0.0 0.24073428199404762 0.0 0.0 0.0 0.0 0.24073428199404762 
135 0.0 0.0 0.0 0.0 0.23330543154761904 0.0 0.0 0.0 0.0 0.23330543154761904 
136 0.0 0.0 0.0 0.0 0.24073428199404762 0.0 0.0 0.0 0.0 0.24073428199404762 
137 0.0 0.0 0.0 0.0 0.23330543154761904 0.0 0.0 0.0 0.0 0.23330543154761904 
138 0.0 0.0 0.0 0.0 0.23330543154761904 0.0 0.0 0.0 0.0 0.23330543154761904 
139 0.0 0.0 0.0 0.0 0.23330543154761904 0.0 0.0 0.0 0.0 0.23330543154761904 
140 0.0 0.0 0.0 0.0 0.23330543154761904 0.0 0.0 0.0 0.0 0.23330543154761904 
141 0.0 0.0 0.0 0.0 0.23330543154761904 0.0 0.0 0.0 0.0 0.23330543154761904 
142 0.0 0.0 0.0 0.0 0.23330543154761904 0.0 0.0 0.0 0.0 0.23330543154761904 
143 0.0 0.0 0.0 0.0 0.23330543154761904 0.0 0.0 0.0 0.0 0.23330543154761904 
144 0.0 0.0 0.0 0.0 0.23330543154761904 0.0 0.0 0.0 0.0 0.23330543154761904 
145 1616.7227905273437 881.3589385986328 1689.2425415039063 923.3440032958985 0.2757568359375 1668.0297607421876 900.2962615966796 1715.7400146484374 968.9990875244141 0.6173270089285714 
146 0.0 0.0 0.0 0.0 0.23330543154761904 0.0 0.0 0.0 0.0 0.23330543154761904 
147 0.0 0.0 0.0 0.0 0.23330543154761904 0.0 0.0 0.0 0.0 0.23330543154761904 
148 0.0 0.0 0.0 0.0 0.23330543154761904 0.0 0.0 0.0 0.0 0.23330543154761904 
149 0.0 0.0 0.0 0.0 0.23330543154761904 0.0 0.0 0.0 0.0 0.23330543154761904 
150 0.0 0.0 0.0 0.0 0.23330543154761904 0.0 0.0 0.0 0.0 0.23330543154761904 
151 0.0 0.0 0.0 0.0 0.23330543154761904 0.0 0.0 0.0 0.0 0.23330543154761904 
152 0.0 0.0 0.0 0.0 0.23330543154761904 0.0 0.0 0.0 0.0 0.23330543154761904 
153 0.0 0.0 0.0 0.0 0.23330543154761904 0.0 0.0 0.0 0.0 0.23330543154761904 
154 1670.6557006835938 911.0699676513672 1678.2935180664062 914.8889556884766 0.17325846354166666 1671.9041259765625 901.8898162841797 1719.6410400390625 972.5404205322266 0.6515764508928571 
155 1669.8063049316406 888.4770629882812 1683.1784362792969 926.6829711914063 0.2286435081845238 1666.867413330078 899.6449310302735 1718.4454528808594 968.4156768798828 0.6279296875 
156 1670.7794250488282 897.8053985595703 1684.1528259277343 926.4626068115234 0.18931942894345238 1668.2811157226563 900.7445556640625 1716.0431030273437 967.6114013671875 0.6279296875 
157 1617.8582153320312 884.8995971679688 1688.5726928710938 923.1235961914062 0.28366815476190477 1664.6092468261718 894.3820892333985 1712.3891662597657 965.0964874267578 0.6154668898809523 
158 0.0 0.0 0.0 0.0 0.2315673828125 0.0 0.0 0.0 0.0 0.2315673828125 
159 1397.4783935546875 898.0612182617188 1397.4783935546875 898.0612182617188 0.14679245721726192 1675.0029052734376 907.7756805419922 1719.0124755859374 976.6600494384766 0.6351609002976191 
160 1680.2926452636718 906.8689392089843 1718.5771057128907 981.5238830566407 0.6318359375 
161 1678.6602111816405 908.8213653564453 1718.818182373047 979.5759124755859 0.6203264508928571 
162 1615.5199768066407 883.7983276367188 1688.1036804199218 925.8204467773437 0.27230398995535715 1668.3414184570313 899.3729614257812 1716.0938842773437 971.9565063476563 0.6285109747023809 
163 1670.139892578125 884.6985015869141 1681.584716796875 924.7557830810547 0.22811453683035715 1670.1398376464845 902.9663482666016 1719.734552001953 975.4509490966797 0.6499720982142857 
164 1623.9974731445313 883.1707824707031 1688.9305053710937 921.3666931152344 0.31489490327380953 1668.8042236328124 902.1218536376953 1714.6393798828126 967.054965209961 0.6139555431547619 
165 1670.3466552734376 892.5454162597656 1689.5146728515624 934.7149597167969 0.20647321428571427 1676.9817626953125 912.6717681884766 1715.3177978515625 972.0925750732422 0.5722423735119048 
166 0.0 0.0 0.0 0.0 0.2431582496279762 0.0 0.0 0.0 0.0 0.2431582496279762 
167 1622.830499267578 887.6093841552735 1687.7982849121095 922.0040802001953 0.27524530319940477 1667.8816223144531 901.9405212402344 1711.8304138183594 964.9973449707031 0.6104445684523809 
168 1666.6951416015625 893.5426971435547 1680.0626708984375 929.826138305664 0.18863932291666666 1674.554052734375 908.085498046875 1708.927880859375 971.1040771484375 0.5429920014880952 
169 1681.2587646484376 913.6351440429687 1715.5881591796874 982.2939331054688 0.5627790178571429 
170 1678.0562683105468 909.2160888671875 1716.2194885253907 976.0016845703125 0.5647553943452381 
171 1668.329541015625 910.9528594970703 1683.6140625 931.9690765380859 0.18097795758928573 1675.9717224121093 908.8218353271484 1714.1831848144532 973.7811309814454 0.5888904389880952 
172 1635.4252380371095 893.4288787841797 1686.978204345703 929.7069244384766 0.23035830543154762 1671.9971130371093 905.2522552490234 1712.0938293457032 966.3521759033204 0.5805431547619048 
173 0.0 0.0 0.0 0.0 0.23414829799107142 0.0 0.0 0.0 0.0 0.23414829799107142 
174 1629.3104370117187 892.058804321289 1690.4202758789063 930.2524139404297 0.2616373697916667 1673.086199951172 906.6018035888671 1711.2798889160156 971.5309478759766 0.5854027157738095 
175 1667.8766479492188 891.4306427001953 1683.1475219726562 929.6077484130859 0.20328194754464285 1674.0438110351563 909.564810180664 1712.2208374023437 968.7393280029297 0.556640625 
176 1623.1308166503907 887.1228698730469 1689.7572448730468 925.1950012207031 0.3223353794642857 1671.3800537109375 901.1802947998046 1713.2593505859375 969.7101470947266 0.5994698660714286 
177 0.0 0.0 0.0 0.0 0.23414829799107142 0.0 0.0 0.0 0.0 0.23414829799107142 
178 0.0 0.0 0.0 0.0 0.23414829799107142 0.0 0.0 0.0 0.0 0.23414829799107142 
179 0.0 0.0 0.0 0.0 0.23414829799107142 0.0 0.0 0.0 0.0 0.23414829799107142 
180 1625.5415466308593 891.4013397216797 1701.9944641113282 927.716519165039 0.22491164434523808 1675.6770446777343 905.0746826171875 1725.3714172363282 975.793603515625 0.6877325148809523 
181 1620.2522033691407 886.0043670654297 1694.7154479980468 924.1905181884765 0.2986653645833333 1670.9224365234375 902.6006378173828 1726.2924072265625 975.154428100586 0.7028692336309523 
182 1624.187762451172 885.0923034667969 1696.7381408691406 921.3674133300781 0.3281947544642857 1673.1666442871094 903.9641632080078 1728.533917236328 980.332894897461 0.6970331101190477 
183 1623.9706176757813 887.0117980957032 1700.6468139648437 925.3498962402343 0.3408900669642857 1672.1144287109375 903.231787109375 1727.7046630859375 979.9079833984375 0.7112397693452381 
184 1620.89306640625 886.824951171875 1701.34326171875 925.1346435546875 0.2830113002232143 1670.4745178222656 905.5377716064453 1729.8544616699219 985.9880462646485 0.7495349702380952 
185 1673.524755859375 898.5382293701172 1698.440576171875 910.0378814697266 0.18257649739583334 1675.8836242675782 910.1853179931641 1731.4651306152343 986.8495330810547 0.7090541294642857 
186 1671.1975158691407 903.2294403076172 1698.0660339355468 912.8254302978515 0.18380301339285715 1678.4313903808593 910.2418701171875 1732.1685852050782 987.00947265625 0.7190057663690477 
187 1672.348370361328 905.6546020507812 1699.2308532714844 915.2554321289062 0.18307640438988096 1679.5860412597656 912.8921844482422 1733.350848388672 987.7788970947265 0.7189360119047619 
188 1623.3451599121095 895.7644989013672 1703.948175048828 930.3086822509765 0.22392345610119047 1674.4971618652344 909.862680053711 1733.9897766113281 988.5465606689453 0.7512788318452381 
189 1635.2451721191405 894.8401763916015 1702.364813232422 937.0296356201172 0.22467912946428573 1674.484393310547 909.591763305664 1733.9332092285156 990.1353485107422 0.7329799107142857 
190 1622.8172485351563 895.6762969970703 1703.5235717773437 934.107943725586 0.25217982700892855 1675.7346130371093 910.4576965332031 1733.3819641113282 987.3209899902344 0.7257719494047619 
191 1648.7722778320312 893.3822631835938 1704.4523315429688 929.8622436523438 0.2175234840029762 1676.6122619628907 912.3607025146484 1734.2123229980468 989.1605987548828 0.7254696800595238 
192 1637.8466369628907 891.5536224365235 1699.6139343261718 926.2977569580078 0.22187732514880953 1676.896551513672 912.3406982421875 1734.8035217285155 985.689453125 0.7076822916666666 
193 1616.1435424804688 895.9023345947265 1704.1211059570312 924.5906463623047 0.21522739955357142 1677.2718078613282 913.1153167724609 1732.7358825683593 983.8798614501953 0.7100074404761905 
194 1617.2325256347656 893.930908203125 1701.897723388672 932.4151611328125 0.24118187313988096 1670.2222412109375 909.6206512451172 1731.7970458984375 978.8922271728516 0.7486049107142857 
195 1622.3648376464844 893.3654144287109 1701.2812805175781 929.9364044189454 0.27282133556547616 1673.6679565429688 911.5768798828125 1731.4116333007812 982.794091796875 0.7112862723214286 
196 1620.8311157226562 892.5977203369141 1703.6537475585938 933.0460174560546 0.26393926711309523 1678.9848388671876 912.9699981689453 1732.9157958984374 982.3099700927735 0.6670619419642857 
197 0.0 0.0 0.0 0.0 0.23099772135416666 0.0 0.0 0.0 0.0 0.23099772135416666 
198 0.0 0.0 0.0 0.0 0.23099772135416666 0.0 0.0 0.0 0.0 0.23099772135416666 
199 0.0 0.0 0.0 0.0 0.2315673828125 0.0 0.0 0.0 0.0 0.2315673828125 
200 0.0 0.0 0.0 0.0 0.2315673828125 0.0 0.0 0.0 0.0 0.2315673828125 
201 1626.1823303222657 895.6536010742187 1714.2828796386718 933.9582153320313 0.24233282180059523 1675.1680419921875 911.4910614013672 1734.5402099609375 978.524136352539 0.7117047991071429 
202 1621.8794006347657 898.0838623046875 1710.0567565917968 930.671142578125 0.2333926246279762 1670.2442626953125 909.4377990722656 1735.4188232421875 984.1968444824219 0.7546735491071429 
203 0.0 0.0 0.0 0.0 0.2414608909970238 0.0 0.0 0.0 0.0 0.2414608909970238 
204 1625.6663024902343 907.1887939453125 1719.4800598144532 933.992724609375 0.20602562313988096 1678.684991455078 913.6688415527344 1734.2074645996095 986.4223449707031 0.6924990699404762 
205 0.0 0.0 0.0 0.0 0.23099772135416666 0.0 0.0 0.0 0.0 0.23099772135416666 
206 0.0 0.0 0.0 0.0 0.23099772135416666 0.0 0.0 0.0 0.0 0.23099772135416666 
207 0.0 0.0 0.0 0.0 0.23099772135416666 0.0 0.0 0.0 0.0 0.23099772135416666 
208 1621.6355834960937 894.4648193359375 1706.0724243164063 934.7641845703125 0.31520879836309523 1673.449041748047 910.1121978759766 1731.0195861816405 981.1158905029297 0.7431640625 
209 1622.3111694335937 892.4960540771484 1707.2437622070313 931.1017852783203 0.34738885788690477 1672.7212463378905 909.4974548339844 1732.560125732422 980.9179504394531 0.7268647693452381 
210 1623.560772705078 895.4797485351562 1704.8394958496094 930.3134643554688 0.34521484375 1668.9636108398438 909.3239379882813 1730.8903930664062 978.9913696289062 0.7333286830357143 
211 1628.6545349121093 893.378695678711 1707.4173645019532 935.6416290283203 0.2760009765625 1680.9659790039063 917.0961883544921 1728.9920288085937 984.3327056884766 0.6689685639880952 
212 0.0 0.0 0.0 0.0 0.24073428199404762 0.0 0.0 0.0 0.0 0.24073428199404762 
213 0.0 0.0 0.0 0.0 0.24073428199404762 0.0 0.0 0.0 0.0 0.24073428199404762 
214 1627.1423583984374 903.1666442871094 1713.4025634765626 935.7537658691406 0.23135230654761904 1680.0043212890625 915.1840759277344 1729.8435791015625 984.1921447753906 0.6792457217261905 
215 1627.177734375 900.8150695800781 1712.093505859375 933.6234069824219 0.2719319661458333 1675.2769104003905 912.9140899658203 1729.314031982422 982.3905364990235 0.6935221354166666 
216 1616.604425048828 897.1361267089844 1708.4291442871095 935.3964660644531 0.28145926339285715 1671.861151123047 911.0423126220703 1731.1646057128905 981.8238372802734 0.7095656622023809 
217 0.0 0.0 0.0 0.0 0.23330543154761904 0.0 0.0 0.0 0.0 0.23330543154761904 
218 0.0 0.0 0.0 0.0 0.23330543154761904 0.0 0.0 0.0 0.0 0.23330543154761904 
219 0.0 0.0 0.0 0.0 0.23330543154761904 0.0 0.0 0.0 0.0 0.23330543154761904 
220 1617.3192993164062 892.4419952392578 1712.9470581054688 934.5181488037109 0.24702380952380953 1673.2247131347656 912.8916076660156 1730.601336669922 981.7435241699219 0.7200985863095238 
221 0.0 0.0 0.0 0.0 0.23330543154761904 0.0 0.0 0.0 0.0 0.23330543154761904 
222 0.0 0.0 0.0 0.0 0.23330543154761904 0.0 0.0 0.0 0.0 0.23330543154761904 
223 0.0 0.0 0.0 0.0 0.23414829799107142 0.0 0.0 0.0 0.0 0.23414829799107142 
224 0.0 0.0 0.0 0.0 0.23330543154761904 0.0 0.0 0.0 0.0 0.23330543154761904 
225 0.0 0.0 0.0 0.0 0.23330543154761904 0.0 0.0 0.0 0.0 0.23330543154761904 
226 0.0 0.0 0.0 0.0 0.23330543154761904 0.0 0.0 0.0 0.0 0.23330543154761904 
227 0.0 0.0 0.0 0.0 0.23330543154761904 0.0 0.0 0.0 0.0 0.23330543154761904 
228 0.0 0.0 0.0 0.0 0.23330543154761904 0.0 0.0 0.0 0.0 0.23330543154761904 
229 0.0 0.0 0.0 0.0 0.23330543154761904 0.0 0.0 0.0 0.0 0.23330543154761904 
230 1622.6802917480468 897.6482696533203 1706.6132873535157 935.7996673583984 0.24147832961309523 1675.8721069335938 914.8897430419922 1731.1916137695312 981.6546295166015 0.6497860863095238 
231 0.0 0.0 0.0 0.0 0.24073428199404762 0.0 0.0 0.0 0.0 0.24073428199404762 
232 0.0 0.0 0.0 0.0 0.23330543154761904 0.0 0.0 0.0 0.0 0.23330543154761904 
233 0.0 0.0 0.0 0.0 0.23330543154761904 0.0 0.0 0.0 0.0 0.23330543154761904 
234 1613.7193725585937 890.1808258056641 1708.5543090820313 930.0114959716797 0.23621768043154762 1671.8604248046875 908.345327758789 1730.6581298828125 980.4198699951172 0.7314685639880952 
235 1637.1703979492188 899.7636901855469 1711.2561157226562 928.2581604003906 0.2195986793154762 1675.89365234375 909.5540924072266 1730.983056640625 979.8404998779297 0.7121000744047619 
236 1637.0379333496094 898.7060852050781 1710.8000793457031 927.0761413574219 0.20961797805059523 1675.3738586425782 908.4537902832031 1732.1138122558593 978.4330505371094 0.7249581473214286 
237 0.0 0.0 0.0 0.0 0.23330543154761904 0.0 0.0 0.0 0.0 0.23330543154761904 
238 0.0 0.0 0.0 0.0 0.23330543154761904 0.0 0.0 0.0 0.0 0.23330543154761904 
239 0.0 0.0 0.0 0.0 0.23330543154761904 0.0 0.0 0.0 0.0 0.23330543154761904 
240 1676.629327392578 904.3950744628906 1708.7733825683595 932.7575134277344 0.18727911086309523 1675.0293762207032 911.0130310058594 1733.6450622558593 982.8645324707031 0.7467912946428571 
241 0.0 0.0 0.0 0.0 0.23330543154761904 0.0 0.0 0.0 0.0 0.23330543154761904 
242 1639.6224365234375 907.3572723388672 1711.5604248046875 939.5401275634765 0.21861630394345238 1672.9701599121095 911.507568359375 1733.549493408203 983.445556640625 0.7409784226190477 
243 1621.4891967773438 897.7499084472656 1710.3643188476562 937.4600524902344 0.2507963634672619 1674.4360046386719 910.0411407470704 1733.0558166503906 981.8976409912109 0.7383277529761905 
244 1612.2443908691407 906.0023834228516 1712.5933776855468 932.5096405029296 0.2144833519345238 1675.3083435058593 911.3912414550781 1734.0030578613282 979.5528503417969 0.7454427083333334 
245 1638.1187866210937 906.6025299072265 1712.1302368164063 933.1707244873047 0.21359398251488096 1674.6865966796875 911.7847473144532 1735.4139892578125 982.0007751464843 0.7482096354166666 
246 1635.3067504882813 892.1487365722656 1707.2977416992187 928.1442321777344 0.22557431175595238 1674.5083312988281 909.8550201416016 1735.1324157714844 981.8460906982422 0.7547665550595238 
247 1674.1845092773438 906.5281646728515 1702.7188110351562 929.3556854248047 0.20620000930059523 1675.281982421875 911.2838989257813 1732.3505859375 981.6686157226562 0.7372581845238095 
248 1613.4186096191406 889.1540588378906 1706.5712585449219 932.8787780761719 0.24336751302083334 1672.9369323730468 909.700326538086 1731.8703186035157 978.1390899658203 0.7154947916666666 
249 1614.767755126953 889.9837036132812 1707.9413513183595 929.9152221679688 0.2502964564732143 1672.6172607421875 908.1942749023438 1733.4652587890625 980.4512329101562 0.7419549851190477 
250 1612.595947265625 890.0489013671875 1711.327392578125 933.7185546875 0.24880836123511904 1674.157049560547 908.8896301269531 1733.0161682128905 979.1408874511719 0.728515625 
251 1608.9842407226563 888.3896179199219 1709.5555541992187 932.0337219238281 0.26291620163690477 1675.32626953125 908.2411529541016 1732.2533203125 982.2463348388671 0.7198195684523809 
252 1668.2347229003906 899.5101684570312 1702.378924560547 931.7575317382813 0.2060546875 1675.603466796875 909.50537109375 1734.40751953125 981.5877685546875 0.7513020833333334 
253 1670.5309448242188 907.0887817382812 1704.7178344726562 931.7792602539063 0.20255533854166666 1675.2059936523438 910.8142791748047 1732.1841430664062 979.1879791259765 0.7505347842261905 
254 1616.6304565429687 901.1457824707031 1710.3634399414063 929.8395690917969 0.22285970052083334 1674.0178955078125 911.2253540039062 1729.4926025390625 980.0904418945313 0.7063337053571429 
255 1677.2813842773437 904.3374298095703 1702.0572387695313 913.8666107177735 0.1815127418154762 1675.0089172363282 908.8088287353515 1732.1843200683593 981.2309051513672 0.7592308407738095 
256 1669.9985107421876 903.2241058349609 1698.6340576171874 929.9505157470703 0.18604678199404762 1675.9458740234375 911.5944702148438 1729.3988525390625 980.3195922851562 0.7079148065476191 
257 1675.2674255371094 912.870068359375 1730.4595031738281 981.3844482421875 0.6923595610119048 
258 1675.6782287597657 912.1318115234375 1732.7742858886718 978.743798828125 0.7326078869047619 
259 1632.4501892089843 901.6589050292969 1706.7506164550782 932.1411437988281 0.21608189174107142 1670.6262817382812 910.0121704101563 1731.5907592773438 982.4075073242187 0.7191685267857143 
260 1674.3519897460938 906.9972473144531 1691.4859008789062 926.0349792480469 0.18623279389880953 1675.8163146972656 911.5370300292968 1731.0258483886719 980.0728332519532 0.6783156622023809 
261 1634.4065856933594 903.2874481201172 1708.6670227050781 933.7532623291015 0.216552734375 1671.3171875 910.17158203125 1730.344677734375 982.527880859375 0.7212146577380952 
262 1675.3406982421875 913.8572998046875 1675.3406982421875 913.8572998046875 0.17497907366071427 1676.0721313476563 911.5898254394531 1733.1239135742187 981.9537536621094 0.7397925967261905 
263 1676.1509399414062 912.1676055908204 1733.4115600585938 980.8804290771484 0.7577427455357143 
264 1670.0282409667968 902.6895355224609 1706.3258850097657 933.2559600830078 0.19760277157738096 1674.7307189941407 909.3759063720703 1733.9532409667968 983.8816009521485 0.7538829985119048 
265 1673.33681640625 905.4699249267578 1701.96982421875 932.1939544677734 0.18382626488095238 1673.9976806640625 908.773715209961 1735.0811767578125 983.2192657470703 0.7739722842261905 
266 1671.008447265625 897.9716033935547 1703.58017578125 928.6272125244141 0.20160202752976192 1672.3349243164062 909.3200531005859 1731.7302612304688 982.1272735595703 0.7376767113095238 
267 1635.8979370117188 897.8829284667969 1708.3650024414062 934.1164611816406 0.21458217075892858 1674.1118041992188 911.5255157470704 1733.2297485351562 982.0855072021484 0.7478841145833334 
268 1619.7677917480469 891.5225372314453 1707.4566955566406 931.5544281005859 0.24806431361607142 1673.1436279296875 910.4386962890625 1730.3322021484375 977.15859375 0.7245163690476191 
269 1608.7242614746094 891.5960754394531 1708.401348876953 931.8502136230469 0.24716331845238096 1673.8240661621094 909.953744506836 1733.2468566894531 982.7946075439453 0.75390625 
270 1611.0040405273437 891.0126861572265 1712.4913208007813 935.0543914794922 0.24452427455357142 1673.3105102539062 911.2659576416015 1732.6709350585938 984.0304901123047 0.7599283854166666 
271 1612.6681762695312 892.0514831542969 1702.8432983398438 930.4238586425781 0.29496837797619047 1670.59580078125 908.950082397461 1731.9916015625 979.9390167236328 0.7607886904761905 
272 1610.0155212402344 891.8526824951172 1707.483624267578 931.9866119384766 0.23445638020833334 1671.5394287109375 909.1264282226563 1732.6959228515625 977.9274047851562 0.7523716517857143 
273 1608.9495239257812 890.27529296875 1697.2279663085938 926.738134765625 0.28383091517857145 1661.1342163085938 902.7494445800781 1732.1406860351562 971.8368591308594 0.7648111979166666 
274 1615.377020263672 892.2250549316407 1709.5608459472655 924.9010437011718 0.3550502232142857 1663.8736267089844 902.353125 1734.9919738769531 975.393701171875 0.7668805803571429 
275 1620.3529052734375 894.3440643310547 1708.7979736328125 928.952993774414 0.2823602585565476 1666.941912841797 902.9962707519531 1736.1597717285156 977.9822448730469 0.7453962053571429 
276 1621.5174194335937 905.4430633544922 1730.8497680664063 938.050894165039 0.35606166294642855 1672.4948364257812 908.1726440429687 1749.2192749023438 981.0608764648438 0.7784365699404762 
277 1622.9428100585938 903.6407073974609 1714.9473266601562 936.2256866455078 0.3744419642857143 1674.8427368164062 909.0961364746094 1751.5132202148438 983.8497863769531 0.7821800595238095 
278 1627.4596923828126 904.8402923583984 1719.3972412109374 939.3168731689453 0.4862583705357143 1683.9630126953125 915.1537902832031 1758.6622314453125 987.9377624511719 0.7675548735119048 
279 1624.38759765625 901.5941741943359 1725.723486328125 936.0101348876954 0.46479724702380953 1685.0566711425781 915.8606384277343 1757.7127380371094 992.3405334472657 0.7779250372023809 
280 1624.7016967773438 899.2613037109375 1722.2521606445312 937.51640625 0.5592447916666666 1689.3675842285156 915.8875946044922 1762.0522155761719 988.5723052978516 0.7668340773809523 
281 1626.6883544921875 903.8683685302734 1718.4818115234375 940.2032257080078 0.5349934895833334 1687.5163208007812 915.8573944091797 1762.0984252929688 988.5271881103515 0.7529296875 
282 1625.1990966796875 902.7981567382812 1719.2047119140625 933.4938354492188 0.5552920386904762 1688.3614440917968 917.3342834472656 1759.3452209472657 988.3180603027344 0.7544177827380952 
283 1631.1394836425782 897.7925994873046 1707.5603454589843 937.9135162353516 0.4520786830357143 1684.2668029785157 916.0894592285156 1758.7770202636718 988.6893493652344 0.7606491815476191 
284 0.0 0.0 0.0 0.0 0.24140276227678573 0.0 0.0 0.0 0.0 0.24140276227678573 
285 0.0 0.0 0.0 0.0 0.23285202752976192 0.0 0.0 0.0 0.0 0.23285202752976192 
286 0.0 0.0 0.0 0.0 0.23285202752976192 0.0 0.0 0.0 0.0 0.23285202752976192 
287 0.0 0.0 0.0 0.0 0.23028855096726192 0.0 0.0 0.0 0.0 0.23028855096726192 
288 0.0 0.0 0.0 0.0 0.23099772135416666 0.0 0.0 0.0 0.0 0.23099772135416666 
289 0.0 0.0 0.0 0.0 0.23330543154761904 0.0 0.0 0.0 0.0 0.23330543154761904 
290 1633.4388854980468 911.3821075439453 1710.0822326660157 942.0394622802735 0.30650111607142855 1703.818133544922 922.1416931152344 1770.8809631347656 987.2884826660156 0.7293759300595238 
291 1632.8975158691405 907.0678863525391 1732.494940185547 939.6285858154297 0.3500395275297619 1696.6192687988282 918.6335601806641 1767.4865661621093 991.4161834716797 0.7703683035714286 
292 0.0 0.0 0.0 0.0 0.23330543154761904 0.0 0.0 0.0 0.0 0.23330543154761904 
293 1637.2796020507812 915.7992706298828 1746.9210815429688 950.4229583740234 0.3189057849702381 1698.1669189453125 917.0569732666015 1767.4141357421875 992.0749237060547 0.7810407366071429 
294 0.0 0.0 0.0 0.0 0.23099772135416666 0.0 0.0 0.0 0.0 0.23099772135416666 
295 0.0 0.0 0.0 0.0 0.23099772135416666 0.0 0.0 0.0 0.0 0.23099772135416666 
296 0.0 0.0 0.0 0.0 0.23099772135416666 0.0 0.0 0.0 0.0 0.23099772135416666 
297 0.0 0.0 0.0 0.0 0.23099772135416666 0.0 0.0 0.0 0.0 0.23099772135416666 
298 0.0 0.0 0.0 0.0 0.23099772135416666 0.0 0.0 0.0 0.0 0.23099772135416666 
299 1635.899481201172 916.3148529052735 1710.6626525878905 946.9869659423828 0.26098051525297616 1691.9349853515625 923.9091156005859 1766.6983154296875 991.0043975830079 0.6998465401785714 
