0 2236.8729736328123 405.2626495361328 2386.0879638671877 642.1115570068359 0.7559988839285714 2041.9282348632812 497.9069885253906 2238.5129272460936 642.3848815917969 0.7862025669642857 
1 2229.974157714844 412.93907165527344 2378.820031738281 642.1144561767578 0.8089192708333334 2042.2357177734375 508.7165832519531 2243.0596923828125 648.1119079589844 0.7982468377976191 
2 2226.2136352539064 411.64825744628905 2374.0102416992186 632.1700408935546 0.8201497395833334 2041.3324829101562 511.08156433105466 2243.086706542969 651.8401275634766 0.8266136532738095 
3 2231.395544433594 428.24378814697263 2374.185754394531 624.8726364135742 0.8236142113095238 2043.0497924804688 516.0244964599609 2242.0192993164064 654.1329132080078 0.8250325520833334 
4 2240.944226074219 424.8792526245117 2371.408557128906 632.2242935180664 0.8234747023809523 2043.1869506835938 518.964077758789 2241.2131958007812 656.4175750732422 0.8296595982142857 
5 2248.286474609375 426.62848205566405 2378.446435546875 626.5172088623046 0.8617234002976191 2042.3187133789063 523.5334106445313 2237.558972167969 658.3420776367187 0.83349609375 
6 2256.721325683594 426.4214920043945 2384.145129394531 625.6663681030274 0.8663039434523809 2036.62490234375 522.7469787597656 2233.5533203125 659.4382019042969 0.8473307291666666 
7 2264.968603515625 428.6836502075195 2382.934716796875 620.6677597045898 0.8704194568452381 2029.6591430664062 522.5406066894532 2228.582312011719 656.6981628417968 0.8370768229166666 
8 2271.7568969726562 426.67596740722655 2392.4147338867188 621.5849578857421 0.8739304315476191 2016.6081115722657 520.5606994628906 2213.837567138672 659.7814636230469 0.8370303199404762 
9 2279.333776855469 429.3448776245117 2390.798303222656 617.4412857055664 0.8528878348214286 2004.780810546875 522.4999237060547 2204.488232421875 661.8305816650391 0.8648856026785714 
10 2282.275244140625 431.2145309448242 2391.360986328125 616.8927993774414 0.8693033854166666 1990.4568603515625 522.0004974365235 2199.3448974609373 663.5801300048828 0.8570731026785714 
11 2282.7211669921876 430.247819519043 2391.9624267578124 618.5146621704101 0.8603050595238095 1976.1841613769532 524.7388427734375 2185.3694274902346 668.844287109375 0.8460751488095238 
12 2283.9995971679687 436.77823944091796 2393.9127563476563 623.8647354125976 0.8614908854166666 1958.8468078613282 529.7818054199219 2173.9963317871093 674.7738586425781 0.8253115699404762 
13 2286.607946777344 437.02779998779295 2394.308312988281 621.9916397094727 0.8719773065476191 1947.7476379394532 538.1545715332031 2151.4421813964846 673.9507751464844 0.8263811383928571 
14 2283.816259765625 436.91197204589844 2394.514306640625 622.9788360595703 0.8633742559523809 1934.6917907714844 542.2652954101562 2134.8903625488283 678.8713012695313 0.8345191592261905 
15 2281.644970703125 435.71680908203126 2394.915087890625 624.5002319335938 0.8754185267857143 1925.4070190429688 543.0874206542969 2121.269982910156 682.3151672363281 0.8262183779761905 
16 2279.1919799804687 440.4916015625 2392.6979125976563 624.9389404296875 0.8604678199404762 1914.6629211425782 543.9021545410156 2113.2983825683596 683.4199890136719 0.8133370535714286 
17 2278.7114135742186 439.71835174560545 2390.0261352539064 626.8213516235352 0.8486793154761905 1909.1512023925782 541.7413970947266 2112.8330505371096 681.4765594482421 0.7936895461309523 
18 2275.441369628906 443.06271209716795 2384.221472167969 636.9751602172852 0.8380998883928571 1906.1709045410157 541.8379974365234 2109.542352294922 683.7251739501953 0.7960844494047619 
19 2268.9423217773438 436.4240524291992 2382.6716918945312 637.8197525024414 0.8583286830357143 1904.9719299316407 543.7743560791016 2108.736932373047 683.5666473388671 0.8144298735119048 
20 2268.414416503906 444.9316146850586 2377.390026855469 639.1920730590821 0.8426804315476191 1905.2239196777343 543.8841705322266 2113.698565673828 686.0260467529297 0.8095470610119048 
21 2265.21708984375 449.70667724609376 2380.37373046875 640.0674926757813 0.8574451264880952 1907.0024658203124 545.5198303222656 2118.5146240234376 688.8779968261719 0.8123139880952381 
22 2263.6675048828124 450.66502990722654 2378.2763427734376 637.7813201904297 0.8292875744047619 1910.0357543945313 546.0223999023438 2111.185681152344 686.3595581054688 0.8079427083333334 
23 2261.3692138671877 448.68507690429686 2378.1273681640623 644.8386047363281 0.8616071428571429 1911.6339904785157 546.7618438720704 2117.128094482422 686.8715179443359 0.8146391369047619 
24 2263.6173828125 447.2576370239258 2377.83330078125 643.0560531616211 0.8634207589285714 1911.6465454101562 546.9498657226562 2123.7614135742188 686.8058715820313 0.7991071428571429 
25 2263.390771484375 447.46155853271483 2374.917822265625 642.6341751098632 0.8624209449404762 1911.2935852050782 546.8351165771485 2115.7600036621093 686.2441680908203 0.7903413318452381 
26 2260.832568359375 451.592546081543 2376.947705078125 644.3440078735351 0.8641183035714286 1910.432177734375 546.5391632080078 2121.762158203125 690.5221771240234 0.7976888020833334 
27 2261.18525390625 451.81668548583986 2374.76005859375 644.1982376098633 0.8507021949404762 1911.1899169921876 548.6315246582031 2122.1142822265624 690.0203308105469 0.7998046875 
28 2264.8032470703124 451.10007629394534 2371.5536865234376 646.0357269287109 0.8353794642857143 1911.794921875 548.5679107666016 2122.97509765625 687.8076385498047 0.8038039434523809 
29 2263.7638427734373 452.891259765625 2372.6712158203127 649.851416015625 0.8696521577380952 1914.9392150878907 548.9650482177734 2111.899530029297 685.6785675048828 0.8212658110119048 
30 2263.546838378906 454.2221984863281 2374.815222167969 646.6236267089844 0.8584914434523809 1915.5658569335938 551.8494201660156 2121.8757934570312 686.2986511230469 0.8252650669642857 
31 2263.6056518554688 454.7388610839844 2372.3521118164062 646.7800598144531 0.8610258556547619 1919.0349853515625 552.1833404541015 2129.5861083984373 686.3808074951172 0.8194521949404762 
32 2262.1943481445314 461.2934097290039 2375.3962280273436 646.1124435424805 0.8572126116071429 1922.7673461914062 556.2797424316407 2128.3784057617186 687.9632995605468 0.8113606770833334 
33 2265.029992675781 455.16656494140625 2373.238806152344 650.8632202148438 0.8662574404761905 1926.7671203613281 556.4683288574219 2127.0682067871094 687.7002502441406 0.8190336681547619 
34 2267.0573486328126 455.3540725708008 2372.6804443359374 650.5272445678711 0.8646995907738095 1931.7303894042968 555.8549987792969 2126.9035217285154 691.3281066894531 0.8397274925595238 
35 2265.762060546875 459.2221343994141 2375.501611328125 646.6935760498047 0.86669921875 1937.4233520507812 558.7613830566406 2134.0397827148436 691.3631286621094 0.8347981770833334 
36 2264.3701171875 463.79890899658204 2375.75244140625 645.6477157592774 0.8656529017857143 1946.7465759277343 561.4552001953125 2128.595343017578 700.114990234375 0.7892950148809523 
37 2260.5350830078123 455.5125335693359 2378.1450927734377 650.0214630126953 0.8781854538690477 1951.199951171875 555.8986450195313 2141.185302734375 709.6963256835937 0.7365373883928571 
38 2262.2772827148438 455.4930908203125 2376.7556762695312 650.7793701171875 0.8693963913690477 1959.8512756347657 558.7478851318359 2166.361004638672 727.0981231689453 0.7867838541666666 
39 2260.72919921875 455.3316146850586 2376.608203125 649.206135559082 0.8652111235119048 1972.3171142578126 559.297006225586 2166.1916748046874 728.6587432861328 0.7341424851190477 
40 2261.6969360351563 457.38391265869143 2376.3321166992187 644.768034362793 0.8611421130952381 1979.8576049804688 563.3704315185547 2156.2192993164062 728.709341430664 0.7386532738095238 
41 2263.1824340820312 461.6116973876953 2378.2479858398438 639.6375091552734 0.8678152901785714 1992.5531921386719 572.8360656738281 2166.2369689941406 742.1777282714844 0.7831333705357143 
42 2264.767614746094 459.41737060546876 2378.142785644531 641.2453491210938 0.8595610119047619 2003.5442626953125 574.6847564697266 2170.3981201171873 741.5386932373046 0.7540457589285714 
43 2267.7258911132812 457.48464050292966 2379.0463256835938 641.5913482666016 0.8555385044642857 2008.609912109375 579.9205200195313 2182.012646484375 744.7602661132812 0.7430013020833334 
44 2268.58056640625 458.6735153198242 2379.47412109375 642.0745620727539 0.8544689360119048 2017.6754760742188 585.5614166259766 2198.9439086914062 749.7693328857422 0.7425827752976191 
45 2268.8333129882812 457.27699584960936 2380.1156616210938 641.3207824707031 0.8471912202380952 2022.8928833007812 588.395849609375 2211.2167358398438 748.8991943359375 0.7498372395833334 
46 2270.6453857421875 456.1210464477539 2379.1680908203125 643.375993347168 0.8416573660714286 2024.8730895996093 588.6235900878906 2220.639727783203 748.2158874511719 0.8371000744047619 
47 2268.3983154296875 455.27196502685547 2379.5362548828125 643.3512344360352 0.8362862723214286 2025.9831665039062 588.3577667236328 2229.0234252929686 748.6526702880859 0.8441220238095238 
48 2269.34052734375 457.0667999267578 2378.61162109375 641.327914428711 0.8299851190476191 2029.12529296875 592.1311828613282 2234.81220703125 748.5388610839843 0.8761160714285714 
49 2264.9486328125 451.6591766357422 2380.214453125 641.6339752197266 0.8267299107142857 2027.7677001953125 591.882534790039 2234.8187255859375 747.7045623779297 0.8691173735119048 
50 2267.2340576171873 455.9625503540039 2379.2771728515627 641.2649581909179 0.8229166666666666 2025.6612670898437 592.5360321044922 2234.665148925781 743.3635650634766 0.8585379464285714 
51 2265.14169921875 457.3076416015625 2379.019921875 639.942724609375 0.8180106026785714 2024.492919921875 593.2509460449219 2232.911865234375 743.6562805175781 0.8714890252976191 
52 2267.0167724609373 454.6251510620117 2380.6277587890627 638.9748550415039 0.8286597842261905 2025.2845336914063 593.5470001220704 2233.213757324219 745.7426116943359 0.8788597470238095 
53 2266.861120605469 453.1098968505859 2381.937463378906 640.6421173095703 0.8301013764880952 2024.904931640625 594.7426239013672 2233.747900390625 748.178091430664 0.8790457589285714 
54 2270.2555419921873 454.2174377441406 2385.1551025390627 639.3333435058594 0.8227306547619048 2027.5263427734376 595.6321990966796 2231.7920166015624 746.7037994384766 0.8768833705357143 
55 2272.4212280273437 454.3731033325195 2385.2923950195313 639.6525009155273 0.8354724702380952 2025.9552124023437 595.9128204345703 2230.401477050781 747.1178802490234 0.8722098214285714 
56 2270.0187255859373 454.794499206543 2384.5056884765627 639.2454483032227 0.8420293898809523 2024.6549194335937 597.8214599609375 2230.307238769531 744.1101806640625 0.8609793526785714 
57 2271.327490234375 453.06771087646484 2383.631494140625 641.6539993286133 0.8438662574404762 2023.981134033203 596.2596313476563 2231.6378845214845 744.5859497070312 0.87939453125 
58 2270.0129150390626 453.92822418212893 2384.1736083984374 639.968229675293 0.84912109375 2021.6070373535156 596.3041259765625 2230.9021179199217 746.4046142578125 0.8686755952380952 
59 2270.0323974609373 453.33826141357423 2385.5095947265627 640.201319885254 0.8503069196428571 2021.7161499023437 596.1100860595703 2231.6747192382813 749.3797210693359 0.8744419642857143 
60 2269.222277832031 460.34437561035156 2384.577282714844 638.6202850341797 0.859375 2019.555401611328 595.7856567382812 2229.291644287109 746.7957641601563 0.8518647693452381 
61 2268.9883422851562 465.61471099853514 2384.0983276367188 637.2331588745117 0.8554454985119048 2021.944757080078 602.1367645263672 2227.0497497558595 748.6402740478516 0.8486328125 
62 2262.7692138671873 463.7032928466797 2385.2923095703127 638.1428375244141 0.8690941220238095 2021.5570495605468 603.9578125 2227.1466857910154 753.477490234375 0.8429129464285714 
63 2261.32529296875 461.44717864990236 2384.43935546875 636.7281448364258 0.8703497023809523 2020.5548095703125 606.5515563964843 2227.1361083984375 748.4456359863282 0.8451218377976191 
64 2259.330773925781 464.42393188476564 2382.037634277344 637.0454284667969 0.8739071800595238 2021.4361206054687 605.1288665771484 2223.1744750976563 750.7132354736328 0.8241257440476191 
65 2260.1431274414062 467.00776824951174 2381.4992065429688 634.3955825805664 0.8800688244047619 2020.810791015625 606.9536346435547 2221.676025390625 747.1409088134766 0.8235909598214286 
66 2262.438195800781 464.33328399658205 2383.786657714844 635.8950790405273 0.8737676711309523 2021.2699279785156 606.1211944580078 2224.214813232422 748.3919281005859 0.8343098958333334 
67 2261.6272094726564 461.64253387451174 2385.6581909179686 636.1270278930664 0.8765345982142857 2017.4458740234375 604.5937194824219 2225.5658447265623 745.4426574707031 0.8445405505952381 
68 2262.419921875 465.7782974243164 2386.7705078125 634.3889083862305 0.8726283482142857 2014.1247802734374 603.5039947509765 2224.8879150390626 744.7153045654297 0.8331473214285714 
69 2263.9813842773438 464.543896484375 2386.4197387695312 633.4242431640625 0.8730236235119048 2009.4429016113281 602.4899444580078 2226.8763122558594 743.9272308349609 0.8376116071428571 
70 2262.7229125976564 463.7050094604492 2387.7949096679686 635.4136734008789 0.8737444196428571 2009.2366821289063 601.0882537841796 2225.462292480469 740.9990875244141 0.8325660342261905 
71 2262.6144775390626 466.70710906982424 2385.7888427734374 634.4789566040039 0.8717215401785714 2004.4223571777343 598.702880859375 2227.410284423828 740.9903564453125 0.8485398065476191 
72 2262.6040649414062 461.23218688964846 2385.5597534179688 637.1859649658203 0.8684663318452381 2003.2395080566407 596.9889373779297 2225.831658935547 741.1438140869141 0.8548642113095238 
73 2263.5495849609374 468.37803039550784 2384.9694580078126 636.6614593505859 0.8677687872023809 2005.3075134277344 595.1231475830078 2220.4548156738283 744.2350677490234 0.8618861607142857 
74 2263.6728271484376 465.9972854614258 2385.2412353515624 636.6196273803711 0.8660481770833334 2002.0792236328125 594.5382293701172 2215.3572998046875 745.9656158447266 0.8519112723214286 
75 2263.5998046875 464.1925537109375 2387.7625 637.5921142578125 0.8720470610119048 2005.0648254394532 593.7070007324219 2214.8569274902343 743.5585021972656 0.8649553571428571 
76 2262.44736328125 469.00004425048826 2386.418359375 637.8571029663086 0.86083984375 2004.0649047851562 594.779638671875 2215.670690917969 742.262353515625 0.8600492931547619 
77 2263.9524658203127 472.3624923706055 2385.9156982421873 637.1198379516602 0.85693359375 2003.1552185058595 598.7697113037109 2217.125665283203 737.8505889892579 0.8462611607142857 
78 2265.998498535156 465.002262878418 2385.791784667969 638.2749893188477 0.8631417410714286 2000.9881713867187 598.7003662109375 2221.322619628906 739.8855712890625 0.8487723214285714 
79 2266.50576171875 473.9251480102539 2383.948828125 636.210319519043 0.8553989955357143 2001.4783325195312 599.8275482177735 2223.5526733398438 738.6240509033203 0.8508184523809523 
80 2266.45771484375 468.10314178466797 2386.04375 636.8046035766602 0.8588402157738095 2000.674871826172 599.9268463134765 2231.3047424316405 736.5964080810547 0.8418433779761905 
81 2265.0422973632812 474.674072265625 2388.8866577148438 634.8175048828125 0.8608165922619048 2000.6824584960937 598.6826202392579 2237.6947387695313 737.4735687255859 0.83056640625 
82 2267.6378784179688 466.16217041015625 2389.0923461914062 634.4940795898438 0.8522600446428571 2005.7153259277343 596.9594696044921 2237.970831298828 739.7219879150391 0.8318684895833334 
83 2269.531945800781 470.3292984008789 2388.982458496094 636.706803894043 0.8616303943452381 2009.2185791015625 597.7377075195312 2237.4542724609373 740.6516967773438 0.8310081845238095 
84 2274.3769775390624 462.65301208496095 2385.3295654296876 635.4827911376954 0.8309849330357143 2011.3573181152344 597.8968383789063 2239.6633117675783 736.5874145507812 0.8045247395833334 
85 2274.842663574219 462.7752151489258 2385.521350097656 633.0497055053711 0.8263113839285714 2012.7182678222657 595.3110260009765 2238.331903076172 737.9159637451172 0.80810546875 
86 2273.2548095703123 470.1095001220703 2390.4522216796877 632.0551116943359 0.8414713541666666 2014.8465942382813 593.3717346191406 2240.7181030273437 738.2704772949219 0.8123604910714286 
87 2275.4325561523438 465.52588348388673 2388.2542114257812 631.5654556274415 0.8357282366071429 2016.793927001953 594.5585632324219 2242.437396240234 735.0536193847656 0.8134533110119048 
88 2273.357312011719 479.7383697509766 2388.307971191406 630.8774139404297 0.8417038690476191 2016.6009826660156 593.9523773193359 2242.245086669922 734.4478302001953 0.8212193080357143 
89 2273.894140625 470.3592727661133 2386.82021484375 632.2907211303711 0.8424014136904762 2016.6559936523438 592.217626953125 2242.5078247070314 734.9729248046875 0.8170805431547619 
90 2274.31650390625 470.58736724853514 2385.1478515625 630.4404342651367 0.8424944196428571 2016.748046875 592.4855590820313 2242.673828125 733.1562866210937 0.8146856398809523 
91 2271.972509765625 475.8277053833008 2388.948388671875 631.0868148803711 0.8492140997023809 2015.4431396484374 591.8221282958984 2243.0148681640626 734.3202667236328 0.8219866071428571 
92 2272.0605224609376 475.61736755371095 2386.7036376953124 630.5975372314454 0.8448428199404762 2015.5021850585938 591.4034301757813 2244.7880981445314 733.6455200195312 0.8160574776785714 
93 2271.9917602539062 473.1969192504883 2388.7077026367188 630.2327377319336 0.8506091889880952 2014.1560119628907 590.8105560302735 2243.343377685547 732.9916290283203 0.8096400669642857 
94 2270.576794433594 470.0833572387695 2387.266711425781 629.2062850952149 0.8539109002976191 2016.3064086914062 593.0567687988281 2243.3217651367186 733.0849548339844 0.8125 
95 2270.209338378906 476.8689758300781 2388.661999511719 631.2803161621093 0.8473539806547619 2015.0808898925782 590.6029632568359 2243.5249450683596 732.3228790283204 0.8045712425595238 
96 2270.71787109375 476.79993438720703 2387.09072265625 629.1422958374023 0.8449358258928571 2015.5119506835938 592.1960174560547 2241.9096801757814 731.8431060791015 0.8048502604166666 
97 2272.7920776367187 463.77295837402346 2386.8566040039063 630.6448272705078 0.8338448660714286 2014.279052734375 589.9423553466797 2242.407470703125 733.5789459228515 0.8028041294642857 
98 2275.3770263671877 465.1472229003906 2385.1146728515623 629.7535339355469 0.8284970238095238 2014.750311279297 589.5759704589843 2244.7771545410155 730.9685852050782 0.7980608258928571 
99 2277.051611328125 466.8674713134766 2384.804345703125 627.4400848388672 0.8234747023809523 2016.121112060547 589.3284393310547 2244.303326416016 730.885855102539 0.8047340029761905 
100 2274.517712402344 464.1532684326172 2386.681750488281 627.1086334228515 0.8482142857142857 2016.8984680175781 590.3175048828125 2245.4593200683594 732.10986328125 0.8116396949404762 
101 2271.952746582031 461.95858001708984 2384.679821777344 625.7318801879883 0.8566080729166666 2015.82177734375 590.6376068115235 2249.78369140625 731.0146759033203 0.8197777157738095 
102 2273.838488769531 457.1261749267578 2386.438610839844 620.7151947021484 0.8458193824404762 2014.9724182128907 588.6837646484375 2246.546502685547 731.0274169921875 0.8175455729166666 
103 2274.2316040039063 450.5963424682617 2387.2481323242187 621.1875015258789 0.8362165178571429 2018.4267944335938 590.18583984375 2244.460168457031 730.92353515625 0.8257533482142857 
104 2275.8072265625 453.890608215332 2388.72060546875 617.9345565795899 0.8063616071428571 2018.8432006835938 589.0916412353515 2242.5393676757812 731.8311492919922 0.8339611235119048 
105 2274.680310058594 451.91345977783203 2389.561145019531 622.1070175170898 0.8275902157738095 2018.326318359375 589.2956604003906 2241.705419921875 731.8327575683594 0.8363792782738095 
106 2270.5787963867188 452.7661636352539 2387.5391235351562 622.890055847168 0.8430757068452381 2019.4825134277344 590.3375030517578 2242.770050048828 730.6896575927734 0.8301013764880952 
107 2265.42138671875 452.25879974365233 2384.63037109375 624.6861770629882 0.8595610119047619 2019.9622131347655 588.3339691162109 2237.092840576172 730.9590606689453 0.8331008184523809 
108 2261.3365234375 450.3255783081055 2384.7806640625 624.8497451782226 0.8796735491071429 2017.5593688964843 586.6214660644531 2238.907061767578 729.2204528808594 0.8318684895833334 
109 2259.793908691406 448.00572662353517 2382.951452636719 626.3720504760743 0.8796968005952381 2018.460400390625 587.9873229980469 2237.171435546875 728.1323059082031 0.8336356026785714 
110 2259.9917602539062 446.6421203613281 2381.0177612304688 627.1194763183594 0.8796968005952381 2017.0414489746095 586.8591674804687 2233.614434814453 726.9944702148438 0.8276134672619048 
111 2259.703564453125 448.1979675292969 2382.717333984375 624.2351379394531 0.8733491443452381 2015.633367919922 586.139990234375 2231.9683166503905 726.1213623046875 0.8270089285714286 
112 2258.105224609375 449.7611572265625 2381.364013671875 626.148876953125 0.8815569196428571 2017.0637512207031 588.2230987548828 2231.7041931152344 726.3580169677734 0.8415643601190477 
113 2259.489050292969 445.8866363525391 2382.163537597656 623.5534881591797 0.8786272321428571 2016.091864013672 585.3192962646484 2231.8301330566405 724.9146514892578 0.8303338913690477 
114 2255.84404296875 446.2085876464844 2380.477734375 625.7655334472656 0.8815104166666666 2014.6204467773437 585.7104888916016 2230.0887817382813 725.1311248779297 0.8347749255952381 
115 2256.649560546875 445.1156661987305 2379.577001953125 627.3877822875977 0.8846958705357143 2018.3751220703125 585.5695068359375 2228.2000732421875 723.3333251953125 0.8416108630952381 
116 2256.8060668945313 444.4243194580078 2379.1219116210937 625.7889984130859 0.8790225074404762 2016.2302185058593 585.5578338623047 2227.119512939453 724.7447174072265 0.8448195684523809 
117 2257.3812744140623 444.89146728515624 2379.8028076171877 624.3022583007812 0.8835332961309523 2016.3538146972655 584.2798461914062 2229.536199951172 723.5870971679688 0.8459356398809523 
118 2258.878759765625 444.9385269165039 2379.523583984375 624.847331237793 0.8881138392857143 2015.065740966797 584.7138092041016 2230.9563537597655 724.4077117919921 0.8460053943452381 
119 2258.885205078125 444.62572174072267 2379.689990234375 626.8926803588868 0.8852074032738095 2016.6234191894532 582.9562377929688 2230.6811462402343 724.9548950195312 0.8454241071428571 
120 2257.624060058594 444.6772033691406 2378.057824707031 624.2712829589843 0.8859979538690477 2013.9937072753905 582.3389190673828 2231.619451904297 723.901254272461 0.84814453125 
121 2257.7241821289062 442.87320404052736 2378.8961791992188 627.8200637817383 0.8799060639880952 2014.7259399414063 583.995327758789 2229.434460449219 722.1740447998047 0.8495163690476191 
122 2256.056115722656 444.8353302001953 2376.655554199219 624.6765716552734 0.8887183779761905 2015.3456115722656 582.686489868164 2233.270965576172 724.4436981201172 0.8547712053571429 
123 2258.7866455078124 444.8458786010742 2377.4706787109376 627.1106948852539 0.8827659970238095 2016.0385803222657 585.2941467285157 2232.213250732422 723.0524108886718 0.8526553199404762 
124 2258.6617431640625 445.3397918701172 2377.5501708984375 625.7956451416015 0.8769066220238095 2015.7403381347656 583.9070495605469 2230.1643249511717 724.0256896972656 0.8516787574404762 
125 2258.1432495117188 444.9171768188477 2377.0650024414062 627.5469039916992 0.8833705357142857 2014.9093200683594 583.7680145263672 2231.5165832519533 723.9257720947265 0.8535853794642857 
126 2258.0470581054688 444.9474273681641 2377.5718383789062 628.5033172607422 0.8884161086309523 2015.4675354003907 584.7486846923828 2231.039178466797 723.4828216552735 0.84814453125 
127 2256.553173828125 446.3130813598633 2379.427294921875 626.3870834350586 0.8872302827380952 2015.7755981445312 582.7130432128906 2233.982946777344 724.6537780761719 0.8485863095238095 
128 2258.065466308594 446.82043914794923 2379.406945800781 625.6394302368165 0.8799525669642857 2016.6109191894532 586.0110382080078 2229.4905212402346 722.254037475586 0.8513764880952381 
129 2259.9220336914063 446.67853393554685 2379.2290893554687 627.7697082519531 0.8823707217261905 2016.1454040527344 584.3405792236329 2231.3244445800783 722.8220794677734 0.8531668526785714 
130 2259.8191650390627 445.1358978271484 2379.1354248046873 626.2411163330078 0.8841843377976191 2016.0236267089845 584.4475494384766 2231.219171142578 722.9398406982422 0.8539806547619048 
131 2257.8272338867187 446.74056243896484 2379.1471313476563 625.5276565551758 0.8843238467261905 2014.2872009277344 585.90634765625 2231.385772705078 722.125146484375 0.8518182663690477 
132 2257.7471435546877 441.6362762451172 2378.7836181640623 626.3764801025391 0.8932291666666666 2014.5302001953125 584.2341522216797 2233.2456787109377 722.2584625244141 0.8467029389880952 
133 2258.280712890625 446.6639099121094 2376.838427734375 626.6175842285156 0.8939034598214286 2015.5468383789062 582.9727203369141 2233.608190917969 724.8184783935546 0.8366350446428571 
134 2256.4917236328124 446.62718658447267 2377.2958740234376 626.7740280151368 0.8921595982142857 2015.1274475097657 583.0823394775391 2235.542352294922 725.0804412841796 0.8396344866071429 
135 2256.0601806640625 446.6121551513672 2378.9222412109375 626.668423461914 0.8922991071428571 2015.3062683105468 584.8725952148437 2233.4921936035157 724.6809936523438 0.8367978050595238 
136 2256.2671020507814 444.2112243652344 2379.0158569335936 628.3346740722657 0.8906947544642857 2014.1064086914062 584.2166534423828 2232.091589355469 726.0128997802734 0.8405180431547619 
137 2255.8848388671877 448.35374908447267 2378.8002197265623 626.3693649291993 0.8940662202380952 2015.0257507324218 584.7997589111328 2233.3068908691407 724.6691741943359 0.8417736235119048 
138 2256.2327270507812 446.18993072509767 2378.9345092773438 628.1268112182618 0.8921828497023809 2014.165673828125 586.1413848876953 2232.066748046875 725.767367553711 0.8403087797619048 
139 2256.4786743164063 446.7472213745117 2377.1695190429687 626.7249771118164 0.8915318080357143 2015.5853210449218 584.947314453125 2233.6760314941407 724.694775390625 0.8370535714285714 
140 2256.6201416015624 444.4820037841797 2377.2973388671876 628.673452758789 0.8885323660714286 2014.1259155273438 584.7834533691406 2232.1917114257812 724.5148864746094 0.8376348586309523 
141 2255.469689941406 446.751725769043 2378.265417480469 626.7110733032226 0.8878813244047619 2015.0895080566406 586.5662811279296 2231.040740966797 726.2993804931641 0.8361002604166666 
142 2257.12841796875 445.3285842895508 2377.87353515625 627.5052474975586 0.8865559895833334 2014.4977661132812 585.4645141601562 2232.686071777344 725.2744995117188 0.8370535714285714 
143 2256.64052734375 444.9738739013672 2377.2828125 629.1120025634766 0.8831845238095238 2014.216455078125 585.234716796875 2232.219091796875 724.92568359375 0.8395414806547619 
144 2258.2021362304686 447.2876678466797 2376.8484008789064 627.375357055664 0.8880673363095238 2015.5320556640625 585.5722381591797 2231.6373779296873 725.404995727539 0.8455171130952381 
145 2256.7229248046874 447.34029998779295 2377.6159423828126 627.6195693969727 0.8858816964285714 2015.6708251953125 585.771939086914 2232.0059326171877 725.7533905029297 0.8430757068452381 
146 2256.5776977539062 447.9294952392578 2379.2858276367188 627.7602630615235 0.8880208333333334 2016.3693725585938 586.0167633056641 2232.1665161132814 725.6500457763672 0.8353329613095238 
147 2256.045788574219 448.8730926513672 2376.842639160156 626.8895416259766 0.8930431547619048 2014.9410278320313 586.9499450683594 2233.223278808594 726.8200744628906 0.8382626488095238 
148 2256.1904174804686 448.33485717773436 2377.0520141601564 628.5668762207031 0.8929966517857143 2015.2015502929687 586.9748565673829 2231.479846191406 724.7993743896484 0.8368443080357143 
149 2256.687707519531 448.2409729003906 2377.522009277344 628.4323669433594 0.8876255580357143 2015.7530517578125 588.4803985595703 2231.9827880859375 726.273812866211 0.8377046130952381 
150 2256.884033203125 446.4662063598633 2377.876708984375 629.0164291381836 0.88623046875 2015.8786376953126 588.7672393798828 2230.2688232421874 726.741244506836 0.8373558407738095 
151 2255.7179443359373 447.70848846435547 2376.3050048828127 627.5310440063477 0.8883696056547619 2014.7883178710938 587.4167877197266 2234.8066528320314 727.0437225341797 0.8379603794642857 
152 2255.0525146484374 448.5769561767578 2377.9450439453126 626.558969116211 0.8900437127976191 2016.1135131835938 586.6270874023437 2232.2343872070314 726.4700805664063 0.8367047991071429 
153 2256.496044921875 448.1073059082031 2379.287646484375 628.0606628417969 0.8894624255952381 2016.1239013671875 587.9172149658203 2232.0679931640625 727.6457122802734 0.8386346726190477 
154 2255.015002441406 448.12206268310547 2377.803112792969 628.0699844360352 0.8905784970238095 2016.034423828125 587.9277709960937 2234.089111328125 727.6520629882813 0.8381231398809523 
155 2256.4456787109375 448.1797622680664 2377.1812744140625 630.342301940918 0.8864397321428571 2015.463330078125 588.5491577148438 2233.634814453125 726.2301391601562 0.8338913690476191 
156 2254.694299316406 448.10747680664065 2377.286901855469 627.7694763183594 0.8895321800595238 2016.0933532714844 587.6910064697265 2233.801300048828 727.1932098388672 0.8420758928571429 
157 2254.6374267578126 450.0159423828125 2377.3166748046874 627.6893798828125 0.8913225446428571 2015.6244506835938 587.8267578125 2235.6008911132812 727.4272705078125 0.8423084077380952 
158 2254.440087890625 449.46993255615234 2377.151708984375 629.3059768676758 0.8929268973214286 2015.6078186035156 587.5612701416015 2233.526824951172 727.1986785888672 0.8424014136904762 
159 2254.877893066406 449.3583465576172 2377.533972167969 629.1127838134765 0.8913922991071429 2016.1542602539062 589.2577301025391 2233.974401855469 726.7169403076172 0.837890625 
160 2254.617468261719 451.3418365478516 2377.222131347656 628.9071258544922 0.8935546875 2015.9939086914062 589.0687408447266 2233.7226440429686 728.5842742919922 0.8364955357142857 
161 2256.2742553710937 448.30895080566404 2376.9657348632813 628.2873016357422 0.8879975818452381 2015.3801696777343 588.1382995605469 2233.471514892578 727.8862365722656 0.8400530133928571 
162 2256.2193359375 447.94905548095704 2374.87734375 630.1739608764649 0.8906017485119048 2016.5396850585937 589.996469116211 2234.785754394531 727.7246612548828 0.8411923363095238 
163 2254.2380859375 453.0078643798828 2377.03095703125 628.7285247802735 0.8909505208333334 2015.2481750488282 589.3176086425781 2233.3112731933593 726.9301940917969 0.8378208705357143 
164 2254.9273681640625 453.0113250732422 2375.4725341796875 628.541714477539 0.8903227306547619 2015.9523193359375 588.9294708251953 2233.7791259765627 728.507846069336 0.8386579241071429 
165 2255.0994506835937 451.0067596435547 2375.6195434570313 628.6153717041016 0.8881138392857143 2014.54736328125 588.7672668457031 2232.3291015625 728.3168395996094 0.8396809895833334 
166 2254.8019165039063 450.98569946289064 2375.3340698242187 628.6123229980469 0.8861142113095238 2014.225079345703 590.6308319091797 2232.029193115234 728.080044555664 0.8407738095238095 
167 2254.617138671875 452.94407043457034 2375.168017578125 628.4828704833984 0.8871837797619048 2014.0037048339843 588.8686950683593 2231.841143798828 728.4538146972657 0.8408668154761905 
168 2255.823388671875 446.6399154663086 2374.662939453125 629.1435623168945 0.8919968377976191 2013.899969482422 588.6597381591797 2234.6021057128905 728.7206939697265 0.8407738095238095 
169 2255.787548828125 446.7707275390625 2376.738330078125 629.2575927734375 0.8904389880952381 2016.2531982421874 588.7775024414062 2232.6911376953126 728.8255249023438 0.8393787202380952 
170 2254.375439453125 451.6508514404297 2374.831103515625 629.1648834228515 0.8936244419642857 2013.7072509765626 589.5818115234375 2233.4865966796874 726.9438232421875 0.8380766369047619 
171 2256.019885253906 449.08898773193357 2374.662976074219 629.1722732543946 0.8853701636904762 2014.7408325195313 588.9998077392578 2232.959606933594 728.829232788086 0.8393787202380952 
172 2254.6636596679687 452.3581787109375 2375.2218383789063 627.9076904296875 0.8948800223214286 2015.6625671386719 590.1621215820312 2233.5133361816406 727.6406127929688 0.8393787202380952 
173 2254.548376464844 448.46148681640625 2377.267297363281 628.3080444335938 0.8956938244047619 2013.8307067871094 590.0601379394532 2233.8783996582033 727.5898864746093 0.8371698288690477 
174 2256.057165527344 450.47900848388673 2376.624230957031 628.1570083618165 0.8944847470238095 2015.4108032226563 590.1645141601563 2233.2779174804687 727.6534790039062 0.8431454613095238 
175 2254.1833740234374 450.685693359375 2376.9870361328126 628.539404296875 0.8971121651785714 2015.1719665527344 590.5093048095703 2233.254425048828 728.1341888427735 0.8429827008928571 
176 2256.1237670898436 452.3219467163086 2376.7378051757814 627.9529861450195 0.8817661830357143 2015.3837951660157 589.9457458496094 2233.335809326172 729.6041809082031 0.8315894717261905 
177 2257.5669189453124 450.98421478271484 2378.6313232421876 631.5185012817383 0.8933686755952381 2015.9287841796875 587.7328308105468 2234.6937744140623 730.0363342285157 0.8365652901785714 
178 2262.752404785156 449.1335678100586 2381.472937011719 629.334602355957 0.8936244419642857 2015.9341430664062 585.3851013183594 2238.5353393554688 729.5459289550781 0.8391927083333334 
179 2267.9920288085937 447.77414855957034 2382.4374145507813 627.9197601318359 0.8836960565476191 2013.0982238769532 581.864453125 2231.3923767089846 730.2196533203125 0.8435174851190477 
180 2271.816198730469 453.3358856201172 2382.373010253906 625.5493072509765 0.8694893973214286 2007.1995361328125 576.5674255371093 2228.3131591796873 729.6460754394532 0.8565383184523809 
181 2274.5006591796873 454.03572540283204 2384.9822509765627 630.3811141967774 0.8705357142857143 2000.2583312988281 576.0393127441406 2221.2210388183594 729.0135437011719 0.8670247395833334 
182 2271.484814453125 449.1772155761719 2386.970263671875 628.8214416503906 0.8727678571428571 1994.7798767089844 576.0139221191406 2212.919464111328 725.7175231933594 0.8652808779761905 
183 2270.7513061523437 450.39794464111327 2387.1327270507813 631.4355209350585 0.8699544270833334 1985.2691162109375 575.1514038085937 2205.1005126953123 723.8608032226563 0.8695824032738095 
184 2272.378076171875 456.095361328125 2385.028662109375 631.5702880859375 0.8742792038690477 1978.7533325195313 574.0785217285156 2195.3890014648437 723.5570983886719 0.8762090773809523 
185 2272.188269042969 455.1683151245117 2385.722131347656 629.8356216430664 0.8727446056547619 1971.7269775390625 568.5340850830078 2185.6944091796877 721.367953491211 0.8742559523809523 
186 2271.426025390625 453.1883972167969 2386.128173828125 634.0650207519532 0.8809988839285714 1964.98779296875 567.0422180175781 2176.74560546875 717.0374938964844 0.8620954241071429 
187 2271.1283569335938 453.3770919799805 2383.9880981445312 634.8376602172851 0.8825334821428571 1963.7008544921875 564.1939849853516 2173.9295166015627 714.6735076904297 0.8533993675595238 
188 2265.259729003906 449.0849670410156 2382.672644042969 635.1733337402344 0.8746512276785714 1961.161932373047 561.9819488525391 2173.8342834472655 714.8402557373047 0.8496558779761905 
189 2255.4607543945312 444.3601989746094 2377.1849975585938 636.9060363769531 0.8818824404761905 1960.4281188964844 561.0623809814454 2175.1056945800783 715.9843109130859 0.8518182663690477 
190 2253.11845703125 443.05151214599607 2373.2580078125 636.6092849731446 0.8836263020833334 1961.1559631347657 564.3032592773437 2179.186688232422 715.5898071289063 0.8530505952380952 
191 2249.739111328125 446.1492065429687 2372.199365234375 633.1794067382813 0.8794177827380952 1964.6550231933593 564.7558441162109 2182.856817626953 718.3877716064453 0.8525158110119048 
192 2248.1626098632814 443.1059234619141 2374.6247436523436 631.6897918701172 0.8875093005952381 1968.5293334960938 568.6294250488281 2181.518273925781 719.4965515136719 0.8533993675595238 
193 2249.6521240234374 444.6947357177734 2373.1095947265626 632.0857208251953 0.8862537202380952 1972.9747497558594 571.1200286865235 2186.8207824707033 721.0328643798828 0.8506091889880952 
194 2252.000634765625 447.03016662597656 2370.827490234375 636.2732391357422 0.8822079613095238 1974.8219970703126 571.2738403320312 2192.6716552734374 725.3089233398438 0.8620489211309523 
195 2256.1577026367186 446.3643829345703 2372.2522094726564 639.1246917724609 0.8768601190476191 1981.676580810547 574.1691589355469 2198.5320373535155 725.3108215332031 0.8658621651785714 
196 2259.208605957031 455.0070373535156 2375.230114746094 638.8905456542968 0.8756975446428571 1985.1513732910157 576.6698699951172 2199.682000732422 727.7170318603515 0.8726515997023809 
197 2257.7566162109374 454.7939743041992 2377.7863525390626 640.2941909790039 0.8908342633928571 1988.9072875976562 579.6918670654297 2198.4132690429688 730.274380493164 0.8851609002976191 
198 2259.1307373046875 455.76929473876953 2376.4132080078125 642.5524520874023 0.8817196800595238 1989.3978698730468 580.0686553955078 2200.0719787597654 732.101449584961 0.8741164434523809 
199 2260.3173950195314 457.7546920776367 2375.2648803710936 642.1047134399414 0.8880440848214286 1989.0476318359374 579.9595733642578 2199.4235595703126 731.7771820068359 0.8743489583333334 
200 2258.2354370117187 455.30921325683596 2375.3722290039063 644.0297149658203 0.8956473214285714 1989.0875305175782 579.4542663574218 2197.3308044433593 733.4676086425782 0.8759068080357143 
201 2257.782080078125 455.7730545043945 2375.132470703125 644.8378768920899 0.8990885416666666 1989.8149353027343 582.3177642822266 2198.438116455078 732.2656707763672 0.8759068080357143 
202 2254.2177001953123 457.49721374511716 2373.7637451171877 644.4238677978516 0.8900669642857143 1990.296612548828 582.1428924560547 2194.611956787109 732.1188873291015 0.8726283482142857 
203 2252.49111328125 455.8370132446289 2372.06064453125 644.9743576049805 0.8850678943452381 1988.2673583984374 582.4302673339844 2194.7966064453126 732.4356994628906 0.8767206101190477 
204 2248.8648071289062 451.42122039794924 2368.4054565429688 644.8598159790039 0.8826264880952381 1988.2995239257812 583.7519348144531 2192.605505371094 731.5477478027344 0.8842540922619048 
205 2245.674267578125 454.7365097045898 2367.481982421875 646.1487747192383 0.8895786830357143 1986.5816650390625 583.5717102050781 2193.2200927734375 731.4811462402344 0.8776506696428571 
206 2242.58671875 458.6458206176758 2364.13544921875 645.3099594116211 0.8808826264880952 1985.464208984375 583.1164093017578 2193.833642578125 732.8818206787109 0.8642345610119048 
207 2238.0800170898438 460.7966110229492 2361.8704223632812 645.3964126586914 0.8797898065476191 1986.0719848632812 585.3388671875 2194.561071777344 733.0186767578125 0.8581659226190477 
208 2237.16240234375 456.2996566772461 2361.56123046875 648.3543045043946 0.8873000372023809 1985.8460266113282 585.8190460205078 2193.1777770996096 732.0424652099609 0.8648390997023809 
209 2233.094970703125 462.1509536743164 2359.584716796875 647.5238204956055 0.8843470982142857 1985.0644470214843 586.0404296875 2196.607550048828 729.9770263671875 0.8626999627976191 
210 2232.0566650390624 474.88111572265626 2355.2031005859376 645.5578491210938 0.8567708333333334 1986.3451721191407 585.8957824707031 2193.749920654297 730.6469421386719 0.8527018229166666 
211 2230.841833496094 468.68054351806643 2353.719445800781 647.6080001831054 0.8705589657738095 1983.2617614746093 585.174072265625 2196.681231689453 731.7652587890625 0.8614443824404762 
212 2230.671667480469 466.7419204711914 2353.498498535156 647.7495040893555 0.8690476190476191 1983.1952514648438 585.0929962158203 2196.5256958007812 731.6230072021484 0.8573521205357143 
213 2227.4719848632812 468.4267150878906 2355.2582397460938 648.1937683105468 0.8730701264880952 1984.7280578613281 585.7167999267579 2194.8172302246094 730.8300140380859 0.8541666666666666 
214 2228.54931640625 468.2142059326172 2354.29638671875 648.162564086914 0.8774181547619048 1985.310528564453 585.6225860595703 2195.611712646484 730.882113647461 0.8527483258928571 
215 2227.260205078125 466.4586486816406 2354.780810546875 648.0135192871094 0.8742327008928571 1984.5221008300782 585.4170043945312 2198.4973083496093 730.2286254882813 0.8537016369047619 
216 2229.9968872070312 469.80048828125 2352.9335327148438 646.6566650390625 0.8626767113095238 1985.865789794922 584.4417541503906 2197.2305236816405 731.1029235839844 0.8541201636904762 
217 2228.8841552734375 469.83204498291013 2353.7965087890625 646.4324508666992 0.8699544270833334 1985.1060546875 584.3075256347656 2198.31875 730.7566833496094 0.8600260416666666 
218 2230.485729980469 467.96703643798827 2353.275744628906 644.6120346069335 0.8662341889880952 1984.9890380859374 584.128515625 2196.1012939453126 730.6146484375 0.8600027901785714 
219 2230.0315551757812 464.51002349853513 2354.9550170898438 643.2797409057617 0.861328125 1984.823876953125 584.4630279541016 2195.901220703125 728.7710418701172 0.8575613839285714 
220 2228.2539672851562 460.7961929321289 2355.1959838867188 643.678874206543 0.8569103422619048 1983.3069396972655 584.17998046875 2196.311590576172 730.4861572265625 0.8604910714285714 
221 2228.3471923828124 461.1546264648438 2355.3720458984376 644.1562866210937 0.8608863467261905 1983.2408874511718 582.9625122070313 2196.3842346191404 729.3639038085937 0.8620024181547619 
222 2228.252062988281 462.99083251953124 2355.267712402344 643.8266723632812 0.8577008928571429 1983.1631958007813 582.8856658935547 2196.291149902344 729.2765045166016 0.8607003348214286 
223 2226.5109130859373 464.827587890625 2355.6990478515627 645.69072265625 0.8636300223214286 1983.289727783203 583.0842834472656 2196.4498962402345 729.4972595214844 0.8595145089285714 
224 2228.2810302734374 465.12109527587893 2355.2995361328126 645.9607833862304 0.8675827752976191 1983.1870971679687 583.36240234375 2196.3194946289063 729.756494140625 0.8571661086309523 
225 2228.543505859375 464.8282272338867 2355.506787109375 645.5892837524414 0.8663969494047619 1983.5560485839844 583.0181915283204 2196.5959289550783 729.3485687255859 0.8606073288690477 
226 2227.012072753906 462.5886032104492 2356.243054199219 647.8199966430664 0.8747209821428571 1983.4608154296875 583.2872283935546 2198.8463134765625 727.5954010009766 0.8583286830357143 
227 2228.928466796875 462.21498413085936 2355.964111328125 647.3854797363281 0.8705589657738095 1983.8011962890625 582.6255126953125 2196.9624755859377 729.0392822265625 0.8585146949404762 
228 2226.9852661132813 467.39253692626954 2353.9602905273437 643.8664657592774 0.8598167782738095 1983.381689453125 583.6898345947266 2198.593896484375 727.8820037841797 0.8631649925595238 
229 2226.988317871094 467.31860504150393 2353.960168457031 643.7879318237304 0.8613746279761905 1983.3911376953124 583.6128814697265 2198.5976318359376 727.8012420654297 0.86376953125 
230 2227.2735229492187 467.09700775146484 2354.2174438476563 643.5275344848633 0.8630254836309523 1983.7299865722657 583.365689086914 2198.889031982422 727.5223114013672 0.8591657366071429 
231 2229.06796875 465.34244537353516 2353.8197265625 643.8665084838867 0.8650948660714286 1983.7006896972657 583.4760711669921 2198.789910888672 727.5858795166016 0.8593517485119048 
232 2229.234899902344 463.3702194213867 2353.991418457031 644.0519302368164 0.8676525297619048 1983.858709716797 583.4109954833984 2198.9558654785155 727.5261993408203 0.8586542038690477 
233 2229.5123779296873 459.80288848876955 2354.2635009765627 644.7788681030273 0.8711635044642857 1984.1462524414062 583.6441131591797 2199.2343627929686 727.753286743164 0.8635602678571429 
234 2229.1505126953125 459.6426254272461 2355.9798583984375 644.512678527832 0.8678152901785714 1984.1730163574218 583.4129821777344 2199.1381408691404 727.4395568847656 0.8639787946428571 
235 2229.0341186523438 461.24070434570314 2355.8142700195312 643.8899108886719 0.8687686011904762 1984.3998474121095 584.9627899169922 2197.132501220703 726.7845855712891 0.8630719866071429 
236 2229.5979614257812 462.96402740478516 2354.2802124023438 643.5383834838867 0.8685593377976191 1984.6153625488282 584.5871429443359 2197.4352966308593 728.6166534423828 0.8626767113095238 
237 2229.667761230469 460.56762237548827 2354.316369628906 645.3915756225585 0.8676990327380952 1984.7511413574218 584.555044555664 2197.5136291503904 726.3966766357422 0.8667224702380952 
238 2227.72314453125 460.54379119873045 2354.5302734375 643.2319961547852 0.8686755952380952 1984.4420227050782 584.044320678711 2199.3693786621093 728.0455841064453 0.8661411830357143 
239 2227.9047241210938 460.16458892822266 2354.6785278320312 644.9537887573242 0.86767578125 1984.687030029297 583.8807525634766 2199.558209228516 727.8444061279297 0.8655598958333334 
240 2227.7011962890624 463.93297271728517 2354.3578857421876 644.2575485229493 0.8683035714285714 1984.9565795898438 583.7365264892578 2197.482141113281 727.5668792724609 0.8625604538690477 
241 2227.5397705078126 461.92277069091796 2354.2561279296874 644.4802139282226 0.8686755952380952 1982.7806884765625 583.6827911376953 2197.5542724609377 727.5810638427735 0.8612118675595238 
242 2227.7022338867187 459.9169158935547 2354.4557250976563 644.6761627197266 0.8681408110119048 1982.871337890625 583.6130493164062 2197.707763671875 727.5534545898438 0.8633277529761905 
243 2227.6701904296874 461.6375564575195 2354.3586181640626 644.1547714233399 0.8696056547619048 1982.9648559570312 583.3707794189453 2197.6911499023436 727.2373138427735 0.8627464657738095 
244 2227.599572753906 461.654035949707 2354.248327636719 644.1141220092774 0.8678617931547619 1982.9708068847656 583.3491149902344 2197.6296569824217 727.1706604003906 0.8614211309523809 
245 2227.3507446289063 461.48349914550784 2353.9956909179687 643.9380706787109 0.8687220982142857 1984.3807189941406 583.1749450683594 2199.0332214355467 726.9920471191406 0.8602353050595238 
246 2227.4134887695313 461.14234771728513 2354.0076538085937 643.5238815307617 0.8681640625 1982.890155029297 582.7850372314454 2197.456646728516 726.5446136474609 0.8613978794642857 
247 2227.4786987304688 461.10817260742186 2354.1255493164062 643.5650451660156 0.8664667038690477 1982.6067016601562 582.8011291503906 2199.4086791992186 726.6201354980469 0.8605840773809523 
248 2227.7548950195314 459.24454498291016 2354.3884155273436 643.8290328979492 0.8663736979166666 1982.908026123047 582.8237060546875 2199.6873107910155 726.6279541015625 0.8610258556547619 
249 2227.6298583984376 459.0011962890625 2354.1938720703124 643.4843994140625 0.8697684151785714 1983.164990234375 582.5125030517578 2197.680224609375 726.2378021240235 0.8588402157738095 
250 2227.6318969726562 458.93739929199216 2354.1422729492188 643.3424468994141 0.8653273809523809 1983.2702941894531 582.3964263916016 2197.6949157714844 726.0607879638671 0.8576543898809523 
251 2227.14267578125 462.40012817382814 2353.62734375 642.4801208496094 0.8670247395833334 1984.7271728515625 583.9376190185546 2196.9642333984375 725.4290191650391 0.8588634672619048 
252 2229.5482543945313 459.3127243041992 2353.9143920898437 641.5734146118164 0.8607235863095238 1983.0428344726563 582.5242431640625 2199.611218261719 726.188525390625 0.8547944568452381 
253 2229.57734375 457.5024841308594 2353.955859375 641.9258605957032 0.8648158482142857 1983.0472839355468 582.8707946777344 2199.6374084472654 724.4049621582031 0.8548874627976191 
254 2228.538708496094 459.11649627685546 2353.601184082031 642.3975723266601 0.8722563244047619 1984.2192321777343 581.3591705322266 2199.843878173828 725.8277801513672 0.8578869047619048 
255 2228.5027099609374 459.0137237548828 2353.5280517578126 642.2404876708985 0.8725353422619048 1984.2556457519531 581.2201934814453 2199.8164978027344 725.6459564208984 0.8583054315476191 
256 2228.3627685546876 459.1386459350586 2353.4096923828124 642.3970291137696 0.8739304315476191 1984.073486328125 581.61494140625 2199.671630859375 723.909716796875 0.8586542038690477 
257 2228.1197998046873 460.93892669677734 2355.3338134765627 642.0571975708008 0.8737444196428571 1984.0578979492188 581.2697998046875 2199.674768066406 725.733251953125 0.8577938988095238 
258 2228.4103515625 460.936457824707 2353.46171875 642.0454452514648 0.8723725818452381 1984.112158203125 581.2611999511719 2199.717919921875 725.7171936035156 0.8560267857142857 
259 2228.238879394531 460.87571105957034 2353.216931152344 641.8782562255859 0.8742327008928571 1982.1783020019532 581.1296997070312 2199.8122985839846 725.5007934570312 0.8544456845238095 
260 2229.509899902344 457.20787200927737 2353.899523925781 641.6478713989258 0.8664202008928571 1982.9575073242188 582.3399932861328 2199.5671508789064 726.0316497802735 0.8615373883928571 
261 2227.689404296875 460.7756286621094 2352.023486328125 642.9893859863281 0.8649786086309523 1982.8964111328125 582.3064636230469 2199.4092529296877 725.9337707519531 0.8596075148809523 
262 2229.6634765625 459.2055236816406 2354.08896484375 641.5528991699218 0.8675130208333334 1983.0408020019531 582.4756408691406 2199.7124938964844 726.2083190917969 0.8607933407738095 
263 2229.3944702148438 459.3013092041016 2353.8386840820312 641.6765350341797 0.8652808779761905 1982.4864562988282 582.8378082275391 2201.3366638183593 724.4467987060547 0.8611886160714286 
264 2228.222607421875 460.9666748046875 2353.166064453125 641.9193115234375 0.8670712425595238 1984.1353271484375 581.1875091552735 2199.5551025390623 725.5188507080078 0.8581194196428571 
265 2229.305065917969 459.0083572387695 2353.599475097656 643.3070419311523 0.8630254836309523 1984.8373107910156 582.3961578369141 2199.138153076172 725.9776824951172 0.859375 
266 2229.6464111328123 458.8600112915039 2354.6831787109377 639.9475753784179 0.8701171875 1983.9678588867187 580.8287902832031 2197.3922485351563 725.2676452636719 0.8536783854166666 
267 2227.9717651367187 458.67025299072264 2352.9923461914063 644.0456588745117 0.8719075520833334 1982.0757934570313 581.1208404541015 2197.628552246094 725.5412078857422 0.8523530505952381 
268 2225.998571777344 458.96927947998046 2353.160852050781 644.3244522094726 0.8703264508928571 1983.6939819335937 581.4064758300781 2199.223254394531 725.8110534667969 0.8525855654761905 
269 2227.8052734375 460.8507476806641 2350.11318359375 645.3857635498047 0.8682570684523809 1982.776300048828 582.7461853027344 2197.3519958496095 726.5118713378906 0.8529343377976191 
270 2228.2939208984376 458.6511001586914 2351.3349853515624 646.4506759643555 0.8675595238095238 1985.6157104492188 583.4357025146485 2197.1599243164064 725.9043243408203 0.8592122395833334 
271 2227.65947265625 458.0164306640625 2353.19453125 648.4835693359375 0.8714657738095238 1984.3309265136718 581.4704010009766 2198.6066955566407 726.4852264404296 0.8601422991071429 
272 2229.245361328125 458.2754211425781 2352.789794921875 646.8428649902344 0.8742559523809523 1981.7401794433595 579.7355529785157 2198.484552001953 727.1216247558593 0.8690708705357143 
273 2227.8584838867187 457.34935150146487 2352.1744750976563 644.9139846801758 0.8697451636904762 1975.199725341797 575.961328125 2195.479107666016 724.2682861328125 0.8615606398809523 
274 2231.4535278320313 452.84089813232424 2352.0999389648437 645.8748306274414 0.8703497023809523 1970.0816589355468 570.4498992919922 2191.6318420410157 723.999624633789 0.8658621651785714 
275 2230.766845703125 447.54020538330076 2351.677001953125 645.3933578491211 0.8668619791666666 1963.3268188476563 567.0976531982421 2174.3702026367187 725.3801910400391 0.8771856398809523 
276 2233.4272216796876 451.74605255126954 2350.8252197265624 644.4556991577149 0.8747907366071429 1953.7341003417969 566.3324462890625 2161.9491271972656 725.816357421875 0.8774646577380952 
277 2232.2215087890627 449.06693878173826 2352.5533935546873 645.1633773803711 0.8669782366071429 1945.2761291503907 566.5705718994141 2145.829217529297 724.7847137451172 0.8809756324404762 
278 2232.3243041992187 446.47001190185546 2348.4200805664063 645.1727188110351 0.8535621279761905 1936.245166015625 561.7072509765625 2132.715283203125 729.1533447265625 0.8668852306547619 
279 2232.0383422851564 445.76138763427736 2346.6049682617186 643.4448196411133 0.8446335565476191 1928.9467834472657 561.7103546142578 2124.383660888672 727.944125366211 0.8746744791666666 
280 2228.0669067382814 445.41737213134763 2343.0016967773436 645.9897018432617 0.8583984375 1925.9951965332032 561.9989318847656 2119.8064392089846 728.7669372558594 0.8766043526785714 
281 2225.903466796875 446.10804138183596 2340.870947265625 644.4833282470703 0.8499813988095238 1925.479266357422 562.4627990722656 2119.346051025391 729.2784118652344 0.8828125 
282 2223.6542114257813 443.32193145751955 2334.1126342773437 646.2046493530273 0.8514927455357143 1924.1854614257813 565.65849609375 2120.3055053710937 730.2189453125 0.8724423363095238 
283 2220.4556396484377 448.19154205322263 2328.5873291015623 648.6861129760742 0.8545851934523809 1925.605517578125 566.9806640625 2126.100048828125 729.178515625 0.8717447916666666 
284 2216.5998046875 452.5801406860352 2324.842578125 648.7700485229492 0.8470982142857143 1924.1364135742188 569.4961608886719 2131.6016235351562 729.6051574707031 0.8751860119047619 
285 2214.07451171875 456.18029327392577 2319.77314453125 651.8349349975585 0.84765625 1925.3498229980469 571.0474151611328 2134.4979553222656 730.719613647461 0.8723958333333334 
286 2203.677685546875 463.25033416748045 2311.609423828125 654.3793350219727 0.84912109375 1925.632635498047 572.1332977294921 2134.7502990722655 734.0308258056641 0.8611886160714286 
287 2200.7965454101563 465.80245513916014 2308.4366088867187 651.9300582885742 0.8481677827380952 1924.71025390625 575.5987487792969 2137.74775390625 737.0588439941406 0.8717680431547619 
288 2194.181848144531 473.79564056396487 2299.299353027344 654.9554885864258 0.8312872023809523 1927.431463623047 577.8808166503907 2137.6663146972655 736.6752136230468 0.8722330729166666 
289 2188.918017578125 475.74334411621095 2296.298779296875 654.7113067626954 0.83349609375 1927.7795776367188 579.8545166015625 2135.830041503906 736.451513671875 0.8728376116071429 
290 2185.1044677734376 473.62465515136716 2292.0351806640624 649.6142974853516 0.8106863839285714 1926.7750610351563 580.2123840332031 2133.9527221679687 738.3802673339844 0.8666527157738095 
291 2176.1893310546875 475.7126007080078 2287.7335205078125 651.9524993896484 0.8230329241071429 1928.56123046875 580.9932250976562 2133.8025390625 737.1550903320312 0.8624674479166666 
292 2175.2480590820314 481.4181533813477 2284.7048217773436 651.1875289916992 0.8075241815476191 1927.2955200195313 580.9085174560547 2130.571911621094 737.275015258789 0.8648390997023809 
293 2173.883935546875 483.01334075927736 2283.481298828125 655.2379104614258 0.8253580729166666 1927.3326904296875 581.169287109375 2130.8709228515627 737.7370849609375 0.8688383556547619 
294 2175.6884155273438 484.7010299682617 2278.5061645507812 652.3383071899414 0.8079892113095238 1926.8116516113282 580.5551513671875 2130.2116638183593 737.0166259765625 0.8640252976190477 
295 2173.1185913085938 484.25771179199216 2280.3543090820312 658.5160308837891 0.8090587797619048 1926.3385620117188 580.5809600830078 2131.8740844726562 739.200717163086 0.8640718005952381 
296 2174.56064453125 486.1989440917969 2281.69130859375 658.0545959472656 0.8063616071428571 1928.27998046875 582.4277740478516 2131.38212890625 738.6601776123047 0.8572823660714286 
297 2173.4827270507812 487.14931030273436 2282.7973022460938 656.6982238769531 0.8031529017857143 1929.2843444824218 583.0783081054688 2132.2968322753904 739.2417602539062 0.8629092261904762 
298 2171.058972167969 483.28148651123047 2282.772326660156 653.0858535766602 0.8029901413690477 1928.469012451172 582.7923736572266 2131.787457275391 739.1910858154297 0.8629324776785714 
299 2169.407824707031 483.82046966552736 2281.176403808594 651.4731399536133 0.7965262276785714 1928.4177856445312 583.1224639892578 2131.8363647460938 739.5983001708985 0.8636997767857143 
