0 1852.1328674316405 630.214208984375 2066.283270263672 844.3647705078125 0.6565057663690477 1987.4476318359375 416.0637145996094 2223.4503173828125 621.4733947753906 0.7691824776785714 
1 1889.1786376953125 613.496957397461 2063.1653564453127 835.3300079345703 0.7085658482142857 1983.0310852050782 423.9517883300781 2213.5635192871096 606.6378112792969 0.7546270461309523 
2 1901.3362365722655 615.1854400634766 2053.552557373047 830.8252410888672 0.7388625372023809 1964.9222778320313 414.0192626953125 2214.3880249023437 625.430810546875 0.7893182663690477 
3 1910.8376770019531 609.9439422607422 2049.7283630371094 828.8018463134765 0.7617420014880952 1967.1709411621093 418.1195404052734 2207.072833251953 615.9333770751953 0.7971075148809523 
4 1889.6571533203125 614.0305694580078 2060.9080322265627 831.2268157958985 0.7600678943452381 1965.9649536132813 424.62640686035155 2199.868786621094 612.5847137451171 0.7909691220238095 
5 1896.2858154296875 620.357534790039 2058.3008544921877 832.2233367919922 0.7291201636904762 1965.7892944335938 451.3122314453125 2190.1176879882814 605.0188232421875 0.7435825892857143 
6 1877.801416015625 620.1516876220703 2058.778173828125 838.1464691162109 0.7485119047619048 1951.0463073730468 428.73394470214845 2210.1720764160154 605.5976593017579 0.7648577008928571 
7 1882.5165893554688 616.2020904541016 2056.8762329101564 832.0758026123046 0.7158668154761905 1937.123760986328 451.90171508789064 2219.420062255859 597.2013122558594 0.7486746651785714 
8 1882.5246215820312 608.8634613037109 2062.934851074219 842.5767852783204 0.7291434151785714 1952.7016540527343 414.1024200439453 2235.617803955078 586.3121917724609 0.7876906622023809 
9 1870.1966491699218 614.5021911621094 2066.5910705566407 851.8120178222656 0.7299572172619048 1956.9060791015625 408.9805191040039 2247.4059326171873 572.642497253418 0.7642531622023809 
10 1864.5182067871094 625.0186279296875 2084.2929504394533 874.958544921875 0.7404901413690477 1976.8917297363282 378.2277862548828 2256.9968200683593 554.9094818115234 0.7800874255952381 
11 1867.0880126953125 635.8091033935547 2073.2376708984375 862.5736480712891 0.7746698288690477 1983.959033203125 375.26767578125 2276.691357421875 523.6953979492188 0.8133370535714286 
12 1864.6406982421875 639.7636810302735 2073.7318603515623 864.9387725830078 0.7564174107142857 1990.5284240722656 367.1100112915039 2288.0813171386717 515.8864181518554 0.8265671502976191 
13 1856.4535827636719 626.5299896240234 2089.6085510253906 880.5021759033203 0.7467680431547619 2024.5940307617188 360.8680419921875 2299.383752441406 502.42633056640625 0.8012230282738095 
14 1843.9981689453125 626.4978485107422 2073.9197998046875 868.7367095947266 0.7458612351190477 2044.5478637695312 345.0965118408203 2315.5270874023436 480.58604431152344 0.7725771949404762 
15 1854.1889526367188 619.5556182861328 2075.0007446289064 860.0829925537109 0.7665783110119048 2066.8114013671875 342.0240783691406 2311.2818603515625 464.2593078613281 0.7716703869047619 
16 1853.1398376464845 626.4097076416016 2072.851739501953 862.7035125732422 0.7255859375 2071.0977294921877 325.8605712890625 2336.4100830078123 458.516748046875 0.75 
17 1843.982159423828 623.9679412841797 2062.716204833984 846.8289947509766 0.71533203125 2070.494250488281 324.75633239746094 2334.625622558594 444.4409942626953 0.7452101934523809 
18 1854.2698120117188 618.0266265869141 2057.956262207031 837.3813934326172 0.7310035342261905 2067.4477294921876 323.3440933227539 2329.8896728515624 433.02147674560547 0.7393740699404762 
19 1859.3232849121093 616.9843444824219 2057.857501220703 831.0899963378906 0.6851981026785714 2071.182971191406 316.7873016357422 2328.109753417969 433.5721954345703 0.7356770833333334 
20 1857.7786437988282 603.1866271972656 2061.4255798339846 840.7747985839844 0.7557896205357143 2082.1673583984375 319.6183609008789 2327.2979736328125 425.21309051513674 0.7504417782738095 
21 1863.395928955078 617.65478515625 2066.3363708496095 843.1441650390625 0.7431175595238095 2077.8999877929687 321.7721923828125 2325.9381469726563 430.7587524414063 0.75634765625 
22 1883.161932373047 613.1956634521484 2066.5303283691405 852.6970977783203 0.7702752976190477 2077.3251342773438 326.48479614257815 2324.3108520507812 431.26666870117185 0.7470238095238095 
23 1891.812030029297 608.5792449951172 2065.997906494141 853.1807037353516 0.7812267485119048 2077.116247558594 327.05957946777346 2325.423547363281 441.94811096191404 0.7568591889880952 
24 1891.5189147949218 615.8201416015625 2068.2863830566407 855.1927978515625 0.7793201264880952 2082.5919921875 324.74871215820315 2321.9646484375 435.2283996582031 0.7622535342261905 
25 1891.5691711425782 625.0748474121094 2075.5605895996096 856.9037902832031 0.7741582961309523 2070.7483764648437 324.8860458374023 2320.9764770507813 435.28079376220705 0.7590448288690477 
26 1894.088311767578 623.6632080078125 2074.1518005371095 855.17333984375 0.7658110119047619 2066.5195922851562 326.2899765014648 2320.0783081054688 440.20767364501955 0.7624395461309523 
27 1893.9973083496093 617.4505157470703 2070.228399658203 852.4252777099609 0.7529296875 2071.922985839844 323.1672134399414 2321.583605957031 440.6545944213867 0.7681826636904762 
28 1896.4585510253905 631.5720764160156 2077.693182373047 853.4920104980469 0.7327938988095238 2064.74775390625 328.5659713745117 2316.25712890625 439.5259780883789 0.7551850818452381 
29 1902.2157897949219 626.2399963378906 2080.6793518066406 853.0374694824219 0.7442568824404762 2062.375439453125 326.51280517578124 2315.198779296875 449.206494140625 0.7621140252976191 
30 1898.2353515625 623.814892578125 2080.578125 858.255419921875 0.7559756324404762 2061.828662109375 327.5438949584961 2314.875439453125 450.3460891723633 0.76416015625 
31 1898.1939819335937 635.9183837890625 2083.851184082031 854.994091796875 0.7619512648809523 2056.5738159179687 333.72537689208986 2305.3546508789063 448.832942199707 0.7621605282738095 
32 1878.9869262695313 638.4650024414062 2083.348767089844 853.9739624023438 0.7576264880952381 2048.193005371094 331.9222442626953 2297.142687988281 454.53936462402345 0.7768089657738095 
33 1888.107928466797 642.0992370605469 2082.952252197266 851.9316467285156 0.7531622023809523 2049.2292602539064 335.8534729003906 2296.5317260742186 452.0106628417969 0.7648809523809523 
34 1889.041162109375 640.203402709961 2078.542822265625 852.4454620361328 0.7652529761904762 2052.45009765625 337.1462936401367 2291.222265625 447.0573501586914 0.7656482514880952 
35 1887.7340576171875 644.7126617431641 2083.3186767578127 858.4069061279297 0.7797386532738095 2040.691357421875 329.60422668457034 2286.982958984375 449.1281341552734 0.7744373139880952 
36 1892.8101135253905 657.8317718505859 2080.912908935547 853.1693878173828 0.7571149553571429 2045.2958129882813 330.7387359619141 2262.3377319335937 442.8769866943359 0.7216796875 
37 1888.4000122070313 644.0792083740234 2078.232067871094 855.4018096923828 0.7732514880952381 2028.3633178710938 330.8148391723633 2246.849328613281 463.3391830444336 0.7059849330357143 
38 1891.8827880859376 651.7328582763672 2078.3813720703124 852.5773834228515 0.7507207961309523 2005.5476135253907 336.3958740234375 2235.084100341797 472.6832275390625 0.7028227306547619 
39 1890.0121704101562 649.3473114013672 2078.836218261719 852.4224029541016 0.7596958705357143 2002.2378295898438 336.9240783691406 2216.001184082031 468.7447448730469 0.7017299107142857 
40 1893.0153564453126 649.50126953125 2073.8137451171874 855.115185546875 0.7800176711309523 1999.2309875488281 339.4441635131836 2204.8450622558594 467.06660919189454 0.7004045758928571 
41 1890.4927856445313 645.4731262207031 2071.273083496094 854.6111022949219 0.7546502976190477 1979.5196472167968 336.9469512939453 2192.2021545410157 478.7354217529297 0.7044038318452381 
42 1893.7770874023438 650.7875213623047 2078.7627075195314 853.9089508056641 0.7486049107142857 1974.9699768066407 352.6621826171875 2181.718377685547 479.6130859375 0.7201450892857143 
43 1889.8483520507812 649.5112426757812 2074.133825683594 855.0604125976563 0.7717633928571429 1959.0917175292968 367.0855987548828 2157.5529357910154 515.9315521240235 0.7236560639880952 
44 1889.1624633789063 636.9028167724609 2070.748913574219 860.3938751220703 0.7816452752976191 1943.4234985351563 367.61229553222654 2166.9146362304687 503.80213317871096 0.7288411458333334 
45 1893.1894165039062 639.9088470458985 2070.511511230469 862.4309356689453 0.7862723214285714 1930.2317321777343 388.36799774169924 2180.569171142578 496.15211334228513 0.7273763020833334 
46 1895.4391479492188 639.4550109863281 2064.8945922851562 860.7846130371094 0.8037574404761905 1933.0811889648437 389.1291259765625 2168.243762207031 520.5435424804688 0.7542085193452381 
47 1897.2250610351562 640.7357757568359 2066.869665527344 862.3123809814454 0.7935500372023809 1926.5200561523438 389.597802734375 2165.407434082031 548.8560546875 0.7583705357142857 
48 1900.3018005371093 636.2784973144531 2068.214923095703 859.0204528808594 0.7991768973214286 1928.9024597167968 410.76881408691406 2168.7783264160157 554.6943817138672 0.7591843377976191 
49 1900.1948608398438 634.9383178710938 2067.766320800781 860.6470092773437 0.7907133556547619 1928.73720703125 420.40980072021483 2168.12509765625 567.4624221801757 0.7650204613095238 
50 1901.609619140625 639.1050537109375 2065.99169921875 858.2810546875 0.8072219122023809 1930.5872741699218 424.67074432373045 2163.4616760253907 561.6558242797852 0.7532087053571429 
51 1903.5273498535157 637.9523529052734 2068.095574951172 853.9480987548828 0.7806687127976191 1929.9004516601562 427.3631561279297 2163.0387573242188 571.3602935791016 0.7507207961309523 
52 1896.8002075195313 639.8261596679688 2073.9915405273437 858.7098510742187 0.7845052083333334 1931.2762878417968 427.6239669799805 2157.1085998535154 563.1233779907227 0.7412341889880952 
53 1897.7376831054687 639.619906616211 2068.642932128906 852.3792999267578 0.8013392857142857 1928.4577941894531 428.47025299072266 2158.6563415527344 564.4967575073242 0.7645321800595238 
54 1889.7287902832031 642.0580810546875 2076.2618103027344 853.701318359375 0.7708565848214286 1929.3255981445313 425.9998840332031 2155.3177124023437 573.0739685058594 0.7457449776785714 
55 1891.2906005859375 641.6457946777343 2074.0770751953123 856.0681945800782 0.78662109375 1931.57939453125 427.62900390625 2163.57734375 575.2640625 0.7468145461309523 
56 1892.6136901855468 642.2522094726562 2070.5656311035154 855.7946655273438 0.7998511904761905 1931.4893798828125 431.0369049072266 2152.1497802734375 576.9575408935547 0.7569986979166666 
57 1889.482110595703 640.9540649414063 2068.7838806152345 856.1161254882812 0.7924339657738095 1931.4111267089843 428.5505096435547 2153.745245361328 571.991909790039 0.7505115327380952 
58 1888.8241577148438 645.957861328125 2074.0598754882812 849.35390625 0.7790178571428571 1929.7549377441405 429.57029724121094 2147.679022216797 571.2210235595703 0.7334914434523809 
59 1886.7949645996093 639.3567779541015 2070.742266845703 856.4146453857422 0.7902948288690477 1927.4048156738281 430.3642272949219 2151.8206481933594 570.1642150878906 0.7495582217261905 
60 1886.58056640625 648.6599029541015 2077.4482421875 854.2097869873047 0.7739025297619048 1927.9447448730468 432.80428619384764 2151.8473693847654 575.9550827026367 0.7584635416666666 
61 1887.0997802734375 648.6363739013672 2078.8567626953127 855.1439605712891 0.7923874627976191 1924.5435119628905 429.36387786865237 2160.552069091797 569.4940628051758 0.7685314360119048 
62 1887.5867309570312 647.3428344726562 2080.4364624023438 851.3184204101562 0.7882952008928571 1922.8189514160156 425.1092987060547 2156.4636413574217 577.1638336181641 0.7550920758928571 
63 1892.80791015625 647.8662780761719 2085.3234375 855.1907287597656 0.7849469866071429 1924.703839111328 429.72007751464844 2161.646136474609 577.8089141845703 0.75537109375 
64 1894.9005065917968 653.4967681884766 2085.4169982910157 847.7487762451171 0.7858537946428571 1923.779638671875 432.0896911621094 2162.859033203125 577.7787170410156 0.7751348586309523 
65 1891.3990356445313 654.3580474853516 2092.955212402344 852.1815643310547 0.7918061755952381 1926.8580505371094 421.64978485107423 2169.4716613769533 570.950587463379 0.7727632068452381 
66 1891.2664916992187 661.070834350586 2092.367541503906 854.7237823486328 0.7799479166666666 1930.3694763183594 426.0231903076172 2164.987579345703 571.2628814697266 0.7752743675595238 
67 1889.2556518554688 656.5151336669921 2095.420861816406 851.2268707275391 0.7620442708333334 1928.462225341797 419.6599411010742 2176.6243225097655 580.0107437133789 0.7744838169642857 
68 1892.8001037597655 657.0396240234375 2090.925848388672 855.1652099609375 0.7648577008928571 1933.6330444335938 415.78074035644534 2176.6171997070314 561.5712493896484 0.7643461681547619 
69 1888.2874267578125 653.3271759033203 2086.7081787109373 859.235385131836 0.7793666294642857 1940.7004272460938 412.5729782104492 2184.0463989257814 558.5806167602539 0.7595563616071429 
70 1890.7376281738282 656.8000549316406 2089.6650817871096 863.2342468261719 0.7686011904761905 1943.2845886230468 398.39634094238284 2187.2521545410154 567.2970794677734 0.7774832589285714 
71 1891.0877685546875 654.9419891357422 2093.2447509765625 864.5862701416015 0.7650902157738095 1943.066912841797 404.6934280395508 2193.891217041016 561.9266586303711 0.7576962425595238 
72 1889.174090576172 653.4114135742187 2092.949566650391 864.7340942382813 0.7591843377976191 1944.9075988769532 411.1740417480469 2193.9663024902343 558.3452453613281 0.7585797991071429 
73 1896.3280700683595 658.6223449707031 2092.982110595703 859.0583190917969 0.78271484375 1948.8369934082032 423.7137481689453 2194.6545837402346 567.4225433349609 0.7700660342261905 
74 1891.434716796875 656.9289367675781 2093.542822265625 859.0368835449219 0.7697405133928571 1947.7551696777343 422.5541198730469 2195.623370361328 571.2751037597657 0.7700427827380952 
75 1892.658868408203 657.6147430419921 2092.9713806152345 861.7067291259766 0.7730887276785714 1941.7922119140626 422.41466217041017 2195.0173583984374 573.5939743041993 0.7686941964285714 
76 1891.400323486328 654.4043121337891 2090.2528747558595 860.7606658935547 0.7794363839285714 1943.0615600585938 423.80476531982424 2194.441125488281 577.6339859008789 0.7629510788690477 
77 1889.365008544922 664.7457000732422 2095.247906494141 863.1419342041015 0.7377232142857143 1944.219140625 415.6705718994141 2198.765234375 576.6335662841797 0.7488839285714286 
78 1887.194873046875 648.8434692382813 2089.600048828125 858.7449096679687 0.7825753348214286 1945.0042907714844 424.6697937011719 2196.1364562988283 578.3476623535156 0.7565336681547619 
79 1881.3052062988281 655.1143035888672 2092.7654724121094 862.8647613525391 0.7789015997023809 1945.5137573242187 428.81466217041014 2194.0724243164063 569.7882125854492 0.7538597470238095 
80 1880.4554565429687 648.8535766601562 2091.255725097656 863.3519897460938 0.7973400297619048 1944.4636474609374 426.10523681640626 2192.2463134765626 574.0351440429688 0.7538597470238095 
81 1885.7369873046875 669.0637420654297 2089.7068603515627 861.9079986572266 0.7454427083333334 1946.6427978515626 428.8641693115234 2191.4065185546874 577.2059600830078 0.7617652529761905 
82 1879.4852478027344 656.4124816894531 2090.7287414550783 860.2441345214844 0.7842494419642857 1947.761651611328 435.19102783203124 2184.9476989746095 579.7262084960937 0.7584170386904762 
83 1884.353076171875 657.0048217773438 2088.186474609375 857.1321411132812 0.7862025669642857 1946.0731994628907 438.2046234130859 2183.261151123047 582.7409942626953 0.7810639880952381 
84 1883.8999084472657 655.3878845214844 2094.831414794922 866.3193908691406 0.78662109375 1950.0828430175782 444.74109802246096 2179.5171325683596 581.6615509033203 0.7752511160714286 
85 1879.0610107421876 660.2406127929687 2094.3716064453124 860.7021362304688 0.7856677827380952 1948.308740234375 450.49846801757815 2182.180517578125 587.8517517089844 0.779296875 
86 1883.694091796875 666.2545227050781 2098.384521484375 862.4372497558594 0.7859235491071429 1949.8949951171876 450.5674087524414 2183.0932861328124 591.2267501831054 0.7850167410714286 
87 1883.410662841797 656.9232360839844 2086.729107666016 860.2416809082031 0.7997116815476191 1951.088641357422 457.4436065673828 2183.980816650391 590.5248382568359 0.7722284226190477 
88 1882.016534423828 653.8504913330078 2085.1156677246095 856.9498626708985 0.7850167410714286 1949.1954284667968 453.3076507568359 2185.5293029785157 597.3235137939453 0.7718098958333334 
89 1887.3061401367188 657.4657470703125 2082.7463500976564 852.90595703125 0.7855282738095238 1951.5546630859376 453.9413146972656 2180.1826416015624 594.0682067871094 0.7618815104166666 
90 1884.4238525390624 653.9700073242187 2084.1357177734376 857.3803344726563 0.7758556547619048 1951.7057739257812 457.2452087402344 2184.703161621094 590.3865051269531 0.7613932291666666 
91 1880.7168823242187 653.0695434570313 2091.9259399414063 864.2786010742187 0.7919689360119048 1948.9822204589843 453.5467834472656 2186.129229736328 590.6474304199219 0.7732514880952381 
92 1883.955517578125 659.8554992675781 2091.907275390625 860.3803405761719 0.7732514880952381 1952.3682189941405 452.47505340576174 2186.313787841797 593.5851577758789 0.7716703869047619 
93 1884.94365234375 652.9278106689453 2092.34443359375 864.0322113037109 0.7931082589285714 1949.8988830566407 453.50406646728516 2186.928143310547 590.5366744995117 0.7685314360119048 
94 1888.7164245605468 656.0312896728516 2089.0971740722657 863.8336395263672 0.7812267485119048 1950.5147888183594 452.5105484008789 2184.2924621582033 593.5193283081055 0.7687872023809523 
95 1887.7078857421875 653.1634399414063 2085.6246337890625 858.5488403320312 0.7845982142857143 1956.0739807128907 454.52844085693357 2183.864862060547 588.9625564575196 0.7604631696428571 
96 1887.038836669922 652.9691131591796 2088.783062744141 862.1852447509766 0.78466796875 1951.700506591797 451.36865692138673 2190.8044982910155 589.600733947754 0.7779947916666666 
97 1889.4490661621094 652.7028015136718 2085.530548095703 860.0967590332032 0.7907831101190477 1952.2473571777343 455.0259521484375 2182.265948486328 590.77470703125 0.7738327752976191 
98 1887.344775390625 651.6482360839843 2088.391552734375 860.2815734863282 0.7697172619047619 1950.0806518554687 455.7079833984375 2189.0607055664063 592.26796875 0.763671875 
99 1887.406298828125 654.1971405029296 2092.014111328125 858.8048736572266 0.7633463541666666 1952.1442504882812 450.48035736083983 2187.636267089844 593.3197219848632 0.7752976190476191 
100 1888.5637512207031 644.2899291992187 2085.9639587402344 853.3017456054688 0.7588588169642857 1953.0240661621094 462.2233856201172 2185.2592590332033 597.6940338134766 0.7658807663690477 
101 1887.2662170410156 646.6035949707032 2099.7732116699217 855.0239685058593 0.7247721354166666 1954.067694091797 462.86036071777346 2187.0081115722655 601.8073028564453 0.7722749255952381 
102 1897.1654296875 647.9504547119141 2098.8609375 849.6460418701172 0.7362583705357143 1951.9335144042968 462.54565887451173 2189.9342834472654 603.732569885254 0.7834123883928571 
103 1894.595196533203 644.1531341552734 2086.976947021484 844.3873321533204 0.7437220982142857 1949.56142578125 461.13360595703125 2189.0572265625 598.5492553710938 0.7654622395833334 
104 1889.9690856933594 645.023583984375 2096.048126220703 847.214208984375 0.7314685639880952 1955.6211547851562 454.34817962646486 2188.9181518554688 598.2145950317383 0.7742280505952381 
105 1885.5787109375 638.8700408935547 2089.44130859375 846.5792388916016 0.7359561011904762 1942.8317565917969 457.93817749023435 2189.0057678222656 592.5645080566406 0.7404668898809523 
106 1887.8138000488282 641.2195587158203 2095.0376403808596 852.4286956787109 0.7370256696428571 1948.9693298339844 454.99375610351564 2184.088897705078 606.4267761230469 0.7649042038690477 
107 1900.6139221191406 635.1649658203125 2086.350311279297 850.6193359375 0.7463030133928571 1952.1914611816405 452.28587646484374 2186.219549560547 593.4456909179687 0.7381649925595238 
108 1903.7158752441405 633.4646789550782 2085.293280029297 849.0880554199218 0.7662992931547619 1952.020068359375 453.92405853271487 2194.123486328125 586.3243850708008 0.7453031994047619 
109 1907.3605041503906 622.7868804931641 2085.371795654297 853.8229217529297 0.7730422247023809 1952.81025390625 456.4292755126953 2191.42119140625 588.9909515380859 0.7535342261904762 
110 1914.0809387207032 639.4694122314453 2085.6728454589843 849.1928802490235 0.7687174479166666 1953.0924499511718 455.1180358886719 2193.3212463378904 584.7652648925781 0.7456287202380952 
111 1911.86787109375 639.1134490966797 2087.80205078125 849.4696197509766 0.7665783110119048 1950.9971069335938 460.0901214599609 2195.775109863281 590.1284454345703 0.7389090401785714 
112 1913.3031799316407 632.4263671875 2088.004803466797 852.7024169921875 0.7743210565476191 1958.4393310546875 448.81434173583983 2197.7047119140625 589.3352249145507 0.7639508928571429 
113 1909.431817626953 632.1645751953125 2091.8248962402345 856.3561767578125 0.7682989211309523 1958.3914855957032 459.4171112060547 2197.7827087402343 584.8124420166016 0.7370489211309523 
114 1910.4746337890624 625.0050720214844 2093.0859130859376 860.8781066894531 0.7692754836309523 1956.1274841308593 459.2208526611328 2199.609454345703 584.766146850586 0.7362816220238095 
115 1914.4183227539063 634.8668823242188 2094.144909667969 856.6571655273438 0.7652064732142857 1953.5404418945313 456.3168350219727 2202.0984741210937 593.9797653198242 0.7395833333333334 
116 1916.8297912597657 625.1797637939453 2095.904949951172 857.5964202880859 0.7526506696428571 1952.8792724609375 461.6382141113281 2200.5362548828125 587.3717956542969 0.7358630952380952 
117 1913.135516357422 624.1113494873047 2089.254254150391 856.4380279541016 0.7650669642857143 1958.1020263671876 463.702197265625 2194.1758056640624 587.3599365234375 0.7417224702380952 
118 1908.152899169922 623.4777862548829 2097.7388244628905 865.1071136474609 0.7634626116071429 1952.7613647460937 458.1976654052734 2201.825305175781 595.7405059814453 0.7374674479166666 
119 1911.6755859375 634.0498474121093 2090.73408203125 857.8731262207032 0.7621372767857143 1958.4488403320313 454.1303421020508 2204.654431152344 595.8851303100586 0.7523251488095238 
120 1914.3196228027343 628.5456909179687 2084.105303955078 852.3542114257813 0.7749488467261905 1959.7343383789062 455.1979721069336 2198.977819824219 586.3960525512696 0.7507440476190477 
121 1912.7143615722657 635.0829162597656 2092.815301513672 853.5033874511719 0.7667410714285714 1955.3077087402344 456.1608459472656 2200.551788330078 590.2787292480468 0.7465355282738095 
122 1915.7677856445312 637.3886840820312 2086.024938964844 854.0795776367188 0.7629278273809523 1954.4626159667969 459.6902420043945 2202.1092834472656 591.2525985717773 0.7490001860119048 
123 1915.8243103027344 644.5171997070313 2085.734405517578 853.0431030273437 0.7773670014880952 1957.856201171875 460.79463348388674 2201.136474609375 588.2271255493164 0.75634765625 
124 1912.8492065429687 638.1970825195312 2088.7462524414063 856.1565551757812 0.7632765997023809 1958.7353515625 460.0939254760742 2195.81396484375 590.1048355102539 0.7443266369047619 
125 1916.5977416992187 643.91474609375 2085.4996704101563 854.104052734375 0.7667875744047619 1956.585626220703 445.4187316894531 2204.3087829589845 599.3073425292969 0.7650669642857143 
126 1911.1441223144532 636.6031036376953 2087.6453063964846 858.1684417724609 0.7648809523809523 1956.208233642578 455.91319885253904 2192.795062255859 591.1056610107422 0.7483258928571429 
127 1918.8574951171875 636.9780181884765 2086.5048095703123 860.5076385498047 0.76416015625 1962.7036743164062 451.9929595947266 2197.4098510742188 589.8362030029297 0.7560453869047619 
128 1911.0564025878907 635.1350952148438 2093.106072998047 862.6973022460937 0.7664155505952381 1963.7165771484374 460.23304443359376 2195.0715087890626 585.3923217773438 0.7536272321428571 
129 1915.13095703125 641.7194122314453 2084.83681640625 853.8518157958985 0.7582310267857143 1960.5242980957032 458.2174758911133 2199.6552673339843 589.3539047241211 0.7498837425595238 
130 1913.736376953125 640.4067840576172 2089.360791015625 860.8715972900391 0.7623930431547619 1954.8399230957032 458.1712020874023 2197.7248962402346 588.9554153442383 0.7523484002976191 
131 1915.035693359375 640.5878936767579 2086.711865234375 860.7811859130859 0.7702520461309523 1959.3901123046876 458.14612274169923 2194.5117431640624 592.501368713379 0.7623697916666666 
132 1914.6637634277345 641.261441040039 2089.189874267578 856.6340057373047 0.7635091145833334 1959.2236877441405 456.45236053466795 2193.162908935547 590.1318984985352 0.7566034226190477 
133 1917.1584899902343 641.1721221923829 2090.905108642578 862.9761322021484 0.7707170758928571 1957.8225952148437 458.0415786743164 2198.1102661132813 591.124040222168 0.7514415922619048 
134 1915.9009338378905 640.7276977539062 2091.371893310547 857.2665649414063 0.7665085565476191 1960.7020446777344 458.2204223632813 2195.9079406738283 588.8904174804687 0.7484421502976191 
135 1912.8582885742187 637.5068054199219 2089.006701660156 854.8815002441406 0.7596726190476191 1957.3999572753905 457.17809143066404 2197.261541748047 588.3524871826172 0.7438151041666666 
136 1919.9094116210938 651.2542938232422 2091.0507934570314 855.8798004150391 0.7567661830357143 1957.9727111816405 462.79846343994143 2196.082342529297 589.2942794799804 0.7518136160714286 
137 1917.0274047851562 647.3851654052735 2088.3331909179688 855.9313018798828 0.7574869791666666 1961.2861755371093 458.3186401367187 2195.900469970703 592.3839965820313 0.7507905505952381 
138 1914.2919494628907 637.5013275146484 2087.914471435547 862.8411407470703 0.7601143973214286 1957.7686401367187 464.3051162719727 2197.8849243164063 589.9043258666992 0.7435593377976191 
139 1917.8995727539063 641.2990600585938 2086.8770385742187 861.7046020507812 0.759765625 1961.13291015625 462.5728164672852 2196.23232421875 591.1427291870117 0.7495349702380952 
140 1914.6385986328125 644.1526611328125 2087.7207763671877 861.4259521484375 0.7557198660714286 1957.5549682617188 461.7224807739258 2200.606408691406 590.6134262084961 0.7444893973214286 
141 1915.259619140625 643.9584716796875 2088.221826171875 861.0813232421875 0.7586728050595238 1955.3154846191405 461.2299118041992 2198.198553466797 593.7116470336914 0.7501627604166666 
142 1915.4991882324218 636.5489685058594 2087.4970275878904 860.8940246582031 0.7644391741071429 1959.5053649902343 456.64144134521484 2198.806768798828 594.9876174926758 0.7642531622023809 
143 1912.382391357422 637.7975524902344 2086.8799377441405 856.8477111816406 0.7689964657738095 1959.3624328613282 458.7304382324219 2196.9763122558593 596.1008605957031 0.7693684895833334 
144 1915.2101989746093 641.6137084960938 2088.229376220703 858.8082885742188 0.7618117559523809 1958.5357788085937 458.4000747680664 2197.817980957031 594.606852722168 0.7522088913690477 
145 1918.5528991699218 641.4246520996094 2087.4467346191404 861.7208557128906 0.7650204613095238 1961.3412658691407 456.2911117553711 2199.995526123047 592.1404373168946 0.7594633556547619 
146 1912.3193420410157 638.1195068359375 2086.523309326172 856.801025390625 0.7652762276785714 1959.64814453125 459.78149261474607 2193.15556640625 593.2142654418946 0.7588355654761905 
147 1912.388934326172 641.1296417236329 2085.835308837891 858.8600433349609 0.7656017485119048 1959.0861206054688 460.7284240722656 2195.2681274414062 593.5809020996094 0.7578590029761905 
148 1912.5486877441406 634.8984191894531 2086.4809753417967 856.9395935058594 0.7698567708333334 1959.3765686035156 456.4115249633789 2196.2204772949217 597.0375411987304 0.7598353794642857 
149 1912.5814636230468 637.3555511474609 2086.2804748535154 859.0990997314453 0.7722284226190477 1959.3465393066406 456.6913589477539 2195.8730651855467 593.4332443237305 0.7616722470238095 
150 1912.0143310546875 636.3750823974609 2090.4983642578127 859.4802032470703 0.7815290178571429 1956.635400390625 457.89092712402345 2194.614111328125 591.7540313720704 0.7723446800595238 
151 1915.810986328125 644.0960754394531 2088.038134765625 860.2961364746094 0.7652297247023809 1958.938214111328 455.66085052490234 2197.124652099609 594.9083938598633 0.7520926339285714 
152 1915.4460327148438 636.6737335205078 2085.8256958007814 858.9081146240235 0.7815522693452381 1959.465576171875 458.8861770629883 2192.811767578125 592.2268295288086 0.7646019345238095 
153 1915.9292297363281 625.5151916503906 2088.1038513183594 865.0625671386719 0.7804129464285714 1959.5487731933595 455.7879211425781 2202.839044189453 594.2761657714843 0.7685081845238095 
154 1913.037774658203 633.244351196289 2087.9152282714845 863.9338104248047 0.7753441220238095 1956.8287536621094 458.3668273925781 2198.6806457519533 592.3155456542969 0.7636486235119048 
155 1913.0050659179688 635.2783569335937 2086.6436157226562 856.9445434570313 0.7729027157738095 1963.0221130371094 457.0929183959961 2195.7714660644533 597.4814529418945 0.7612537202380952 
156 1912.742938232422 633.7098327636719 2088.011090087891 861.1855529785156 0.7743443080357143 1956.631658935547 460.44969177246094 2199.0237365722655 598.4267120361328 0.7552083333333334 
157 1916.1181579589843 645.0938171386719 2086.160284423828 855.7983947753906 0.7712286086309523 1963.3204223632813 456.9951995849609 2192.507946777344 597.4649444580078 0.7630905877976191 
158 1912.73984375 630.7164916992188 2088.3236328125 862.3377075195312 0.7715541294642857 1956.7076293945313 457.144352722168 2199.536267089844 599.1056777954102 0.7462100074404762 
159 1918.5679077148438 644.5059783935546 2089.325891113281 859.8095123291016 0.7639043898809523 1959.829638671875 458.8995529174805 2193.693798828125 599.9604629516601 0.7610444568452381 
160 1915.2410278320312 629.5007873535156 2091.9613647460938 862.6211608886719 0.7746000744047619 1957.034979248047 458.13135528564453 2197.6751037597655 597.2515487670898 0.7529994419642857 
161 1919.3555114746093 639.0422790527343 2090.855059814453 856.2751037597657 0.7646949404761905 1961.7174072265625 457.28198699951173 2198.0057373046875 598.2927505493165 0.7637648809523809 
162 1922.1569030761718 638.6007781982422 2090.3524963378904 856.490347290039 0.7633463541666666 1961.2653442382812 456.29102325439453 2198.268103027344 597.7281112670898 0.7566731770833334 
163 1915.6634887695313 644.8447387695312 2085.8279663085937 855.7005493164063 0.7687174479166666 1959.627423095703 459.8835189819336 2192.678607177734 596.7548171997071 0.7646484375 
164 1912.1437072753906 637.0828887939454 2087.241424560547 860.6118743896484 0.7627650669642857 1959.7152587890625 457.8298843383789 2194.4204833984377 595.672770690918 0.7505580357142857 
165 1915.8393798828124 642.1374114990234 2088.7577880859376 855.5258575439453 0.7751813616071429 1962.3944091796875 458.1818023681641 2197.8575439453125 597.9880584716797 0.7595098586309523 
166 1912.9289611816407 636.9952880859375 2087.539178466797 859.901806640625 0.7766229538690477 1957.0815979003905 461.52784729003906 2194.848455810547 595.2717742919922 0.7577892485119048 
167 1918.6316711425782 644.0957794189453 2087.9219177246096 861.2288665771484 0.7712053571428571 1958.689471435547 457.67843170166014 2197.903912353516 597.5268600463867 0.7606026785714286 
168 1920.8059936523437 642.1601745605469 2090.6981567382813 857.3566711425781 0.7756231398809523 1958.995428466797 459.19958038330077 2200.6194396972655 598.888523864746 0.7731119791666666 
169 1920.382568359375 642.9551544189453 2091.826416015625 859.1233978271484 0.7722051711309523 1958.5130187988282 457.0332946777344 2197.0434997558596 594.9337463378906 0.7567894345238095 
170 1917.4677429199219 643.4604400634765 2092.0274963378906 858.8745819091797 0.7746698288690477 1955.89384765625 461.47270050048826 2193.5919921875 595.1780258178711 0.7478143601190477 
171 1921.0951721191407 636.0102416992188 2090.356854248047 857.9312866210937 0.7707403273809523 1959.1428955078125 460.38304748535154 2199.8707763671873 599.5539031982422 0.7589285714285714 
172 1919.4013732910157 635.9097473144532 2088.889031982422 858.1267517089843 0.7706008184523809 1961.2662963867188 460.0483139038086 2194.7822875976562 599.4047195434571 0.7553943452380952 
173 1910.2614990234374 631.5291015625 2087.3884033203126 860.318310546875 0.7742280505952381 1961.0719482421875 463.769287109375 2189.8611572265627 596.6146240234375 0.7561616443452381 
174 1912.078839111328 641.7504699707031 2094.780413818359 860.9923278808594 0.77099609375 1958.3163513183595 456.65976867675784 2203.136407470703 599.1669525146484 0.7616489955357143 
175 1910.3935913085938 634.7384643554688 2091.352258300781 860.0136108398438 0.7778552827380952 1957.9768798828125 459.88744354248047 2194.3312255859373 600.2228164672852 0.7541387648809523 
176 1911.3154235839843 633.8560455322265 2090.009405517578 860.9463836669922 0.7744373139880952 1951.8365173339844 457.1665267944336 2201.263702392578 602.3554763793945 0.7636021205357143 
177 1907.4420959472657 631.9461547851563 2091.144696044922 859.7371948242187 0.7671363467261905 1958.0308837890625 458.8418228149414 2193.1702880859375 594.7816818237304 0.7413039434523809 
178 1908.876776123047 637.9143646240234 2089.3411193847655 858.8911163330079 0.7664388020833334 1952.6470581054687 461.13304290771487 2195.7213500976563 593.7190383911133 0.7543712797619048 
179 1900.0179565429687 637.9084625244141 2091.077014160156 858.3613739013672 0.7541852678571429 1956.2617614746093 452.64320678710936 2198.759844970703 588.5892150878906 0.7554873511904762 
180 1897.456072998047 634.4414886474609 2089.031353759766 862.8580108642578 0.7780645461309523 1959.5196716308594 445.1334533691406 2202.6728332519533 570.3941345214844 0.7637648809523809 
181 1892.4623718261719 641.8550994873046 2086.1920471191406 861.1719390869141 0.7875744047619048 1964.8650390625 431.8170883178711 2213.4240234375 570.7177322387695 0.7697405133928571 
182 1893.2936645507812 639.0734680175781 2086.630895996094 861.5938903808594 0.7872953869047619 1974.388720703125 414.58880920410155 2218.796337890625 564.1517303466796 0.7567429315476191 
183 1893.4708679199218 641.1696594238281 2088.9106018066404 862.4221374511719 0.7670433407738095 1987.2194702148438 392.68607330322266 2230.5971801757814 554.9379196166992 0.7687872023809523 
184 1893.257342529297 636.6490753173828 2088.114361572266 865.2311126708985 0.7769252232142857 1993.8565795898437 387.8895202636719 2241.174914550781 549.0211242675781 0.7933640252976191 
185 1892.2248107910157 629.4337799072266 2084.890301513672 865.7215545654296 0.7815057663690477 2003.377947998047 377.7663314819336 2250.571392822266 541.3501541137696 0.7694614955357143 
186 1890.74404296875 641.0372863769531 2089.76083984375 863.0175231933594 0.7742978050595238 2012.0382934570312 381.0790740966797 2256.981970214844 534.168911743164 0.7902483258928571 
187 1894.2829162597657 629.9660949707031 2087.265789794922 863.0020446777344 0.7766462053571429 2017.2430236816406 381.10485076904297 2261.2026550292967 537.6759414672852 0.7757161458333334 
188 1901.2390563964843 631.3195861816406 2084.621417236328 861.4464050292969 0.7699497767857143 2018.2385192871093 373.6716842651367 2266.344122314453 535.4795913696289 0.7684616815476191 
189 1903.6043762207032 618.6204498291015 2087.0664001464843 859.6391326904297 0.7548828125 2017.4725219726563 375.9414657592773 2269.283093261719 537.8196731567383 0.7844819568452381 
190 1918.3466918945312 626.4982879638671 2087.7697631835936 851.1677886962891 0.7722516741071429 2017.082293701172 376.3303680419922 2263.850445556641 534.7039947509766 0.7990373883928571 
191 1920.5226745605469 618.9435577392578 2084.4754943847656 843.4875335693359 0.7506045386904762 2011.6837585449218 377.67539367675784 2264.7411682128904 530.9355072021484 0.7792736235119048 
192 1921.9712280273438 617.8295135498047 2086.654504394531 841.0666656494141 0.7425362723214286 2011.2098693847656 384.1764770507813 2256.404754638672 534.2211059570312 0.7874116443452381 
193 1921.3663452148437 610.1342864990235 2082.572375488281 835.0729278564453 0.7524879092261905 2003.6995971679687 388.0794738769531 2251.132189941406 538.0385681152344 0.78369140625 
194 1918.1669006347656 614.6725463867188 2084.733367919922 836.7611694335938 0.73583984375 2000.3112365722657 389.30957489013673 2244.608563232422 541.0700942993165 0.7835751488095238 
195 1912.6641540527344 611.6521881103515 2079.914581298828 832.1187469482422 0.7271205357142857 1984.4474609375 394.84051513671875 2239.12431640625 543.0852661132812 0.7663690476190477 
196 1909.075372314453 623.10654296875 2079.3444274902345 837.7934814453125 0.71630859375 1984.6713562011719 383.3632843017578 2240.0748596191406 553.6322601318359 0.7735072544642857 
197 1893.6739990234375 616.1005950927735 2078.8357666015627 837.5686553955078 0.7228655133928571 1977.4576110839844 393.7947799682617 2235.231964111328 557.1727798461914 0.7560453869047619 
198 1896.8437622070312 622.9014129638672 2078.8034545898436 837.6136627197266 0.7564639136904762 1978.8655395507812 396.8516845703125 2226.3305053710938 556.97607421875 0.7627418154761905 
199 1896.737646484375 628.962026977539 2082.236474609375 839.9217010498047 0.7503720238095238 1982.3525634765624 397.43809509277344 2226.0473388671876 553.8391876220703 0.7684616815476191 
200 1901.807598876953 632.2221649169921 2083.391986083984 842.8601715087891 0.7482328869047619 1981.2856872558593 401.47022399902346 2224.608966064453 554.0011505126953 0.7547898065476191 
201 1908.3745849609375 625.9692565917969 2079.3925048828123 837.0127990722656 0.7430478050595238 1983.9472106933595 390.714453125 2227.738946533203 554.4551025390625 0.7601376488095238 
202 1907.8045593261718 618.9014404296875 2080.3254455566407 835.4701416015625 0.7481863839285714 1984.041326904297 394.1443099975586 2229.9753967285155 551.982551574707 0.7646019345238095 
203 1910.6520690917969 616.1971313476563 2081.2762756347656 837.6452758789062 0.7327241443452381 1986.050604248047 397.5414184570312 2229.2805725097655 553.6442504882813 0.7635788690476191 
204 1911.0746154785156 621.3455444335938 2080.434051513672 830.3424438476562 0.7166806175595238 1988.27041015625 393.50004425048826 2233.3013671875 559.2562728881836 0.7711356026785714 
205 1913.9882751464843 615.6587615966797 2079.364874267578 827.7719635009765 0.7124953497023809 1987.8268920898438 400.64173583984376 2232.2963989257814 558.8278686523438 0.7716471354166666 
206 1914.4579467773438 613.3110809326172 2086.3381958007812 829.0754547119141 0.7207496279761905 1987.1765747070312 401.48504638671875 2235.8539428710938 551.4230346679688 0.7712983630952381 
207 1907.98603515625 602.5656555175781 2086.87822265625 820.8141052246094 0.7027762276785714 1988.2122375488282 397.25247955322266 2235.0835388183596 558.2554244995117 0.7733909970238095 
208 1905.2946533203126 596.996939086914 2089.7429443359374 821.2279754638672 0.7194242931547619 1989.5899719238282 395.85670318603513 2239.1374450683593 554.9883590698242 0.7476050967261905 
209 1898.2051025390624 597.8541076660156 2092.0326904296876 823.9863464355469 0.7190057663690477 1988.6304992675782 398.22820739746095 2236.2990661621093 559.7512237548829 0.7702752976190477 
210 1899.3214233398437 607.8347381591797 2095.280871582031 825.1714263916016 0.6990559895833334 1989.0789428710937 391.5942718505859 2238.4818481445313 559.0504425048828 0.7487909226190477 
211 1905.4528869628907 596.349740600586 2091.292108154297 825.0747589111328 0.7164481026785714 1985.1767883300781 394.84082183837893 2242.4925231933594 559.2369064331054 0.7427920386904762 
212 1911.6177124023438 601.5259490966797 2097.445031738281 830.236685180664 0.7112397693452381 1986.66337890625 397.28069763183595 2236.815625 561.6665069580079 0.7475818452380952 
213 1898.7872924804688 614.9757873535157 2098.1401977539062 825.0084655761718 0.6915690104166666 1985.3195495605469 395.76951904296874 2241.6307678222656 559.5238159179687 0.7466750372023809 
214 1903.8760009765624 612.0843963623047 2092.2446044921876 825.3319244384766 0.7014973958333334 1989.858544921875 393.2322967529297 2238.647314453125 560.2761871337891 0.7485584077380952 
215 1904.9127014160156 618.6377868652344 2092.2766296386717 823.6773986816406 0.7027994791666666 1990.4364624023438 397.8258392333984 2237.8982543945312 560.4435089111328 0.7482328869047619 
216 1907.5431030273437 623.1059814453125 2091.302355957031 817.4667724609375 0.6808965773809523 1993.0346923828124 398.4356994628906 2236.8691162109376 560.9920349121094 0.7494884672619048 
217 1900.0721862792968 622.4419830322265 2097.1305725097654 826.5379364013672 0.6842912946428571 1985.6085021972656 396.82657318115236 2238.9690124511717 562.2147171020508 0.7607421875 
218 1904.9484375 618.5745910644531 2098.68779296875 829.9266296386719 0.6943359375 1987.4570556640624 393.13232879638673 2241.0795654296876 562.214015197754 0.7676478794642857 
219 1910.2443786621093 615.4040740966797 2096.993536376953 826.8183990478516 0.7116815476190477 1989.6601928710938 396.12948150634764 2239.833703613281 558.2137496948242 0.7546968005952381 
220 1910.3796630859374 612.5307098388672 2097.1359619140626 827.4765533447265 0.7243071056547619 1989.7983947753905 390.13087005615233 2239.981268310547 559.2685745239257 0.7644159226190477 
221 1913.2924438476562 614.8105407714844 2096.206823730469 829.3830627441406 0.7048921130952381 1992.9792602539062 390.49703521728514 2235.6923706054686 555.8233688354492 0.7575102306547619 
222 1913.2760925292969 612.0502502441407 2093.3392639160156 827.4197204589843 0.7181454613095238 1992.4440612792969 395.86603393554685 2239.5892639160156 554.7451721191406 0.7568824404761905 
223 1921.8603088378907 605.3648834228516 2092.264569091797 825.4702606201172 0.7122395833333334 1989.7215759277344 406.42346954345703 2234.6774719238283 551.9770126342773 0.7625093005952381 
224 1917.910888671875 609.4231994628906 2096.146728515625 834.0002624511719 0.7174711681547619 1989.616455078125 394.30636444091795 2235.581787109375 558.2832656860352 0.7782738095238095 
225 1925.6893920898438 604.250439453125 2089.8381958007812 829.0631591796875 0.7260974702380952 1993.9017395019532 391.6528747558594 2232.9882751464843 555.8018371582032 0.7672061011904762 
226 1915.0671875 612.8715179443359 2093.37666015625 833.9752227783204 0.7258417038690477 1989.545654296875 398.0772979736328 2235.612548828125 554.989535522461 0.7749255952380952 
227 1916.0277404785156 612.7290161132812 2098.247528076172 830.6783325195313 0.7145879836309523 1988.310986328125 393.5428634643555 2234.843798828125 557.8980850219726 0.7671363467261905 
228 1928.099267578125 607.1211791992188 2089.087255859375 826.6504272460937 0.6768043154761905 1981.8557006835938 394.7688980102539 2237.9731567382814 552.0981369018555 0.7517438616071429 
229 1928.7072631835938 601.9094451904297 2090.8984497070314 834.1377349853516 0.6855701264880952 1983.2909057617187 405.1250686645508 2237.636096191406 548.8853988647461 0.7516973586309523 
230 1921.0022277832031 604.2056823730469 2092.1548767089844 826.3398498535156 0.6695265997023809 1980.947735595703 396.4975952148437 2239.497454833984 549.4424682617188 0.7436290922619048 
231 1932.05419921875 599.9661529541015 2092.84033203125 830.1827117919922 0.6815476190476191 1982.9323120117188 401.6538513183594 2238.7285766601562 547.8230773925782 0.7243303571428571 
232 1915.1684020996095 603.2670654296875 2088.469415283203 819.893212890625 0.6471819196428571 1986.127423095703 399.69410552978513 2242.468157958984 551.3323532104492 0.7493722098214286 
233 1923.4437683105468 604.5612274169922 2094.2419006347654 829.8696197509765 0.6823381696428571 1983.6843017578126 400.9170852661133 2238.0647216796874 549.9113754272461 0.7487211681547619 
234 1920.6183959960938 610.4888458251953 2088.4653442382814 828.3328704833984 0.7267020089285714 1991.630615234375 401.7103103637695 2234.472900390625 548.1299911499024 0.7672991071428571 
235 1928.7284240722656 603.9109436035156 2092.806610107422 829.9743103027344 0.6899879092261905 1979.4944396972655 395.93822174072267 2238.373602294922 552.7241012573243 0.7320498511904762 
236 1928.4613037109375 609.3850646972656 2086.9273681640625 830.5004333496094 0.6622023809523809 1978.9209533691405 399.60901641845703 2240.574041748047 547.0192489624023 0.7310500372023809 
237 1930.8027404785157 608.7067077636718 2090.845086669922 824.5779602050782 0.7206566220238095 1979.7602600097657 401.7108657836914 2236.572625732422 550.587565612793 0.7556966145833334 
238 1919.3061584472657 607.684912109375 2094.944696044922 828.1672607421875 0.7149367559523809 1982.116387939453 396.9762924194336 2236.2316345214845 550.1928054809571 0.7476283482142857 
239 1921.3109802246095 606.9394958496093 2093.685235595703 831.7752258300782 0.7035667782738095 1977.6640869140624 398.96644439697263 2236.2250732421876 552.6042037963867 0.73583984375 
240 1927.5351318359376 607.0653411865235 2096.2094970703124 831.9646270751953 0.7236095610119048 1978.1374755859374 399.4660140991211 2233.0231689453126 549.3988845825195 0.74365234375 
241 1919.4934875488282 607.2884307861328 2095.1504333496096 831.5312103271484 0.7107282366071429 1979.0041198730469 393.6828247070313 2236.8832092285156 550.6527465820312 0.7454427083333334 
242 1927.9896911621095 609.9926666259765 2089.369805908203 831.4212127685547 0.6955915178571429 1980.6764892578126 402.1328094482422 2235.8821044921874 548.5007965087891 0.7401413690476191 
243 1922.8560852050782 607.1238220214843 2094.8225036621093 831.4279357910157 0.7111002604166666 1979.075927734375 390.1527359008789 2237.025634765625 550.9039962768554 0.74609375 
244 1928.3202087402344 609.6260589599609 2093.4987609863283 831.1157012939453 0.7106584821428571 1978.1336059570312 397.95478973388674 2237.1640014648438 551.8712905883789 0.7404203869047619 
245 1925.3975891113282 610.7615631103515 2090.2355895996093 825.4342987060547 0.6882440476190477 1986.880108642578 399.6274124145508 2232.220355224609 552.9650863647461 0.7399786086309523 
246 1920.1117309570313 608.7689636230468 2090.6761108398437 828.6075012207032 0.6647367931547619 1980.4653625488281 398.40617218017576 2234.4168395996094 546.2286849975586 0.7365373883928571 
247 1930.1781494140625 613.0629974365235 2091.8155029296877 827.3264678955078 0.6652948288690477 1983.3826171875 397.7875442504883 2235.23603515625 548.1478500366211 0.7199358258928571 
248 1926.8823791503905 613.4908325195313 2091.917791748047 827.2868774414062 0.7144019717261905 1980.4035278320312 402.0030181884766 2231.707556152344 548.2845184326172 0.7459542410714286 
249 1931.2994384765625 613.7340606689453 2092.1839599609375 826.9995208740235 0.7159133184523809 1981.378076171875 402.77097778320314 2232.058447265625 548.6894714355469 0.7401413690476191 
250 1929.1731262207031 603.42509765625 2094.1495056152344 828.393017578125 0.7048921130952381 1978.9255981445312 395.3298049926758 2237.6386108398438 549.0578598022461 0.7470005580357143 
251 1927.0448852539062 610.2347625732422 2092.534948730469 824.6197906494141 0.7243071056547619 1981.1473693847656 401.0574447631836 2229.382781982422 547.7419021606445 0.7479538690476191 
252 1927.049249267578 600.0134521484375 2088.9901794433595 829.7433837890625 0.7319800967261905 1983.6850646972657 403.8883422851562 2232.245477294922 550.7648559570313 0.7507672991071429 
253 1935.8755432128905 602.4386383056641 2094.176092529297 832.3514617919922 0.6879185267857143 1980.0895385742188 399.92396240234376 2232.6167602539062 550.6865112304688 0.7313755580357143 
254 1935.5590270996095 605.6911499023438 2094.342950439453 832.5252807617187 0.6835007440476191 1979.9079528808593 402.1221527099609 2233.205938720703 553.3448272705078 0.7281668526785714 
255 1935.3797119140625 602.1668273925782 2094.2926513671873 832.9690368652343 0.68994140625 1979.7646606445312 402.2158569335937 2233.2687866210936 549.7779174804688 0.7282598586309523 
256 1931.6749633789063 606.1871398925781 2094.2476440429687 829.2521911621094 0.6944754464285714 1979.3706665039062 399.2631271362305 2232.6818237304688 550.4936172485352 0.7323288690476191 
257 1935.85146484375 606.2464599609375 2094.11630859375 832.3388671875 0.7019391741071429 1979.6207336425782 397.11094818115237 2235.8586364746093 551.6074661254883 0.7357468377976191 
258 1934.6163513183594 606.3581146240234 2092.6474426269533 832.1165557861328 0.7239583333333334 1974.992449951172 394.2030746459961 2234.614605712891 552.233967590332 0.7455589657738095 
259 1932.9899353027345 606.774560546875 2090.377374267578 831.613623046875 0.7076125372023809 1979.398974609375 395.91588592529297 2234.216748046875 549.5559463500977 0.7469773065476191 
260 1932.7183837890625 607.1261047363281 2094.0535888671875 828.4931579589844 0.7117513020833334 1980.051043701172 395.5720443725586 2231.433941650391 549.4033279418945 0.7486049107142857 
261 1936.0565063476563 606.2256561279297 2094.423229980469 832.463980102539 0.6925223214285714 1980.2890502929688 400.2907516479492 2232.9216430664064 551.1162612915039 0.7360258556547619 
262 1929.3624267578125 606.1416137695312 2091.8465576171875 829.0849487304688 0.7275855654761905 1980.374853515625 406.0159027099609 2229.769189453125 549.6064727783203 0.7466982886904762 
263 1932.2347839355468 605.7270233154297 2094.6159240722654 832.3052642822265 0.6724330357142857 1979.874365234375 399.48264770507814 2232.886865234375 550.5348083496094 0.7289574032738095 
264 1927.0785034179687 609.4028839111328 2094.429064941406 830.0014739990235 0.7222609747023809 1981.7892639160157 397.87408752441405 2232.815106201172 550.0109832763671 0.7407459077380952 
265 1924.5616271972656 606.3900756835938 2095.0471374511717 826.1268920898438 0.7040550595238095 1975.2700439453124 401.9532836914062 2236.6811279296876 549.7073608398438 0.7276320684523809 
266 1928.8987609863282 608.1278839111328 2093.1680114746096 829.5345306396484 0.7410016741071429 1997.1611694335938 389.46822662353514 2236.423059082031 553.7376754760742 0.7612769717261905 
267 1922.2384460449218 614.1744934082031 2090.1039611816404 828.4708923339844 0.7062406994047619 1996.418017578125 392.73487091064453 2235.715771484375 549.8855819702148 0.7579287574404762 
268 1898.120343017578 613.4553497314453 2096.367327880859 826.387240600586 0.6569475446428571 1984.9592651367188 394.31053161621094 2238.274865722656 548.5026397705078 0.7467680431547619 
269 1912.4721618652343 616.0213775634766 2095.355596923828 827.5923309326172 0.7069614955357143 1994.1213745117188 399.6231658935547 2234.379846191406 550.2329742431641 0.7593936011904762 
270 1900.8740112304688 625.3686889648437 2097.1838500976564 828.8171020507813 0.6688290550595238 1991.6157836914062 407.2314056396484 2234.3263549804688 550.0021759033203 0.7554640997023809 
271 1910.2215515136718 613.8366027832031 2099.6272033691407 828.7392028808594 0.7244233630952381 1989.9344787597656 390.8086883544922 2241.261199951172 547.432583618164 0.7684849330357143 
272 1921.1704711914062 598.8854827880859 2098.5636596679688 831.7139434814453 0.7169363839285714 1986.5557861328125 392.2111557006836 2237.8626708984375 543.7344314575196 0.7555571056547619 
273 1905.7572143554687 593.6650604248047 2096.994006347656 823.8573394775391 0.7329799107142857 1991.0238037109375 379.95406951904295 2246.0059814453125 549.9422012329102 0.7803896949404762 
274 1901.66123046875 594.4770935058593 2096.52919921875 817.6894104003907 0.7164481026785714 1995.9609069824219 375.21663360595704 2247.5177307128906 538.1970321655274 0.7828311011904762 
275 1906.8027221679688 585.0358703613281 2095.4065063476564 819.9008972167969 0.7107514880952381 2004.2526123046875 362.62581024169924 2249.7932861328127 508.5268081665039 0.7940150669642857 
276 1915.2348937988281 581.0451904296875 2090.8309020996094 817.562353515625 0.7139136904761905 2009.786688232422 352.79791564941405 2249.8872619628905 488.97442321777345 0.7784365699404762 
277 1908.6241271972656 568.6033813476563 2093.2649108886717 820.7091186523437 0.7128673735119048 2015.9671813964844 320.5946762084961 2264.5221984863283 473.2784622192383 0.7689499627976191 
278 1906.3998291015625 578.2474700927735 2101.3560302734377 824.7018096923828 0.7127278645833334 2029.909716796875 308.73230133056643 2257.972119140625 463.22604217529295 0.7673921130952381 
279 1912.4352783203126 560.2099792480469 2098.4895263671874 821.4015930175781 0.7400483630952381 2033.673291015625 311.67881164550784 2266.241259765625 436.9076751708984 0.7812267485119048 
280 1914.460955810547 558.8614776611328 2096.127545166016 815.3319427490235 0.7171688988095238 2037.9011352539062 304.7200439453125 2265.8749877929686 436.5173828125 0.7840866815476191 
281 1916.2602172851562 561.4457244873047 2100.012487792969 812.3380279541016 0.7411411830357143 2035.1828125 302.67061004638674 2271.940234375 440.4846939086914 0.7966657366071429 
282 1920.5381469726562 567.3441497802735 2104.3361206054688 807.6952178955078 0.7232142857142857 2033.6446533203125 301.43542022705077 2273.9954833984375 442.81839447021486 0.7964564732142857 
283 1923.1565795898437 563.1144866943359 2100.3168090820313 793.4229278564453 0.6504138764880952 2032.9958129882812 308.54869842529297 2273.934118652344 453.8201675415039 0.7922247023809523 
284 1921.9494323730469 559.1882598876953 2110.1756896972656 793.5831634521485 0.7086821056547619 2027.3999145507812 304.4408782958984 2272.4489624023436 450.0498443603516 0.8066173735119048 
285 1923.1306579589843 552.7235870361328 2111.800616455078 791.2308197021484 0.7562313988095238 2023.3530029296876 305.590592956543 2268.9800048828124 455.1026138305664 0.8030598958333334 
286 1924.3621520996094 539.1969360351562 2118.710723876953 783.9320922851563 0.7071707589285714 2020.982763671875 303.5977386474609 2265.717919921875 454.7577301025391 0.7967819940476191 
287 1925.3993103027344 547.1629272460938 2120.2975891113283 770.4103149414062 0.7164248511904762 2016.987860107422 305.3797409057617 2268.5840393066405 450.66771392822267 0.7972470238095238 
288 1924.4854858398437 542.2323333740235 2123.041125488281 765.1717803955078 0.7367931547619048 2018.404150390625 307.6367584228516 2262.244287109375 450.4573577880859 0.7827845982142857 
289 1939.5643798828125 538.0806640625 2126.5733154296877 763.902978515625 0.7227725074404762 2019.4978759765625 309.0013626098633 2266.4908935546873 450.14026947021483 0.7869931175595238 
290 1936.9710327148437 533.0606964111328 2120.6249145507813 752.0323822021485 0.7244233630952381 2019.2892150878906 313.8172943115234 2266.515350341797 455.0893829345703 0.7791573660714286 
291 1944.728985595703 528.4394378662109 2123.298236083984 749.0248565673828 0.7193312872023809 2023.6440673828124 314.5873733520508 2265.2377685546876 451.14025726318357 0.7752046130952381 
292 1948.2470947265624 525.1905395507813 2127.3925537109376 746.4879272460937 0.7120535714285714 2024.7150146484375 313.35042877197264 2267.0882080078127 450.34399871826173 0.7735770089285714 
293 1945.4122131347656 523.4498260498046 2123.5149108886717 746.9513580322266 0.7515811011904762 2026.8077270507813 315.52902069091795 2267.770153808594 455.21740875244143 0.7793201264880952 
294 1952.6941345214843 528.7950164794922 2121.495928955078 746.8308990478515 0.7253069196428571 2018.2941467285157 315.89892425537107 2275.013836669922 456.5672317504883 0.7809012276785714 
295 1946.9019470214844 528.3406799316406 2122.702667236328 746.3336364746094 0.7265159970238095 2022.2257446289063 312.3761520385742 2271.8628784179687 456.5328140258789 0.7833193824404762 
296 1946.4826049804688 529.1682342529297 2125.3643188476562 743.1247955322266 0.6954520089285714 2025.1312622070313 323.4407333374023 2270.6551147460937 449.7101760864258 0.7738560267857143 
297 1948.6946838378906 521.2959014892579 2124.5566589355467 753.4338958740234 0.7385602678571429 2021.7450805664062 325.14208526611327 2267.951940917969 451.7627914428711 0.7618117559523809 
298 1946.37822265625 527.539306640625 2127.60126953125 750.583251953125 0.7233537946428571 2024.926123046875 326.20997619628906 2268.880517578125 458.64231872558594 0.7632533482142857 
299 1946.5406433105468 531.2011108398438 2126.7358459472657 749.5144653320312 0.7345610119047619 2027.3087280273437 322.2174072265625 2269.879016113281 457.36376953125 0.7728329613095238 
