0 1802.1901000976563 453.2628234863281 1990.2137084960937 592.7641540527344 0.7325846354166666 1570.5431396484375 637.6705871582031 1825.2847412109375 816.5962585449219 0.7337704613095238 
1 1799.2881774902344 459.1969619750977 1979.1736145019531 586.5005172729492 0.8011532738095238 1575.123309326172 643.8722381591797 1815.8929260253906 812.6877593994141 0.7745070684523809 
2 1812.7333068847656 447.4079818725586 1986.9740905761719 591.2258377075195 0.7789248511904762 1572.2213745117188 639.6260681152344 1821.1367797851562 813.8668518066406 0.7601143973214286 
3 1812.3700561523438 448.798112487793 1989.2363891601562 589.7384170532226 0.7811104910714286 1570.5608154296874 643.3084838867187 1816.5153564453126 811.8841430664063 0.7758091517857143 
4 1811.783953857422 451.36983795166014 1991.3145568847656 592.2323043823242 0.7844587053571429 1567.6648071289062 641.2048736572266 1819.0075561523438 812.4494842529297 0.7704380580357143 
5 1807.37734375 448.37583312988284 1989.798193359375 589.3373626708984 0.7716936383928571 1567.338800048828 642.2776489257812 1821.6222595214845 816.4065551757812 0.7716006324404762 
6 1807.0970031738282 448.89537200927737 1989.4031188964843 589.7682327270508 0.7670665922619048 1564.4472290039062 642.6752319335938 1824.0952514648438 816.6946411132812 0.7820172991071429 
7 1806.8553100585937 449.04935150146486 1989.0460571289063 592.5936233520508 0.7747163318452381 1566.800927734375 640.5832763671875 1823.524267578125 817.2531494140625 0.7696475074404762 
8 1806.9319213867188 448.4303512573242 1989.0458618164062 591.9141616821289 0.7691359747023809 1564.8559997558593 639.8835510253906 1821.4712707519532 816.4789978027344 0.7738095238095238 
9 1804.3145874023437 447.41515045166017 1989.3275024414063 593.7686569213868 0.7642531622023809 1564.4988037109374 636.5700988769531 1821.3078369140626 818.8216247558594 0.7663690476190477 
10 1804.8014709472657 444.86656341552737 1989.8561218261718 594.0151809692383 0.7697870163690477 1562.4881225585937 636.5076080322266 1822.1171020507813 818.8003143310547 0.7685081845238095 
11 1809.1578491210937 448.22613220214845 1988.5023071289063 594.4608184814454 0.7653692336309523 1562.2143859863281 637.2275543212891 1821.5740661621094 819.3311004638672 0.7643229166666666 
12 1805.3739318847656 443.11152801513674 1987.1525573730469 594.5937026977539 0.7525344122023809 1561.3075927734376 633.8942901611329 1820.2043701171874 821.1813323974609 0.7543247767857143 
13 1801.491796875 455.6610763549805 1980.208154296875 595.8847305297852 0.7804827008928571 1554.4613220214844 639.4534576416015 1821.161114501953 818.1698944091797 0.7514183407738095 
14 1800.4838317871095 451.0509231567383 1978.824884033203 599.2111312866211 0.7645089285714286 1556.7161437988282 639.6280059814453 1817.3682067871093 817.9689788818359 0.7398856026785714 
15 1787.281005859375 453.8789489746094 1967.92578125 598.9420959472657 0.7794363839285714 1554.3167602539063 639.5766235351563 1819.8097045898437 817.4842895507812 0.7701125372023809 
16 1781.8061279296876 439.8906005859375 1954.9714599609374 602.2331787109375 0.7710890997023809 1549.3232482910157 646.4610870361328 1825.3055358886718 822.3321868896485 0.7819940476190477 
17 1750.2505920410156 432.67298431396483 1929.530780029297 593.2223098754882 0.7960844494047619 1544.1093627929688 657.8537200927734 1833.0981567382812 829.1064239501953 0.8020833333333334 
18 1719.507147216797 424.01599578857423 1902.7073303222655 577.5808364868165 0.7722284226190477 1526.8776428222657 622.6555145263671 1852.8661315917968 832.7968170166016 0.7582077752976191 
19 1683.805841064453 414.25380554199216 1865.9291442871095 588.3423248291016 0.7877836681547619 1517.8551330566406 623.5720886230469 1852.6408386230469 840.5132385253906 0.7766694568452381 
20 1655.9750122070313 383.7242401123047 1835.0611206054687 604.3375885009766 0.8328218005952381 1499.050048828125 622.1064758300781 1844.2451171875 853.1016540527344 0.7662992931547619 
21 1644.158056640625 397.7734573364258 1819.383203125 622.3578598022461 0.8402390252976191 1488.2967590332032 618.655972290039 1846.1511169433593 870.3879119873047 0.7724144345238095 
22 1635.9433898925781 408.61180267333987 1808.5464782714844 644.4217971801758 0.8326125372023809 1509.24921875 661.3455230712891 1839.86943359375 894.7244842529296 0.7757859002976191 
23 1627.9857421875 419.90842895507814 1801.196142578125 667.6956970214844 0.8237769717261905 1521.4871032714843 688.5142639160156 1831.8225891113282 933.8957702636719 0.7764369419642857 
24 1621.2473510742188 429.2519302368164 1799.1654907226562 682.7243576049805 0.8193359375 1544.8493103027345 743.6552764892579 1832.443048095703 953.2575042724609 0.8112676711309523 
25 1622.0140441894532 434.0112014770508 1793.1711364746093 698.2979721069336 0.81396484375 1577.675848388672 792.3956939697266 1864.6157775878905 971.1038787841796 0.8291015625 
26 1622.3765502929687 451.6167907714844 1785.7845825195313 708.4009094238281 0.81201171875 1606.8138671875 811.7529724121093 1905.098486328125 990.7237121582032 0.8371698288690477 
27 1621.4234130859375 456.07127685546874 1778.0416748046875 718.8712280273437 0.8030366443452381 1627.3451171875 800.0390655517579 1927.30869140625 1001.7844818115234 0.8752557663690477 
28 1620.3133972167968 458.4326705932617 1775.1217834472657 733.3510513305664 0.8061755952380952 1652.1374633789062 762.5059936523437 1940.4013549804688 1000.0568725585938 0.8904622395833334 
29 1618.3896728515624 461.8775100708008 1771.6652587890626 736.1599349975586 0.8194289434523809 1673.3082702636718 720.7496459960937 1942.2126037597657 992.3430053710938 0.8837890625 
30 1619.7098754882813 469.5932418823242 1768.9619995117187 740.9607437133789 0.8278924851190477 1702.476904296875 683.3473388671875 1930.42568359375 965.56953125 0.8633045014880952 
31 1618.9509155273438 478.62444458007815 1764.4223754882812 742.1199401855469 0.8302176339285714 1730.2187255859376 664.9503631591797 1936.0744873046874 942.1695709228516 0.8647925967261905 
32 1621.6435302734376 493.1373748779297 1761.5757080078124 740.0766754150391 0.8071056547619048 1743.1080688476563 662.5124359130859 1946.1470581054687 923.1706085205078 0.8848121279761905 
33 1618.8335876464844 505.51287536621095 1764.5749816894531 744.7486602783204 0.7942010788690477 1760.3444213867188 690.2807708740235 1944.5835571289062 904.7679962158203 0.8692336309523809 
34 1616.2138122558595 508.9654144287109 1774.188409423828 755.0411163330078 0.8157552083333334 1776.057879638672 690.8932220458985 1946.1844299316406 879.2474639892578 0.8663736979166666 
35 1612.7512634277343 512.3156616210938 1771.0794250488282 761.9870727539062 0.8177548363095238 1778.3399963378906 678.2557495117187 1942.7577819824219 870.0765258789063 0.8413783482142857 
36 1601.9074584960938 517.7958465576172 1770.5002563476562 754.417349243164 0.8065011160714286 1777.0983764648438 664.7741821289062 1945.6911743164062 889.5646850585938 0.8539574032738095 
37 1602.2097595214843 515.9158599853515 1772.9634582519532 746.5831024169922 0.7915736607142857 1778.378680419922 682.4064086914062 1940.1453674316406 868.1385131835938 0.8141043526785714 
38 1595.0008850097656 516.4535278320312 1767.2104187011719 745.0767456054688 0.8179408482142857 1781.0284118652344 688.3206207275391 1944.3305969238281 872.4068572998046 0.8271716889880952 
39 1592.1696411132812 524.2190673828125 1761.5444702148438 738.1661865234375 0.7995489211309523 1785.2021606445312 689.0223327636719 1945.6623413085938 861.3686584472656 0.8052455357142857 
40 1585.8704711914063 528.8394287109375 1759.5096557617187 725.630419921875 0.7912946428571429 1790.1191833496093 686.3390472412109 1949.2884094238282 868.6601593017579 0.8162202380952381 
41 1575.2644348144531 534.4379577636719 1765.8567810058594 725.0303039550781 0.7855747767857143 1793.7346984863282 662.3880859375 1958.3372009277343 899.1845458984375 0.8435174851190477 
42 1567.0746215820313 537.4734069824219 1770.0755249023437 729.0375793457031 0.8045712425595238 1793.4986267089844 687.6896209716797 1959.3303527832031 930.7187652587891 0.8503766741071429 
43 1560.2103454589844 542.0631866455078 1773.316876220703 721.5213470458984 0.8116396949404762 1782.9152893066407 669.9703094482422 1953.9612976074218 955.981655883789 0.8834867931547619 
44 1557.5354736328125 548.4553863525391 1776.4147216796875 731.3165252685546 0.7873418898809523 1744.2327880859375 678.1419036865234 1952.0296630859375 974.5986358642579 0.8850446428571429 
45 1553.9622009277343 552.0741821289063 1779.2962219238282 722.4487670898437 0.7853655133928571 1741.5644104003907 685.5624786376953 1953.1586120605468 963.1081146240234 0.8797433035714286 
46 1555.87353515625 558.9250183105469 1777.105224609375 724.8487854003906 0.7707635788690477 1748.2813537597656 667.0945770263672 1961.216815185547 946.399624633789 0.8844168526785714 
47 1555.003192138672 552.7942077636719 1773.4734924316406 720.8482482910156 0.7822033110119048 1773.2579528808594 630.5730346679687 1986.126446533203 927.4684692382813 0.8809058779761905 
48 1545.4620178222656 544.9468200683593 1779.773211669922 731.2665588378907 0.7772739955357143 1810.3922180175782 597.2814208984375 1988.2429138183593 913.460400390625 0.7875046502976191 
49 1544.2792846679688 546.9741516113281 1794.0300415039062 717.2587585449219 0.7694614955357143 1810.9493713378906 595.1122955322265 2001.1005554199219 915.8150115966797 0.7854817708333334 
50 1543.926739501953 548.2262725830078 1793.9642517089844 715.8650970458984 0.7569521949404762 1790.1393798828126 611.7191986083984 2008.9221435546874 929.9487091064453 0.8516787574404762 
51 1537.7355163574218 549.332373046875 1796.9120666503907 718.3606201171875 0.7716703869047619 1769.499169921875 653.8915130615235 1992.053076171875 949.6909454345703 0.8847888764880952 
52 1543.5141845703124 556.7936065673828 1799.7741455078126 721.1341888427735 0.7520926339285714 1748.779278564453 689.3159332275391 1971.6139099121094 967.8594207763672 0.8759765625 
53 1542.034979248047 557.460903930664 1798.5093322753905 719.1513397216797 0.7406296502976191 1718.2002502441405 695.5625122070312 1971.887030029297 979.9146606445313 0.8620024181547619 
54 1544.7115844726563 562.8801910400391 1795.3262573242187 721.6027801513671 0.7553943452380952 1728.9241088867188 679.0839965820312 1979.5387817382812 963.1140014648438 0.8710007440476191 
55 1550.9987243652345 563.9261840820312 1788.093682861328 733.2797485351563 0.7347470238095238 1754.7658081054688 648.9286315917968 1994.6834106445312 928.3621398925782 0.8473539806547619 
56 1546.0010925292968 569.5612609863281 1788.3969787597657 723.5539733886719 0.7366071428571429 1793.4424133300781 614.859652709961 2001.6177673339844 908.5865753173828 0.8195219494047619 
57 1547.1199584960937 561.0180877685547 1795.0882934570313 725.3693023681641 0.7136114211309523 1816.15908203125 591.2933227539063 2000.693701171875 896.9288452148437 0.7782040550595238 
58 1551.3585327148437 562.0133453369141 1793.5352661132813 724.4140838623047 0.7358863467261905 1803.2880126953125 601.5725067138671 2008.4258544921875 914.9774810791016 0.7992234002976191 
59 1548.39404296875 568.7417694091797 1794.69580078125 718.7875885009765 0.7303524925595238 1768.780780029297 639.1914764404297 1992.4339416503906 933.6210845947265 0.8290085565476191 
60 1544.4829528808593 565.712435913086 1805.9383117675782 725.9592559814453 0.7265857514880952 1723.111669921875 677.4094879150391 1973.3216796875 975.4123504638671 0.8652808779761905 
61 1549.2425476074218 566.7374908447266 1802.1628479003907 739.0567596435546 0.7056129092261905 1709.2686584472656 689.7768951416016 1964.968280029297 981.6079315185547 0.8600957961309523 
62 1550.8172485351563 575.7476959228516 1801.0758178710937 719.1543426513672 0.7144949776785714 1731.319287109375 675.3536346435546 1973.142138671875 967.7907135009766 0.8583751860119048 
63 1545.7489501953125 573.8333374023438 1797.5452392578125 724.9110473632812 0.7331194196428571 1744.7110473632813 643.7767120361328 1988.1141479492187 934.7412933349609 0.8408900669642857 
64 1541.4318908691407 564.2758209228516 1801.7545104980468 726.6276824951171 0.6991257440476191 1786.8974853515624 605.9403869628907 1991.2367919921876 911.0498474121093 0.7767392113095238 
65 1550.3659057617188 561.3663024902344 1806.2859497070312 718.8556213378906 0.6955915178571429 1775.566943359375 591.1118530273437 1992.114697265625 903.2781616210938 0.7686941964285714 
66 1555.1372619628905 570.3065063476563 1799.969061279297 716.6428344726562 0.6904529389880952 1787.3053894042969 600.9375762939453 1989.9249572753906 913.3093109130859 0.7516857328869048 
67 1548.3158874511719 577.9988586425782 1800.4630432128906 719.6545837402343 0.7132161458333334 1773.0036682128907 630.3025451660156 1985.4871765136718 941.9450134277344 0.8218936011904762 
68 1554.8030639648437 574.556118774414 1800.2672485351563 730.7605926513672 0.6973353794642857 1721.8431396484375 670.8965515136719 1970.0968017578125 977.7268615722656 0.8480282738095238 
69 1557.2547668457032 583.6407989501953 1799.6674743652343 731.317514038086 0.6700613839285714 1694.000506591797 683.1993194580078 1958.7039611816406 989.6982025146484 0.8395182291666666 
70 1548.0198608398437 581.4385528564453 1802.6056274414063 729.7138519287109 0.7016834077380952 1708.2388793945313 676.2357666015625 1954.4317749023437 972.7862060546875 0.8421688988095238 
71 1549.7690185546876 590.6734130859375 1802.1689697265624 730.8956787109375 0.7063337053571429 1720.19296875 646.7623077392578 1972.592919921875 955.2511810302734 0.8466564360119048 
72 1538.46650390625 591.5685791015625 1797.037646484375 722.244287109375 0.6683872767857143 1765.7055053710938 612.6349731445313 1982.5715942382812 912.9111694335937 0.7813895089285714 
73 1543.0586975097656 580.7511016845704 1805.566180419922 710.5934417724609 0.6793387276785714 1795.252587890625 580.9682220458984 1998.484228515625 897.1061798095703 0.7911783854166666 
74 1546.6121643066406 582.602099609375 1806.577410888672 709.758984375 0.6528785342261905 1808.53359375 561.3005462646485 1983.72763671875 891.9086212158203 0.7623697916666666 
75 1544.168768310547 579.7939971923828 1805.4482971191405 718.953744506836 0.6951032366071429 1773.1161010742187 571.8201904296875 2000.3155395507813 912.6195068359375 0.7823893229166666 
76 1540.1240966796875 591.454833984375 1803.5353271484375 720.3582763671875 0.7041248139880952 1778.7462646484375 617.2139739990234 1991.7171142578125 933.8679962158203 0.8424014136904762 
77 1547.8717224121094 589.8069305419922 1801.374737548828 727.8252105712891 0.6940801711309523 1730.8488159179688 656.3243591308594 1975.9016723632812 968.9780090332031 0.8570033482142857 
78 1544.1114013671875 591.9137237548828 1803.0443603515625 727.009066772461 0.6700148809523809 1702.48046875 678.5133453369141 1958.598876953125 982.4779266357422 0.8290318080357143 
79 1548.6091064453126 599.0381256103516 1802.0722900390624 734.2185272216797 0.6810128348214286 1708.269268798828 668.3613891601562 1967.3648864746094 972.5172729492188 0.8421921502976191 
80 1550.8322326660157 595.890591430664 1802.0675476074218 722.9196502685547 0.7049153645833334 1740.0731201171875 641.1650634765625 1988.4854736328125 940.3891357421875 0.8549107142857143 
81 1542.9278686523437 599.172216796875 1798.4664184570313 711.4968505859375 0.6383231026785714 1783.561785888672 593.4479675292969 1994.1705139160156 905.1488342285156 0.7753673735119048 
82 1541.6517761230468 587.6269012451172 1804.2052795410157 703.376333618164 0.6426478794642857 1814.194873046875 568.5163177490234 1992.053662109375 887.5329376220703 0.7782273065476191 
83 1549.8937683105469 594.854638671875 1802.2535705566406 706.6958984375 0.6345796130952381 1823.5408630371094 569.1554412841797 1998.4719543457031 884.6049957275391 0.7530459449404762 
84 1546.1926208496093 598.3039428710938 1800.6903137207032 722.7249877929687 0.6429268973214286 1790.3580505371094 591.2345642089844 2002.439434814453 927.7369934082031 0.7754603794642857 
85 1548.892315673828 596.9725738525391 1797.1969177246094 733.6795867919922 0.6905459449404762 1751.2701599121094 639.4654479980469 1993.994854736328 965.8884338378906 0.8507254464285714 
86 1552.9890625 600.4775970458984 1797.114208984375 723.9432403564454 0.6708054315476191 1732.791278076172 680.2338165283203 1971.3043029785156 991.7038665771485 0.8572358630952381 
87 1564.9903564453125 598.3578247070312 1803.3924560546875 732.9849487304688 0.6360444568452381 1710.4048400878905 688.9721893310547 1960.025946044922 991.8832183837891 0.8370768229166666 
88 1546.3180419921875 597.1514404296875 1803.3416259765625 734.0443603515625 0.6931036086309523 1720.7115844726563 677.9547760009766 1974.9412475585937 971.2968719482421 0.8420526413690477 
89 1546.807147216797 605.7342468261719 1796.4920471191406 727.8023742675781 0.6714332217261905 1771.950390625 634.9708129882813 1993.8923828125 929.0440795898437 0.8398902529761905 
90 1548.2812744140624 597.8892028808593 1802.0212158203126 699.3852111816407 0.6415085565476191 1808.8527099609375 595.8289459228515 2003.3867919921875 903.1362030029297 0.8324265252976191 
91 1554.076220703125 584.3481048583984 1804.425244140625 715.2122589111328 0.6334867931547619 1819.8531311035156 567.3882476806641 2004.770037841797 883.1693084716796 0.8251953125 
92 1557.2887390136718 599.2489776611328 1799.7773010253907 713.3611907958984 0.6487630208333334 1827.5372375488282 568.6361267089844 2010.1169372558593 891.0032775878906 0.8116164434523809 
93 1560.7543640136719 590.2951171875 1801.0314025878906 718.815478515625 0.662109375 1803.825341796875 599.9663909912109 2004.987646484375 924.0611358642578 0.8355887276785714 
94 1565.044854736328 598.024447631836 1801.1803649902345 717.4812286376953 0.6436244419642857 1781.627020263672 650.7008392333985 1992.7600646972655 961.8441436767578 0.8447963169642857 
95 1561.7400756835937 596.4077575683593 1798.4825805664063 723.2340881347657 0.65380859375 1728.0235229492187 687.1374053955078 1970.4027465820313 985.8838958740234 0.8521670386904762 
96 1567.6700317382813 598.4389892578125 1792.7093627929687 731.7956298828125 0.6328357514880952 1707.3312866210938 679.0086090087891 1962.9314086914062 984.6175506591796 0.8371930803571429 
97 1552.368719482422 592.8052825927734 1797.8838439941405 736.2523956298828 0.6334635416666666 1718.096728515625 656.7835357666015 1980.163525390625 962.9878875732422 0.8569568452380952 
98 1554.1772766113281 599.8066162109375 1797.5535583496094 702.1352783203125 0.64599609375 1781.0660400390625 622.7827087402344 1994.0203857421875 913.1748107910156 0.8444475446428571 
99 1571.7005798339844 579.0720733642578 1799.997052001953 697.4480072021485 0.5694521949404762 1804.4415344238282 580.8065185546875 2007.3718200683593 890.8387451171875 0.82080078125 
100 1576.4548767089843 588.1589904785156 1794.8191711425782 700.1406921386719 0.5957496279761905 1821.5224304199219 549.826791381836 2006.2923889160156 863.3755401611328 0.828125 
101 1579.0156127929688 579.009716796875 1795.1015747070312 727.744189453125 0.5195545014880952 1809.7808410644532 550.8386322021485 2009.0288513183593 887.5959991455078 0.8015252976190477 
102 1584.5119934082031 590.2210693359375 1793.9600524902344 719.7481689453125 0.6209309895833334 1801.6977844238281 589.1611358642579 2002.8780212402344 911.6008880615234 0.8242885044642857 
103 1556.6136657714844 586.5954315185547 1798.722637939453 724.1573150634765 0.6360677083333334 1762.004150390625 645.2179412841797 1984.8544921875 953.3565826416016 0.8432849702380952 
104 1597.9916381835938 600.2743133544922 1792.1299438476562 705.6637359619141 0.5711960565476191 1728.2349609375 678.1430358886719 1958.42763671875 977.6706848144531 0.8533528645833334 
105 1592.082666015625 595.4677581787109 1793.809912109375 717.0567169189453 0.6126302083333334 1710.27060546875 684.7463623046875 1956.21181640625 972.1384033203125 0.8203125 
106 1566.6486022949218 590.3819030761719 1795.7118713378907 711.8130432128906 0.6441127232142857 1735.5270263671875 661.9243835449219 1972.8697021484375 954.4629455566406 0.8548874627976191 
107 1571.2598205566405 585.9699584960938 1798.876776123047 708.1058471679687 0.6330450148809523 1763.11142578125 618.2120971679688 1993.504052734375 923.5518188476562 0.8370303199404762 
108 1598.137225341797 582.1526062011719 1800.6209533691406 684.7813537597656 0.5249255952380952 1800.834246826172 571.1643341064453 2003.3179748535156 898.4667083740235 0.8134765625 
109 1595.4205200195313 589.0852722167969 1796.5482299804687 695.2360168457031 0.5800664992559523 1809.978204345703 556.8532531738281 2013.8993591308595 886.4792663574219 0.8170107886904762 
110 1579.9274475097657 585.9441802978515 1799.6910827636718 708.3442108154297 0.6143508184523809 1803.7568969726562 563.6896026611328 2012.3932495117188 897.507846069336 0.8154296875 
111 1561.8693725585938 589.0290954589843 1797.5537231445312 716.5758850097657 0.6240931919642857 1780.4905944824218 610.2513366699219 1988.4472717285157 923.5727600097656 0.8327287946428571 
112 1578.8720458984376 596.1332885742188 1792.2497802734374 702.8221557617187 0.6323939732142857 1743.850408935547 651.7924865722656 1968.1707092285155 969.1234069824219 0.8750930059523809 
113 1587.0460510253906 590.9051055908203 1792.9045104980469 699.3980560302734 0.6260463169642857 1712.8722045898437 679.389990234375 1940.9857055664063 985.3958984375 0.8762323288690477 
114 1579.2362915039062 597.5417266845703 1794.4380249023438 716.1785491943359 0.6219773065476191 1708.9090942382813 678.7198486328125 1940.6648803710937 976.6915283203125 0.8398902529761905 
115 1589.3162841796875 588.2589569091797 1792.6697998046875 717.4159088134766 0.6042247953869048 1725.6603942871093 646.4958557128906 1956.4940246582032 948.7780700683594 0.8581659226190477 
116 1572.7961120605469 589.5551940917969 1798.0641174316406 704.9363830566406 0.5813569568452381 1774.6075256347656 601.8118072509766 1972.403826904297 904.0006317138672 0.8252883184523809 
117 1576.312567138672 595.2633514404297 1806.2759338378905 721.1956939697266 0.5989350818452381 1803.117120361328 551.1449371337891 1983.8026794433595 876.9264129638672 0.8213355654761905 
118 1586.5826232910156 589.0512329101563 1811.899188232422 718.1962036132812 0.6098865327380952 1813.2730407714844 530.8198089599609 1997.3733215332031 871.5425567626953 0.8141741071428571 
119 1561.267333984375 583.4493255615234 1799.602783203125 709.4657745361328 0.6339053199404762 1804.7656860351562 550.6808135986328 1996.5299682617188 887.637973022461 0.8234979538690477 
120 1555.5274536132813 592.4375549316406 1802.5868041992187 700.6995300292969 0.6388346354166666 1786.9987182617188 601.9398651123047 1989.6428833007812 923.9497222900391 0.8378441220238095 
121 1550.6274963378905 591.1744079589844 1800.772283935547 709.5224914550781 0.6246628534226191 1761.8746643066406 656.6589477539062 1974.3632507324219 960.5983764648438 0.8761625744047619 
122 1562.6090087890625 581.0524017333985 1808.4569091796875 716.4068878173828 0.6480654761904762 1736.9548767089843 690.6959045410156 1963.4663879394532 980.7411071777344 0.8901599702380952 
123 1558.3804931640625 584.3536071777344 1804.3934326171875 717.0346984863281 0.6631324404761905 1722.1055908203125 689.8180633544922 1968.1185302734375 977.293814086914 0.8484700520833334 
124 1558.246319580078 587.1209442138672 1805.1480895996094 699.5984771728515 0.6275344122023809 1749.4368957519532 656.6544677734375 1985.3654724121093 952.93671875 0.8531203497023809 
125 1556.5639587402343 587.1531311035156 1804.9520324707032 697.5479187011719 0.6254185267857143 1793.9126586914062 604.2430938720703 2009.1823120117188 916.108285522461 0.8104538690476191 
126 1570.9876647949218 579.2953125 1805.3823303222657 705.0680908203125 0.6238374255952381 1822.7530700683594 565.9924163818359 2028.562969970703 883.2827911376953 0.79541015625 
127 1583.1980529785155 581.8401763916015 1811.126043701172 695.8041717529297 0.5848679315476191 1819.344580078125 549.952197265625 2033.027001953125 883.296826171875 0.8162202380952381 
128 1567.9116943359375 584.5821563720704 1803.5804931640625 709.3479583740234 0.6022135416666666 1808.4857360839844 580.4233093261719 2010.883770751953 907.5870666503906 0.8102213541666666 
129 1578.76474609375 586.1243072509766 1800.121484375 698.1690887451172 0.6093052455357143 1779.7306213378906 628.9031158447266 1990.1562194824219 934.9767059326172 0.87109375 
130 1559.19853515625 585.2274749755859 1803.641064453125 700.5824005126954 0.6336960565476191 1764.3443603515625 675.4409210205079 1970.3353271484375 961.0817230224609 0.8800920758928571 
131 1572.5448120117187 583.837939453125 1803.2037231445313 707.405224609375 0.6133045014880952 1747.9681213378906 692.1969207763672 1959.405535888672 975.0287261962891 0.8905552455357143 
132 1582.6051330566406 586.5432800292969 1803.4757995605469 706.5223937988281 0.5990513392857143 1745.8983947753907 672.7520812988281 1969.4960144042968 972.6999450683594 0.8740001860119048 
133 1561.5358154296875 590.2205322265625 1804.5723388671875 699.4503662109375 0.6047247023809523 1767.812237548828 647.3560913085937 1989.0028259277344 953.1998168945313 0.8599795386904762 
134 1570.0835266113281 583.4429290771484 1804.0811462402344 704.5710479736329 0.6048409598214286 1801.6458068847655 621.4543090820313 2010.867254638672 927.0276245117187 0.8320079985119048 
135 1569.350732421875 589.5814971923828 1803.330419921875 692.6440277099609 0.6249069940476191 1820.2575561523438 602.8660522460938 2015.2407348632812 906.4827026367187 0.8392624627976191 
136 1579.6407592773437 591.6366333007812 1801.3336059570313 696.9407592773438 0.6008184523809523 1820.4119934082032 592.0629852294921 2006.0798278808593 896.8906890869141 0.8254278273809523 
137 1563.6365905761718 595.3311309814453 1799.1040100097657 704.8508148193359 0.59814453125 1808.4765075683595 592.6984069824218 2002.873956298828 907.5677062988282 0.8457961309523809 
138 1569.635595703125 590.0347412109375 1796.032373046875 710.0524169921875 0.6117931547619048 1790.9967712402345 611.7512451171875 1990.116876220703 925.43369140625 0.8577938988095238 
139 1546.9568420410155 586.4242065429687 1800.729315185547 710.6107055664063 0.6263020833333334 1761.6873779296875 636.7841400146484 1972.2645263671875 936.4515167236328 0.8825567336309523 
140 1555.896826171875 585.46875 1803.056787109375 694.1104736328125 0.6178385416666666 1743.5128479003906 653.3698577880859 1958.0802917480469 952.1345977783203 0.8831612723214286 
141 1559.8642822265624 583.0011962890625 1803.6574462890626 691.3537841796875 0.6119326636904762 1734.7911315917968 650.7215606689454 1943.3698791503907 948.6910980224609 0.8832077752976191 
142 1545.0001892089845 586.4452453613281 1801.858575439453 708.1150573730469 0.6148856026785714 1739.5677673339844 638.96083984375 1950.462139892578 936.375830078125 0.8704427083333334 
143 1527.5159118652343 584.4344177246094 1795.5061828613282 714.4494934082031 0.6220005580357143 1747.9496154785156 619.9487091064453 1962.8725280761719 919.7793792724609 0.8486560639880952 
144 1534.7860168457032 582.0909393310546 1795.3403259277343 691.7980377197266 0.6525530133928571 1782.0489440917968 603.3993988037109 1965.8083557128907 894.1232452392578 0.8669317336309523 
145 1527.5227600097655 577.739956665039 1806.349432373047 701.9696990966797 0.6507626488095238 1788.723614501953 620.4240081787109 1957.1239196777344 871.6441680908204 0.8508649553571429 
146 1533.3499450683594 580.2227325439453 1811.8430480957031 726.2287445068359 0.6247907366071429 1772.741650390625 635.0269714355469 1959.30498046875 864.8513244628906 0.8407505580357143 
147 1523.3091552734375 581.3707580566406 1797.2924072265625 719.7187194824219 0.6484840029761905 1765.5745910644532 634.268505859375 1947.3259216308593 856.7103759765625 0.8636532738095238 
148 1536.5318176269532 575.6059631347656 1780.1055114746093 701.4979187011719 0.5856119791666666 1754.6323364257812 629.1837310791016 1932.5231811523438 856.3365936279297 0.8390066964285714 
149 1546.5934997558593 579.1192779541016 1743.9971984863282 669.5959930419922 0.443603515625 1733.5574951171875 630.2628356933594 1900.8023681640625 844.1168029785156 0.8450055803571429 
150 1567.9827209472655 554.6925384521485 1713.759344482422 648.2096221923828 0.3626069568452381 1699.9009887695313 611.0778289794922 1875.9332397460937 839.3696197509765 0.8327985491071429 
151 1587.5229064941407 545.6923645019531 1728.4708679199218 636.8940612792969 0.3171270461309524 1685.1023071289062 596.820590209961 1864.7419311523438 834.4977081298828 0.8140113467261905 
152 1562.2614440917969 538.3424713134766 1728.4994201660156 645.4110076904296 0.332763671875 1677.3492553710937 587.4336029052735 1860.4927856445313 832.5641387939453 0.7899925595238095 
153 1545.0172058105468 537.310922241211 1740.3769592285157 646.4825958251953 0.33841378348214285 1682.144775390625 588.3608306884765 1857.39404296875 829.6876922607422 0.8021995907738095 
154 1503.2496215820313 538.9698516845704 1708.2747924804687 632.6956146240234 0.38720703125 1679.43603515625 588.9869659423828 1861.02978515625 835.017123413086 0.8005487351190477 
155 1489.264715576172 515.1697204589843 1706.1963439941405 628.0930969238282 0.39773995535714285 1676.59404296875 591.5187133789062 1854.893994140625 835.1953979492188 0.8065476190476191 
156 1453.240673828125 515.7172607421875 1689.8806640625 628.121240234375 0.4607514880952381 1666.1028381347655 594.33173828125 1852.456854248047 833.929736328125 0.8055013020833334 
157 1474.5206726074218 493.52538604736327 1682.7858459472657 600.7206771850585 0.44560314360119047 1663.1138122558593 593.0638610839844 1849.9397766113282 838.0816467285156 0.8214983258928571 
158 1463.4885314941407 477.1668472290039 1663.8734069824218 572.734977722168 0.5930757068452381 1669.9205261230468 600.3620697021485 1848.7255920410157 840.8239044189453 0.8352864583333334 
159 1479.6927612304687 461.7569152832031 1647.3035766601563 562.9558532714843 0.6096075148809523 1672.4816833496093 605.1626373291016 1855.9046691894532 854.9975799560547 0.8298688616071429 
160 1468.745916748047 439.016015625 1610.6990295410155 558.385595703125 0.5811709449404762 1682.2959045410157 619.8075439453125 1866.1895690917968 871.4514892578125 0.8128255208333334 
161 1450.3613830566405 430.32789001464846 1619.763983154297 537.8333038330078 0.5977492559523809 1698.4510009765625 633.9367370605469 1867.8534423828125 888.0405578613281 0.8051292782738095 
162 1480.3001403808594 411.8967041015625 1588.7046203613281 507.1612182617188 0.3618745349702381 1711.386053466797 650.3106719970704 1875.6353088378905 913.1094329833984 0.8153366815476191 
163 1466.9697814941405 392.0788299560547 1589.101385498047 543.918179321289 0.28047107514880953 1724.6903930664062 682.4271453857422 1879.8306030273438 936.5929351806641 0.80419921875 
164 1553.5587280273437 390.6900665283203 1616.8426391601563 467.2969940185547 0.5433058965773809 1729.447247314453 711.0813018798829 1889.3226501464844 964.2173431396484 0.8184291294642857 
165 1545.5700622558593 364.8235549926758 1687.3143371582032 476.90035247802734 0.6625744047619048 1727.251153564453 737.4409423828125 1898.6627868652345 1004.4474853515625 0.7979213169642857 
166 1542.8998718261719 355.2754623413086 1732.0719299316406 498.7852981567383 0.7037992931547619 1711.3734985351562 798.4750274658203 1897.2839721679688 1036.5709320068358 0.7429315476190477 
167 1578.8016662597656 345.3164337158203 1772.0885925292969 516.4228240966797 0.7823660714285714 1708.3501342773438 841.8174926757813 1898.4684692382812 1082.6339233398437 0.7512090773809523 
168 1604.445361328125 339.02014617919923 1797.760693359375 532.335597229004 0.7717633928571429 1690.7424438476562 877.158657836914 1896.7343627929688 1118.0107147216797 0.8115466889880952 
169 1635.6432312011718 338.9648941040039 1825.3891174316407 540.9524337768555 0.8194056919642857 1666.0119934082031 918.5607421875 1898.6036071777344 1157.2732421875 0.8217308407738095 
170 1675.4582763671874 345.4993133544922 1852.9247802734376 535.2049713134766 0.8096400669642857 1666.7495849609375 941.0951324462891 1899.2921630859375 1170.5779022216798 0.8444940476190477 
171 1700.4524047851562 354.7961761474609 1878.8224975585938 551.3055694580078 0.8193591889880952 1664.2900817871093 968.626318359375 1894.0547668457032 1186.2982421875 0.8348214285714286 
172 1730.3156127929688 367.47923736572267 1904.8904418945312 560.1135055541993 0.7996186755952381 1658.8880920410156 1001.1811462402344 1890.6513366699219 1199.8353332519532 0.818359375 
173 1752.7107360839843 380.33907318115234 1925.8892395019532 571.4326858520508 0.8088030133928571 1648.6657104492188 1024.4759887695313 1887.5327758789062 1206.6121459960937 0.7859933035714286 
174 1770.5377624511718 395.06245574951174 1949.4196350097657 573.9442886352539 0.7961077008928571 1645.3205017089845 1050.7331298828126 1895.755059814453 1211.7268310546874 0.7502092633928571 
175 1789.868719482422 407.02545776367185 1964.8169494628905 587.9039855957031 0.7737630208333334 1641.1514587402344 1073.2881591796875 1899.1257629394531 1212.6534912109375 0.7419317336309523 
176 1805.8064758300782 419.83885955810547 1979.1560485839843 604.9410781860352 0.7826450892857143 1644.2092529296874 1052.7799377441406 1905.7028564453126 1217.3151550292969 0.7415364583333334 
177 1816.3760375976562 433.05363311767576 1991.2841186523438 619.6222396850586 0.7959216889880952 1657.7254150390625 1039.1774291992188 1905.5118896484375 1219.9158325195312 0.7745768229166666 
178 1827.160498046875 443.7937805175781 1997.707421875 625.9031188964843 0.7887602306547619 1660.282537841797 1045.48837890625 1908.8762756347655 1216.035302734375 0.7597191220238095 
179 1836.1355285644531 453.7453216552734 2004.0762634277344 630.2253204345703 0.7876209077380952 1668.961199951172 1040.2238830566407 1919.4490783691406 1219.5504089355468 0.7715076264880952 
180 1845.5114440917969 454.48414611816406 2010.7591857910156 633.7360076904297 0.7855515252976191 1675.739190673828 1038.022119140625 1930.6129821777345 1220.0748046875 0.7865280877976191 
181 1853.9977600097657 456.82442779541014 2019.0287292480468 635.8410690307617 0.7995489211309523 1689.074285888672 1028.5158935546874 1940.8164611816405 1213.1266845703126 0.7839936755952381 
182 1861.6849792480468 463.8345657348633 2023.0377990722657 636.3151840209961 0.7908761160714286 1700.9742004394532 1033.0633605957032 1956.9131286621093 1205.5439392089843 0.7742280505952381 
183 1867.5902099609375 462.1235595703125 2030.6932373046875 630.850927734375 0.7776925223214286 1716.6007751464845 1017.08525390625 1969.691827392578 1194.248974609375 0.7767159598214286 
184 1875.0089233398437 466.9064117431641 2035.5897094726563 635.9388641357422 0.7854817708333334 1728.0806762695313 1027.3140747070313 1978.8121459960937 1185.0777709960937 0.7666248139880952 
185 1871.6103454589843 470.6014999389648 2037.1678527832032 630.5468460083008 0.7820638020833334 1739.1859313964844 974.1812683105469 1986.119122314453 1184.6357482910157 0.7629510788690477 
186 1867.6312866210938 472.86333618164065 2039.5369262695312 630.6782897949219 0.7718796502976191 1741.4660400390626 989.2304870605469 1992.2790771484374 1180.8628967285156 0.7791108630952381 
187 1860.8349853515624 469.9425796508789 2036.1591552734376 633.955583190918 0.7765997023809523 1756.314678955078 982.5376403808593 2007.9898864746094 1172.0010559082032 0.7646019345238095 
188 1859.2745666503906 464.8541793823242 2033.5820007324219 627.7316665649414 0.78076171875 1762.11953125 995.799526977539 2016.437109375 1167.2494842529297 0.7559988839285714 
189 1855.881982421875 459.1691650390625 2033.3326171875 619.44716796875 0.7649972098214286 1772.1103210449219 992.8419708251953 2026.8377990722656 1164.5683685302733 0.7214936755952381 
190 1848.3841430664063 460.70294799804685 2030.6529663085937 611.6443420410156 0.7638811383928571 1782.8813110351562 980.6730834960938 2039.1968139648438 1162.9419067382812 0.7632998511904762 
191 1852.7795288085938 459.5334045410156 2042.1831176757812 637.4580505371093 0.7928059895833334 1797.9230712890626 990.3272644042969 2041.8520751953124 1159.6425842285157 0.7297944568452381 
192 1844.0358276367188 474.9270446777344 2044.2075805664062 646.5027648925782 0.7814127604166666 1795.9726501464843 1013.4109130859375 2050.476690673828 1150.6713623046876 0.7150065104166666 
193 1842.1061950683593 492.11913909912107 2031.5499328613282 638.5074783325196 0.7181919642857143 1813.402587890625 1011.65400390625 2060.25341796875 1152.3015625 0.7119140625 
194 1831.7913330078125 507.0420623779297 2007.2526123046875 624.9750885009765 0.6884300595238095 1826.2596496582032 1011.0786254882812 2088.0136657714843 1152.0229370117188 0.7114722842261905 
195 1818.6486022949218 502.6518249511719 2002.4594299316407 629.0217590332031 0.6909877232142857 1826.712384033203 1001.8351409912109 2093.812396240234 1148.3094512939454 0.7253069196428571 
196 1815.4030029296875 517.3576263427734 1991.7700927734375 638.7907501220703 0.6883370535714286 1842.3139221191407 1002.089224243164 2093.853924560547 1143.7610565185546 0.7568359375 
197 1815.4117065429687 503.0322631835937 1990.7977661132813 645.0115600585938 0.7005440848214286 1847.9620056152344 1005.0992614746094 2112.433135986328 1138.726788330078 0.7321661086309523 
198 1810.8475646972656 507.9088104248047 1990.4711608886719 655.6637603759766 0.6785946800595238 1855.9763549804688 998.3082214355469 2108.028771972656 1125.7829650878907 0.7550455729166666 
199 1815.3706848144532 503.0081085205078 1989.6438415527343 651.140267944336 0.6610165550595238 1858.939031982422 992.0899291992188 2120.3486877441405 1122.7948364257813 0.7382114955357143 
200 1811.6262817382812 509.0283966064453 1992.4630737304688 643.1976165771484 0.6269066220238095 1859.8644104003906 981.4252471923828 2128.202850341797 1124.344711303711 0.7337007068452381 
201 1812.7657043457032 512.6335479736329 1994.3005798339843 647.3207366943359 0.6563662574404762 1864.455810546875 980.7728729248047 2125.046142578125 1118.3880767822266 0.7328636532738095 
202 1816.4940002441406 512.310546875 2004.261004638672 647.26806640625 0.6720610119047619 1867.949462890625 970.6696197509766 2137.864501953125 1123.2302215576171 0.7553245907738095 
203 1825.8391723632812 502.8039978027344 2010.8654174804688 655.5240051269532 0.7079613095238095 1872.4910217285155 970.7914306640625 2142.688055419922 1120.5745361328125 0.7544642857142857 
204 1838.8568908691407 506.3767944335938 2021.4962585449218 653.6665405273437 0.7238188244047619 1876.5857666015625 968.3001922607422 2144.6530029296873 1118.535806274414 0.7691359747023809 
205 1837.6902587890625 512.8349548339844 2025.8024169921875 653.9190734863281 0.7202845982142857 1880.5355712890625 968.53212890625 2148.0073974609377 1118.433935546875 0.7683454241071429 
206 1843.7067321777345 524.147998046875 2025.796075439453 653.3726318359375 0.7235398065476191 1881.99970703125 971.3511749267578 2143.38603515625 1121.134359741211 0.7748325892857143 
207 1842.547625732422 528.2655487060547 2027.2452209472656 657.2606353759766 0.7110770089285714 1877.8408264160157 974.3360229492188 2147.557977294922 1126.7848266601563 0.763671875 
208 1840.22451171875 532.9614837646484 2022.562841796875 656.4810821533204 0.7068452380952381 1874.0452453613282 972.2930450439453 2135.7891052246096 1131.1038665771484 0.7581147693452381 
209 1849.7907287597657 525.7841583251953 2026.5775573730468 655.4278167724609 0.7168666294642857 1874.2688781738282 991.6629669189454 2133.5561950683596 1130.1460540771484 0.7509765625 
210 1851.8243896484375 529.5290954589843 2025.3191650390625 655.9745666503907 0.6990327380952381 1864.265283203125 990.1840362548828 2125.977880859375 1143.094711303711 0.7440243675595238 
211 1844.0207275390626 526.0971130371094 2025.7141357421874 655.0407043457031 0.7084263392857143 1864.1963989257813 997.4627471923828 2125.014294433594 1143.989584350586 0.7444661458333334 
212 1840.2817016601562 525.9884857177734 2016.2961791992188 640.3979278564453 0.6779203869047619 1859.1243469238282 1005.8535247802735 2126.0796325683596 1146.665090942383 0.7295851934523809 
213 1844.9265991210937 502.2851257324219 2021.6139282226563 649.5245666503906 0.6926153273809523 1862.5952575683593 1008.4491271972656 2121.736895751953 1146.8542175292969 0.7223074776785714 
214 1837.5783142089845 490.5194564819336 2020.194512939453 643.681379699707 0.6774553571428571 1860.1221557617187 1016.6171264648438 2122.2648071289063 1146.2156372070312 0.7316778273809523 
215 1843.0484191894532 503.59096374511716 2022.4250915527343 644.7399078369141 0.6949172247023809 1865.8945861816405 1015.8211975097656 2121.726873779297 1148.1484069824219 0.7162155877976191 
216 1843.1644897460938 487.31891174316405 2022.4143676757812 648.9376190185546 0.6887555803571429 1863.0560546875 1014.7837158203125 2124.5845703125 1149.9557861328126 0.7320033482142857 
217 1846.4495361328125 484.6606079101563 2025.5670654296875 652.0327514648437 0.6794317336309523 1861.8089294433594 1019.8675048828125 2123.144317626953 1149.0670654296875 0.7192847842261905 
218 1847.3785217285156 505.5804473876953 2026.474627685547 652.3805511474609 0.6804547991071429 1867.5918701171875 1015.428466796875 2125.9598876953123 1147.548583984375 0.7325846354166666 
219 1854.1828186035157 502.2490936279297 2030.1698425292968 660.637319946289 0.6587611607142857 1867.2691162109375 1010.016455078125 2125.3832275390623 1147.87294921875 0.7116582961309523 
220 1853.5934448242188 517.6532287597656 2029.7932739257812 664.4864196777344 0.66845703125 1861.4998474121094 1006.2688995361328 2125.799591064453 1147.228842163086 0.7154715401785714 
221 1853.2404052734375 521.0769348144531 2032.2354248046875 667.7942810058594 0.6770135788690477 1856.2875610351562 1009.645654296875 2126.247351074219 1147.559912109375 0.7178664434523809 
222 1858.4590454101562 520.8130493164062 2028.6032104492188 670.4225463867188 0.6810128348214286 1855.6383850097657 1014.77265625 2128.455731201172 1146.7810546875 0.7198195684523809 
223 1849.3146728515626 536.2048614501953 2019.2395263671874 659.253939819336 0.6509021577380952 1858.7800231933593 1017.8090454101563 2122.456427001953 1146.7175659179688 0.7200288318452381 
224 1848.735009765625 539.0438690185547 2018.019384765625 664.5477447509766 0.6732468377976191 1865.2368225097657 1004.0145599365235 2125.000848388672 1147.0306671142578 0.7221447172619048 
225 1835.8050720214844 550.6342987060547 2011.422344970703 656.0046783447266 0.6660853794642857 1859.1081604003907 1008.1398681640625 2125.461053466797 1148.6338134765624 0.7260277157738095 
226 1831.6214172363282 533.2145446777344 2009.4841735839843 661.5090881347656 0.6692708333333334 1859.6578308105468 1014.4311401367188 2124.9941467285157 1151.4729125976562 0.7397925967261905 
227 1824.1576538085938 532.4022338867187 2011.4785766601562 664.1122924804688 0.6833844866071429 1855.9031188964843 1007.3463806152344 2119.323077392578 1159.544610595703 0.7501395089285714 
228 1825.550762939453 536.191860961914 2004.9991638183594 653.8628875732422 0.6911969866071429 1854.5159240722655 1004.6131042480469 2116.334051513672 1181.1196838378905 0.7662295386904762 
229 1828.8891479492188 537.1875183105469 2004.9753540039062 651.6435363769531 0.7098214285714286 1858.4626770019531 1017.6995727539063 2110.8526306152344 1193.7857788085937 0.8217308407738095 
230 1820.6570922851563 542.4048797607422 2002.8180053710937 655.1712310791015 0.6835704985119048 1852.2405212402343 991.801968383789 2126.927569580078 1199.9858123779297 0.7852492559523809 
231 1826.8107116699218 545.7872955322266 2004.9276916503907 650.9055145263671 0.6930803571428571 1843.544207763672 1009.61025390625 2129.699566650391 1202.327001953125 0.8000604538690477 
232 1882.547216796875 521.810888671875 2011.031396484375 650.295068359375 0.5738932291666666 1844.7175903320312 1037.6221435546875 2123.8383178710938 1214.8417236328125 0.78125 
233 1832.6214416503906 539.8247375488281 2004.208270263672 650.3382263183594 0.6695963541666666 1835.3059814453125 1046.3077392578125 2158.1217529296873 1226.6192626953125 0.8091285342261905 
234 1842.4417053222655 539.5796844482422 2007.251776123047 643.670376586914 0.6479027157738095 1828.6518798828124 1082.941845703125 2132.2494873046876 1239.077685546875 0.8108723958333334 
235 1846.7639221191407 558.7920166015625 2011.4781433105468 642.594091796875 0.5538504464285714 1829.2032287597656 1101.060107421875 2126.8449890136717 1262.884716796875 0.8031529017857143 
236 1860.9377868652343 536.1975067138671 2019.9705383300782 640.2916900634766 0.4976283482142857 1821.3462951660156 1127.287939453125 2130.7375671386717 1274.75478515625 0.7364908854166666 
237 1844.12802734375 509.89320068359376 2031.88662109375 628.3255493164063 0.43654668898809523 1822.1302612304687 1156.7159057617187 2142.764025878906 1292.4798950195313 0.7325381324404762 
238 1847.8838256835938 540.2854248046875 2037.2277465820312 614.8754638671875 0.5300176711309523 1821.2917907714843 1187.2107482910155 2145.471514892578 1316.308905029297 0.8433082217261905 
239 1832.1526794433594 536.1900329589844 2032.0205383300781 610.4266662597656 0.42411876860119047 1821.170849609375 1210.140234375 2135.249072265625 1344.3373046875 0.8252883184523809 
240 1827.5650817871094 539.0578521728515 2025.094464111328 624.9401336669922 0.42664155505952384 1814.9030029296875 1239.32890625 2141.2556884765627 1382.466015625 0.8542596726190477 
241 1833.2208740234375 562.2294769287109 2025.9109619140625 639.3054962158203 0.2683686755952381 1823.4152893066407 1278.6034362792968 2140.612908935547 1412.0043518066407 0.7812965029761905 
242 1822.7574584960937 544.049185180664 2003.9586059570313 664.8499237060547 0.28939964657738093 1826.3582153320312 1323.2142211914063 2137.4203491210938 1456.0951049804687 0.8038039434523809 
243 1820.0686340332031 563.694546508789 1994.4331970214844 675.7859832763672 0.26724097842261907 1834.439385986328 1368.6932434082032 2133.3500427246095 1499.4665466308593 0.7996186755952381 
244 1800.0878540039062 559.8831024169922 2406.638464355469 641.7674713134766 0.2584635416666667 1853.5109558105469 1415.1197387695313 2138.5897521972656 1545.5282104492187 0.8342168898809523 
245 1828.8935180664062 535.4417572021484 2016.9177612304688 619.3811798095703 0.21479143415178573 1871.121533203125 1463.4239074707032 2163.230517578125 1607.7996032714843 0.8211728050595238 
246 1875.8058471679688 533.3864685058594 2008.3528442382812 628.0628723144531 0.4417201450892857 1888.4294006347657 1496.7800354003907 2185.082196044922 1657.7300964355468 0.8867652529761905 
247 1883.3651245117187 540.7307861328125 1996.7859985351563 608.7833740234375 0.34766206287202384 1915.1477844238282 1546.9365783691405 2206.8018005371096 1708.966375732422 0.8839053199404762 
248 1855.7368774414062 539.96025390625 2008.2282104492188 636.096142578125 0.4439174107142857 1936.1901245117188 1587.2547790527344 2231.2276000976562 1756.321270751953 0.8750930059523809 
249 1851.01513671875 523.3520263671875 1997.363525390625 649.2796875 0.5199614025297619 1965.0306213378906 1627.1172485351562 2257.7275573730467 1807.5001831054688 0.8674897693452381 
250 1864.0896850585937 522.0866027832031 2016.3417114257813 657.0372985839844 0.5300176711309523 1992.6520874023438 1672.0951599121095 2276.3945434570314 1852.029473876953 0.8634905133928571 
251 1896.1159301757812 537.1116180419922 1999.1323608398438 622.3665924072266 0.58642578125 2021.5393188476562 1717.4293640136718 2316.3793823242186 1898.5963928222657 0.8658156622023809 
252 1897.9357421875 523.3260650634766 2006.43876953125 620.9788055419922 0.598388671875 2048.3097534179688 1752.470654296875 2348.5015258789062 1951.39287109375 0.8527948288690477 
253 1904.4738220214845 535.6131134033203 2007.915704345703 624.2775726318359 0.6244070870535714 2089.7598266601562 1793.1143920898437 2385.3082885742188 1992.6094848632813 0.8565615699404762 
254 1871.1154479980469 547.8989654541016 2013.2926330566406 622.9369110107422 0.7110072544642857 2117.1913208007813 1822.6325256347657 2417.3431030273437 2039.8475769042968 0.8525158110119048 
255 1863.76240234375 549.7716033935546 2016.626025390625 637.6681549072266 0.7146344866071429 2157.4368896484375 1861.0175903320312 2440.2344970703125 2075.0265991210936 0.8758138020833334 
256 1897.46015625 536.1673278808594 2012.517138671875 659.4427795410156 0.7099609375 2191.26640625 1886.665545654297 2499.4552734375 2112.670513916016 0.8680245535714286 
257 1850.6768615722656 561.9065979003906 2024.913836669922 647.0891296386719 0.7236793154761905 2233.4025756835936 1921.4016906738282 2523.7973754882814 2149.8457458496096 0.8916015625 
258 1848.221173095703 567.2004028320313 2029.4056579589844 652.0101684570312 0.7116117931547619 2254.181359863281 1940.6148559570313 2566.435583496094 2175.769177246094 0.9057384672619048 
259 1849.1994506835938 569.9575256347656 2025.4221313476562 663.9429870605469 0.7240513392857143 2283.5808227539064 1950.5196472167968 2585.1176635742186 2193.3154357910157 0.8792550223214286 
260 1845.5826721191406 572.4461456298828 2035.6227722167969 659.5478118896484 0.7288411458333334 2311.85078125 1970.3372375488282 2604.82939453125 2215.8057067871096 0.8466331845238095 
261 1837.037255859375 555.70126953125 2037.20615234375 667.79580078125 0.7691592261904762 2338.075390625 1981.6735900878907 2626.31865234375 2225.879510498047 0.88037109375 
262 1848.284033203125 550.1497161865234 2033.24013671875 670.7731964111329 0.7676711309523809 2350.572790527344 1986.8065124511718 2632.027551269531 2228.0534729003907 0.9010416666666666 
263 1852.9902099609376 561.4474670410157 2038.4858642578124 674.3578308105468 0.7457914806547619 2368.376501464844 1992.2145080566406 2630.489953613281 2205.937713623047 0.8314732142857143 
264 1852.3932312011718 569.4807983398438 2037.6544982910157 674.1936401367187 0.7085658482142857 2378.5907958984376 1994.257275390625 2648.4277587890624 2235.902392578125 0.8448195684523809 
265 1871.2360900878907 558.8216857910156 2028.4569030761718 671.6980895996094 0.7052873883928571 2383.6764282226563 1995.360369873047 2641.6797729492187 2209.019146728516 0.8078497023809523 
266 1874.5828002929688 555.4213043212891 2020.0739379882812 676.6638397216797 0.7086588541666666 2390.796496582031 1999.9179321289062 2669.654431152344 2238.361608886719 0.8602120535714286 
267 1878.402166748047 563.6309448242188 2024.9668518066405 685.7681030273437 0.7121000744047619 2385.89794921875 1990.2872497558594 2666.8134765625 2206.0629699707033 0.8287062872023809 
268 1880.8531921386718 567.7654388427734 2027.7682678222657 677.9517852783204 0.6713169642857143 2380.4587646484374 1980.0968688964845 2686.5319580078126 2229.036553955078 0.7317010788690477 
269 1887.307861328125 560.3656494140625 2018.2314453125 679.015087890625 0.6908249627976191 2369.6163818359373 1971.4133728027343 2684.6511962890627 2216.894854736328 0.7455822172619048 
270 1881.78125 565.5950256347656 2029.011962890625 680.1078552246094 0.6468098958333334 2389.6958251953124 1976.5562255859375 2688.2470458984376 2213.7611572265623 0.7490234375 
271 1880.5759765625 561.7874694824219 2031.149365234375 687.9434875488281 0.6938244047619048 2385.6697631835937 1956.3910522460938 2662.3993286132813 2204.6336059570312 0.8138950892857143 
272 1888.345849609375 555.239126586914 2031.706396484375 694.5036102294922 0.6847795758928571 2392.1557861328124 1933.2330078125 2674.7807373046876 2199.4740234375 0.9222470238095238 
273 1882.3739196777344 560.2605743408203 2036.142559814453 701.5613861083984 0.7207496279761905 2376.127722167969 1896.704522705078 2683.665002441406 2175.1503356933595 0.8498418898809523 
274 1882.3357543945312 552.3977416992187 2031.1232299804688 705.4362426757813 0.73681640625 2396.5518432617187 1873.9900634765625 2736.6373657226563 2107.7989990234373 0.9395693824404762 
275 1890.9812866210937 543.6109497070313 2022.7526000976563 701.7364624023437 0.7115187872023809 2417.2214599609374 1826.1843322753907 2790.5734619140626 2054.587762451172 0.9447079613095238 
276 1875.3596069335938 561.5981658935547 2048.0117309570314 693.3589263916016 0.7429780505952381 2426.693017578125 1746.746356201172 2849.236181640625 1996.6375549316406 0.9172014508928571 
277 1892.7453857421874 563.7642517089844 2041.9743408203126 694.3395080566406 0.7362583705357143 2436.211291503906 1694.6394653320312 2911.878308105469 1941.7997436523438 0.8965773809523809 
278 1887.2312072753907 569.2940979003906 2043.0428405761718 682.6116638183594 0.6973121279761905 2471.2524536132814 1649.8061279296876 2948.1306030273436 1904.7705322265624 0.9052501860119048 
279 1878.8779357910157 560.6624328613282 2042.6177917480468 676.2435729980468 0.7037527901785714 2483.4560302734376 1616.2659912109375 2993.9389892578124 1861.8758544921875 0.8992745535714286 
280 1900.3631164550782 561.472036743164 2032.7131774902343 684.0183807373047 0.6833147321428571 2525.9150634765624 1598.7797058105468 3021.0024169921876 1848.7743713378907 0.9295712425595238 
281 1895.1747802734376 554.1894470214844 2029.2448974609374 683.2939514160156 0.7015438988095238 2549.10078125 1587.0258850097657 3040.6912109375 1835.3038269042968 0.9303850446428571 
282 1944.8596496582031 551.0564453125 1994.7911071777344 690.864208984375 0.6908017113095238 2575.1467407226564 1584.82724609375 3054.4877807617186 1819.504541015625 0.9512881324404762 
283 1950.1597900390625 552.1175689697266 1985.5225830078125 693.5691375732422 0.6699916294642857 2582.2230224609375 1561.320330810547 3067.1998291015625 1813.9124572753906 0.9546363467261905 
284 1933.4803894042968 560.6187316894532 1999.1676818847657 671.7819030761718 0.6680152529761905 2593.074462890625 1543.2077087402345 3073.096923828125 1795.851251220703 0.9616350446428571 
285 1916.36416015625 557.4514099121094 2038.06015625 653.7940734863281 0.6351143973214286 2604.80498046875 1509.3721252441405 3081.44794921875 1773.046942138672 0.9469168526785714 
286 1922.1291748046874 546.6572814941406 2044.2536376953126 673.8701843261719 0.6343005952380952 2624.7359130859377 1501.5368957519531 3103.0565673828123 1766.1397399902344 0.9039713541666666 
287 1941.373046875 559.2067993164062 2017.34814453125 625.0519897460938 0.6484607514880952 2633.331750488281 1494.286358642578 3094.248083496094 1762.7320739746094 0.9410807291666666 
288 1962.0144165039062 565.9328735351562 2047.4675170898438 686.5726196289063 0.5572219122023809 2636.74638671875 1512.4911804199219 3074.065625 1773.8773498535156 0.9207356770833334 
289 1941.8727600097657 544.9538604736329 2041.8053405761718 634.8932464599609 0.5731259300595238 2634.6747436523438 1510.8410278320312 3059.3884887695312 1790.6523803710938 0.9377790178571429 
290 1987.7953063964844 544.6665069580079 2067.6550109863283 704.3856781005859 0.40051850818452384 2622.0647583007812 1521.4107543945313 3061.2924194335938 1800.9193237304687 0.9239211309523809 
291 2077.0941772460938 671.7343292236328 2239.5608520507812 824.3545989990234 0.3090006510416667 2612.779895019531 1536.140380859375 3055.870739746094 1811.84130859375 0.93701171875 
292 2037.32490234375 596.2396850585938 2248.69169921875 950.1564331054688 0.2502964564732143 2613.0066040039064 1539.26142578125 3045.5717651367186 1814.530078125 0.9367327008928571 
293 2109.1337158203123 873.9940734863281 2257.0728271484377 1066.3148864746095 0.30959356398809523 2620.282507324219 1548.824267578125 3039.443322753906 1810.18330078125 0.9302687872023809 
294 2138.3981323242188 745.399789428711 2275.1060180664062 852.8131622314453 0.41222563244047616 2612.744921875 1549.3104125976563 3032.63349609375 1817.8438842773437 0.9524507068452381 
295 2129.997668457031 625.1477020263671 2280.264782714844 886.9033843994141 0.2265683128720238 2628.3401489257812 1554.1566528320313 3016.1264038085938 1811.0650268554687 0.9484281994047619 
296 2186.4118530273436 585.4618469238281 2335.1713989257814 777.4097351074219 0.4295014880952381 2626.046337890625 1547.9699584960938 2995.545947265625 1811.8982055664062 0.9406389508928571 
297 2190.82080078125 577.9661529541015 2318.4150390625 719.2314178466797 0.40011160714285715 2637.4013549804686 1557.8843383789062 2965.5012329101564 1803.9591674804688 0.9421735491071429 
298 2094.7290771484377 530.2947387695312 2326.7416259765623 702.1559448242188 0.21755254836309523 2639.562145996094 1548.7373657226562 2961.801867675781 1802.2326049804688 0.9210844494047619 
299 2642.3276977539062 1557.4396179199218 2955.2623901367188 1786.9250061035157 0.9143880208333334 
