0 1738.8921997070313 402.9653915405273 1916.3145874023437 565.0927444458008 0.7553245907738095 1621.0028564453125 608.5071472167969 1841.2512939453125 804.2836242675781 0.7457217261904762 
1 1737.4635986328126 403.3434371948242 1916.0942626953124 566.5748062133789 0.7462332589285714 1620.785223388672 610.6402099609375 1845.6133361816405 804.669970703125 0.7532552083333334 
2 1737.151300048828 405.8822952270508 1915.6088317871095 565.8786605834961 0.7482096354166666 1617.864013671875 609.9012969970703 1845.55126953125 806.819955444336 0.7437220982142857 
3 1737.8803100585938 402.8774688720703 1913.2295532226562 565.9215423583985 0.7435593377976191 1618.259344482422 609.5813873291015 1845.9058166503905 806.4648162841797 0.7424665178571429 
4 1736.9106079101562 403.1259262084961 1912.0840209960938 566.006428527832 0.7325846354166666 1614.6912414550782 609.6224243164063 1845.1824157714843 806.3083618164062 0.7312360491071429 
5 1737.2453552246093 402.0968536376953 1912.2037414550782 567.8469329833985 0.7426990327380952 1612.1064880371093 611.0552520751953 1848.4536926269532 807.4997406005859 0.736328125 
6 1736.283465576172 405.12269134521483 1911.3389709472656 567.8936965942382 0.7463030133928571 1610.72060546875 611.8347625732422 1850.270361328125 805.3172760009766 0.73828125 
7 1735.8148681640625 406.14161987304686 1913.6736572265625 571.7343566894531 0.7375139508928571 1605.0155090332032 607.4712341308593 1853.4045349121093 806.7957336425782 0.7455124627976191 
8 1736.3578186035156 401.5779663085938 1911.3571472167969 570.4370483398437 0.7336077008928571 1602.6874755859376 608.5779479980469 1851.3708740234374 805.0685363769531 0.7418387276785714 
9 1736.7455444335938 401.8943603515625 1911.8821411132812 570.885791015625 0.7384672619047619 1600.2524780273438 606.3385314941406 1852.2033325195312 806.0556335449219 0.7445359002976191 
10 1736.1129272460937 404.82873687744143 1911.4361450195313 570.9244064331054 0.7499302455357143 1596.3985290527344 609.1359283447266 1854.7695617675781 809.0659149169921 0.7719261532738095 
11 1735.786846923828 404.7405242919922 1910.9632751464844 573.7702789306641 0.7473725818452381 1596.8988403320313 611.5951354980468 1848.9068237304687 811.3576232910157 0.7711588541666666 
12 1737.4473449707032 407.9946487426758 1909.8828552246093 571.1924545288086 0.7408621651785714 1594.8564514160157 609.4456909179687 1853.5096374511718 812.6732055664063 0.7614629836309523 
13 1734.352587890625 407.79972076416016 1909.7833984375 570.9196090698242 0.7358165922619048 1589.107244873047 614.5997528076172 1853.7922912597655 811.5747467041016 0.7635323660714286 
14 1730.2006286621095 409.46153869628904 1906.193048095703 570.0160614013672 0.7365606398809523 1592.3279418945312 614.1922790527344 1851.6852416992188 811.7978332519531 0.7608351934523809 
15 1727.5763916015626 399.4251312255859 1902.7063232421874 568.4101348876953 0.7169596354166666 1584.589178466797 616.033154296875 1851.8926330566405 812.67021484375 0.7560918898809523 
16 1709.0863098144532 383.02256164550784 1896.6362243652343 552.1248382568359 0.7189127604166666 1581.2545104980468 623.7863586425781 1851.8181213378907 817.4852478027344 0.7676943824404762 
17 1690.037091064453 370.8681579589844 1883.3805114746094 542.7288879394531 0.7316778273809523 1579.673272705078 617.5638885498047 1849.7401794433595 820.1140289306641 0.7653692336309523 
18 1675.0298461914062 370.1623504638672 1862.1063842773438 532.7041656494141 0.7253534226190477 1581.2557434082032 603.3591186523438 1845.0029235839843 830.3043334960937 0.7537434895833334 
19 1656.1131164550782 369.19303436279296 1843.3005798339843 541.0372207641601 0.7461867559523809 1586.0063842773438 626.9593078613282 1828.4294067382812 835.6272399902343 0.7634161086309523 
20 1641.2554931640625 388.3297378540039 1815.8763427734375 550.6964767456054 0.6897088913690477 1585.6407836914063 621.2753265380859 1833.7862182617187 847.9760772705079 0.7579055059523809 
21 1611.2594665527345 408.75514221191406 1788.835626220703 586.3312225341797 0.6954520089285714 1600.7792053222656 627.0747924804688 1848.7734069824219 872.0073608398437 0.7317010788690477 
22 1620.9855041503906 400.3824752807617 1779.7284851074219 623.6988540649414 0.7002883184523809 1604.221240234375 647.9139129638672 1854.443310546875 914.279263305664 0.7079845610119048 
23 1621.2597595214843 409.38666381835935 1770.6085266113282 648.3446594238281 0.6661318824404762 1626.16845703125 669.1282104492187 1859.695556640625 937.9558959960938 0.7155645461309523 
24 1570.7056823730468 356.46993255615234 1757.2834533691407 654.9944534301758 0.5087076822916666 1622.9474731445312 739.0979583740234 1854.3039916992188 955.5282012939454 0.7479073660714286 
25 1599.72119140625 427.6265808105469 1780.093017578125 673.8485168457031 0.6971028645833334 1655.9910217285155 766.8974822998047 1902.212957763672 993.0780426025391 0.8193359375 
26 1591.7368408203124 404.28965454101564 1772.0629638671876 689.8058044433594 0.6880115327380952 1677.276220703125 787.7714172363281 1917.71083984375 1005.6653503417969 0.7982003348214286 
27 1612.2378356933593 433.5424774169922 1772.4766418457032 693.5525543212891 0.7535109747023809 1695.496875 757.8573974609375 1940.390087890625 1008.7973876953125 0.8477027529761905 
28 1597.5116943359376 432.7347869873047 1787.2190185546874 700.7340240478516 0.7744605654761905 1699.4302673339844 712.8947448730469 1949.3620910644531 1001.9725646972656 0.8661876860119048 
29 1598.3676452636719 450.3022186279297 1787.9396057128906 700.0557525634765 0.7635788690476191 1708.3148254394532 681.5383850097656 1927.9775329589843 973.4190124511719 0.8404017857142857 
30 1603.1020568847657 457.6404266357422 1785.7452331542968 701.1646881103516 0.7327473958333334 1698.6384704589843 640.634896850586 1905.6341125488282 941.9961456298828 0.8264973958333334 
31 1591.7101623535157 458.23393096923826 1782.7760437011718 714.0157943725586 0.7149832589285714 1711.5412353515626 634.8395874023438 1911.8523193359374 921.4384887695312 0.8218005952380952 
32 1598.0177062988282 453.0953674316406 1822.6887145996093 808.2205505371094 0.3459356398809524 1690.5620178222657 666.0589477539063 1886.2432800292968 963.2044799804687 0.5293433779761905 
33 1597.551806640625 439.02882385253906 1817.73359375 813.3378143310547 0.4306640625 1740.669940185547 704.3761047363281 1894.7972229003906 931.8972106933594 0.5055106026785714 
34 1627.0894409179687 476.4506271362305 1803.1197875976563 725.8269912719727 0.5660458519345238 1771.5246887207031 669.1248901367187 1918.2166442871094 911.1667358398438 0.6263950892857143 
35 1633.146466064453 534.005825805664 1816.4066345214844 709.9356414794922 0.6111886160714286 1778.344903564453 674.6933349609375 1924.9530700683595 901.9359375 0.6379743303571429 
36 1614.5179626464844 546.3033142089844 1790.424053955078 672.9557189941406 0.6659691220238095 1771.7510070800781 672.6851318359375 1898.4034118652344 876.7362548828125 0.7567196800595238 
37 1660.2248901367188 562.0762451171875 1784.4323364257812 671.6710693359375 0.5683128720238095 1789.4906372070313 657.0583923339843 1913.6980834960937 868.9417297363282 0.7151692708333334 
38 1689.4371948242188 537.9036499023438 1785.0059204101562 662.8782104492187 0.4834798177083333 1773.978857421875 639.9756530761719 1921.00771484375 860.5190979003906 0.7579287574404762 
39 0.0 0.0 0.0 0.0 0.20268031529017858 0.0 0.0 0.0 0.0 0.20268031529017858 
40 1578.3619201660156 527.3509765625 1785.514666748047 678.8508056640625 0.6214657738095238 1755.547705078125 648.0513641357422 1931.78212890625 845.928677368164 0.7857607886904762 
41 0.0 0.0 0.0 0.0 0.20268031529017858 0.0 0.0 0.0 0.0 0.20268031529017858 
42 1166.592108154297 609.9647796630859 1839.6028381347655 745.9987823486329 0.20384579613095238 1795.8185302734375 634.1975158691406 1931.8526123046875 942.0640808105469 0.6794084821428571 
43 1640.7362548828125 568.6598083496094 1790.5225341796875 691.2122619628906 0.3698846726190476 1753.992498779297 649.575830078125 1920.7998596191405 955.956884765625 0.7503952752976191 
44 0.0 0.0 0.0 0.0 0.20268031529017858 0.0 0.0 0.0 0.0 0.20268031529017858 
45 1675.2512634277343 655.1635833740235 1876.6101867675782 792.4537872314453 0.29116675967261907 1715.1475036621093 646.5976470947265 1916.5064270019532 939.4833465576172 0.7087053571428571 
46 0.0 0.0 0.0 0.0 0.20268031529017858 0.0 0.0 0.0 0.0 0.20268031529017858 
47 0.0 0.0 0.0 0.0 0.20268031529017858 0.0 0.0 0.0 0.0 0.20268031529017858 
48 0.0 0.0 0.0 0.0 0.20268031529017858 0.0 0.0 0.0 0.0 0.20268031529017858 
49 0.0 0.0 0.0 0.0 0.20268031529017858 0.0 0.0 0.0 0.0 0.20268031529017858 
50 0.0 0.0 0.0 0.0 0.20268031529017858 0.0 0.0 0.0 0.0 0.20268031529017858 
51 0.0 0.0 0.0 0.0 0.20268031529017858 0.0 0.0 0.0 0.0 0.20268031529017858 
52 0.0 0.0 0.0 0.0 0.20268031529017858 0.0 0.0 0.0 0.0 0.20268031529017858 
53 0.0 0.0 0.0 0.0 0.20268031529017858 0.0 0.0 0.0 0.0 0.20268031529017858 
54 0.0 0.0 0.0 0.0 0.20268031529017858 0.0 0.0 0.0 0.0 0.20268031529017858 
55 3191.0291137695312 896.8050262451172 3503.2020874023438 1163.294155883789 0.27223423549107145 1222.2315246582032 644.0796630859375 1542.0183532714843 765.9032470703125 0.2596028645833333 
56 1866.467352294922 640.4054260253906 1973.1592346191405 1051.9311218261719 0.23381115141369047 1761.241033935547 647.1469818115235 1967.0039611816405 746.2179473876953 0.28988792782738093 
57 1935.8604858398437 1027.7769287109375 1989.1690551757813 1088.7010986328125 0.18487258184523808 1758.3601806640625 593.3992523193359 1979.2103759765625 814.2493682861328 0.33749534970238093 
58 3189.9510009765627 901.7165344238281 3509.4850341796873 1152.7791931152344 0.4146321614583333 1210.1258361816406 592.1310638427734 1544.875994873047 736.6823516845703 0.3388788132440476 
59 3242.084619140625 889.9432037353515 3471.157568359375 1103.7447235107422 0.33175223214285715 1141.6612182617187 620.9292938232422 1553.9925903320313 773.6446197509765 0.2780064174107143 
60 3188.6687133789064 875.9005523681641 3531.8271362304686 1158.0529998779298 0.3828706287202381 1269.0347900390625 773.5396118164062 1269.0347900390625 773.5396118164062 0.17135765438988096 
61 3192.0354614257812 886.5684448242188 3526.0824584960938 1167.4715942382813 0.46786644345238093 1152.4212158203125 643.0411926269531 2055.8666259765623 756.9208435058594 0.22524297805059523 
62 3190.537109375 906.8499908447266 3517.1494140625 1165.1016082763672 0.55224609375 1233.1995666503906 575.8554382324219 1559.812030029297 765.7463684082031 0.40835425967261907 
63 1822.1434753417968 847.6617065429688 2004.5356018066407 1014.8545288085937 0.21282668340773808 1324.36474609375 640.1321624755859 1970.337158203125 731.3282257080078 0.3279622395833333 
64 3195.9736938476562 897.4503784179688 3492.2648315429688 1140.5608520507812 0.37268647693452384 1139.1774108886718 650.2490783691406 1534.2318908691407 756.6099304199219 0.22505696614583334 
65 3193.262658691406 907.1140930175782 3512.029577636719 1165.1636169433593 0.5011625744047619 1141.4190002441405 636.8043670654297 1634.748846435547 758.2393951416016 0.21405319940476192 
66 3238.326281738281 898.8648895263672 3512.467907714844 1127.316323852539 0.4826776413690476 1206.5740295410155 628.2379699707031 1625.401434326172 765.3087829589844 0.25513276599702384 
67 3363.632080078125 960.7550048828125 3363.632080078125 960.7550048828125 0.16969517299107142 1733.5231201171875 631.2742218017578 1939.3020751953125 844.6745697021485 0.35182989211309523 
68 3232.1826171875 877.9955505371094 3514.05029296875 1137.008966064453 0.4790155319940476 1235.37705078125 686.3725372314453 2012.417138671875 777.7890228271484 0.29228283110119047 
69 3174.4267456054686 869.3162384033203 3523.7151000976564 1165.4522552490234 0.35877046130952384 1232.6039306640625 673.6445739746093 1908.4014404296875 741.9835998535157 0.25742885044642855 
70 3193.4569580078123 874.0257965087891 3519.7144287109377 1131.9968475341798 0.34402901785714285 1359.3527282714845 722.5699768066406 1647.673272705078 775.6816101074219 0.19687616257440477 
71 3192.5826782226563 908.2935150146484 3511.5743041992187 1151.3347198486329 0.5032668340773809 1189.8297119140625 682.1951171875 1903.7633056640625 758.145458984375 0.26540411086309523 
72 3226.0514892578126 871.5949279785157 3468.8791748046874 1114.4227722167968 0.25978887648809523 1320.203466796875 659.7043212890625 1942.449609375 765.941552734375 0.26864769345238093 
73 3183.751574707031 866.821337890625 3495.261853027344 1140.34248046875 0.39594959077380953 1210.9507934570313 686.8116516113281 1955.5362670898437 747.5941101074219 0.26650274367559523 
74 0.0 0.0 0.0 0.0 0.20268031529017858 0.0 0.0 0.0 0.0 0.20268031529017858 
75 3189.8358154296875 886.051156616211 3501.1090087890625 1144.1801055908204 0.43408203125 1167.7279907226562 698.2943969726563 1592.8816284179688 812.1748413085937 0.26856050037202384 
76 3193.1921508789064 873.6992095947265 3519.9926635742186 1177.699655151367 0.4788178943452381 1280.035009765625 651.8372161865234 1568.835595703125 750.6374542236329 0.3623744419642857 
77 3202.9481201171875 887.7521789550781 3491.8267822265625 1146.2225524902344 0.41946847098214285 1270.2685485839843 655.5967346191406 1635.1678527832032 746.8216003417969 0.336181640625 
78 3188.307275390625 859.9241882324219 3508.450048828125 1141.9548400878907 0.36740838913690477 1294.4218811035157 667.3107818603515 1614.5648132324218 789.2699676513672 0.32141694568452384 
79 3202.976416015625 895.4824035644531 3491.535791015625 1153.6671325683594 0.4330473400297619 1284.1142517089843 674.3897674560546 1648.6104797363282 773.1074859619141 0.3283807663690476 
80 3193.257373046875 893.6944366455078 3534.441357421875 1174.223471069336 0.5279134114583334 1247.9252136230468 667.988070678711 1566.3634826660157 781.7160919189453 0.32922944568452384 
81 3186.141247558594 892.9773010253906 3490.588488769531 1151.7574401855468 0.41825939360119047 1276.906671142578 664.6419677734375 1840.1337341308595 771.198486328125 0.2932826450892857 
82 1835.7840698242187 798.0519744873047 1873.6583129882813 1017.722378540039 0.23360770089285715 1233.0013793945313 687.342739868164 1899.5874877929687 755.5163299560547 0.29160853794642855 
83 1849.4618530273438 643.7647521972656 1947.9917602539062 863.5620300292969 0.35849144345238093 1233.2132690429687 656.8826293945312 1922.9219848632813 762.9916381835938 0.37490699404761907 
84 3230.8237060546876 927.2987060546875 3405.3379150390624 1086.6375732421875 0.21346028645833334 1261.85146484375 653.2709991455079 1656.404638671875 759.4968841552734 0.325927734375 
85 3177.193322753906 876.9900054931641 3489.269812011719 1128.1735076904297 0.2920735677083333 1204.0264038085938 650.1050598144532 1972.8002563476562 787.1143005371093 0.298828125 
86 3209.385144042969 884.8311737060546 3491.310900878906 1136.2782623291016 0.38961356026785715 1261.9885131835938 654.4844543457032 1658.2082641601562 768.7786071777343 0.3375651041666667 
87 3238.5972900390625 925.7648406982422 3405.9437255859375 1093.1111968994142 0.22407459077380953 1255.6014770507813 644.3186401367187 1924.9869018554687 766.0251098632813 0.33206612723214285 
88 3206.6981689453123 876.25244140625 3457.3169677734377 1134.465576171875 0.34543573288690477 1304.5676513671874 670.9088348388672 1737.4543212890626 784.8263336181641 0.34526134672619047 
89 1824.4071960449219 640.3946472167969 2022.1803283691406 967.4809631347656 0.25878324962797616 1313.8834350585937 667.6030853271484 1930.0228149414063 758.8829376220704 0.38779994419642855 
90 1822.8958557128906 596.6532409667968 2005.302264404297 1136.2724182128907 0.24827938988095238 1285.9074951171874 660.086294555664 1916.7299560546876 751.2894989013672 0.3399018787202381 
91 1621.3691955566405 892.0757995605469 3611.869940185547 1096.4238342285157 0.2147274925595238 1290.39521484375 673.173129272461 1759.638720703125 756.4260528564453 0.3445638020833333 
92 0.0 0.0 0.0 0.0 0.20268031529017858 0.0 0.0 0.0 0.0 0.20268031529017858 
93 3212.170300292969 865.9309692382812 3463.411486816406 1109.5587768554688 0.30676850818452384 1307.6569885253907 652.4638244628907 1619.8050476074218 766.6643493652343 0.44730050223214285 
94 1637.4044799804688 641.1936279296875 3537.0913696289062 1104.7172607421876 0.21144903273809523 1295.168475341797 651.4227111816406 1652.3096740722656 773.0027038574219 0.48401460193452384 
95 1615.8598083496095 750.6988372802734 3572.376153564453 1123.7311553955078 0.22910272507440477 1309.0011779785157 676.9122497558594 1712.4850280761718 775.8799865722656 0.42860630580357145 
96 3183.3620361328126 911.5015930175781 3501.9616943359374 1161.8298278808593 0.5721493675595238 1286.0600280761719 683.9303405761718 1915.6737365722656 782.5445129394532 0.26487513950892855 
97 3187.1754516601563 873.0408660888672 3521.1221557617187 1176.628872680664 0.4668666294642857 1334.1213806152343 656.4425354003906 1637.7093078613282 762.6983337402344 0.42857142857142855 
98 3188.354052734375 900.0966094970703 3515.116162109375 1173.6648040771483 0.5226934523809523 1298.5122985839844 655.463525390625 1640.4724426269531 769.45029296875 0.38839285714285715 
99 3184.2796997070313 891.1357940673828 3509.8474975585937 1163.7042327880858 0.48157319568452384 1336.8717834472657 668.3635406494141 1874.4371765136718 751.6483612060547 0.30823335193452384 
100 0.0 0.0 0.0 0.0 0.20268031529017858 0.0 0.0 0.0 0.0 0.20268031529017858 
101 1840.5055908203126 875.5384735107422 1953.6697021484374 1094.322427368164 0.18626767113095238 1767.3840942382812 578.7003997802734 1910.7252807617188 805.0285430908203 0.4079706101190476 
102 3173.1044799804686 870.862173461914 3523.2688110351564 1182.9654022216796 0.46170479910714285 1296.093359375 642.7867462158204 1623.421044921875 749.3585784912109 0.49887230282738093 
103 3166.430517578125 860.4607818603515 3524.122216796875 1187.7107879638672 0.37282598586309523 1312.9900329589843 646.7824279785157 1853.3328430175782 745.7184265136718 0.3842075892857143 
104 1570.5111267089844 920.67109375 3614.3483703613283 1148.608447265625 0.19681803385416666 1733.5740051269531 693.3183715820312 1908.3257751464844 814.8848754882813 0.41793387276785715 
105 3179.0038330078123 869.5874969482422 3497.5362060546877 1127.446987915039 0.30014183407738093 1707.10419921875 695.4447631835938 1889.122607421875 794.0381469726562 0.3159063430059524 
106 3197.191357421875 889.656039428711 3508.222705078125 1139.9983184814453 0.48115466889880953 1258.6435180664062 673.743115234375 1933.8091186523438 772.362841796875 0.2564115978422619 
107 3182.21171875 896.3765289306641 3524.03046875 1169.8314178466796 0.5388764880952381 1327.3345703125 669.6660675048828 1843.860498046875 730.4338470458985 0.32457914806547616 
108 3166.566857910156 859.2808441162109 3538.285925292969 1200.6554962158202 0.41752697172619047 1458.8184753417968 616.2338470458984 1913.9846252441407 737.6114288330078 0.3535737537202381 
109 1611.8453491210937 837.4284271240234 3529.162219238281 1170.8748565673827 0.23346819196428573 1329.4069763183593 643.8896209716797 1753.7933410644532 734.829556274414 0.34590076264880953 
110 3195.396533203125 868.6792083740235 3498.964306640625 1179.836477661133 0.31985909598214285 1331.9556823730468 636.3329315185547 1848.0212463378907 734.9925689697266 0.3452032180059524 
111 3194.546044921875 850.4760467529297 3497.962744140625 1146.3072174072265 0.34521484375 1279.22880859375 639.8348937988281 1848.1349609375 738.4452575683594 0.3093377976190476 
112 3195.9086669921876 867.7618072509765 3513.7275634765624 1170.4463836669922 0.3689081101190476 1440.3376159667969 656.7555999755859 1939.7672424316406 770.2624053955078 0.33028738839285715 
113 1835.2445068359375 960.8270874023438 1835.2445068359375 960.8270874023438 0.16114443824404762 1739.2235534667968 696.6963256835937 1913.7541076660157 810.5205932617188 0.4433477492559524 
114 3291.5345825195313 904.7884582519531 3374.7171264648437 1093.8395935058593 0.19520205543154762 1435.051904296875 667.7473449707031 1828.27841796875 743.3677673339844 0.3026529947916667 
115 3196.1140014648436 849.2323181152344 3506.1801879882814 1151.736065673828 0.3169061569940476 1485.2225524902344 659.2948822021484 1901.165264892578 742.4833770751953 0.29530552455357145 
116 1804.1749267578125 614.3694519042969 2001.2537841796875 872.0879455566406 0.26625279017857145 1435.089373779297 627.197021484375 1798.9273498535156 824.27587890625 0.31919642857142855 
117 1834.3874206542969 606.8504913330078 2000.5968322753906 977.043978881836 0.25573149181547616 1761.4529235839843 629.8059631347656 1904.9973937988282 750.6854919433594 0.3684663318452381 
118 1852.2341003417969 596.3394439697265 2002.8663635253906 882.5407440185547 0.30033947172619047 1766.1999389648438 595.4703765869141 1909.3005493164062 738.5710662841797 0.4228399367559524 
119 1836.7072021484375 929.1034973144531 1942.8406494140625 1148.9515563964844 0.18747093563988096 1747.1934204101562 593.5000213623047 1921.5556030273438 790.6051422119141 0.39328729538690477 
120 1833.0293884277344 580.2524688720703 1938.8313293457031 1056.361361694336 0.2767973400297619 1705.427587890625 622.1081909179687 1909.474267578125 735.4674926757813 0.38823009672619047 
121 0.0 0.0 0.0 0.0 0.20268031529017858 0.0 0.0 0.0 0.0 0.20268031529017858 
122 0.0 0.0 0.0 0.0 0.20268031529017858 0.0 0.0 0.0 0.0 0.20268031529017858 
123 0.0 0.0 0.0 0.0 0.20268031529017858 0.0 0.0 0.0 0.0 0.20268031529017858 
124 3188.678356933594 896.0209686279297 3521.664660644531 1168.4641998291015 0.4835611979166667 1659.3872009277343 608.1509704589844 1977.2376770019532 751.9404602050781 0.3165922619047619 
125 3195.705712890625 872.3190063476562 3513.855322265625 1182.8936401367187 0.42739722842261907 1732.2755615234375 605.154931640625 1906.5003173828125 756.6547607421875 0.36079334077380953 
126 0.0 0.0 0.0 0.0 0.20268031529017858 0.0 0.0 0.0 0.0 0.20268031529017858 
127 1869.5377197265625 658.467041015625 1869.5377197265625 658.467041015625 0.15176536923363096 1830.0094299316406 631.0697967529297 1936.3271179199219 797.6341217041015 0.18159993489583334 
128 1811.2662414550782 611.1114654541016 1949.2187438964843 710.1543426513672 0.20085797991071427 1814.395330810547 580.9088439941406 1948.8106018066405 800.2179870605469 0.35996791294642855 
129 1618.9503356933594 853.4661834716796 3668.2656066894533 1012.2692291259766 0.23704892113095238 1323.448712158203 630.0949157714844 1951.0987731933594 758.6497131347656 0.37805757068452384 
130 0.0 0.0 0.0 0.0 0.20268031529017858 0.0 0.0 0.0 0.0 0.20268031529017858 
131 1815.2470825195312 764.6153228759765 1928.9028198242188 870.6939422607422 0.34078543526785715 1349.2589477539063 659.7024200439453 1864.4978881835937 765.781039428711 0.3633626302083333 
132 0.0 0.0 0.0 0.0 0.20268031529017858 0.0 0.0 0.0 0.0 0.20268031529017858 
133 0.0 0.0 0.0 0.0 0.20268031529017858 0.0 0.0 0.0 0.0 0.20268031529017858 
134 3195.339465332031 869.0230926513672 3520.465466308594 1171.465982055664 0.3604213169642857 1733.7257080078125 619.7984344482422 1922.7525634765625 763.4588287353515 0.37697637648809523 
135 1839.2832092285157 707.3453094482422 1990.8768249511718 1063.590298461914 0.2185000465029762 1767.5677490234375 609.1009826660156 1934.3206787109375 806.1726989746094 0.4150506882440476 
136 3169.97705078125 868.968505859375 3510.80810546875 1171.929443359375 0.3080357142857143 1743.4388671875 600.0906127929687 1925.2154296875 759.1451049804688 0.4137486049107143 
137 3174.5297973632814 855.876171875 3516.2409545898436 1189.9939453125 0.2649739583333333 1735.2530029296875 610.8370086669922 1894.7181884765625 739.927944946289 0.373291015625 
138 3162.207470703125 867.1155487060547 3518.694384765625 1178.0934967041017 0.44175502232142855 1291.9640319824218 634.0279846191406 1929.0895568847657 740.2155456542969 0.32579985119047616 
139 3187.068640136719 885.3071075439453 3528.597619628906 1181.2990325927735 0.45681036086309523 1272.4625 619.381494140625 1864.44619140625 740.8140625 0.32278878348214285 
140 0.0 0.0 0.0 0.0 0.20268031529017858 0.0 0.0 0.0 0.0 0.20268031529017858 
141 0.0 0.0 0.0 0.0 0.20268031529017858 0.0 0.0 0.0 0.0 0.20268031529017858 
142 0.0 0.0 0.0 0.0 0.20268031529017858 0.0 0.0 0.0 0.0 0.20268031529017858 
143 3208.712060546875 923.9120666503907 3504.670263671875 1166.7494323730468 0.5600818452380952 1242.3715454101562 612.4848236083984 1834.2876342773438 771.8467803955078 0.33263578869047616 
144 0.0 0.0 0.0 0.0 0.20268031529017858 0.0 0.0 0.0 0.0 0.20268031529017858 
145 3209.030419921875 868.2155792236329 3513.202490234375 1149.574887084961 0.3073846726190476 1245.3644592285157 636.8691986083984 1838.5004089355468 743.3294708251954 0.3830450148809524 
146 3181.4697387695314 900.3384674072265 3529.0651733398436 1164.8133270263672 0.47207496279761907 1733.2514282226562 661.148486328125 1937.2749389648438 782.0513427734375 0.38381231398809523 
147 3189.5638061523437 899.9080505371094 3534.3021606445313 1194.3718566894531 0.48539806547619047 1710.33876953125 669.530142211914 1947.3462890625 805.9889617919922 0.3971354166666667 
148 0.0 0.0 0.0 0.0 0.20268031529017858 0.0 0.0 0.0 0.0 0.20268031529017858 
149 0.0 0.0 0.0 0.0 0.20268031529017858 0.0 0.0 0.0 0.0 0.20268031529017858 
150 3187.7541015625 881.7108184814454 3530.15556640625 1186.0676849365234 0.47939918154761907 1250.1127136230468 613.349966430664 1645.7765686035157 757.9195037841797 0.387939453125 
151 0.0 0.0 0.0 0.0 0.20268031529017858 0.0 0.0 0.0 0.0 0.20268031529017858 
152 0.0 0.0 0.0 0.0 0.20268031529017858 0.0 0.0 0.0 0.0 0.20268031529017858 
153 0.0 0.0 0.0 0.0 0.20268031529017858 0.0 0.0 0.0 0.0 0.20268031529017858 
154 3213.4854370117187 882.9756713867188 3462.5773071289063 1093.1468872070313 0.22630673363095238 1179.734765625 636.8778076171875 1514.4517578125 800.34423828125 0.4130859375 
155 3221.6548461914062 952.5734466552734 3439.9586791992188 1077.3184600830077 0.20778692336309523 1740.0069091796875 658.7027709960937 1856.9554931640625 783.4478637695313 0.3115931919642857 
156 0.0 0.0 0.0 0.0 0.20268031529017858 0.0 0.0 0.0 0.0 0.20268031529017858 
157 3187.2234741210937 890.7999847412109 3496.5672973632813 1126.4906036376954 0.29159691220238093 1716.7061889648437 695.6186401367188 1856.6475708007813 806.0986450195312 0.31441824776785715 
158 3191.016320800781 864.527133178711 3516.816442871094 1168.1135528564453 0.31520879836309523 1675.931866455078 637.2644470214843 1853.6410095214844 837.1872131347657 0.39877464657738093 
159 3173.1831176757814 871.4407775878906 3534.3181030273436 1219.200457763672 0.44447544642857145 1685.94453125 595.4451324462891 1873.199755859375 883.0156219482421 0.6480189732142857 
160 3187.946142578125 880.1319366455078 3532.072900390625 1196.166586303711 0.35999116443452384 1709.336004638672 606.2352355957031 1898.9568420410155 908.2238708496094 0.5498395647321429 
161 3227.453894042969 862.6982574462891 3513.091760253906 1169.2364959716797 0.26575288318452384 1747.5497253417968 640.0293334960937 1900.8188049316407 925.6671997070313 0.6218377976190477 
162 1823.0226196289063 648.043359375 1961.9820190429687 1155.24521484375 0.25730096726190477 1778.66240234375 663.8098876953125 1931.5177734375 941.7286865234375 0.6534133184523809 
163 1573.3496398925781 879.4340118408203 3700.9515075683594 1206.7573333740233 0.21454729352678573 1794.484356689453 670.067495727539 1958.1461364746094 961.8122039794922 0.7134486607142857 
164 1763.9818481445313 219.56224517822267 1963.5423217773437 367.6232711791992 0.5196010044642857 1821.4235534667969 694.6945190429688 1995.2342834472656 952.1919555664062 0.7906203497023809 
165 1769.943133544922 238.9910545349121 1958.4429748535156 350.2368049621582 0.4715053013392857 1828.2996154785155 734.3674133300781 2026.069891357422 981.5802185058594 0.7906203497023809 
166 1761.0892944335938 233.23754806518554 1962.7559204101562 335.6714027404785 0.36095610119047616 1840.253924560547 780.2490997314453 2038.7195861816406 1007.5241546630859 0.8269856770833334 
167 1874.9711303710938 898.751821899414 2066.0149536132812 1008.9694305419922 0.2271786644345238 1830.3188598632812 846.4691680908203 2065.4496948242186 1066.9043060302733 0.7386765252976191 
168 3205.707067871094 876.0208801269531 3517.649621582031 1195.2180114746093 0.45595005580357145 1829.866650390625 872.6726043701171 2120.045947265625 1075.798159790039 0.6764555431547619 
169 1779.3420166015626 381.2374069213867 1828.9565673828124 461.8610122680664 0.2947881789434524 1834.4427307128906 908.0341156005859 2088.7173034667967 1115.7950469970704 0.8041294642857143 
170 3209.811975097656 872.6496826171875 3514.163366699219 1212.3908447265626 0.38108026413690477 1827.7078674316406 918.3841369628906 2124.9814636230467 1144.878192138672 0.7069614955357143 
171 1805.325634765625 377.4419998168945 1897.85478515625 479.5431381225586 0.6285574776785714 1833.79609375 957.5285278320313 2105.00224609375 1158.5400756835938 0.7853655133928571 
172 1823.9727111816405 401.2330154418945 1926.966131591797 462.3854232788086 0.5750558035714286 1828.305352783203 979.457421875 2108.3190368652345 1179.007421875 0.7858305431547619 
173 1832.069842529297 416.96580810546874 1954.7381408691406 462.159375 0.5445614769345238 1828.4693542480468 1016.1528259277344 2089.9462951660157 1184.0145324707032 0.7976422991071429 
174 1862.2159301757813 371.1506591796875 1971.9596069335937 516.3996337890625 0.5955403645833334 1833.0420227050781 1026.8813903808593 2088.0345153808594 1191.4969055175782 0.8102911086309523 
175 1880.3956970214845 385.2919128417969 1983.942315673828 530.9041320800782 0.5698474702380952 1835.467578125 1041.2937072753907 2091.0978515625 1196.6133972167968 0.8079892113095238 
176 1873.3602172851563 403.2377899169922 2003.2418334960937 533.1193267822266 0.6244884672619048 1839.1415100097656 1041.4057556152343 2092.410614013672 1203.7576965332032 0.8227306547619048 
177 1869.2027404785156 414.648388671875 2001.335711669922 534.7692138671875 0.5733351934523809 1852.6862182617188 1040.4319396972655 2107.9429321289062 1202.595037841797 0.7914574032738095 
178 1868.263446044922 419.1028167724609 2009.2669494628906 537.6740997314453 0.5107305617559523 1851.7472839355469 1031.9264038085937 2114.5267639160156 1201.7715942382813 0.8059198288690477 
179 1890.8056640625 441.12605743408204 2015.72119140625 527.6060897827149 0.5710100446428571 1862.5949584960938 1024.9277221679688 2125.2378051757814 1197.8877075195312 0.8126395089285714 
180 1890.0705444335938 455.8713806152344 2016.6577270507812 553.2461730957032 0.542236328125 1872.9675048828126 1019.3969970703125 2126.1418701171874 1188.1799072265626 0.8189639136904762 
181 1901.164129638672 447.20820770263674 2026.2578674316405 569.0944351196289 0.577392578125 1881.0553588867188 1002.7280395507812 2137.6577758789062 1185.5573608398438 0.8233816964285714 
182 1891.1713806152343 469.85583343505857 2041.6246398925782 565.8898025512696 0.38462611607142855 1889.2014221191407 1006.2918212890625 2142.090936279297 1169.5497314453125 0.8044782366071429 
183 1672.7320068359375 464.1221984863281 2077.6610595703123 929.6312194824219 0.22181919642857142 1903.0339294433593 995.8522033691406 2161.295782470703 1168.0268249511719 0.8014787946428571 
184 1713.8475524902344 799.2405181884766 1802.943096923828 1015.6153778076172 0.26807221912202384 1912.232000732422 978.7777862548828 2169.9727111816405 1166.514877319336 0.8113374255952381 
185 1692.8417358398438 552.8070587158203 2094.6404418945312 744.139779663086 0.19645763578869047 1917.535107421875 969.4463195800781 2179.022998046875 1163.9678649902344 0.8107328869047619 
186 1746.776190185547 593.9576446533204 1836.9673400878905 1023.1427581787109 0.2562953404017857 1931.8234497070312 958.9085174560547 2180.626501464844 1148.6208404541017 0.8138718377976191 
187 1740.809423828125 838.1642303466797 1813.5453125 1015.2602691650391 0.3203938802083333 1939.677667236328 954.4442810058594 2186.3471130371095 1156.839776611328 0.8385649181547619 
188 1728.7245178222656 727.7766296386719 1813.4887390136719 997.7660949707031 0.21443103608630953 1949.690936279297 955.5047607421875 2191.425396728516 1156.4271240234375 0.8453078497023809 
189 1736.6950622558593 762.5600555419921 1829.7559875488282 987.1898834228516 0.30039760044642855 1956.634747314453 960.2836822509765 2197.309466552734 1139.987496948242 0.8360072544642857 
190 0.0 0.0 0.0 0.0 0.20268031529017858 0.0 0.0 0.0 0.0 0.20268031529017858 
191 0.0 0.0 0.0 0.0 0.20268031529017858 0.0 0.0 0.0 0.0 0.20268031529017858 
192 3258.342565917969 925.7878662109375 3517.955041503906 1136.2843994140626 0.34892345610119047 1955.9627624511718 924.1686645507813 2229.6081604003907 1148.6982788085938 0.7039388020833334 
193 3238.308972167969 902.4285766601563 3521.288439941406 1157.8001831054687 0.4020298549107143 1967.2911254882813 944.3710784912109 2222.662731933594 1158.3311309814453 0.7137276785714286 
194 3221.205029296875 915.4561828613281 3457.460986328125 1130.8659606933593 0.27869233630952384 1971.7747680664063 913.85263671875 2242.774304199219 1143.159814453125 0.7176106770833334 
195 1900.3476440429688 972.6746185302734 3686.9548461914064 1083.4719268798829 0.24415225074404762 1986.3752319335938 924.2008117675781 2242.5942504882814 1131.9457946777343 0.7335146949404762 
196 3252.5312377929686 925.2655487060547 3498.1306274414064 1093.6764068603516 0.35022553943452384 1993.2278442382812 907.9926086425781 2252.8612670898438 1132.5404724121095 0.7323521205357143 
197 2025.8384765625 958.2998474121093 2254.88857421875 1083.2361633300782 0.3019438244047619 2002.0792907714845 905.1752319335938 2251.952081298828 1120.3433227539062 0.7409551711309523 
198 2003.7153869628905 957.0011932373047 2243.748358154297 1041.7188385009765 0.41782924107142855 1997.4701232910156 916.0000518798828 2244.562957763672 1120.7342620849608 0.7439778645833334 
199 2014.6363342285156 926.9627624511719 2247.0813171386717 1060.7946838378907 0.41310918898809523 2008.4052490234376 912.6042297363281 2247.8940673828124 1123.9178649902344 0.7199358258928571 
200 2040.5586547851562 908.8012115478516 2249.8995971679688 1048.3618133544921 0.472412109375 2008.889227294922 893.7715942382813 2260.0981994628905 1117.0684936523437 0.7365606398809523 
201 2022.7019409179688 959.274380493164 2248.513146972656 1072.1799041748047 0.4185267857142857 2021.887744140625 916.9347900390625 2254.755322265625 1114.5195556640624 0.7157738095238095 
202 2044.4149658203125 935.7067565917969 2252.6314208984377 1053.6961975097656 0.4226655505952381 2025.9955932617188 910.881005859375 2255.0339477539064 1105.21640625 0.6447870163690477 
203 2059.605078125 938.7196441650391 2239.84169921875 1091.2275604248048 0.42818777901785715 2022.011376953125 920.3227325439453 2250.773291015625 1093.6271575927735 0.5600004650297619 
204 1989.5501892089844 961.2183959960937 2278.2223937988283 1072.7508422851563 0.2875860305059524 2035.2228637695312 878.4522094726562 2277.970251464844 1094.9564819335938 0.7689267113095238 
205 2039.6687866210937 894.5028381347656 2273.2723754882813 1087.6152038574219 0.8052687872023809 
206 2010.3675659179687 904.8375518798828 2232.003283691406 1061.286410522461 0.42942010788690477 2038.9496704101562 893.8059692382812 2273.622839355469 1102.4042358398438 0.7355143229166666 
207 0.0 0.0 0.0 0.0 0.20268031529017858 0.0 0.0 0.0 0.0 0.20268031529017858 
208 0.0 0.0 0.0 0.0 0.20268031529017858 0.0 0.0 0.0 0.0 0.20268031529017858 
209 0.0 0.0 0.0 0.0 0.20268031529017858 0.0 0.0 0.0 0.0 0.20268031529017858 
210 2022.7680419921876 940.4443145751953 2258.7973876953124 1072.3429779052735 0.3804524739583333 2026.5061401367188 909.4721588134765 2276.419396972656 1124.675241088867 0.7356073288690477 
211 2039.3465454101563 923.7371887207031 2276.576550292969 1117.8347106933593 0.8144066220238095 
212 2000.608709716797 938.8957885742187 2251.5129943847655 1085.2565551757812 0.3346586681547619 2022.0536743164062 924.6885925292969 2272.957800292969 1147.7146057128907 0.6971028645833334 
213 2027.3483520507812 942.0525177001953 2266.223669433594 1085.3775970458985 0.33313569568452384 2028.9233520507812 935.7525177001953 2254.1486694335936 1133.6775970458984 0.7509998139880952 
214 2039.84208984375 940.8833984375 2282.65009765625 1119.41884765625 0.8190801711309523 
215 1676.3070068359375 506.15814208984375 1676.3070068359375 506.15814208984375 0.1385439918154762 2040.5818725585937 938.7257781982422 2282.8754028320313 1119.5418609619142 0.8062686011904762 
216 0.0 0.0 0.0 0.0 0.20118931361607142 0.0 0.0 0.0 0.0 0.20118931361607142 
217 0.0 0.0 0.0 0.0 0.20118931361607142 0.0 0.0 0.0 0.0 0.20118931361607142 
218 0.0 0.0 0.0 0.0 0.20118931361607142 0.0 0.0 0.0 0.0 0.20118931361607142 
219 0.0 0.0 0.0 0.0 0.20118931361607142 0.0 0.0 0.0 0.0 0.20118931361607142 
220 0.0 0.0 0.0 0.0 0.20118931361607142 0.0 0.0 0.0 0.0 0.20118931361607142 
221 0.0 0.0 0.0 0.0 0.20118931361607142 0.0 0.0 0.0 0.0 0.20118931361607142 
222 0.0 0.0 0.0 0.0 0.20118931361607142 0.0 0.0 0.0 0.0 0.20118931361607142 
223 0.0 0.0 0.0 0.0 0.20118931361607142 0.0 0.0 0.0 0.0 0.20118931361607142 
224 2028.9046020507812 953.4199890136719 2273.8432006835938 1103.1045471191405 0.324462890625 2034.9235717773438 925.4195251464844 2273.0581176757814 1136.3386535644531 0.7063569568452381 
225 2000.416766357422 943.0093414306641 2237.771343994141 1114.4320037841796 0.302734375 2035.1578491210937 916.6365753173828 2279.105578613281 1140.804769897461 0.6897553943452381 
226 2063.854833984375 918.3639831542969 2260.557275390625 1081.1520080566406 0.4592401413690476 2033.0714111328125 934.5384094238282 2270.4705810546875 1138.0234802246093 0.7416294642857143 
227 1996.2310729980468 934.2163269042969 2264.4047912597657 1071.7413146972656 0.29334077380952384 2034.8438842773437 924.6953552246093 2289.265246582031 1144.7354309082032 0.6898018973214286 
228 2040.8186767578125 931.6039031982422 2286.8912841796873 1136.086587524414 0.8220331101190477 
229 1605.9258728027344 471.45581817626953 1799.5222473144531 590.5920028686523 0.22086007254464285 2043.8087646484375 940.2682098388672 2289.5271728515627 1141.310464477539 0.8383556547619048 
230 2041.3455200195312 948.9035278320313 2291.6732788085938 1154.3965209960938 0.8642810639880952 
231 2039.4648681640624 957.2221984863281 2294.8774169921876 1160.0496520996094 0.8546084449404762 
232 1723.66162109375 574.0413818359375 1723.66162109375 574.0413818359375 0.1687069847470238 2038.5142822265625 962.0286315917969 2304.2747802734375 1167.8994689941405 0.8410993303571429 
233 1942.8272644042968 570.8689361572266 2045.7302307128907 581.1592010498047 0.18134998139880953 2037.2868286132812 981.0295989990234 2304.834509277344 1186.8354522705079 0.8414248511904762 
234 2037.896435546875 1008.2384338378906 2306.074755859375 1183.8312683105469 0.8231491815476191 
235 2031.1414184570312 1032.7126098632812 2306.5043334960938 1213.1228393554688 0.8420991443452381 
236 2033.1901000976563 1053.877264404297 2306.2310424804687 1234.8462463378905 0.8617699032738095 
237 2032.8576904296874 1082.0163330078126 2309.4269775390626 1248.5864501953124 0.873046875 
238 2026.1515014648437 1116.7199157714845 2315.630969238281 1277.192315673828 0.8625372023809523 
239 2471.669189453125 1135.9119873046875 2471.669189453125 1135.9119873046875 0.12197730654761904 2027.6757080078125 1155.3275939941407 2319.7637451171877 1304.5465515136718 0.8568405877976191 
240 2488.817138671875 1181.9608154296875 2488.817138671875 1181.9608154296875 0.15649123418898808 2033.5760498046875 1193.1118225097657 2330.7510986328125 1338.0753112792968 0.8802548363095238 
241 2048.0380126953123 1232.9821838378907 2341.3130615234377 1374.0513854980468 0.8761160714285714 
242 2034.3076416015624 1208.3942565917969 2207.5370849609376 1234.7552795410156 0.15083821614583334 2060.9583984375 1270.6757690429688 2354.694921875 1410.0122192382812 0.8704659598214286 
243 2532.73681640625 1279.90869140625 2532.73681640625 1279.90869140625 0.15744745163690477 2091.089318847656 1315.9173278808594 2384.364050292969 1455.0349426269531 0.8627232142857143 
244 2111.0289916992188 1351.3721008300781 2399.6489868164062 1499.4795837402344 0.8912760416666666 
245 3189.262243652344 683.9332305908204 3529.991418457031 1109.8445404052734 0.2953985305059524 2121.480676269531 1387.5060302734375 2440.914099121094 1536.5750244140625 0.8291480654761905 
246 3216.750830078125 861.7120025634765 3537.315087890625 1118.1634246826172 0.5261695498511905 2154.505163574219 1432.9738342285157 2467.945764160156 1582.5704772949218 0.8161737351190477 
247 2324.4939575195312 519.0753356933594 2525.1449584960938 641.9229553222656 0.3446451822916667 2194.8738647460937 1475.5544189453126 2481.5184692382813 1635.2563720703124 0.9161551339285714 
248 2344.455615234375 523.8896270751953 2556.001416015625 671.9716400146484 0.35837518601190477 2224.0371704101562 1515.5510192871093 2520.2013549804688 1672.0948547363282 0.9403134300595238 
249 3190.1321044921874 885.4122436523437 3538.3283447265626 1134.1238891601563 0.41781761532738093 2254.8671020507813 1527.689404296875 2560.4270874023437 1705.340625 0.8200799851190477 
250 3202.250354003906 891.6346099853515 3549.110729980469 1176.0601531982422 0.47123790922619047 2302.281042480469 1577.6178833007812 2586.706506347656 1744.1108764648438 0.84326171875 
251 3217.3756103515625 882.2641998291016 3508.3807373046875 1078.5233367919923 0.2237606956845238 2330.8258666992188 1585.8296691894532 2635.3657836914062 1775.3213317871093 0.8457728794642857 
252 3200.64072265625 873.7515045166016 3489.56826171875 1103.5802215576173 0.3770228794642857 2365.680554199219 1632.4388427734375 2667.741076660156 1809.7352294921875 0.8437732514880952 
253 3247.577038574219 896.6836578369141 3514.642932128906 1143.7196014404296 0.6004696800595238 2395.534313964844 1660.1324096679687 2702.660266113281 1833.7252563476563 0.8299851190476191 
254 3236.9507446289062 891.7650115966796 3522.7555541992188 1131.0436431884766 0.5294480096726191 2435.5209350585938 1680.9241882324218 2754.5588989257812 1860.3830627441407 0.8306129092261905 
255 3216.0445922851563 860.1051635742188 3532.2495971679687 1182.8977661132812 0.6576915922619048 2471.8989379882814 1696.984063720703 2781.5163452148436 1881.4369567871095 0.8232654389880952 
256 3217.3239990234374 873.7538757324219 3522.4133056640626 1152.3136291503906 0.5221819196428571 2508.9357421875 1709.4328918457031 2807.3923828125 1908.4041442871094 0.8200567336309523 
257 3225.3110961914062 887.3977508544922 3457.4147338867188 1132.764419555664 0.49571010044642855 2545.0693115234376 1731.6424743652344 2836.8564697265624 1910.693829345703 0.8191499255952381 
258 2536.70634765625 780.4187133789062 3624.24140625 1105.3530151367188 0.2917596726190476 2572.413427734375 1745.2746154785157 2864.191064453125 1930.9513366699218 0.8223586309523809 
259 3191.4611694335936 888.9496032714844 3535.1635864257814 1185.477032470703 0.5607561383928571 2614.995361328125 1739.6516540527343 2877.826416015625 1941.8294250488282 0.8319614955357143 
260 2601.463269042969 806.9477416992188 3613.363146972656 1159.7812622070312 0.33982049851190477 2631.164660644531 1751.5072326660156 2897.454235839844 1951.2243347167969 0.8201032366071429 
261 3204.183447265625 887.653353881836 3538.553857421875 1175.2119415283203 0.5824497767857143 2651.186071777344 1761.1318969726562 2918.682336425781 1968.4415893554688 0.8418433779761905 
262 3205.7906005859377 903.517626953125 3526.1180908203123 1197.151318359375 0.5521298363095238 2670.1142822265624 1761.3181518554688 2917.0336669921876 1961.5229125976562 0.849609375 
263 3199.45986328125 899.7198791503906 3525.26474609375 1178.0114440917969 0.5728236607142857 2682.29677734375 1764.6167602539062 2919.862890625 1968.2448120117188 0.8843238467261905 
264 3234.026892089844 917.7148742675781 3512.618859863281 1156.5081481933594 0.5722191220238095 2681.6896240234373 1751.7056640625 2927.1160400390627 1970.59951171875 0.8272414434523809 
265 2567.2760620117188 665.1217041015625 2806.0859985351562 818.2049560546875 0.38589332217261907 2691.8622436523438 1751.5419067382813 2912.3020629882812 1959.7351928710937 0.7727167038690477 
266 3237.9272338867186 895.6143859863281 3509.5520141601564 1161.0659118652343 0.47302827380952384 2698.2390625 1752.0397583007812 2914.30439453125 1961.9316772460938 0.7824125744047619 
267 3216.07353515625 886.8954162597656 3551.3224609375 1183.4618835449219 0.6873372395833334 2691.6267211914064 1756.0138061523437 2930.1694213867186 1955.8738891601563 0.7648111979166666 
268 3234.0189819335938 901.8453826904297 3557.7034301757812 1162.0623931884766 0.67822265625 2691.85966796875 1743.2787231445313 2933.036328125 1946.3748413085937 0.7450009300595238 
269 3212.522253417969 914.8169769287109 3539.826135253906 1187.5702911376952 0.5036156063988095 2705.4810302734377 1743.8005310058593 2941.8671142578123 1943.8194641113282 0.7476515997023809 
270 1902.3914794921875 627.0650634765625 1902.3914794921875 627.0650634765625 0.13815452938988096 2725.5095458984374 1746.7708862304687 2919.4767822265626 1927.8069946289063 0.8321940104166666 
271 2740.357080078125 1732.8026062011718 2932.385107421875 1916.1018127441407 0.8546781994047619 
272 2734.063916015625 1703.9139831542968 2949.226611328125 1883.9479553222657 0.8674432663690477 
273 2726.2303466796875 1681.2793090820312 2974.1285400390625 1834.5253784179688 0.8437732514880952 
274 3388.3716064453124 886.2425323486328 3526.6572021484376 1114.714437866211 0.23325311569940477 2718.218395996094 1601.2575561523438 3012.826770019531 1805.6796997070312 0.8441685267857143 
275 3191.504260253906 899.4404968261719 3514.865612792969 1105.8413635253905 0.3627348400297619 2702.2284301757813 1545.1046997070312 3046.2298217773437 1751.5054077148438 0.82275390625 
276 1904.995623779297 617.348764038086 1940.9485900878906 629.3330596923828 0.1898251488095238 2725.9210815429688 1489.4380981445313 3037.5132446289062 1693.1715209960937 0.7917596726190477 
277 1900.8363464355468 529.5047454833984 1936.9023010253907 613.6584014892578 0.28087797619047616 2735.668664550781 1427.2210632324218 3030.206579589844 1625.5832580566407 0.8137788318452381 
278 3226.8135009765624 987.6245056152344 3523.2763427734376 1157.0318664550782 0.26310802641369047 2738.1386962890624 1385.0802612304688 3034.6015380859376 1578.6885375976562 0.8311011904761905 
279 1859.8922241210937 522.2173156738281 1964.8865844726563 620.6496276855469 0.39343843005952384 2729.88193359375 1348.038800048828 3038.303125 1551.4654724121094 0.8599097842261905 
280 2764.49541015625 654.7202545166016 2813.528515625 717.7627166748047 0.19363839285714285 2732.974169921875 1339.0275573730469 3055.191357421875 1542.1644592285156 0.8303106398809523 
281 1825.0957580566405 526.15439453125 1993.701727294922 631.53310546875 0.5162179129464286 2750.80732421875 1330.8156860351562 3045.86796875 1534.5478393554688 0.8328683035714286 
282 1847.6691772460938 521.7109069824219 2003.2334106445312 613.6352844238281 0.4937220982142857 2741.0759399414064 1319.9298034667968 3073.4179565429686 1517.9206604003907 0.8447963169642857 
283 1852.51240234375 507.7938690185547 2007.826220703125 633.9864654541016 0.7263997395833334 2785.7026123046876 1311.8046508789062 3072.0625244140624 1491.3865112304688 0.8585146949404762 
284 1840.400079345703 493.18760833740237 1995.8822692871095 620.4003128051758 0.5232282366071429 2778.4580688476562 1285.0052368164063 3096.4899291992188 1475.8243530273437 0.8548874627976191 
285 1865.8363220214844 499.1041229248047 2014.384014892578 612.2833892822266 0.6458333333333334 2795.483923339844 1261.159405517578 3092.579309082031 1466.2967712402344 0.8551432291666666 
286 1864.0569885253906 516.2613739013672 2030.829119873047 620.4939361572266 0.7174479166666666 2801.0814453125 1235.733642578125 3092.93271484375 1451.147705078125 0.8926711309523809 
287 1858.6855224609376 515.2517486572266 2035.7959228515624 607.3490203857422 0.7006370907738095 2807.1792846679687 1250.395654296875 3076.3868774414063 1441.674658203125 0.8447033110119048 
288 0.0 0.0 0.0 0.0 0.20268031529017858 0.0 0.0 0.0 0.0 0.20268031529017858 
289 1851.246728515625 494.67064208984374 2056.033544921875 614.7181518554687 0.7515811011904762 2803.20712890625 1276.609063720703 3043.3021484375 1446.0878356933595 0.8239397321428571 
290 1861.2867126464844 514.434194946289 2052.410675048828 634.7715545654297 0.7125418526785714 2798.3935424804686 1284.9200134277344 3031.9895141601564 1476.0439758300781 0.8179408482142857 
291 1850.7415161132812 496.91627807617186 2041.1696166992188 616.8154113769531 0.7134254092261905 2781.18056640625 1297.1482727050782 3042.13779296875 1487.5762145996093 0.8264043898809523 
292 0.0 0.0 0.0 0.0 0.20118931361607142 0.0 0.0 0.0 0.0 0.20118931361607142 
293 1872.6788452148437 494.98348236083984 2027.1754028320313 621.3897171020508 0.6723865327380952 2779.6706298828126 1303.3890808105468 3032.4831787109374 1492.9984924316407 0.8482375372023809 
294 1884.5645629882813 506.6166564941406 2024.0723999023437 617.2609069824218 0.7673456101190477 2800.802294921875 1304.4392456054688 3017.280224609375 1492.0534301757812 0.8655831473214286 
295 1871.3030151367188 507.9862518310547 2005.6127563476562 614.0202789306641 0.6191871279761905 2803.042590332031 1300.5223266601563 3015.110485839844 1512.5902221679687 0.8382393973214286 
296 1895.1573425292968 504.12379150390626 2028.7004455566407 630.6382934570313 0.6545758928571429 2806.1702392578127 1298.3539611816407 3009.9991943359373 1523.2687194824218 0.8385881696428571 
297 1883.2753295898438 491.6590072631836 2030.9741821289062 611.224690246582 0.6265811011904762 2808.1511474609374 1301.8382263183594 3005.0827392578126 1526.9031066894531 0.8448195684523809 
298 1883.9290161132812 481.65074768066404 2024.6454467773438 622.3672576904297 0.5994466145833334 2807.516638183594 1306.1955627441407 3011.555383300781 1524.3062683105468 0.8429594494047619 
299 1851.9870178222657 496.3266204833984 2068.434002685547 643.5105987548828 0.7288178943452381 2824.6669189453123 1324.8193725585938 2980.5088623046877 1506.6349731445312 0.9124813988095238 
