0 2032.2594116210937 698.7862121582032 2336.179797363281 844.1394470214843 0.5679059709821429 1987.704833984375 514.8075805664063 2119.843994140625 757.0630249023437 0.23844982328869047 
1 2005.060858154297 701.0602600097657 2325.2688537597655 850.1982849121093 0.5120791480654762 1962.209002685547 507.5520263671875 2185.916119384766 783.8959716796875 0.2446347191220238 
2 2042.4436279296874 707.215576171875 2328.4201416015626 843.6044921875 0.5402483258928571 2059.872802734375 661.8654510498047 2253.457275390625 780.655728149414 0.3192719959077381 
3 2022.157373046875 696.7398803710937 2342.109716796875 854.5245239257813 0.5741722470238095 2013.0544677734374 625.4333801269531 2236.5827392578126 787.6009216308594 0.28916713169642855 
4 2027.7453979492188 701.8885498046875 2335.155725097656 844.76953125 0.5368768601190477 1795.7719360351562 568.3331604003906 2150.809362792969 771.8302917480469 0.22989908854166666 
5 2035.4759521484375 700.9653869628906 2326.5255126953125 848.6621765136719 0.5790085565476191 2036.6454956054688 665.3778594970703 2201.7185180664064 773.978402709961 0.29403831845238093 
6 2019.1686889648438 699.0341278076172 2333.0117309570314 851.596792602539 0.5817522321428571 2006.9301025390625 516.6295013427734 2020.0069091796875 738.9351348876953 0.23828125 
7 2037.3153076171875 693.5017272949219 2340.1080322265625 849.3508117675781 0.5871465773809523 1968.6391235351562 509.05169372558595 2213.544714355469 749.5046417236329 0.2467099144345238 
8 2047.5111572265625 693.0594146728515 2335.7525146484377 843.8318817138672 0.5423758370535714 2085.3747680664064 620.4020324707031 2222.8437377929686 780.0435241699219 0.2756928943452381 
9 1998.1155151367188 666.9086700439453 2347.763146972656 852.7973236083984 0.5460844494047619 1949.6006896972656 502.97943420410155 2011.563494873047 781.8123748779296 0.21726481119791666 
10 2025.23203125 691.9582397460938 2339.55654296875 849.1204956054687 0.5546875 1983.5908508300781 499.8710174560547 2193.1404724121094 779.2706451416016 0.24844215029761904 
11 2015.5680419921875 697.0151275634765 2324.1409423828127 838.7916961669922 0.5926339285714286 1462.5751342773438 441.0473159790039 2254.8562622070312 799.6588302612305 0.23489815848214285 
12 2026.826416015625 687.2788757324219 2345.097900390625 844.2346740722656 0.5700334821428571 1765.4010681152345 498.9654571533203 2053.153497314453 747.4788177490234 0.23408435639880953 
13 2031.709375 672.8326477050781 2335.32919921875 837.6547790527344 0.5902157738095238 1709.4054626464845 448.78796844482423 1856.877862548828 704.6960708618165 0.34094819568452384 
14 1971.9681396484375 623.7664093017578 2349.3394775390625 818.9585052490235 0.5634416852678571 1705.0387756347657 452.0974807739258 1995.6581237792968 660.3023910522461 0.26474725632440477 
15 2013.7706787109375 609.6097991943359 2324.2923095703127 815.1665069580079 0.6240234375 1970.3715454101562 447.7885467529297 2132.192663574219 539.633023071289 0.34288969494047616 
16 2018.8734985351562 571.9363616943359 2325.675085449219 784.9931427001953 0.6509951636904762 1682.4076049804687 415.9132583618164 2121.304553222656 646.014567565918 0.30458286830357145 
17 2020.6862426757812 538.3159240722656 2312.596228027344 761.5412536621094 0.6754092261904762 1925.584326171875 414.81553955078124 2097.296044921875 535.0138061523437 0.45834495907738093 
18 2016.7971435546874 488.9267913818359 2301.9421142578126 722.2272003173828 0.7002650669642857 1942.8521667480468 389.72425537109376 2119.9877990722657 532.2967407226563 0.5982142857142857 
19 2025.2058471679688 439.3551483154297 2307.314416503906 695.8175201416016 0.6361374627976191 1940.211669921875 354.85410461425784 2132.558349609375 517.2802337646484 0.42287481398809523 
20 1986.5467041015625 388.6166458129883 2333.9532958984373 651.3987045288086 0.6913132440476191 1929.3307067871094 339.62341156005857 2089.6723449707033 522.234651184082 0.5157412574404762 
21 1954.0860656738282 370.0506591796875 2354.6950622558593 622.1192626953125 0.6804315476190477 1954.4323364257812 388.57494659423827 2111.975134277344 510.1080062866211 0.32638113839285715 
22 1924.4801208496094 376.47381591796875 2349.1699035644533 617.9640502929688 0.7059384300595238 1912.4697570800781 319.1439178466797 2024.8875427246094 502.3433868408203 0.45041620163690477 
23 1937.897442626953 369.19460144042966 2358.331439208984 603.7524810791016 0.7063104538690477 1893.8114929199219 296.51229400634764 2106.2413635253906 482.3883712768555 0.5434105282738095 
24 1952.8878112792968 380.7499542236328 2359.6752990722657 593.3889007568359 0.6911969866071429 1859.724871826172 284.2090087890625 2026.1380432128906 501.470556640625 0.6429966517857143 
25 1950.2616455078125 379.8216888427734 2350.7232177734377 580.0523956298828 0.7299107142857143 1853.3699523925782 262.69209442138674 2007.0354431152343 546.7403091430664 0.6983816964285714 
26 1942.502294921875 378.5565216064453 2350.956201171875 573.5004241943359 0.7334681919642857 1849.1362365722657 266.8029449462891 1983.7403503417968 563.8603240966797 0.6756649925595238 
27 1975.122998046875 370.6270065307617 2338.916064453125 561.8515396118164 0.7322591145833334 1890.2738708496095 280.21691741943357 2025.530206298828 602.0338455200196 0.6963355654761905 
28 1918.931134033203 354.2265991210937 2330.237200927734 552.9475952148438 0.7060546875 1915.5538452148437 361.5142349243164 2109.653430175781 620.3136154174805 0.6423456101190477 
29 1961.8052368164062 344.464013671875 2306.6622924804688 552.323095703125 0.7681361607142857 1950.9034118652344 399.6993072509766 2106.797882080078 664.2471649169922 0.6609468005952381 
30 1935.8302368164063 340.8434326171875 2313.3662963867187 531.941845703125 0.7447451636904762 1973.4764038085937 434.4207061767578 2117.9652465820313 653.484750366211 0.5866815476190477 
31 1949.9430419921875 327.9869552612305 2294.3738525390627 530.8708633422851 0.7777157738095238 1984.4223999023438 431.4250732421875 2092.941613769531 681.49130859375 0.6707821800595238 
32 1962.8880798339844 323.9523452758789 2289.3415344238283 522.6632247924805 0.7845749627976191 1984.724432373047 470.4379150390625 2121.9294982910155 692.8048828125 0.7121698288690477 
33 1959.0480224609375 326.4584136962891 2287.7810791015627 526.9054168701172 0.8045247395833334 1990.6569763183593 487.7411590576172 2098.898321533203 680.170278930664 0.6874767485119048 
34 1948.5953125 324.9837875366211 2291.0970703125 543.6897048950195 0.75732421875 1975.1003784179688 496.5520812988281 2115.402307128906 686.3722351074218 0.7363978794642857 
35 1935.6136169433594 326.51764221191405 2290.621368408203 533.9378631591796 0.7387230282738095 1980.7182495117188 473.79828186035155 2104.3728149414064 681.2185028076171 0.6233723958333334 
36 1966.4060668945312 323.15838623046875 2284.9330444335938 552.9816284179688 0.7742745535714286 1975.2454406738282 476.9942108154297 2136.5249450683596 690.689566040039 0.7315615699404762 
37 1978.8533630371094 331.55553131103517 2303.405059814453 541.0761520385743 0.7525576636904762 1950.253643798828 475.9762496948242 2139.233050537109 693.7133560180664 0.7511160714285714 
38 1983.6993835449218 329.7572280883789 2315.3280822753904 539.6488693237304 0.7497674851190477 1926.2213195800782 484.2697723388672 2140.3107849121093 698.3593170166016 0.7247721354166666 
39 1973.1936401367188 336.2950408935547 2307.200646972656 549.2245513916016 0.7559291294642857 1927.1071044921875 487.72227783203124 2131.6863525390627 696.4766967773437 0.7077985491071429 
40 1978.7832824707032 338.9426971435547 2299.6872985839846 547.321890258789 0.7434430803571429 1924.9252868652343 488.1742767333984 2129.136846923828 709.0561309814453 0.7565801711309523 
41 1982.4409973144532 339.3135498046875 2301.8850524902346 546.7447998046875 0.7356770833333334 1928.82802734375 484.1962921142578 2132.11044921875 708.2219818115234 0.7782970610119048 
42 1992.3224060058594 332.4535110473633 2303.5605285644533 534.5561019897461 0.7650902157738095 1928.7379272460937 452.62681579589844 2090.420031738281 691.1078643798828 0.7984328497023809 
43 1994.6473754882813 337.21436614990233 2307.5579467773437 519.4155471801757 0.7365141369047619 1947.7260131835938 437.4554672241211 2086.3572387695312 675.1091384887695 0.6861514136904762 
44 1987.018133544922 325.8615203857422 2308.1973205566405 560.870718383789 0.6877557663690477 1989.1271911621093 359.757063293457 2161.467169189453 692.6867538452149 0.6096772693452381 
45 1986.9327453613282 327.0680267333984 2309.1862731933593 513.4314849853515 0.6875232514880952 2007.8388977050781 354.5447006225586 2174.7893981933594 665.1503982543945 0.5864722842261905 
46 1990.334423828125 323.42347106933596 2306.488330078125 512.3447174072265 0.6861979166666666 2013.616033935547 386.7432174682617 2102.2932678222655 618.0754165649414 0.5183337983630952 
47 1985.3963256835937 317.4855194091797 2305.6200317382813 523.3435821533203 0.7147972470238095 2010.1756103515625 418.50847778320315 2090.2316162109373 689.1736511230469 0.5772181919642857 
48 1973.4782653808593 309.3737731933594 2319.756719970703 542.7353576660156 0.7432105654761905 1979.4136108398438 426.1993011474609 2073.510949707031 776.2416778564453 0.5889834449404762 
49 1972.4912414550781 302.80797271728517 2328.2718200683594 531.256510925293 0.7436290922619048 1980.2693969726563 438.9264282226562 2043.9354370117187 761.0014282226563 0.6075381324404762 
50 1968.6310180664063 300.1532409667969 2318.5166870117187 522.1237976074219 0.7169828869047619 1977.6024108886718 410.70441284179685 2049.0844787597657 753.0657287597656 0.5859607514880952 
51 1973.2752563476563 300.57312469482423 2317.793347167969 516.813136291504 0.7375604538690477 1974.8257995605468 403.9003387451172 2037.1323303222657 726.427847290039 0.5516880580357143 
52 1968.512713623047 292.23779449462893 2320.886822509766 533.3357833862304 0.7320963541666666 1991.1959228515625 382.68519897460936 2072.7982177734375 705.3856018066406 0.5225539434523809 
53 1964.7966186523438 287.2222442626953 2319.0551879882814 561.1335296630859 0.7530226934523809 1989.5189086914063 364.19835357666017 2080.822644042969 725.7612106323243 0.4370930989583333 
54 1966.6387084960938 285.4922760009766 2313.829797363281 553.1187469482422 0.74267578125 1998.2141723632812 400.38806304931643 2095.8617553710938 733.1128829956054 0.5676153273809523 
55 1959.6362182617188 284.19750061035154 2321.3532836914064 512.079232788086 0.7423967633928571 1995.8079711914063 411.494091796875 2068.151257324219 765.9767333984375 0.5666038876488095 
56 1990.9217834472656 284.9419006347656 2323.371551513672 528.7383972167969 0.7348865327380952 1989.501025390625 448.75156860351564 2063.378857421875 799.6707946777344 0.6356026785714286 
57 1984.2039306640625 283.30782928466795 2321.9684326171873 550.5499893188477 0.7484654017857143 1978.6363830566406 451.33348388671874 2067.717010498047 796.5212524414062 0.6290690104166666 
58 1989.5598205566407 282.93095703125 2310.216912841797 529.8736694335937 0.7130533854166666 1993.1037353515626 412.35613708496095 2037.3322998046874 766.1845733642579 0.6073521205357143 
59 1980.9500366210937 277.9965072631836 2313.3929809570313 521.7878860473633 0.7573009672619048 1986.9169860839843 407.1377349853516 2046.0179504394532 713.7238983154297 0.5369117373511905 
60 1982.2487487792969 268.100602722168 2315.7792053222656 590.1300186157226 0.6925223214285714 1989.9160888671875 371.7575225830078 2078.0907470703123 689.9532318115234 0.488525390625 
61 1957.2100524902344 255.2465789794922 2317.353057861328 629.6525299072266 0.7371651785714286 2001.645068359375 378.12853546142577 2119.315380859375 709.745213317871 0.45429920014880953 
62 1963.506591796875 269.98559417724607 2308.761962890625 559.442170715332 0.7483026413690477 2004.8192565917968 410.01927337646487 2085.0299865722654 741.3249954223633 0.5267740885416666 
63 1966.135205078125 269.3579849243164 2300.919482421875 568.526872253418 0.7355375744047619 1992.2986938476563 429.7640350341797 2052.844860839844 739.6174957275391 0.5660807291666666 
64 2004.9908630371094 271.00199737548826 2311.4999816894533 555.8751693725586 0.7335146949404762 1986.4060791015625 445.0603302001953 2069.3439208984373 784.0233489990235 0.6465541294642857 
65 1999.218817138672 269.57457580566404 2317.2114807128905 580.3400360107422 0.7145647321428571 1971.5612182617188 421.7606948852539 2047.4458618164062 786.7293869018555 0.6110491071428571 
66 1998.2593505859375 269.9787200927734 2306.4564697265623 574.5068145751953 0.7109840029761905 1975.8218933105468 425.0650909423828 2038.1950744628907 755.2762786865235 0.5883324032738095 
67 1995.3929138183594 264.7361999511719 2304.088165283203 515.9997619628906 0.7681594122023809 1970.2666320800781 409.2817916870117 2042.0562438964844 700.0296401977539 0.6036086309523809 
68 2001.720263671875 262.4911361694336 2305.751416015625 512.2310623168945 0.7717401413690477 1965.1084350585938 388.7531799316406 2055.593957519531 678.3067565917969 0.5873558407738095 
69 1991.8218139648438 259.01397094726565 2301.987023925781 547.5398620605469 0.7543015252976191 1993.20888671875 374.9791763305664 2050.91416015625 692.357585144043 0.5465494791666666 
70 1979.513739013672 254.47811584472657 2299.7725158691405 571.1783172607422 0.7451171875 1993.8844055175782 381.4866653442383 2047.2607360839843 712.4206527709961 0.5559779575892857 
71 1969.9289489746093 253.5826904296875 2297.538946533203 566.632275390625 0.7282366071428571 1996.24970703125 397.36708679199216 2047.21123046875 750.4579254150391 0.4822358630952381 
72 1998.339013671875 261.3150268554688 2297.909033203125 560.8850463867187 0.7118675595238095 1978.904443359375 445.66578216552733 2061.917822265625 759.6728713989257 0.5726609002976191 
73 2010.2416076660156 257.29376831054685 2304.687957763672 577.1859680175781 0.7220052083333334 1962.8450439453125 454.8495697021484 2086.4396240234373 807.4579864501953 0.5983537946428571 
74 2010.7984558105468 261.7314682006836 2307.1494201660157 565.3103103637695 0.7129836309523809 1971.7391479492187 457.7233154296875 2076.546252441406 797.442578125 0.58837890625 
75 2023.1366821289062 257.1233200073242 2297.533483886719 564.0145278930664 0.7176804315476191 1963.8413696289062 443.34102325439454 2054.1034545898438 797.1684677124024 0.6110956101190477 
76 2021.185009765625 259.4688064575195 2292.226123046875 530.5098007202148 0.7361886160714286 1963.1451477050782 413.4437850952148 2029.0739685058593 717.4491897583008 0.5621396019345238 
77 2020.9880615234374 256.2491714477539 2299.5885986328126 516.7586105346679 0.7714378720238095 1980.353094482422 399.5850296020508 2056.3350158691405 696.2762680053711 0.5718936011904762 
78 2015.3288452148438 254.4949966430664 2302.1308715820314 541.2969039916992 0.7625790550595238 1991.6707397460937 377.4308166503906 2055.8236450195313 705.7434997558594 0.4973028273809524 
79 1999.244610595703 246.16268615722657 2302.570697021484 564.1070281982422 0.7452799479166666 1996.1524353027344 374.07132415771486 2058.279327392578 728.5609085083008 0.4765625 
80 2005.5253784179688 249.4683395385742 2300.9919555664064 566.8211196899414 0.7285621279761905 2001.1762756347657 415.29991912841797 2066.835321044922 754.5391006469727 0.5036853608630952 
81 2025.348828125 255.35206298828126 2301.55693359375 538.8290283203125 0.7204706101190477 1966.3609680175782 441.121728515625 2075.3903747558593 786.382177734375 0.6257672991071429 
82 2045.1378540039063 251.2376495361328 2300.8306518554687 539.8051971435547 0.7353748139880952 1932.4643981933593 450.7342102050781 2093.185626220703 812.3568542480468 0.6320684523809523 
83 2043.0001220703125 251.8974807739258 2301.3021240234375 535.6658432006836 0.7127743675595238 1967.4404602050781 467.1024932861328 2080.2200622558594 801.8036956787109 0.6047712053571429 
84 2021.5252807617187 252.13680114746094 2295.211779785156 543.8291412353516 0.7119140625 1966.8155456542968 440.36563568115236 2042.4394592285157 757.2659866333008 0.58837890625 
85 2007.3409423828125 250.90274353027343 2300.9422607421875 533.6299713134765 0.7755998883928571 1968.7239074707031 404.25577545166016 2041.2181091308594 686.9829635620117 0.5172409784226191 
86 2017.4492797851562 249.6157653808594 2300.5182495117188 543.5719177246094 0.7590215773809523 1981.158465576172 387.10238189697264 2046.4820373535156 699.2039840698242 0.5621163504464286 
87 1995.726788330078 249.41051635742187 2299.160784912109 556.4144348144531 0.7454194568452381 2009.3195068359375 366.93974151611326 2052.1572998046877 702.5021224975586 0.47569056919642855 
88 1992.1171264648438 247.3763168334961 2300.1292114257812 562.4691726684571 0.71142578125 2017.1720092773437 386.1315414428711 2084.439074707031 726.006916809082 0.4649135044642857 
89 2008.782403564453 249.20036773681642 2302.0626892089845 552.9551193237305 0.7208891369047619 1975.6138000488281 423.1006057739258 2090.8309020996094 639.5695297241211 0.5090913318452381 
90 2055.4455322265626 257.53636932373047 2300.7678466796874 549.7584609985352 0.7140066964285714 1954.5693054199219 461.37026062011716 2088.0533752441406 814.9228912353516 0.6595517113095238 
91 2038.9967041015625 257.42708282470704 2305.2269287109375 548.8411972045899 0.7234235491071429 1956.3879516601562 476.19521484375 2075.1122924804686 814.3796142578125 0.6530412946428571 
92 2028.973291015625 260.17950439453125 2306.205908203125 523.0105590820312 0.7231677827380952 1959.8727966308593 472.32764434814453 2067.885626220703 792.7654647827148 0.6686197916666666 
93 2007.683367919922 256.5257080078125 2303.455426025391 538.213427734375 0.7230980282738095 1968.6804138183593 454.2488265991211 2039.1024230957032 735.936506652832 0.5941220238095238 
94 2007.601336669922 257.63856048583983 2301.703961181641 544.8212478637695 0.7396995907738095 1966.3470520019532 416.93314361572266 2018.2475524902343 707.5758590698242 0.5935639880952381 
95 2022.0062133789063 260.3766174316406 2303.587292480469 524.5763854980469 0.7462332589285714 1980.022900390625 394.2146392822266 2046.072802734375 703.6064666748047 0.565673828125 
96 2000.752508544922 249.22454376220702 2305.9165588378905 605.8208358764648 0.7160063244047619 2008.1375244140625 381.4974990844727 2066.4274169921873 734.6649459838867 0.5069986979166666 
97 1995.755682373047 254.50515899658203 2300.5896545410155 583.5872177124023 0.7214239211309523 2036.2580444335938 381.8745910644531 2105.5385864257814 669.3883483886718 0.41688755580357145 
98 2002.6913024902344 258.2226623535156 2312.3234680175783 560.8968444824219 0.7254464285714286 1953.9851806640625 423.07438201904296 2082.7086669921873 781.4127090454101 0.5741722470238095 
99 2055.501428222656 265.64441833496096 2310.410925292969 538.013540649414 0.7184012276785714 1975.7246643066405 480.9342315673828 2083.973944091797 819.649691772461 0.6323707217261905 
100 2024.9719604492188 261.4214569091797 2316.398889160156 506.6464141845703 0.7318173363095238 1964.2810180664062 477.2576599121094 2070.9003784179686 818.4402160644531 0.6293480282738095 
101 2027.2725830078125 262.5016204833984 2307.5946044921875 496.6946685791016 0.7291434151785714 1965.1760375976562 458.7543121337891 2050.3371459960936 813.5921844482422 0.6409737723214286 
102 2021.8076904296875 262.60553588867185 2304.5760986328123 531.2356506347656 0.7365606398809523 1965.38984375 439.4718383789062 2053.754931640625 754.0518432617188 0.6272786458333334 
103 2022.1348999023437 260.40860748291016 2311.417590332031 539.2351608276367 0.7394670758928571 1978.5683654785157 414.2994140625 2041.3043151855468 707.06728515625 0.6085611979166666 
104 2036.398583984375 265.17332153320314 2309.010107421875 513.6294738769532 0.7630673363095238 1993.5292053222656 403.33724212646484 2062.544891357422 696.6535110473633 0.5632905505952381 
105 1996.0395751953124 253.62286224365235 2310.9106201171876 603.0949417114258 0.7186569940476191 2010.0131958007812 380.71569671630857 2065.3752319335936 712.887239074707 0.49947684151785715 
106 1992.7617065429688 262.84141693115237 2307.5315063476564 574.1139358520508 0.7259114583333334 2017.2437316894532 409.0614868164063 2073.2029235839846 688.8569702148437 0.4835611979166667 
107 2012.238751220703 255.67895965576173 2311.515032958984 611.289698791504 0.7111002604166666 2004.2490173339843 429.82799377441404 2067.625128173828 778.3969207763672 0.5681268601190477 
108 2041.0365478515625 264.8568817138672 2314.2910888671877 573.5988677978515 0.6932431175595238 1966.239599609375 457.58178558349607 2083.348779296875 823.1039138793946 0.5907273065476191 
109 2026.227099609375 271.02830963134767 2307.927197265625 552.7281295776368 0.6966610863095238 1967.6654541015625 466.8741485595703 2067.5083740234377 834.1537445068359 0.5994698660714286 
110 2005.17900390625 263.05850982666016 2304.41767578125 555.1722946166992 0.7269345238095238 1964.4858459472657 446.3832015991211 2046.4202819824218 788.3701248168945 0.6186058407738095 
111 2025.3302368164063 271.27509155273435 2296.2954956054687 535.1095520019531 0.7149135044642857 1961.291436767578 420.3333206176758 2050.4247497558595 723.3864974975586 0.5780552455357143 
112 2020.4760986328124 270.5913360595703 2307.6586669921876 512.2447845458985 0.7390485491071429 1952.1829040527343 415.6642211914062 2060.751788330078 660.8199096679688 0.6422293526785714 
113 2017.0080932617188 266.52171936035154 2305.261193847656 516.1068817138672 0.7346772693452381 1995.91630859375 382.1204605102539 2045.130322265625 684.434928894043 0.5222632998511905 
114 2000.5511596679687 269.8933837890625 2301.811877441406 543.1299926757813 0.7512090773809523 1993.8144775390624 397.21517181396484 2049.8630126953126 687.9669876098633 0.5330171130952381 
115 1983.4396484375 266.7620819091797 2301.30107421875 595.3379547119141 0.7012881324404762 2004.0443908691407 394.7857925415039 2071.902264404297 709.0757492065429 0.4862699962797619 
116 1995.0469177246093 262.1111541748047 2302.494219970703 587.433218383789 0.7192615327380952 1930.9725036621094 424.7721801757813 2102.571075439453 746.5193237304687 0.6010509672619048 
117 2011.1026184082032 265.38694458007814 2299.5320251464846 546.6057312011719 0.7320033482142857 1937.7471984863282 445.93274383544923 2092.7780700683593 820.8911392211915 0.6511114211309523 
118 2021.448876953125 269.8453872680664 2301.734716796875 528.2905685424805 0.7171456473214286 1963.6278381347656 474.24944763183595 2065.549774169922 805.4960968017579 0.6333937872023809 
119 2025.0516967773438 272.44944915771487 2296.0442504882812 525.3758987426758 0.7442336309523809 1958.067889404297 451.9994430541992 2062.851666259766 762.7376480102539 0.6172572544642857 
120 2002.4868713378905 264.1119689941406 2302.219549560547 549.0431823730469 0.7335146949404762 1964.2018188476563 410.5626220703125 2053.0115600585937 684.392578125 0.5207403273809523 
121 2003.7963989257812 267.7425079345703 2296.3640014648436 546.0384368896484 0.7410714285714286 1970.4503051757813 410.7328125 2052.511853027344 710.4361328125 0.6174432663690477 
122 1992.9490295410155 264.54163665771483 2305.123114013672 548.0101516723632 0.7235863095238095 1988.3947204589845 395.3732452392578 2052.982598876953 693.1945648193359 0.5183454241071429 
123 1970.892236328125 251.65902709960938 2297.890478515625 685.2872619628906 0.7081473214285714 2004.6582824707032 371.2759124755859 2086.4080017089846 716.0459259033203 0.45620582217261907 
124 1980.7862670898437 257.25862579345704 2298.550891113281 635.7197372436524 0.7058919270833334 1999.7367858886719 418.33803100585936 2081.8556213378906 757.5248840332031 0.4991048177083333 
125 2006.0032653808594 265.244694519043 2302.282501220703 543.6758682250977 0.7279343377976191 1984.8601623535155 453.4740509033203 2059.822332763672 814.006723022461 0.6165364583333334 
126 2008.7280578613281 268.87183074951173 2309.3284606933594 530.1079971313477 0.7250046502976191 1965.0968688964845 489.50494384765625 2047.404229736328 818.7340698242188 0.6122814360119048 
127 2007.148681640625 269.3714569091797 2301.749755859375 516.6909820556641 0.7315150669642857 1948.2563720703124 482.4187927246094 2050.0937255859376 798.8423156738281 0.6335100446428571 
128 2012.520166015625 272.6695251464844 2293.866064453125 521.5523986816406 0.7214936755952381 1945.6520751953126 457.4588195800781 2061.0759521484374 764.0536315917968 0.6280459449404762 
129 1995.4167785644531 261.86932373046875 2303.7295837402344 541.5018310546875 0.7291899181547619 1962.8756958007812 431.88258056640626 2027.4062866210938 743.7803833007813 0.6001441592261905 
130 2001.7119384765624 269.16261596679686 2299.7807373046876 545.9408996582031 0.7182384672619048 1964.5897583007813 403.59386138916017 2063.9461303710937 698.1143600463868 0.5709867931547619 
131 1991.5763305664063 264.59194030761716 2300.9068237304687 559.8619781494141 0.7044968377976191 1995.2266479492187 378.6981170654297 2062.0138305664063 716.1496002197266 0.4450044177827381 
132 1982.0856811523438 255.80642547607422 2297.9472778320314 649.7462173461914 0.69873046875 2002.4242553710938 394.4906997680664 2094.6985473632812 745.842399597168 0.47059849330357145 
133 1994.7811889648438 270.39553985595705 2299.8987426757812 529.3907455444336 0.7140531994047619 2008.9725769042968 428.2761688232422 2143.7921936035154 761.7768707275391 0.5088006882440477 
134 2007.427880859375 260.88429107666013 2300.434423828125 539.5978561401367 0.7144252232142857 2003.5797424316406 461.81092529296876 2067.898162841797 761.9639770507813 0.5254022507440477 
135 2012.8769958496093 261.45875396728513 2303.464923095703 530.521501159668 0.7276785714285714 1977.6919494628905 456.0118118286133 2070.967108154297 832.6997055053711 0.6447405133928571 
136 2006.2630981445313 266.19042816162107 2304.3074584960937 528.3258987426758 0.7117280505952381 1977.8121643066406 459.40830993652344 2067.584686279297 818.4980010986328 0.6272321428571429 
137 2009.5278259277343 265.31443939208987 2302.644659423828 500.531721496582 0.7416759672619048 1966.103125 444.85896759033204 2056.57119140625 788.6380722045899 0.6481584821428571 
138 1988.5854370117188 258.64512329101564 2298.2326782226564 554.0556823730469 0.6995907738095238 1971.0634338378907 409.3620010375977 2052.924237060547 751.0417770385742 0.5815197172619048 
139 2008.2509826660157 263.46337432861327 2296.833367919922 537.7948348999023 0.6994047619047619 1967.4164245605468 422.6907302856445 2063.6105529785154 718.3987167358398 0.6150483630952381 
140 2010.6077270507812 260.95768280029296 2297.8026733398438 544.5626724243164 0.7167736235119048 1955.5160705566407 428.30397338867186 2073.983807373047 697.5491760253906 0.6637369791666666 
141 2005.3183044433595 257.00666961669924 2302.024102783203 550.0495132446289 0.7393508184523809 1964.038671875 442.4126434326172 2081.25576171875 691.4990386962891 0.6737583705357143 
142 1991.7700744628905 253.17034149169922 2312.811834716797 577.8194351196289 0.7124953497023809 2001.0655517578125 412.026416015625 2073.2098388671875 682.567333984375 0.5183919270833334 
143 2005.5839294433595 253.68213348388673 2297.871759033203 588.7439224243165 0.6894298735119048 1986.9388427734375 461.65625762939453 2108.1314697265625 728.9927597045898 0.5951567150297619 
144 2001.1552795410157 254.6851058959961 2308.450555419922 533.0585159301758 0.7302129836309523 1970.2867248535156 478.41279296875 2111.2810241699217 745.940478515625 0.6873721168154762 
145 2031.2415893554687 257.6128692626953 2303.074572753906 522.1970672607422 0.7277250744047619 1953.1766052246094 488.74072265625 2152.520782470703 731.5782470703125 0.7559058779761905 
146 2021.5509155273437 253.3309799194336 2308.161242675781 510.91740264892576 0.7513950892857143 1958.479998779297 470.3119583129883 2114.483013916016 709.7584457397461 0.740234375 
147 2007.6073120117187 254.79549713134764 2306.779650878906 496.2960861206055 0.7467215401785714 1956.173974609375 467.18292236328125 2100.353369140625 694.2655639648438 0.7672526041666666 
148 1983.276123046875 240.96670532226562 2303.686767578125 464.1741027832031 0.7410714285714286 1945.4748779296874 433.1576843261719 2089.4797119140626 670.7655334472656 0.7760184151785714 
149 1963.9703674316406 219.44059371948242 2308.410858154297 423.14194107055664 0.7591843377976191 1918.9567138671875 407.7574859619141 2085.6214111328127 633.6808074951172 0.7587658110119048 
150 1951.4374145507813 198.67746505737304 2316.7098022460937 403.67722549438474 0.7676711309523809 1932.514337158203 382.46046752929686 2089.0597595214845 609.8238342285156 0.7666713169642857 
151 1948.2809936523438 176.93350982666016 2319.4433715820314 403.9552536010742 0.7694382440476191 1955.0722412109376 392.0359191894531 2099.2129150390624 604.6435241699219 0.7451404389880952 
152 1968.6783935546875 163.06563034057618 2337.4588134765627 399.3713966369629 0.7475353422619048 1944.1665588378905 387.8039794921875 2119.605780029297 609.78818359375 0.7635556175595238 
153 1974.3958068847655 157.43372650146483 2352.966375732422 421.71883087158204 0.7169363839285714 1941.7035400390625 387.6529739379883 2127.4175537109377 609.0810043334961 0.7737165178571429 
154 1980.8241271972656 145.0501907348633 2372.269012451172 426.17872161865233 0.7173316592261905 1943.322003173828 381.5595016479492 2114.134417724609 605.7505874633789 0.7573474702380952 
155 1997.1053039550782 133.33752670288087 2380.1973083496096 427.7509284973145 0.7130068824404762 1951.9473510742187 379.7279815673828 2111.5690063476563 596.1041107177734 0.7561151413690477 
156 2009.7952880859375 135.6592903137207 2390.6578369140625 417.77978134155273 0.7388160342261905 1940.0789001464843 371.25703887939454 2102.298175048828 586.3739120483399 0.7533017113095238 
157 2016.141015625 127.08428573608398 2400.2427734375 416.0414009094238 0.7340494791666666 1932.517022705078 363.31891479492185 2101.6625427246095 578.2748352050781 0.7452799479166666 
158 2020.425146484375 134.24744186401367 2412.641748046875 402.79200210571287 0.7316080729166666 1908.5769287109374 339.05343475341795 2092.3180908203126 575.7966934204102 0.7612072172619048 
159 2044.925830078125 135.9231430053711 2429.749951171875 405.6597732543945 0.7587193080357143 1920.1552734375 369.8332275390625 2067.611328125 578.42958984375 0.7287481398809523 
160 2059.3317260742188 149.65215072631835 2444.4932250976562 398.0274299621582 0.7816685267857143 1904.9624328613281 375.87578735351565 2020.1509704589844 559.4574645996094 0.7099144345238095 
161 2071.3303344726564 168.24655838012694 2441.7900268554686 402.0318687438965 0.7733677455357143 1878.76865234375 301.04768829345704 1975.879541015625 534.8330184936524 0.6633882068452381 
162 2079.804479980469 170.32859115600587 2438.548303222656 430.2350227355957 0.7770647321428571 1806.100030517578 281.13377532958987 1974.4901794433595 508.0943435668945 0.6888485863095238 
163 2073.322998046875 191.54158630371094 2423.091552734375 456.6293121337891 0.8196382068452381 1773.6832275390625 271.690966796875 1946.7266845703125 529.4151733398437 0.7740420386904762 
164 2044.2966186523438 211.63161010742186 2386.7802856445314 500.60215454101564 0.8332403273809523 1745.7213073730468 275.7100830078125 1916.9631408691407 532.57275390625 0.8269624255952381 
165 2002.1524780273437 245.20625915527344 2342.425891113281 536.8692413330078 0.8374488467261905 1697.0013916015625 266.0393463134766 1881.0269287109375 516.0361541748047 0.8629324776785714 
166 1970.855487060547 284.9055404663086 2306.770123291016 574.8527908325195 0.8197544642857143 1660.1005737304688 266.9538146972656 1836.8977172851562 500.32603149414064 0.8670944940476191 
167 1939.1712646484375 331.9518539428711 2269.2017822265625 600.9984939575195 0.8198474702380952 1625.007501220703 242.2696548461914 1807.9591735839845 475.4433883666992 0.8697916666666666 
168 1917.0030639648437 378.85819549560546 2215.591418457031 634.2772109985351 0.8126395089285714 1592.9556701660156 230.80927124023438 1798.010516357422 450.2537780761719 0.8598167782738095 
169 1899.893017578125 413.0323486328125 2172.635302734375 657.0648193359375 0.7931780133928571 1569.3172607421875 208.47565231323242 1788.2288818359375 430.9759010314941 0.8640020461309523 
170 1860.078680419922 435.21635284423826 2143.5083557128905 686.3564926147461 0.8288922991071429 1565.195947265625 204.36060791015626 1773.283544921875 423.21129150390624 0.8973911830357143 
171 1838.386407470703 461.9749420166016 2123.6876892089845 703.9394256591797 0.7776925223214286 1558.2244079589843 189.45245056152345 1767.6861145019532 409.7484161376953 0.8610258556547619 
172 1812.3134460449219 480.912419128418 2113.0899963378906 723.7078506469727 0.7393043154761905 1555.9985412597657 182.3660530090332 1758.9320007324218 403.41859970092776 0.8523763020833334 
173 1745.5833862304687 510.4922271728516 2094.343615722656 735.7331756591797 0.7476050967261905 1553.597637939453 185.2062789916992 1749.7752868652344 395.9155776977539 0.8557942708333334 
174 1748.0296264648437 526.0399505615235 2079.0348266601563 747.9225128173828 0.7352353050595238 1553.2878479003907 183.5629653930664 1753.3458190917968 390.89586639404297 0.8510974702380952 
175 1752.138330078125 536.7122375488282 2080.999609375 760.7716491699218 0.7170991443452381 1553.097998046875 178.93999099731445 1751.86025390625 395.7716636657715 0.8409830729166666 
176 1751.1989501953126 544.9627960205078 2083.6269775390624 768.9903900146485 0.7382347470238095 1548.9904174804688 178.4858627319336 1754.9512329101562 398.9000930786133 0.8447033110119048 
177 1754.1671020507813 556.4725952148438 2075.265515136719 775.4032592773438 0.7512555803571429 1556.4278564453125 199.30683822631835 1742.5189208984375 399.99328689575196 0.8186383928571429 
178 1748.7785583496093 561.0002136230469 2084.602423095703 784.8828430175781 0.7454659598214286 1547.5341491699219 198.3714683532715 1749.7506408691406 411.4210884094238 0.8250790550595238 
179 1751.4739868164063 577.9333984375 2102.657116699219 780.678173828125 0.7554408482142857 1553.4636474609374 206.6987060546875 1738.1061767578126 416.6844116210938 0.8287062872023809 
180 1754.9922973632813 588.2091491699218 2097.961560058594 790.3805725097657 0.7746233258928571 1553.9316040039062 221.63464279174804 1738.0520385742188 423.806046295166 0.8045247395833334 
181 1763.6915771484375 610.424447631836 2103.6409423828127 794.8650421142578 0.7109375 1550.7364501953125 231.52838592529298 1735.1771240234375 444.90084381103514 0.8313104538690477 
182 1771.4008422851562 619.6349853515625 2114.015905761719 806.516015625 0.6952659970238095 1543.5897033691406 251.66314697265625 1714.897235107422 443.73529052734375 0.62939453125 
183 1776.0973693847657 626.6065490722656 2104.082196044922 812.4644958496094 0.7078450520833334 1540.2007263183593 260.07665252685547 1726.0586730957032 464.1559829711914 0.8410063244047619 
184 1768.7727966308594 636.5145324707031 2109.764923095703 817.3438659667969 0.6891741071428571 1551.7776611328125 259.9525421142578 1706.7740966796875 466.6145355224609 0.6214192708333334 
185 1793.0869445800781 644.1456237792969 2100.3333435058594 818.6311096191406 0.7381184895833334 1542.4464721679688 282.6279830932617 1720.7251586914062 479.87247467041016 0.8390997023809523 
186 1792.449285888672 647.6209075927734 2105.6621643066405 821.6281768798829 0.7389090401785714 1555.4100402832032 297.0510955810547 1729.4172302246093 493.20470275878904 0.7381649925595238 
187 1802.0660888671875 653.3869384765625 2119.0178955078127 826.2697998046875 0.7098911830357143 1538.4474182128906 304.15802612304685 1714.9320983886719 502.25298461914065 0.8386811755952381 
188 1802.079150390625 658.5966552734375 2118.462841796875 829.51650390625 0.7088448660714286 1538.7060424804688 311.1622604370117 1713.2624633789062 511.17480621337893 0.8392624627976191 
189 1815.0577331542968 664.0277374267578 2126.0336975097657 838.0262786865235 0.7198893229166666 1538.824365234375 329.5576477050781 1701.716650390625 514.6624450683594 0.79052734375 
190 1816.251934814453 662.7973571777344 2141.750384521484 843.1940979003906 0.6823614211309523 1541.7352478027344 328.24886016845704 1710.366925048828 532.1756088256836 0.8158947172619048 
191 1844.9991821289063 665.881201171875 2150.9400268554687 847.1794677734375 0.7368861607142857 1541.0921508789063 328.2711547851562 1711.0592163085937 539.7858520507813 0.8343331473214286 
192 1870.8916625976562 671.0199951171875 2162.0856323242188 861.4160400390625 0.6992652529761905 1538.4884338378906 348.9549621582031 1699.0182800292969 543.0842224121094 0.7942708333333334 
193 1884.6503845214843 674.5564331054687 2159.232061767578 867.5058227539063 0.55078125 1535.4289916992188 349.8819412231445 1694.9833618164062 561.3841415405274 0.8293805803571429 
194 1897.49921875 650.0532592773437 2184.35869140625 846.3256469726563 0.5668712797619048 1565.539453125 341.32105865478513 1676.257177734375 562.7565475463867 0.5507579985119048 
195 1896.1240173339843 654.1079681396484 2165.291143798828 841.0295440673829 0.6000046502976191 1540.9729431152343 363.51674194335936 1697.9871398925782 576.6074035644531 0.8272879464285714 
196 1889.5663940429688 641.8675201416015 2179.0026977539064 823.3785125732422 0.5361444382440477 1584.469305419922 366.20475311279296 1672.7720275878905 582.0556533813476 0.47399321056547616 
197 1897.6185363769532 632.8849395751953 2172.4550720214843 813.4917083740235 0.6813383556547619 1549.6937866210938 399.8779800415039 1698.8906860351562 584.411051940918 0.8146158854166666 
198 1898.1336547851563 635.8362213134766 2166.479870605469 821.0329803466797 0.6093517485119048 1544.4572692871093 395.6910125732422 1703.1973937988282 596.005825805664 0.8125 
199 1906.1340454101562 640.0322265625 2163.0912963867186 812.615478515625 0.5659063430059523 1546.3644653320312 404.7585647583008 1699.7717651367188 596.5176498413086 0.7932245163690477 
200 1909.4091918945312 645.9249450683594 2165.8522827148436 827.9168518066406 0.5271926153273809 1543.6754760742188 408.5717803955078 1688.4417114257812 607.1084564208984 0.7454427083333334 
201 1904.1787719726562 651.2459045410156 2170.3058471679688 835.4877380371094 0.47335379464285715 1532.7031372070312 421.33733520507815 1688.2851440429688 605.5791687011719 0.7688104538690477 
202 1905.0565979003907 664.5575531005859 2165.534100341797 864.9250518798829 0.5650344122023809 1541.4666809082032 429.04873809814455 1693.7458435058593 613.3867782592773 0.7487444196428571 
203 1903.0132751464844 664.0489868164062 2171.724639892578 885.3406616210938 0.42859468005952384 1536.2711059570313 431.96641998291017 1690.3848999023437 609.7900192260743 0.7831101190476191 
204 1940.4477600097657 649.2654052734375 2191.826531982422 860.423681640625 0.44560314360119047 1595.0917114257813 453.7699432373047 1655.4226928710937 649.8454742431641 0.33540271577380953 
205 1623.5435180664062 658.7961120605469 2188.1564331054688 850.3612365722656 0.40075102306547616 1575.846173095703 448.2296936035156 1646.4227478027344 649.8771179199218 0.3232305617559524 
206 1867.7396301269532 662.7131317138671 2160.3051696777343 854.3938629150391 0.47659737723214285 1582.3525939941405 459.3918212890625 1658.016180419922 630.895654296875 0.37331426711309523 
207 1864.6418212890626 656.1403106689453 2162.2942138671874 868.0283294677735 0.5533272879464286 1569.70615234375 447.93896331787107 1665.560205078125 614.422395324707 0.4855840773809524 
208 1867.6468994140625 646.8220764160156 2157.5640380859377 857.3098815917969 0.5746605282738095 1530.6831909179687 424.4198989868164 1669.6844848632813 603.1359786987305 0.7173549107142857 
209 1859.3641052246094 665.4609924316406 2147.702423095703 857.6865905761719 0.6067475818452381 1566.3563598632813 458.83802490234376 1662.4690795898437 620.7121459960938 0.46426246279761907 
210 1861.4653625488281 650.1863433837891 2148.1580505371094 854.4057586669921 0.5377139136904762 1542.1459716796876 426.78352508544924 1663.8921142578124 603.5119155883789 0.6139322916666666 
211 1861.2784729003906 660.2356719970703 2145.505096435547 833.2430267333984 0.5614071800595238 1561.3673889160157 431.6186782836914 1643.7518737792968 608.7453048706054 0.4853631882440476 
212 1858.5207092285157 664.9951782226562 2142.002117919922 847.2332153320312 0.5813104538690477 1538.5916687011718 425.593522644043 1651.9841369628907 603.7818740844726 0.6333705357142857 
213 1849.5877807617187 660.17236328125 2145.357775878906 846.974365234375 0.6279529389880952 1530.168310546875 401.82283477783204 1662.486474609375 596.4082138061524 0.5878441220238095 
214 1844.9856872558594 662.284814453125 2139.633575439453 852.5005859375 0.5841471354166666 1514.6185485839844 391.30625610351564 1663.807354736328 592.7111999511719 0.6566452752976191 
215 1844.1982177734376 668.5177001953125 2136.8677001953124 841.8087158203125 0.6066080729166666 1523.3875610351563 402.65657806396484 1669.7223022460937 595.2022171020508 0.7075660342261905 
216 1764.4075317382812 658.5998565673829 2130.7577514648438 844.2841156005859 0.43701171875 1585.4790100097657 557.0718994140625 1695.8858581542968 652.4232177734375 0.34485444568452384 
217 1843.88310546875 677.3071502685547 2138.11982421875 843.7832427978516 0.6151181175595238 1531.1820251464844 399.30102081298827 1670.557354736328 600.620945739746 0.6012021019345238 
218 1848.7594177246094 678.5043182373047 2134.5751770019533 842.9463043212891 0.6359747023809523 1524.694287109375 401.27205657958984 1669.55986328125 593.1210403442383 0.6518322172619048 
219 1843.3886108398438 687.4574401855468 2126.1687622070312 846.2791320800782 0.5762416294642857 1546.7525390625 402.4425537109375 1662.963525390625 603.874951171875 0.5403529575892857 
220 1855.3854858398438 691.32587890625 2129.2002075195314 843.4452392578125 0.5851702008928571 1541.4929565429688 403.4692642211914 1670.7943969726562 616.4363449096679 0.5632556733630952 
221 1824.7632873535156 673.6912841796875 2133.8752624511717 848.18994140625 0.5923432849702381 1599.0655639648437 563.4311096191407 1703.7647583007813 663.1446960449218 0.3230794270833333 
222 1862.8244201660157 679.9924407958985 2133.566082763672 844.7917999267578 0.6390438988095238 1528.5473266601562 402.6103820800781 1661.9563354492188 590.9524841308594 0.6865931919642857 
223 1869.1148315429687 669.1458618164063 2141.5914672851563 837.4403198242187 0.6612025669642857 1537.919921875 408.3818923950195 1662.13720703125 592.7043807983398 0.6609933035714286 
224 1889.448046875 670.6201019287109 2136.4708984375 839.2229766845703 0.6172107514880952 1542.4397583007812 419.37461242675784 1660.0697631835938 595.8195404052734 0.5894484747023809 
225 1875.4593322753906 662.0585754394531 2149.9067565917967 837.4000427246094 0.49972098214285715 1545.4478576660156 394.6482360839844 1655.989276123047 600.4838439941407 0.6164667038690477 
226 1867.0863220214844 665.5872406005859 2146.4147766113283 856.9080596923828 0.40468052455357145 1529.7730407714844 393.4701690673828 1671.3503723144531 596.2702484130859 0.5657087053571429 
227 1900.5188232421874 670.0350189208984 2171.4196533203126 861.5338897705078 0.4784458705357143 864.5206115722656 456.7994049072266 1737.942401123047 596.9205047607422 0.28487723214285715 
228 1886.7989501953125 661.6793792724609 2164.7025146484375 864.2193634033204 0.479248046875 850.3668762207031 410.768977355957 1726.4699157714845 1060.7809188842773 0.22787620907738096 
229 1899.4295654296875 655.6464111328125 2162.3272705078125 846.8447998046875 0.5717540922619048 1526.8378845214843 413.2780166625977 1646.3367980957032 580.5765670776367 0.5924246651785714 
230 1922.0753540039063 640.3783203125 2187.0992065429687 851.4159912109375 0.439208984375 1534.7325561523437 424.43284606933594 1623.0738403320313 576.5762481689453 0.4581705729166667 
231 1901.840106201172 653.9650817871094 2174.157574462891 863.0659240722656 0.5207403273809523 1503.8378540039062 403.5303039550781 1659.4477905273438 578.5915222167969 0.46630859375 
232 1908.3260131835937 653.3422607421875 2168.4628051757813 846.4741455078125 0.5390159970238095 1477.4934326171874 398.35966796875 1635.1520751953126 567.842724609375 0.7062406994047619 
233 1904.6391906738281 645.559213256836 2188.0247497558594 860.5415557861328 0.5112188430059523 1472.6073852539062 400.50951232910154 1624.0723022460938 556.8602996826172 0.6087704613095238 
234 1900.1618530273438 652.2560089111328 2176.2299926757814 846.670199584961 0.5673944382440477 1467.0667602539063 382.76796569824216 1634.2630737304687 553.8524566650391 0.7992931547619048 
235 1896.9431762695312 653.7749145507812 2167.5390014648438 857.7022583007813 0.5041387648809523 1473.1 356.48132476806643 1626.0455078125 548.6436447143554 0.7944800967261905 
236 1893.4879089355468 654.6452850341797 2166.6445373535157 857.5616851806641 0.53076171875 1478.1996948242188 349.37023468017577 1630.3869750976562 544.4821517944335 0.8013857886904762 
237 1892.2522033691407 653.548876953125 2170.291131591797 849.3509033203125 0.5501883370535714 1472.4828552246095 327.3125930786133 1629.124444580078 530.9467147827148 0.8065941220238095 
238 1886.3048217773437 658.8794097900391 2166.358020019531 856.0998992919922 0.6111421130952381 1470.4728454589845 328.6108032226563 1620.360528564453 521.8869384765625 0.8005254836309523 
239 1891.3832641601562 661.0122985839844 2170.032995605469 857.2445373535156 0.55224609375 1462.0875061035156 314.2850616455078 1615.148699951172 506.5926239013672 0.8187313988095238 
240 1896.5028198242187 650.9901947021484 2175.407092285156 860.1685577392578 0.48001534598214285 1442.0912353515625 301.61475067138673 1604.7854736328125 491.4247085571289 0.7901553199404762 
241 1905.8846862792968 657.361117553711 2170.8502990722654 859.9817169189453 0.5289829799107143 1429.4564514160156 297.37977294921876 1589.2150573730469 476.62108154296874 0.7712518601190477 
242 1896.438983154297 661.6271881103515 2177.065533447266 855.2990203857422 0.5447474888392857 1408.0028747558595 289.9414657592773 1574.007257080078 463.85086212158205 0.7849934895833334 
243 1907.2901794433594 657.751187133789 2157.4384582519533 861.2615692138672 0.5072893415178571 1395.2528137207032 285.6271667480469 1560.6049743652343 463.6987609863281 0.7251209077380952 
244 1897.3583923339843 661.4302581787109 2153.379522705078 855.5107208251953 0.5873325892857143 1367.8457763671875 290.89846954345705 1533.0206787109375 447.8146347045898 0.7468843005952381 
245 1907.809100341797 655.3932037353516 2150.667095947266 851.3838348388672 0.5656389508928571 1342.1236755371094 284.7151443481445 1516.811016845703 455.1418197631836 0.7032645089285714 
246 1922.0057250976563 638.2701141357422 2153.541882324219 851.6468170166015 0.5355166480654762 1330.2434692382812 302.83929443359375 1484.6010131835938 457.19683837890625 0.6517857142857143 
247 1886.644110107422 644.0349517822266 2157.4229064941405 872.3386444091797 0.5739164806547619 927.6867462158203 314.4443893432617 1474.5539154052735 425.94156646728516 0.26195707775297616 
248 1889.47578125 636.7313781738281 2158.7205078125 873.6666931152344 0.5370279947916666 886.8497680664062 115.22493515014648 1624.5804077148437 384.4697212219238 0.27836681547619047 
249 1875.4217895507813 652.5277954101563 2135.8880249023437 875.7847045898437 0.49589611235119047 1225.6867980957031 312.9401290893555 1411.7342224121094 467.09371490478514 0.5831473214285714 
250 1887.820001220703 643.7259796142578 2141.5861267089845 870.4957611083985 0.5954938616071429 1202.9420471191406 311.25492706298826 1381.1183776855469 467.8340316772461 0.5859840029761905 
251 1859.6013488769531 657.0615936279297 2128.6412048339844 877.6743072509765 0.5647786458333334 1139.4019775390625 354.90899353027345 1300.8260498046875 467.9057647705078 0.46904064360119047 
252 1873.1208984375 649.9117309570313 2132.80732421875 865.3962524414062 0.5680106026785714 1129.125439453125 275.89515533447263 1316.98369140625 491.37971649169924 0.3632114955357143 
253 1875.0936706542968 648.1198181152344 2126.5578186035154 866.7843566894531 0.6164667038690477 1148.6648559570312 334.84080963134767 1318.1298217773438 498.8392135620117 0.6078404017857143 
254 1882.682928466797 644.621792602539 2125.4431701660155 864.7995330810547 0.6072591145833334 1121.3977783203125 368.4224594116211 1262.5372802734375 498.27086944580077 0.5835193452380952 
255 1864.9252807617188 654.5077972412109 2125.2575805664064 863.9054718017578 0.6116536458333334 1071.956805419922 389.38683929443357 1224.7606018066406 519.5529495239258 0.5132649739583334 
256 1863.8655639648437 641.5733612060546 2122.4598754882813 855.1947662353516 0.6466006324404762 1105.8123474121094 357.68179779052736 1263.2175598144531 520.7086135864258 0.7303757440476191 
257 1851.4647033691406 663.769009399414 2107.6689636230467 840.2653533935547 0.6613420758928571 1052.1945556640626 365.9587936401367 1251.4646240234374 542.4551773071289 0.6578311011904762 
258 1853.7900390625 642.1276336669922 2110.01318359375 858.493765258789 0.6322544642857143 1081.616943359375 382.18164978027346 1235.350830078125 535.9154571533203 0.6892438616071429 
259 1849.2105895996094 645.9004608154297 2101.0536926269533 863.401235961914 0.6456008184523809 1082.4542724609375 393.39703369140625 1225.5469482421875 547.9370727539062 0.7610909598214286 
260 1839.075634765625 641.8170806884766 2102.962939453125 848.3375213623046 0.6728283110119048 1060.4318786621093 401.97974700927733 1226.7955383300782 545.3967483520507 0.7278645833333334 
261 1829.0024169921876 647.7817932128906 2101.0039306640624 868.7829040527344 0.6549479166666666 1056.1524780273437 402.8062042236328 1226.1531860351563 555.807015991211 0.7787155877976191 
262 1827.6906860351562 650.8138885498047 2097.5971557617186 863.2933502197266 0.6609933035714286 1048.2309448242188 412.05046997070315 1220.5117309570312 549.8750671386719 0.7591378348214286 
263 1841.333428955078 644.8651123046875 2088.6566833496095 857.67822265625 0.6351143973214286 1059.3224670410157 418.99999084472654 1220.3702819824218 557.0409637451172 0.7517903645833334 
264 1816.4216735839843 652.5684356689453 2092.924151611328 859.9451751708984 0.6718517485119048 1049.1722290039063 425.030094909668 1216.2257202148437 569.0417129516602 0.7317475818452381 
265 1849.1633666992188 639.3445648193359 2091.040490722656 858.1856475830078 0.6531343005952381 1052.209619140625 432.90736694335936 1213.46103515625 559.6048400878906 0.6945219494047619 
266 1833.2128540039062 649.3025482177734 2081.254187011719 851.1966583251954 0.6521577380952381 1053.3689880371094 425.2222244262695 1214.8843078613281 569.4322860717773 0.7792038690476191 
267 1850.8235229492188 648.7627258300781 2079.979943847656 860.7323913574219 0.6507626488095238 1052.3015075683593 427.53865814208984 1212.7110656738282 570.7614212036133 0.7883882068452381 
268 1845.2638366699218 643.5743927001953 2075.7172424316404 862.5051361083985 0.6338355654761905 1066.375634765625 420.43346099853517 1210.409033203125 575.9894821166993 0.7470703125 
269 1853.002459716797 641.7483062744141 2078.994732666016 847.6523895263672 0.6214425223214286 1069.3692626953125 428.5042526245117 1189.8985595703125 574.1437271118164 0.8173363095238095 
270 1852.2044067382812 639.0219757080079 2082.1815795898438 844.0015228271484 0.6456938244047619 1071.5132202148438 410.19871215820314 1201.5002075195312 565.1832458496094 0.8004789806547619 
271 1850.877978515625 643.4587524414062 2080.914501953125 838.4898559570313 0.6484607514880952 1064.9834716796875 409.57530517578124 1205.0057861328125 564.5999877929687 0.8105701264880952 
272 1856.2862731933594 630.0254516601562 2081.8945129394533 840.5930786132812 0.6654110863095238 1048.5318603515625 407.6953521728516 1188.9102783203125 573.1413787841797 0.8032924107142857 
273 1852.6722900390625 636.7909729003907 2076.1929443359377 845.0716979980468 0.6615280877976191 1026.7786926269532 408.58094024658203 1194.4191833496093 596.5415878295898 0.8666759672619048 
274 1838.5478576660157 642.8983612060547 2084.099481201172 838.3375396728516 0.6822916666666666 1020.1705688476562 433.19642639160156 1175.5196166992187 608.5904998779297 0.8513532366071429 
275 1846.607568359375 647.1739135742188 2082.827978515625 848.2124389648437 0.6668759300595238 1021.9631286621094 454.8341690063477 1167.7159484863282 681.0024703979492 0.86083984375 
276 1837.9422302246094 647.0102966308593 2073.522003173828 842.4912902832032 0.6257672991071429 1045.4152221679688 474.85591278076174 1165.7112426757812 725.4726089477539 0.8452613467261905 
277 1849.2724060058595 642.4420867919922 2078.845391845703 850.6594146728515 0.6557152157738095 1054.3914916992187 540.7974975585937 1161.1695434570313 775.7093383789063 0.8275902157738095 
278 1845.0557006835938 627.1196655273437 2077.043176269531 849.0207153320313 0.6810593377976191 1065.2984802246094 533.0444183349609 1196.421856689453 830.5935821533203 0.8563988095238095 
279 1846.4915100097655 648.6392181396484 2076.647528076172 867.8354522705079 0.6343470982142857 1071.2954345703124 546.8393707275391 1224.7328857421876 881.1136932373047 0.8701404389880952 
280 1848.4857849121095 634.3872100830079 2080.654962158203 872.0841644287109 0.6536690848214286 1084.7939453125 554.8714019775391 1228.517578125 892.0694549560546 0.8307291666666666 
281 1844.5995178222656 633.7070739746093 2079.238250732422 862.7592346191407 0.6405552455357143 1097.4940246582032 594.6005920410156 1214.8134704589843 901.8657165527344 0.8168712797619048 
282 1828.6785949707032 648.4758911132812 2075.6203552246093 856.1315307617188 0.6525762648809523 1091.0910095214845 591.0576202392579 1220.174249267578 922.1841400146484 0.7968284970238095 
283 1832.0745056152343 637.7994537353516 2081.694659423828 836.3608856201172 0.7220052083333334 1081.9047729492188 603.9784912109375 1252.1003540039062 944.3696533203125 0.8150344122023809 
284 1837.5908081054688 642.7628509521485 2075.8586547851564 842.2429473876953 0.6223260788690477 1076.11396484375 600.5651702880859 1264.511767578125 944.1142120361328 0.7968052455357143 
285 1841.7401062011718 635.7196960449219 2079.8703674316407 857.2362365722656 0.6181175595238095 1097.5296936035156 584.3875 1213.8258972167969 955.427685546875 0.7115420386904762 
286 1812.719500732422 658.4409301757812 2065.568707275391 853.8243286132813 0.6173735119047619 1090.1989135742188 589.2610778808594 1245.3562622070312 962.7881164550781 0.7453729538690477 
287 1836.1829711914063 645.9964599609375 2073.435192871094 865.8887939453125 0.6356259300595238 1089.4835693359375 601.9289520263671 1239.9363525390625 972.2739898681641 0.7238420758928571 
288 1833.6154907226562 651.3563842773438 2064.7885620117186 865.1914672851562 0.5556989397321429 1098.7520141601562 608.6783386230469 1225.8971557617188 961.2171691894531 0.7153552827380952 
289 1840.7873657226562 644.3126647949218 2078.4477416992186 865.3921691894532 0.5760556175595238 1110.799822998047 566.934814453125 1226.8665588378906 942.77001953125 0.7233770461309523 
290 1854.373065185547 630.7539184570312 2073.833599853516 861.1874877929688 0.5935872395833334 1112.849920654297 606.0646789550781 1211.6072326660155 940.7418395996094 0.7107049851190477 
291 1851.9529418945312 636.3332824707031 2077.8485717773438 851.4720153808594 0.6025855654761905 1117.998876953125 556.2768981933593 1214.81142578125 927.3911926269532 0.6793852306547619 
292 1838.066162109375 644.8233215332032 2073.145263671875 863.5015075683593 0.6197451636904762 1130.9365539550781 561.1368011474609 1262.1434020996094 921.9559112548828 0.77685546875 
293 1822.0015686035156 656.3730651855469 2070.5315124511717 871.0125549316406 0.6279994419642857 1139.4132202148437 595.544091796875 1241.0845825195313 923.151708984375 0.8002232142857143 
294 1846.1230712890624 634.1067321777343 2062.2182373046876 866.0137512207032 0.5599074590773809 1100.5339965820312 597.0097015380859 1242.8405151367188 939.5996124267579 0.7786690848214286 
295 1848.995672607422 658.2663543701171 2060.7285705566405 869.9993316650391 0.6120256696428571 1112.0019958496093 582.485873413086 1241.3943664550782 941.2556427001953 0.7785993303571429 
296 1841.3509033203125 664.9631134033203 2063.6134521484373 863.8295501708984 0.6393694196428571 1096.0513427734375 584.4266204833984 1265.6727783203125 935.3675079345703 0.7667178199404762 
297 1818.2102600097655 652.9461090087891 2062.807196044922 862.6007049560546 0.5980050223214286 1124.5134033203126 582.3892303466797 1246.8117919921874 937.637319946289 0.6980561755952381 
298 1843.471630859375 640.2722045898438 2065.010546875 867.6411254882812 0.66943359375 1099.2531982421874 610.8981353759766 1279.9823974609376 937.3765838623046 0.8035481770833334 
299 1877.585626220703 626.650927734375 2057.9950622558595 850.2017333984375 0.4978608630952381 1222.62109375 0.0 1222.62109375 108.35098567008973 0.3350190662202381 
