0 2142.8939208984375 848.1612030029297 2208.8238525390625 924.042593383789 0.7853887648809523 2013.5223815917968 773.7151000976562 2089.4040100097654 864.5240356445313 0.7922479538690477 
1 2143.102783203125 848.2250030517578 2209.112060546875 924.198275756836 0.7857607886904762 2013.5744384765626 772.5871002197266 2089.5476318359374 864.7513397216796 0.7835053943452381 
2 2142.9331787109377 847.9879791259766 2210.0336181640623 923.7863739013671 0.7896670386904762 2013.7031982421875 772.380728149414 2090.7440673828123 865.5755096435547 0.7766927083333334 
3 2142.636999511719 847.6243438720703 2209.750451660156 924.6805267333984 0.7900158110119048 2014.3374267578124 773.2450347900391 2091.3935302734376 865.2153533935547 0.7720889136904762 
4 2143.0098388671877 848.0795196533203 2209.9642822265623 923.713510131836 0.7906203497023809 2014.0600036621095 772.6363647460937 2090.933770751953 865.6288940429688 0.7596726190476191 
5 2142.191931152344 848.4430572509766 2210.428918457031 924.1240203857421 0.7917131696428571 2013.6870849609375 772.9529327392578 2095.5712158203123 866.003305053711 0.7835053943452381 
6 2142.5856323242188 848.6828582763671 2209.4566040039062 924.2221099853516 0.7944103422619048 2013.8924743652344 772.2385284423829 2098.1003234863283 866.3530853271484 0.79345703125 
7 2141.717810058594 848.0085662841797 2209.910363769531 923.6401763916016 0.7947591145833334 2013.964208984375 772.424594116211 2098.275048828125 866.6542022705078 0.7952241443452381 
8 2142.0068969726562 847.920297241211 2210.2711791992188 923.6318878173828 0.79638671875 2014.11826171875 773.3544769287109 2098.51796875 866.4424591064453 0.7916899181547619 
9 2140.866491699219 848.4003845214844 2210.341271972656 924.0782531738281 0.7992234002976191 2014.2755004882813 772.7703125 2097.397106933594 867.0574462890625 0.7934802827380952 
10 2140.9595458984377 848.1045837402344 2210.0975830078123 923.4155578613281 0.7944800967261905 2014.6973571777344 771.8913452148438 2099.885284423828 865.7214477539062 0.7857840401785714 
11 2141.0543823242188 846.9726654052735 2207.5191040039062 923.2841094970703 0.7810174851190477 2016.4090148925782 771.9393646240235 2096.4131286621096 866.7132843017578 0.7792271205357143 
12 2140.0816650390625 846.8399932861328 2208.6712646484375 922.778353881836 0.7916201636904762 2016.3285766601562 772.0321655273438 2095.941198730469 867.5675659179688 0.7877604166666666 
13 2140.3170166015625 846.1068878173828 2206.2279052734375 921.7824554443359 0.7796456473214286 2016.8511657714844 771.4171508789062 2094.967803955078 867.8424926757813 0.7871791294642857 
14 2137.628771972656 844.3379852294922 2204.760632324219 918.7930572509765 0.7869001116071429 2017.120556640625 771.3851593017578 2095.237353515625 867.810580444336 0.7875046502976191 
15 2134.231555175781 838.9284759521485 2202.296520996094 913.0706085205078 0.7792038690476191 2015.9593811035156 772.0322479248047 2096.178680419922 866.8369537353516 0.7864815848214286 
16 2130.7743286132813 829.0620819091797 2200.1126342773437 900.833364868164 0.7840866815476191 2014.8359619140624 769.9700866699219 2091.4731201171876 867.2871154785156 0.7920851934523809 
17 2121.5759155273436 813.6879302978516 2196.8803833007814 885.2889373779296 0.8135928199404762 2012.0853332519532 764.6402557373046 2089.8588806152343 874.5108062744141 0.8386346726190477 
18 2115.4895263671874 798.4042663574219 2196.2336181640626 871.6950988769531 0.7900158110119048 2006.652117919922 760.6121856689454 2094.849468994141 879.8650482177734 0.8118489583333334 
19 2103.7366943359375 789.7236206054688 2195.0509033203125 857.2712524414062 0.7760416666666666 1995.776123046875 757.2488708496094 2097.097412109375 881.0860900878906 0.7865745907738095 
20 2087.3521484375 783.5130157470703 2189.39833984375 847.7643890380859 0.7671828497023809 1986.0327575683593 757.5896423339843 2084.299395751953 878.5332824707032 0.7681361607142857 
21 2073.293359375 780.71298828125 2187.34677734375 841.6279541015625 0.7950613839285714 1971.6520446777345 758.8792907714844 2076.633233642578 879.4131896972656 0.7891555059523809 
22 2061.5304443359373 779.3303436279297 2188.1223876953127 840.6686187744141 0.7859933035714286 1955.4684814453126 763.7196990966797 2070.3147216796874 873.3455474853515 0.7577659970238095 
23 2054.0439453125 781.8119140625 2185.75146484375 839.7631591796875 0.7770414806547619 1951.8188781738281 779.1777587890625 2065.0872497558594 868.7387451171875 0.8013625372023809 
24 2047.0308715820313 783.6803375244141 2182.031872558594 841.9160369873047 0.7572544642857143 1941.86044921875 787.4473510742188 2053.037744140625 874.8009399414062 0.8517950148809523 
25 2041.6079223632812 783.113720703125 2179.5339233398436 841.46708984375 0.7752743675595238 1941.9889892578126 800.8135650634765 2041.4548583984374 900.2795135498047 0.8893926711309523 
26 2038.49423828125 782.49638671875 2176.20791015625 838.6515625 0.7737165178571429 1941.3026916503907 818.2361358642578 2038.9056823730468 921.1872650146485 0.8865792410714286 
27 2035.860595703125 781.2513366699219 2172.049560546875 837.3292297363281 0.7832263764880952 1943.321844482422 834.2993560791016 2044.7959533691405 929.0975555419922 0.8953450520833334 
28 2034.4515869140625 779.3898284912109 2166.0391357421877 835.7845489501954 0.7962239583333334 1948.8267761230468 848.1272827148438 2061.6162170410157 935.4046997070312 0.8908575148809523 
29 2033.4419799804687 780.0421539306641 2160.2081665039063 835.5023406982422 0.7935035342261905 1956.5494750976563 853.3287750244141 2080.6744018554687 933.8780731201172 0.8707217261904762 
30 2030.7382568359376 779.7052642822266 2156.1406494140624 835.8751190185546 0.7865745907738095 1968.2882080078125 856.8257537841797 2094.9969482421875 932.589712524414 0.8466331845238095 
31 2025.4713073730468 779.8171356201171 2154.4345764160157 840.4298736572266 0.7824823288690477 1980.8301940917968 861.1135772705078 2109.7934631347657 930.753793334961 0.8372628348214286 
32 2029.0922058105468 777.4831665039062 2145.7829162597654 845.2390014648438 0.7809244791666666 1995.455615234375 866.5694732666016 2110.891552734375 931.8158416748047 0.8294503348214286 
33 2032.1992797851562 776.1888610839844 2141.1456909179688 850.4705627441406 0.7828078497023809 2009.7242370605468 867.5172119140625 2098.8623107910157 934.3707275390625 0.7769252232142857 
34 2031.7938171386718 776.0676971435547 2138.8640197753907 852.720327758789 0.7927362351190477 2012.0924987792969 867.9759765625 2103.3456115722656 934.894873046875 0.8070824032738095 
35 2030.990985107422 775.3028564453125 2136.447613525391 851.9984130859375 0.7917596726190477 2016.6106018066407 864.4891510009766 2102.893182373047 935.1929168701172 0.8175455729166666 
36 2035.215264892578 771.133413696289 2136.8915466308595 854.8670135498047 0.7891555059523809 2018.7444641113282 866.2768249511719 2103.6743591308596 930.8713684082031 0.8491675967261905 
37 2039.650390625 769.4825714111328 2135.41748046875 854.475863647461 0.7729259672619048 2019.5761962890624 867.7359222412109 2105.7665771484376 931.1816192626953 0.8054082961309523 
38 2042.2861938476562 768.1125122070313 2135.1476440429688 851.3258422851562 0.7967354910714286 2016.0792663574218 865.6122283935547 2102.9106018066404 931.9416656494141 0.7994559151785714 
39 2045.2383422851562 765.8694152832031 2131.5680541992188 851.0002136230469 0.8043387276785714 2017.5684204101562 867.04873046875 2103.8981323242188 930.597021484375 0.7948521205357143 
40 2048.872509765625 763.5252624511719 2131.191455078125 847.0202697753906 0.8251023065476191 2013.2763061523438 869.2282653808594 2106.1790161132812 930.3795227050781 0.8480050223214286 
41 2049.6772583007814 763.9284912109375 2127.5988647460936 848.7255615234375 0.8393322172619048 2009.6586547851562 868.8229522705078 2105.914831542969 930.7018890380859 0.8332635788690477 
42 2053.7984130859377 763.3979705810547 2127.4305908203123 849.6857086181641 0.8569568452380952 2000.4327087402344 870.2177673339844 2099.376007080078 935.7965148925781 0.8346354166666666 
43 2058.357177734375 761.1041076660156 2128.460693359375 848.4464294433594 0.8505161830357143 1987.502020263672 874.1275085449219 2104.7246643066405 939.6342102050781 0.8365187872023809 
44 2059.391796875 761.9458801269532 2125.2068359375 852.7251403808593 0.8460984002976191 1980.5271728515625 873.0632537841797 2101.9445068359373 938.8782135009766 0.8378208705357143 
45 2060.00703125 762.0296112060547 2121.77861328125 851.879019165039 0.8448195684523809 1979.8337768554688 872.7431427001953 2100.007287597656 939.0070404052734 0.8549107142857143 
46 2058.0530517578127 761.7488861083984 2120.0436279296873 851.4138946533203 0.8451450892857143 1986.9510498046875 873.5534027099609 2104.2906494140625 938.8649932861329 0.86083984375 
47 2058.4242919921876 763.1516754150391 2122.0766845703124 849.8505828857421 0.8398902529761905 1997.684503173828 872.5172637939453 2119.5018981933595 940.559457397461 0.8544224330357143 
48 2058.5550903320313 762.7197692871093 2127.1824584960937 848.5037414550782 0.8291945684523809 2003.2905578613281 870.857046508789 2136.2557067871094 941.6287322998047 0.8495396205357143 
49 2061.196667480469 762.8614471435546 2128.704943847656 850.7294342041016 0.8318684895833334 2002.8789428710938 871.1715667724609 2140.038781738281 941.8945343017579 0.8209635416666666 
50 2060.5044921875 762.8364135742188 2126.8451171875 851.6471069335937 0.8349376860119048 1998.4441284179688 869.343374633789 2124.705041503906 941.0338836669922 0.8486560639880952 
51 2057.5899047851562 760.4280487060547 2124.7306518554688 852.080191040039 0.8384254092261905 1991.023260498047 874.0504821777344 2109.3186584472655 940.1252990722656 0.8615141369047619 
52 2060.765380859375 760.4747741699218 2123.499267578125 852.9809143066407 0.8310081845238095 1979.2601501464844 871.9564788818359 2096.2219055175783 941.0703155517579 0.8283575148809523 
53 2060.595324707031 760.3977569580078 2123.563122558594 851.1137786865235 0.8300083705357143 1977.4733154296875 873.4438781738281 2099.1394775390627 944.9494323730469 0.8187313988095238 
54 2058.9711791992186 760.7015869140625 2122.6213500976564 849.81220703125 0.8361235119047619 1982.0600524902343 876.3332122802734 2104.056768798828 946.3487335205078 0.8397042410714286 
55 2054.8381103515626 761.3475311279296 2120.2741943359374 851.0579254150391 0.8415643601190477 1992.771533203125 878.3769897460937 2124.698681640625 945.9236694335938 0.8502836681547619 
56 2055.0439697265624 759.8139587402344 2120.8647216796876 851.1134094238281 0.8371233258928571 2004.494610595703 878.4705810546875 2140.382220458984 946.414306640625 0.8357514880952381 
57 2057.2366943359375 758.4451416015625 2124.2139892578125 852.001025390625 0.8378441220238095 2006.124285888672 878.3340270996093 2147.521343994141 946.3747131347657 0.8407970610119048 
58 2056.698864746094 756.8216735839844 2124.733996582031 850.3700988769531 0.841796875 2000.4798828125 875.6379791259766 2137.61337890625 945.7993377685547 0.8542596726190477 
59 2053.275354003906 757.4318054199218 2123.125280761719 850.5647766113282 0.8314964657738095 1991.3225341796874 870.5915710449219 2118.3219970703126 942.5579650878906 0.8239164806547619 
60 2056.5662353515627 755.7165344238281 2122.0480224609373 849.7143737792969 0.8360770089285714 1981.173028564453 870.75625 2101.5748962402345 939.4064697265625 0.8213588169642857 
61 2060.06953125 755.1288452148438 2119.498828125 850.6404418945312 0.8444010416666666 1978.2314575195312 872.5999176025391 2096.0290405273436 940.5192840576171 0.8048735119047619 
62 2055.405517578125 755.2936157226562 2118.088623046875 849.8495727539063 0.8321475074404762 1981.648663330078 868.8915496826172 2102.765277099609 942.1989654541015 0.8255440848214286 
63 2052.240673828125 757.6886322021485 2118.220751953125 849.2093780517578 0.8314964657738095 1992.6048461914063 867.7100006103516 2121.372448730469 942.2036346435547 0.8548642113095238 
64 2051.9861450195312 755.6094970703125 2121.0883178710938 850.22607421875 0.8423084077380952 2002.551776123047 870.0980346679687 2138.629498291016 943.4525024414063 0.8402855282738095 
65 2057.49462890625 757.0852447509766 2123.3642578125 848.4525360107422 0.8111281622023809 2002.5353393554688 868.5566864013672 2148.0855102539062 942.9254302978516 0.8401460193452381 
66 2058.020544433594 755.9942230224609 2124.080285644531 849.7563262939453 0.8326822916666666 1999.5422058105469 869.0989013671875 2139.1200256347656 941.5513671875 0.8323102678571429 
67 2055.252685546875 755.23271484375 2120.417724609375 848.17255859375 0.8453311011904762 1990.909765625 862.8407928466797 2122.30751953125 941.8931549072265 0.8316824776785714 
68 2055.1740234375 756.2240325927735 2118.1453125 848.0129669189453 0.8492140997023809 1979.6819885253906 862.0933074951172 2099.2212097167967 940.0072174072266 0.8136160714285714 
69 2052.2268310546874 755.4034759521485 2117.4572509765626 848.4365509033203 0.8545154389880952 1974.0001647949218 858.6364685058594 2096.9750549316404 940.9762023925781 0.8282645089285714 
70 2053.0985717773438 752.4880798339843 2116.0657348632812 848.5393859863282 0.8591192336309523 1977.9405639648437 863.193392944336 2101.739855957031 938.9671905517578 0.8310314360119048 
71 2050.3640869140627 751.1792388916016 2114.3859130859373 850.4128631591797 0.85009765625 1989.0511108398437 859.9750823974609 2114.9603637695313 941.0691680908203 0.8481212797619048 
72 2049.171875 752.6089477539062 2114.3876953125 853.1050415039062 0.8403785342261905 1995.4288391113282 866.0165771484375 2134.4128356933593 938.715966796875 0.8279854910714286 
73 2052.0506591796875 751.3774505615235 2117.1807861328125 851.7417510986328 0.8503069196428571 2003.0184692382813 868.16796875 2151.4295288085937 938.636474609375 0.8494931175595238 
74 2052.331298828125 754.1413024902344 2118.638916015625 851.4640441894531 0.8379836309523809 2006.5080627441407 869.2339050292969 2156.235467529297 938.7501037597656 0.8407738095238095 
75 2051.6252197265626 754.5665863037109 2118.0071044921874 850.9277374267579 0.8399135044642857 2000.3560180664062 867.8939056396484 2147.0392456054688 938.5587921142578 0.8514927455357143 
76 2049.643359375 753.6869873046875 2116.887890625 849.7505126953125 0.8372395833333334 1992.620947265625 868.3063598632813 2127.110009765625 938.7529663085937 0.8622116815476191 
77 2049.3375610351563 754.9611175537109 2116.6065307617187 846.7884552001954 0.86328125 1982.8489562988282 866.542025756836 2106.7090270996096 938.0819366455078 0.8380533854166666 
78 2049.3213745117187 756.8112640380859 2116.3307250976563 847.2205352783203 0.8494233630952381 1979.3667785644532 863.8295928955079 2099.5579040527346 941.4751556396484 0.8147088913690477 
79 2050.3693359375 756.4798095703125 2114.330859375 848.1583740234375 0.8486560639880952 1983.0452270507812 868.4539733886719 2104.5726928710938 942.0101379394531 0.8320777529761905 
80 2049.4892700195314 757.940625 2114.4933959960936 849.5858642578125 0.8556780133928571 1990.3460754394532 866.1033599853515 2120.3544860839843 943.8952362060547 0.8859979538690477 
81 2052.1377807617187 754.8273712158203 2116.0621704101563 848.5829681396484 0.8540969122023809 1998.9085510253906 874.2755889892578 2140.6074401855467 941.3961029052734 0.8489815848214286 
82 2050.012451171875 754.9856964111328 2116.789794921875 848.2620452880859 0.8017810639880952 2004.3528625488282 874.3940612792969 2155.9268005371096 943.2913635253906 0.8434477306547619 
83 2050.979040527344 757.6803131103516 2116.416711425781 849.5043182373047 0.8188244047619048 2006.8125427246093 873.2113372802735 2152.464434814453 941.8154571533203 0.8243117559523809 
84 2046.4768432617188 757.7875946044921 2116.338830566406 848.8198883056641 0.8263113839285714 1997.5814147949218 871.6594512939453 2138.3640197753907 942.5799896240235 0.8535388764880952 
85 2049.4601196289063 758.2970428466797 2116.2530151367187 848.4143218994141 0.8389136904761905 1983.8498229980469 874.2261627197265 2117.4354553222656 942.0791961669922 0.8442615327380952 
86 2049.561181640625 757.4850769042969 2116.514990234375 847.8193664550781 0.8475167410714286 1975.6588806152345 872.3853881835937 2102.126885986328 944.6528198242188 0.8245210193452381 
87 2050.288720703125 757.1120513916015 2116.080908203125 847.3107391357422 0.8502371651785714 1973.68115234375 869.7175903320312 2102.08154296875 946.1211547851562 0.8371465773809523 
88 2049.7901977539063 757.132046508789 2113.3584838867187 849.3061248779297 0.8544224330357143 1984.3881713867188 872.6144805908203 2106.2273071289064 945.7179779052734 0.8494466145833334 
89 2048.9356201171877 755.9540863037109 2114.6713134765623 848.1962432861328 0.8634440104166666 1994.2915466308593 875.0288757324219 2123.642657470703 946.0659729003906 0.8862769717261905 
90 2050.1224609375 754.5650299072265 2116.86044921875 847.7864715576172 0.83447265625 2003.0228942871095 877.1626647949219 2146.032891845703 946.0193420410156 0.8533761160714286 
91 2051.9261108398437 753.9692626953125 2117.7547973632813 847.40390625 0.82861328125 2008.8839477539063 878.7257476806641 2157.5298706054687 945.6164764404297 0.8769996279761905 
92 2049.26484375 755.5971740722656 2117.225390625 849.0430847167969 0.8281715029761905 2004.8290222167968 877.1013397216797 2153.4928771972654 944.0001617431641 0.8641183035714286 
93 2048.4512329101562 756.3562896728515 2116.4869995117188 846.7165252685547 0.828125 1996.4428161621095 875.746337890625 2132.514825439453 944.8453369140625 0.8364025297619048 
94 2051.3991088867188 753.9496826171875 2117.2861938476562 848.529443359375 0.8516322544642857 1984.04052734375 874.606332397461 2109.4384765625 943.6814483642578 0.8289388020833334 
95 2050.6576293945313 755.8678588867188 2118.4788452148437 847.0027465820312 0.8469122023809523 1977.9453186035157 870.3163665771484 2096.632684326172 944.4959503173828 0.8073846726190477 
96 2052.167687988281 755.3464172363281 2117.529821777344 849.1728698730469 0.84375 1974.3169311523438 875.2852996826172 2102.932824707031 941.7016998291016 0.8357979910714286 
97 2050.1084106445314 754.1165313720703 2116.4011108398436 848.8207855224609 0.8424711681547619 1987.1340026855469 874.5204650878907 2108.1449279785156 942.9178894042968 0.8489815848214286 
98 2052.524755859375 754.9474670410157 2117.526025390625 850.3525817871093 0.8495628720238095 1997.886407470703 875.8368896484375 2131.0343688964845 943.9834228515625 0.8617466517857143 
99 2057.696081542969 753.1351928710938 2120.359826660156 848.1754760742188 0.8135928199404762 2007.8861389160156 874.004281616211 2154.102020263672 945.0233673095703 0.8720005580357143 
100 2052.994482421875 753.3626586914063 2119.735009765625 847.2165649414062 0.8035481770833334 2012.8860229492188 873.3672912597656 2163.052209472656 942.1934997558594 0.8661644345238095 
101 2050.860144042969 751.1299407958984 2116.507287597656 849.0795928955079 0.8137090773809523 2011.1432373046875 870.6012542724609 2157.0257080078127 940.4165069580079 0.8688848586309523 
102 2049.8221069335937 753.1098693847656 2117.0853637695313 849.8010192871094 0.8254975818452381 2001.3955322265624 870.133578491211 2138.0243896484376 940.5499542236328 0.8720005580357143 
103 2052.4093994140626 749.5123901367188 2120.7844482421874 850.4972534179688 0.8223818824404762 1989.3342712402343 869.6746063232422 2113.461260986328 939.1016998291016 0.8536783854166666 
104 2055.338232421875 754.6068695068359 2122.059716796875 847.3911163330079 0.8209170386904762 1979.1942749023438 867.6801635742188 2101.1692504882812 939.6140258789062 0.8360305059523809 
105 2053.5471435546874 754.1137939453125 2119.8820556640626 849.4701904296875 0.8318684895833334 1982.428466796875 870.5586608886719 2098.514404296875 937.9299865722656 0.8146856398809523 
106 2051.07861328125 751.4307464599609 2119.48095703125 850.9247833251953 0.8351702008928571 1988.6159912109374 870.496713256836 2107.8014892578126 939.9352325439453 0.8437267485119048 
107 2051.6126342773437 751.3261047363281 2120.2025512695313 851.0933288574219 0.8234281994047619 1998.971014404297 875.9951995849609 2128.8762756347655 941.4673858642578 0.8604678199404762 
108 2056.356066894531 752.5505798339843 2122.161267089844 846.5579406738282 0.8183128720238095 2008.4283935546875 876.3269622802734 2148.3948486328127 942.1320831298829 0.8671177455357143 
109 2053.3579345703124 753.134146118164 2122.6381591796876 846.5574432373047 0.8097563244047619 2009.4320495605468 876.7161926269531 2158.4894592285154 941.7976013183594 0.8720238095238095 
110 2048.1586669921876 756.8831146240234 2120.0312744140624 847.7805206298829 0.8197079613095238 2007.1411560058593 874.4481079101563 2145.601153564453 939.9787719726562 0.8695591517857143 
111 2053.623645019531 754.0016387939453 2119.257458496094 850.335336303711 0.8029203869047619 1998.25009765625 868.1688537597656 2127.40078125 934.8612976074219 0.8582124255952381 
112 2055.9118041992188 751.7660552978516 2121.2402954101562 848.7053192138671 0.8276832217261905 1984.7472595214845 864.3485717773438 2104.867608642578 933.8919067382812 0.8188011532738095 
113 2058.475061035156 752.9036285400391 2122.624792480469 849.6540496826171 0.85498046875 1977.0542907714844 865.5094665527344 2094.837432861328 932.8141418457031 0.8278692336309523 
114 2057.0748779296873 753.4234436035156 2121.3264892578127 851.3806335449219 0.8502604166666666 1979.008966064453 867.261196899414 2094.8722595214845 933.6193572998047 0.8107096354166666 
115 2054.05986328125 755.6399017333985 2119.66669921875 850.8752960205078 0.8208240327380952 1989.9184875488281 866.3816436767578 2110.5501403808594 933.0463958740235 0.8240327380952381 
116 2051.4377197265626 752.8966369628906 2119.0700927734374 852.2319030761719 0.8072916666666666 2002.542236328125 865.4819519042969 2134.636962890625 933.1144836425781 0.8579566592261905 
117 2054.48935546875 753.2205291748047 2118.9955078125 849.4509185791015 0.8153366815476191 2016.0948120117187 864.5810089111328 2152.5094360351563 933.3170013427734 0.8970889136904762 
118 2053.9227661132813 752.9780487060547 2121.8074584960937 849.5013824462891 0.8401925223214286 2019.6132751464843 866.4317565917969 2158.564581298828 934.3162902832031 0.89453125 
119 2051.8865966796875 753.2576751708984 2120.2032470703125 850.3954620361328 0.8527715773809523 2013.7458557128907 868.6241973876953 2149.311639404297 933.7385345458985 0.8968796502976191 
120 2058.994482421875 755.0702056884766 2118.981103515625 850.4060516357422 0.8181036086309523 2001.7681823730468 866.8034240722657 2129.2397521972657 936.4307067871093 0.8688616071428571 
121 2060.2178344726562 757.3769683837891 2119.9254760742188 850.1372528076172 0.8212890625 1987.9615783691406 870.8052978515625 2105.244842529297 940.1090087890625 0.8119187127976191 
122 2060.9514892578127 753.3237121582031 2119.5651123046873 851.3681823730469 0.8352864583333334 1977.7039428710937 870.9196746826171 2097.0624145507813 944.4530670166016 0.8252185639880952 
123 2056.8488159179688 754.6795501708984 2119.8477172851562 850.7794952392578 0.8280784970238095 1980.297430419922 873.2028045654297 2094.5493713378905 945.8116607666016 0.8054547991071429 
124 2059.28447265625 756.3232025146484 2120.02900390625 850.1043487548828 0.8243117559523809 1985.5055847167969 877.4434661865234 2110.1918029785156 944.5822296142578 0.8397972470238095 
125 2059.210241699219 754.8840576171875 2121.023400878906 848.6694091796875 0.8240559895833334 2001.2092590332031 873.3864288330078 2132.2955017089844 949.0540618896484 0.8692801339285714 
126 2053.2647094726562 754.9554840087891 2121.2877807617188 848.4873260498047 0.8092447916666666 2009.278631591797 877.1437133789062 2153.8279357910155 946.2296997070313 0.8792317708333334 
127 2049.329382324219 752.9689025878906 2120.568811035156 849.7270202636719 0.8118257068452381 2012.5236694335938 877.5766540527344 2147.5595825195314 943.4997619628906 0.8523995535714286 
128 2051.11572265625 751.8224639892578 2119.22607421875 850.7955169677734 0.7939453125 2003.512030029297 873.3898712158203 2136.5403381347655 940.4361175537109 0.8543759300595238 
129 2062.3428466796877 750.9418273925781 2119.8265869140623 851.0058044433594 0.77490234375 1992.8222595214843 873.6062103271485 2120.563604736328 939.6058868408203 0.8331240699404762 
130 2061.623095703125 752.3955078125 2121.726513671875 850.4588623046875 0.8117792038690477 1985.175958251953 873.4132507324218 2103.2736267089845 941.9522277832032 0.8288225446428571 
131 2057.6732788085938 750.9812561035156 2121.9544067382812 850.0375427246094 0.8077101934523809 1979.0847717285155 873.5451721191406 2099.216864013672 943.0953308105469 0.8127557663690477 
132 2065.028918457031 754.8628936767578 2120.944470214844 849.8134368896484 0.8056873139880952 1984.1181762695312 872.536654663086 2101.2238647460936 946.3871124267578 0.8137090773809523 
133 2061.314172363281 754.9121185302735 2121.439489746094 848.7922882080078 0.7987583705357143 1991.654522705078 877.5568054199218 2114.015277099609 949.2854797363282 0.8453543526785714 
134 2062.1907592773437 753.0945343017578 2122.1986450195313 848.896615600586 0.7916201636904762 2004.3288146972657 884.083462524414 2130.661297607422 953.5662567138672 0.8558640252976191 
135 2052.9954345703127 751.4380554199219 2121.5812255859373 848.5132385253906 0.8099423363095238 2009.4901794433595 886.4586029052734 2145.606622314453 952.9340362548828 0.8805571056547619 
136 2051.9390625 751.7967956542968 2120.54580078125 849.9571105957032 0.8209867931547619 2007.6897399902343 878.1305084228516 2150.180499267578 950.9591522216797 0.8758370535714286 
137 2055.6805786132813 751.446743774414 2118.2649780273437 850.0970184326172 0.8123372395833334 2002.6834716796875 875.1472229003906 2142.7032470703125 948.3393493652344 0.8857654389880952 
138 2054.859716796875 750.8965637207032 2117.721826171875 851.0497253417968 0.8115699404761905 2001.0951232910156 873.301416015625 2132.146453857422 942.55625 0.8760230654761905 
139 2055.724267578125 752.2517639160156 2117.663427734375 850.5003112792969 0.8129417782738095 1993.2920227050781 867.5459503173828 2119.3064880371094 934.824838256836 0.8473772321428571 
140 2059.1063720703123 752.1152282714844 2118.8130615234377 850.2050842285156 0.8045944940476191 1988.5735168457031 861.8101806640625 2112.2520446777344 933.2451171875 0.8481677827380952 
141 2057.8759887695314 750.8315063476563 2118.7477905273436 848.0128540039062 0.8095238095238095 1990.0625244140624 858.8153411865235 2111.8061279296876 931.4343536376953 0.8281017485119048 
142 2059.1581909179686 752.8900543212891 2118.9807250976564 850.1019500732422 0.8050827752976191 1993.6654113769532 859.3875701904296 2115.4472595214843 930.9611236572266 0.8307059151785714 
143 2059.9929809570312 753.9102416992188 2116.6791381835938 848.0304321289062 0.8229631696428571 2003.224786376953 862.0579772949219 2124.0836853027345 931.5786193847656 0.8674665178571429 
144 2056.1744995117188 754.6232940673829 2118.2276000976562 848.7727630615234 0.8108723958333334 2010.334210205078 859.7184509277344 2134.440570068359 934.6101623535156 0.8712100074404762 
145 2050.1806640625 753.0705444335938 2119.96044921875 847.5417602539062 0.8523065476190477 2017.2314575195312 864.0989288330078 2136.3937866210936 933.878793334961 0.9059942336309523 
146 2050.8220825195312 752.8706451416016 2120.6288452148438 846.3040985107422 0.8565383184523809 2025.336572265625 859.4392486572266 2115.548193359375 931.3938201904297 0.8819754464285714 
147 2051.642578125 753.9219940185546 2118.26123046875 847.4028961181641 0.8379138764880952 2023.540545654297 855.8335815429688 2111.649029541016 925.6755737304687 0.8789992559523809 
148 2055.107873535156 750.7918212890625 2115.347448730469 837.923876953125 0.8032924107142857 2018.534002685547 846.1571502685547 2108.8933654785155 917.1537017822266 0.8782552083333334 
149 2063.8639892578126 738.3216674804687 2112.2375732421874 826.4693481445313 0.8008277529761905 2020.9063110351562 832.3403717041016 2104.7540893554688 901.1385711669922 0.8630254836309523 
150 2063.4841552734374 727.8875122070312 2114.2292236328126 809.9436645507812 0.7956659226190477 2018.8016784667968 823.1491058349609 2104.0968811035154 885.7708770751954 0.8830915178571429 
151 2065.9031372070312 720.0803375244141 2114.6483764648438 801.3227996826172 0.7610677083333334 2020.9489135742188 817.3212860107421 2105.4409790039062 879.0654937744141 0.8765345982142857 
152 2068.3645141601564 710.7727966308594 2118.1850463867186 799.5836486816406 0.7432570684523809 2022.334490966797 813.3717987060547 2110.062115478516 879.438442993164 0.8707217261904762 
153 2071.9699584960936 708.5631072998046 2120.1255004882814 799.4017974853516 0.7837844122023809 2023.6460876464844 816.2394317626953 2111.201690673828 878.622689819336 0.8701636904761905 
154 2070.521838378906 704.6245849609375 2120.978405761719 797.859912109375 0.7871558779761905 2022.3430114746093 817.01328125 2110.094122314453 879.535791015625 0.8770228794642857 
155 2071.6624755859375 705.4252777099609 2122.7198486328125 788.6712188720703 0.7860165550595238 2017.659228515625 816.4199127197265 2107.564892578125 877.4669891357422 0.8706519717261905 
156 2068.325817871094 698.706820678711 2121.786730957031 792.2635772705078 0.7779250372023809 2014.2650024414063 813.8107421875 2105.594128417969 875.0681640625 0.8518182663690477 
157 2067.0884765625 698.2056213378906 2126.6625 785.8805603027344 0.7776460193452381 2011.4486083984375 811.8631469726563 2103.6197509765625 873.6851928710937 0.8391694568452381 
158 2067.4589111328123 692.052685546875 2131.3233154296877 785.048388671875 0.7809709821428571 2009.196484375 811.0337310791016 2099.95146484375 873.7778533935547 0.8286365327380952 
159 2076.099658203125 685.1210357666016 2140.646435546875 779.1102264404296 0.8181036086309523 2005.8908996582031 809.46728515625 2097.6153259277344 875.146484375 0.8392159598214286 
160 2083.6954833984373 684.6221557617188 2151.1463134765627 776.0810913085937 0.8238699776785714 2000.5028381347656 809.8505981445312 2095.391571044922 883.0178100585938 0.8348911830357143 
161 2093.01044921875 694.0517761230469 2161.713671875 767.3353088378906 0.7786225818452381 1991.8051208496095 814.8551513671875 2090.279962158203 886.9937255859375 0.8054082961309523 
162 2102.2087646484374 696.044546508789 2169.3815673828126 764.3755584716797 0.7850864955357143 1979.97900390625 817.4278900146485 2079.580078125 891.5497100830078 0.8168712797619048 
163 2109.564831542969 697.432260131836 2172.553576660156 765.0870880126953 0.7923177083333334 1968.6470153808593 820.3145812988281 2063.130450439453 896.1346374511719 0.8061058407738095 
164 2112.638073730469 700.1743255615235 2176.820178222656 769.0240997314453 0.7965727306547619 1954.8761474609375 827.2366333007812 2048.2317626953127 899.5872192382812 0.7757626488095238 
165 2113.9932495117187 709.0792297363281 2178.4635375976563 780.5828796386719 0.8085704985119048 1944.6116516113282 830.9419677734375 2031.3538024902343 901.2733642578125 0.7683454241071429 
166 2115.947058105469 718.5335662841796 2178.039514160156 792.3414947509766 0.8182431175595238 1929.9404663085938 833.3909515380859 2010.7775512695312 903.6841827392578 0.7977585565476191 
167 2117.48779296875 728.7056213378906 2177.5810546875 804.1168884277344 0.8250093005952381 1914.230889892578 834.2542449951172 1991.9987243652345 906.130581665039 0.7986188616071429 
168 2116.6205932617186 740.3005798339843 2176.1003540039064 806.9178039550782 0.8208240327380952 1899.7944641113281 834.6444274902344 1974.7388610839844 908.3992736816406 0.8124767485119048 
169 2115.310681152344 747.8981475830078 2175.715930175781 815.5518646240234 0.8078962053571429 1886.0965515136718 837.4835601806641 1959.7907775878907 909.9697479248047 0.8002232142857143 
170 2113.6775146484374 756.9546844482422 2174.5788330078126 828.818325805664 0.8181036086309523 1871.9928039550782 836.1733154296875 1948.7285095214843 911.691064453125 0.8064546130952381 
171 2110.5479736328125 767.6953247070312 2173.2659912109375 839.0217163085938 0.8237537202380952 1861.9461730957032 836.1838348388671 1939.4213806152343 912.4292633056641 0.8036876860119048 
172 2107.0789184570312 774.0875762939453 2169.8016967773438 849.109017944336 0.8333565848214286 1856.329327392578 839.5066436767578 1927.6612731933594 913.298226928711 0.7670665922619048 
173 2104.193212890625 781.1787139892579 2165.519189453125 855.0204437255859 0.8264508928571429 1850.5125061035155 841.0126953125 1924.354315185547 913.6029052734375 0.7775530133928571 
174 2102.754443359375 789.7334655761719 2161.696240234375 867.4863830566406 0.8347284226190477 1847.308056640625 842.5494995117188 1921.298876953125 914.0320434570312 0.7796688988095238 
175 2100.03916015625 797.7022430419922 2156.99794921875 876.1785552978515 0.8391229538690477 1848.642529296875 846.5795440673828 1915.727099609375 914.9299163818359 0.7661365327380952 
176 2097.304553222656 803.6678985595703 2156.743054199219 882.075814819336 0.8380533854166666 1852.9850708007812 849.5842224121094 1913.6880249023438 917.8750061035156 0.7636021205357143 
177 2095.4427734375 808.8353515625 2157.4390625 888.544775390625 0.8425409226190477 1850.3292602539063 845.2836975097656 1911.0601440429687 921.1973815917969 0.7435128348214286 
178 2095.2159423828125 815.3539886474609 2157.4578857421875 891.5683135986328 0.84423828125 1851.0860473632813 849.8458526611328 1912.0575073242187 923.5196868896485 0.7629975818452381 
179 2094.4098388671873 819.5932739257812 2158.0901611328127 897.2831909179688 0.8518647693452381 1857.519061279297 851.384408569336 1911.0106018066406 925.2535919189453 0.7482561383928571 
180 2096.29267578125 824.4521057128907 2154.674609375 899.3336608886718 0.8549107142857143 1854.8557189941407 855.9863250732421 1915.7762390136718 928.3295318603516 0.7791341145833334 
181 2097.9645385742188 829.3991271972657 2154.9712524414062 904.1410339355468 0.8547479538690477 1857.6600158691406 856.830517578125 1919.733905029297 930.3055908203125 0.7777390252976191 
182 2099.615588378906 833.6716461181641 2155.772351074219 908.9727020263672 0.8589564732142857 1858.053369140625 860.1791534423828 1923.144140625 935.4802093505859 0.7835984002976191 
183 2100.780139160156 838.3842193603516 2156.651257324219 912.0323455810546 0.8711170014880952 1861.1309753417968 864.7569091796875 1928.4299377441407 938.4049560546875 0.8163597470238095 
184 2102.9488891601563 843.3085540771484 2157.6494995117187 915.8187042236328 0.8666527157738095 1863.6947021484375 868.75068359375 1931.1163330078125 941.2609130859375 0.8034551711309523 
185 2102.979150390625 847.0153228759766 2159.180029296875 918.5433319091796 0.8723260788690477 1867.1235595703124 872.5610382080079 1932.2651123046876 944.0890472412109 0.8110816592261905 
186 2104.5135864257813 849.1347808837891 2160.3313842773437 921.4445037841797 0.8680245535714286 1870.2632202148438 874.5066070556641 1934.9613891601562 946.8163299560547 0.7995024181547619 
187 2106.9344482421875 848.7184234619141 2161.5528564453125 922.3900360107422 0.8697684151785714 1868.7229248046874 876.2231353759765 1938.5839599609376 948.6245819091797 0.7948288690476191 
188 2107.858020019531 848.0015441894532 2165.411267089844 920.9026306152343 0.8670712425595238 1872.5281188964843 878.3523834228515 1940.3133117675782 952.5324432373047 0.7996186755952381 
189 2108.82373046875 847.1324096679688 2168.8662109375 921.2273315429687 0.8676990327380952 1867.1306213378907 876.1709045410156 1943.7806335449218 954.0983825683594 0.7786458333333334 
190 2109.636474609375 847.4111053466797 2172.218017578125 921.4869049072265 0.8808128720238095 1869.5779052734374 879.3894775390625 1943.6537841796876 957.2968017578125 0.7811337425595238 
191 2109.6900634765625 851.0831481933594 2175.6707763671875 925.9456604003906 0.8742327008928571 1871.6330627441407 882.0237335205078 1945.2266784667968 959.423959350586 0.7792736235119048 
192 2109.4341552734377 856.9186950683594 2175.4872314453123 931.8634094238281 0.8597935267857143 1872.092840576172 880.7602752685547 1945.7673889160155 960.7860504150391 0.7492094494047619 
193 2108.7427734375 856.6213256835938 2175.6419921875 934.8806274414062 0.8617931547619048 1874.0133422851563 883.5169311523438 1947.2237182617187 964.3006958007812 0.7491396949404762 
194 2110.975537109375 852.7425415039063 2176.517626953125 930.8891723632812 0.83837890625 1876.2930419921875 887.5012756347656 1950.6583740234375 966.9083923339844 0.7504650297619048 
195 2113.019665527344 849.7285919189453 2173.399523925781 927.7194671630859 0.8337751116071429 1877.2566772460937 888.1434356689454 1951.4737915039063 968.6502044677734 0.7474888392857143 
196 2110.9947998046873 849.5665924072266 2171.9075439453127 925.3967254638671 0.8220098586309523 1874.2765991210938 888.0553985595703 1956.3222778320312 970.1011566162109 0.7579287574404762 
197 2108.744921875 849.0665130615234 2168.34052734375 926.0441436767578 0.8221493675595238 1878.1937377929687 890.6592498779297 1957.6546508789063 971.361685180664 0.7424200148809523 
198 2109.7955322265625 849.2847595214844 2166.8768310546875 924.9797668457031 0.8187313988095238 1877.6991027832032 890.4254302978516 1960.8395935058593 973.5658416748047 0.7366768973214286 
199 2110.290417480469 849.3652252197265 2167.236193847656 923.6424041748047 0.8095703125 1880.5075439453126 894.3600067138672 1964.6882568359374 974.8269439697266 0.7396298363095238 
200 2110.6276977539064 849.1398040771485 2168.5605346679686 928.0271270751953 0.8052920386904762 1877.7582275390625 893.2768432617188 1965.2739990234375 975.8620727539062 0.7218889508928571 
201 2114.1099853515625 856.574267578125 2170.7913818359375 929.274609375 0.7915736607142857 1879.2791381835937 895.3888305664062 1966.7660278320313 976.7146850585938 0.7294921875 
202 2116.3960815429687 861.2040893554688 2170.6022094726563 931.4256713867187 0.7873883928571429 1881.6132263183595 898.1154113769531 1966.618341064453 976.9607604980469 0.7230980282738095 
203 2117.2048828125 867.0902709960938 2173.49970703125 934.3992309570312 0.7875279017857143 1878.987615966797 897.8264190673829 1968.3250061035155 976.1495941162109 0.7131928943452381 
204 2115.4251953125 870.2709259033203 2174.17783203125 936.367562866211 0.7943638392857143 1879.4732604980468 896.9638275146484 1967.6020568847657 976.5246368408203 0.7147274925595238 
205 2113.2642211914062 874.0669403076172 2172.1657104492188 936.6496734619141 0.7928059895833334 1878.319091796875 897.4292877197265 1969.12548828125 978.4187957763672 0.7059384300595238 
206 2115.384240722656 873.0878295898438 2165.702429199219 935.6788940429688 0.7930152529761905 1879.8415405273438 897.3972808837891 1966.9780395507812 978.3975799560546 0.7199590773809523 
207 2113.3493896484374 869.6876831054688 2162.4313720703126 938.4026489257812 0.8138718377976191 1878.9352600097657 897.5323547363281 1963.6017272949218 978.5178161621094 0.7283296130952381 
208 2111.31181640625 871.1888763427735 2161.4748046875 936.0335968017578 0.8115234375 1876.6377746582032 894.340951538086 1962.2817810058593 978.7615264892578 0.7373976934523809 
209 2113.9755981445314 868.5331604003907 2161.9489624023436 936.1879089355468 0.8100353422619048 1878.4613525390625 896.1628540039062 1958.4170654296875 978.5786010742188 0.7528134300595238 
210 2112.6488403320313 865.9306945800781 2164.5374389648437 936.3507995605469 0.8054780505952381 1877.630029296875 895.8663970947266 1956.69833984375 978.6408660888671 0.7408389136904762 
211 2111.7599975585936 864.5892974853516 2166.3330200195314 936.5267303466796 0.8199637276785714 1877.4861328125 897.7911437988281 1953.144482421875 979.6509948730469 0.7560453869047619 
212 2111.8914184570312 860.4332824707031 2166.2352905273438 934.5385192871094 0.8193126860119048 1875.609686279297 896.6308288574219 1952.1851135253905 978.1466369628906 0.75634765625 
213 2110.7309814453124 856.980014038086 2167.6396240234376 932.4459503173828 0.8163132440476191 1875.2925964355468 896.2356384277343 1951.9956115722657 977.8872863769532 0.7492327008928571 
214 2109.7969970703125 855.5720855712891 2167.8621826171875 932.1686981201171 0.8165922619047619 1874.9705017089843 894.6306701660156 1950.3316223144532 978.6398376464844 0.7474190848214286 
215 2111.845251464844 854.0462615966796 2166.498254394531 928.5730621337891 0.8022228422619048 1876.5602966308593 895.8959075927735 1949.8450988769532 980.3596466064453 0.7473028273809523 
216 2107.3828857421877 854.9444061279297 2168.3070556640623 932.031851196289 0.8128487723214286 1872.00810546875 893.2968231201172 1950.338818359375 977.844351196289 0.7296549479166666 
217 2107.5736083984375 856.5431579589844 2167.2066650390625 932.3267150878906 0.8211495535714286 1872.2429626464843 892.5236450195313 1950.5113098144532 979.4884399414062 0.7333519345238095 
218 2106.4197387695312 860.3176177978515 2166.1654663085938 933.7553192138672 0.8258463541666666 1872.5585021972656 893.3502410888672 1950.9750671386719 979.2349029541016 0.7404203869047619 
219 2106.5940673828127 861.0549713134766 2164.9728271484373 936.8228973388672 0.8223818824404762 1873.2229858398437 893.3495208740235 1950.2330688476563 979.0542266845703 0.7352353050595238 
220 2107.7636840820314 863.2254364013672 2163.6525756835936 937.7439849853515 0.8228701636904762 1872.0750732421875 893.4627960205078 1950.3194580078125 979.1590911865235 0.7319103422619048 
221 2106.5136474609376 864.9797515869141 2163.7676025390624 939.6587371826172 0.8308686755952381 1872.2321899414062 893.3673431396485 1951.8898803710938 979.2481964111328 0.7405831473214286 
222 2106.4212036132812 865.5472259521484 2163.6405639648438 940.1809844970703 0.8325660342261905 1871.3246704101562 892.9608032226563 1950.9341186523438 978.7896850585937 0.7384905133928571 
223 2105.0823974609375 867.8249938964843 2162.0938720703125 939.7091857910157 0.8302408854166666 1872.8887145996093 892.8033172607422 1950.9698059082032 979.5601470947265 0.7380719866071429 
224 2105.7190673828127 868.4463043212891 2161.5016357421873 940.3434295654297 0.8289155505952381 1873.6267639160155 893.5721801757812 1949.242742919922 979.1049438476563 0.7268415178571429 
225 2108.566369628906 869.8119201660156 2161.683874511719 938.9878845214844 0.8323335193452381 1875.2402770996093 895.6578582763672 1949.3572570800782 979.6572662353516 0.7428617931547619 
226 2110.8632202148438 866.9854034423828 2162.7092895507812 937.3476654052735 0.8134765625 1873.4734191894531 892.8133575439454 1950.0079040527344 977.9888275146484 0.7328404017857143 
227 2111.6158447265625 866.6710571289062 2164.4759521484375 937.9707885742188 0.8098028273809523 1872.6577697753905 891.5881439208985 1947.645330810547 976.4102081298828 0.7248186383928571 
228 2111.718469238281 864.7288757324219 2164.601110839844 935.6396545410156 0.8056640625 1868.8005859375 892.7880706787109 1951.73017578125 976.9195098876953 0.7538829985119048 
229 2110.0326416015623 864.26328125 2164.8008544921877 934.853662109375 0.8197544642857143 1869.2855895996095 891.74111328125 1949.612481689453 975.7193359375 0.7513718377976191 
230 2112.0288208007814 865.1838012695313 2163.5441772460936 935.0972045898437 0.8101283482142857 1866.1527587890625 891.2715850830078 1947.1050537109375 972.2239593505859 0.7403738839285714 
231 2109.8935424804686 863.5393157958985 2163.8698852539064 935.9167999267578 0.8163829985119048 1866.4337158203125 889.1120330810547 1944.9447021484375 968.8499420166015 0.7037062872023809 
232 2110.8492431640625 865.8070007324219 2163.8616943359375 934.8468078613281 0.8118257068452381 1862.2396179199218 884.6791107177735 1941.1420959472657 970.9789093017578 0.7001255580357143 
233 2111.563427734375 868.4655609130859 2163.197802734375 936.0819854736328 0.7955496651785714 1863.6996765136719 889.1760375976562 1932.5455627441406 974.0038940429688 0.6763392857142857 
234 2112.371240234375 864.4637115478515 2162.770361328125 935.7603485107422 0.8075939360119048 1858.7196166992187 890.4671630859375 1927.5577270507813 974.0562744140625 0.7296084449404762 
235 2112.4304077148436 865.6031921386718 2163.0361450195314 934.7229797363282 0.8006882440476191 1855.3197998046876 889.1495239257813 1920.7368408203124 968.1435668945312 0.7164713541666666 
236 2112.3154174804686 861.7412078857421 2161.4484985351564 936.6694976806641 0.80810546875 1849.0269775390625 891.1267303466797 1911.6719970703125 973.4249664306641 0.7664155505952381 
237 2113.0599731445313 863.255322265625 2161.3367553710937 937.5270263671875 0.8008742559523809 1841.0638061523437 895.8681915283203 1902.9569458007813 976.3292572021485 0.81103515625 
238 2113.566516113281 863.7345947265625 2162.125134277344 935.9499755859375 0.7951543898809523 1832.0797729492188 895.0055786132813 1888.1089477539062 978.4267944335937 0.8111281622023809 
239 2112.4969970703123 862.2637786865234 2163.8946044921877 938.7335968017578 0.8096400669642857 1828.3144836425781 895.9664611816406 1877.2049255371094 981.2115173339844 0.8073381696428571 
240 2113.817517089844 863.4255889892578 2166.434191894531 939.845101928711 0.8016183035714286 1818.8363037109375 895.034130859375 1863.9364013671875 981.47587890625 0.7681826636904762 
241 2113.2346069335936 861.7069519042968 2167.4712036132814 939.9086486816407 0.8079427083333334 1806.9769287109375 897.2664489746094 1849.8616943359375 986.8199768066406 0.78173828125 
242 2115.6221557617187 864.4092864990234 2167.2130493164063 939.9079132080078 0.7922712053571429 1793.3013732910156 896.6413970947266 1844.892108154297 994.7895721435547 0.8212193080357143 
243 2114.572265625 865.1985382080078 2167.74658203125 939.8962493896485 0.7838774181547619 1775.2188232421875 904.4464660644531 1832.1915771484375 1001.9332946777344 0.8287295386904762 
244 2113.7325439453125 872.190707397461 2166.1038818359375 939.8902862548828 0.7932710193452381 1760.9873046875 910.2164520263672 1813.358642578125 1006.0177398681641 0.8211495535714286 
245 2111.8198486328124 872.4134338378906 2167.4526123046876 940.9841491699219 0.7975957961309523 1745.081103515625 916.7504913330079 1787.77607421875 1015.0783050537109 0.8361467633928571 
246 2109.4029174804687 868.6344299316406 2165.7545532226563 937.0613708496094 0.8030831473214286 1726.553155517578 926.9985656738281 1773.5126403808595 1026.2846374511719 0.8338681175595238 
247 2110.601110839844 867.4624420166016 2165.419152832031 937.3556121826172 0.8107096354166666 1711.8519653320313 936.7230529785156 1759.8177124023437 1036.7660827636719 0.8405877976190477 
248 2109.683837890625 865.4041046142578 2164.946533203125 937.6706634521485 0.8173363095238095 1697.3939086914063 944.21064453125 1745.5716674804687 1041.982958984375 0.8252650669642857 
249 2109.735949707031 867.6258239746094 2163.074353027344 938.2633361816406 0.8278692336309523 1684.4137817382812 953.0117980957032 1733.4275268554688 1052.4809997558593 0.8271484375 
250 2108.338977050781 867.7754974365234 2163.004040527344 940.1701202392578 0.8336588541666666 1668.6862915039062 960.968017578125 1721.8742553710938 1062.911376953125 0.8361700148809523 
251 2109.231823730469 866.77763671875 2163.257678222656 940.3126953125 0.8281947544642857 1652.8985595703125 976.5030487060546 1709.9259033203125 1069.5475494384766 0.8384254092261905 
252 2107.469201660156 866.8521728515625 2162.211706542969 941.927490234375 0.8398670014880952 1638.9106018066407 984.8190063476562 1698.3451354980468 1080.2271362304687 0.8606770833333334 
253 2109.203234863281 866.8071655273437 2160.884899902344 938.8479858398438 0.8367280505952381 1628.8306030273438 993.66171875 1688.3427368164062 1093.89248046875 0.8677222842261905 
254 2108.1354370117188 866.9276733398438 2160.8320922851562 943.5772094726562 0.8446800595238095 1615.5024169921876 1003.6439392089844 1679.3769775390624 1109.037091064453 0.8669782366071429 
255 2107.843994140625 869.7214996337891 2159.977294921875 944.6629608154296 0.8487258184523809 1605.247381591797 1015.8448425292969 1668.7847229003905 1116.8530334472657 0.8716052827380952 
256 2107.633349609375 873.1431213378906 2158.710400390625 943.9920104980469 0.8319614955357143 1595.3415649414062 1029.7965087890625 1659.5998413085938 1127.0076904296875 0.8755812872023809 
257 2107.0281982421875 873.2430999755859 2159.1075439453125 937.0820343017579 0.8239629836309523 1587.077099609375 1034.9080200195312 1654.275927734375 1142.4262084960938 0.8676292782738095 
258 2105.453479003906 872.9319152832031 2157.852429199219 938.8531188964844 0.8195452008928571 1578.019061279297 1045.2762390136718 1649.0110900878906 1150.0739807128907 0.8746977306547619 
259 2101.3352172851564 871.8095642089844 2157.5795776367186 938.2801574707031 0.8177780877976191 1572.5202575683593 1053.8498962402343 1644.1038879394532 1156.1123840332032 0.8750465029761905 
260 2098.9813598632813 873.9496307373047 2153.8660522460937 937.4099273681641 0.8158249627976191 1567.9464477539063 1064.660467529297 1639.9825073242187 1167.5691467285155 0.8769066220238095 
261 2098.68681640625 873.5988464355469 2153.305859375 940.1659240722656 0.8125697544642857 1563.6553588867187 1074.4817321777343 1635.3429321289063 1175.1858703613282 0.8813941592261905 
262 2098.684326171875 877.1158569335937 2153.502685546875 937.0735961914063 0.8094540550595238 1560.1849487304687 1080.5767944335937 1633.8472778320313 1181.6483032226563 0.8868117559523809 
263 2099.758447265625 876.8804870605469 2152.956884765625 940.3756164550781 0.8284505208333334 1555.7593566894532 1086.5729370117188 1632.9831970214843 1186.1057739257812 0.8953683035714286 
264 2100.128942871094 876.6314544677734 2153.512414550781 940.3472442626953 0.8224748883928571 1554.4379455566407 1090.8278442382812 1630.2081726074218 1192.4287475585938 0.9029715401785714 
265 2099.9709228515626 874.4819641113281 2151.8611083984374 941.9393005371094 0.8235909598214286 1552.994451904297 1094.0176330566405 1629.1001525878905 1196.068426513672 0.8955543154761905 
266 2098.241345214844 875.3154205322265 2151.746691894531 940.9026580810547 0.8180106026785714 1553.7605895996094 1092.2579406738282 1631.4297180175781 1199.2687927246093 0.8902762276785714 
267 2098.044384765625 872.2287719726562 2153.131884765625 942.8093139648438 0.8231259300595238 1555.183526611328 1090.1280090332032 1632.6498474121095 1200.3025329589843 0.9058082217261905 
268 2098.017053222656 873.0915252685547 2152.696081542969 941.440151977539 0.8204752604166666 1559.575 1087.6665649414062 1633.049755859375 1198.7330932617188 0.9152250744047619 
269 2098.4875732421874 873.1922210693359 2151.4162353515626 941.4875274658203 0.8154064360119048 1562.8947204589845 1080.7705627441405 1636.312188720703 1205.409490966797 0.9161551339285714 
270 2097.493701171875 875.3892120361328 2152.081005859375 940.211557006836 0.8136625744047619 1566.5148681640626 1075.2361877441406 1639.8664794921874 1204.880877685547 0.9067615327380952 
271 2097.2590942382812 875.5397857666015 2151.7108764648438 941.9030242919922 0.8139415922619048 1568.709521484375 1068.73916015625 1643.58076171875 1196.360693359375 0.9067150297619048 
272 2096.6838500976564 877.5656219482422 2151.9570190429686 941.213491821289 0.8180338541666666 1573.6503051757813 1065.1593627929688 1650.6978393554687 1189.1052856445312 0.8966006324404762 
273 2096.6146850585938 877.3990905761718 2150.6380004882812 942.8816711425782 0.8072916666666666 1579.9949523925782 1061.4428833007812 1658.5740173339843 1190.7709838867188 0.9260370163690477 
274 2095.8460083007812 877.0517425537109 2151.6181030273438 940.7913360595703 0.8072219122023809 1595.9809509277343 1060.4255126953126 1670.8748840332032 1181.5305419921874 0.9256417410714286 
275 2095.4655517578126 877.8858123779297 2150.8342529296874 942.4826568603515 0.8061988467261905 1614.6563903808594 1056.177996826172 1694.633526611328 1185.3716857910156 0.9122023809523809 
276 2095.665246582031 876.5916046142578 2150.001501464844 941.493295288086 0.8023623511904762 1636.4187255859374 1061.1376892089843 1716.4137939453126 1196.9786437988282 0.9279203869047619 
277 2096.0524047851563 875.1101745605469 2149.8960815429687 942.4148498535156 0.8135463169642857 1656.0981811523438 1062.7004516601562 1733.8725219726562 1209.2751342773438 0.9459402901785714 
278 2095.5447998046875 873.5052093505859 2150.7218017578125 942.1036163330078 0.8101050967261905 1672.7693786621094 1065.534979248047 1753.2981262207031 1229.5747619628905 0.9121558779761905 
279 2092.765283203125 873.5738037109375 2151.149755859375 945.4318115234375 0.8075009300595238 1682.4606811523438 1082.1807495117187 1773.7802856445312 1242.3641723632813 0.9062965029761905 
280 2095.3763061523437 876.3669494628906 2150.6615356445313 945.0998474121094 0.8176385788690477 1688.7833129882813 1094.404229736328 1781.4232299804687 1255.7770446777345 0.8925316220238095 
281 2095.471337890625 875.4488586425781 2150.516943359375 945.3719421386719 0.8148716517857143 1692.927099609375 1094.6022521972657 1785.166162109375 1268.6659362792968 0.8928338913690477 
282 2096.6141723632813 874.1362854003906 2149.8675170898437 943.6616882324219 0.8094540550595238 1696.359637451172 1105.5272277832032 1786.5945861816406 1280.0803161621093 0.8796037946428571 
283 2095.39765625 874.2520324707032 2149.7869140625 943.3413513183593 0.8068498883928571 1706.4171142578125 1108.3753662109375 1790.2061767578125 1284.7735595703125 0.8839285714285714 
284 2094.4614013671876 872.6283905029297 2150.0078369140624 944.2539947509765 0.8112211681547619 1710.3591674804688 1108.9817749023437 1800.9875122070312 1285.8531860351563 0.8780459449404762 
285 2094.217626953125 872.3451263427735 2149.735498046875 943.9342315673828 0.8113839285714286 1719.470458984375 1113.74765625 1808.591552734375 1284.6849609375 0.8903924851190477 
286 2093.3199951171873 872.5611419677734 2149.8211181640627 943.5497589111328 0.8109886532738095 1723.1092834472656 1116.3964904785157 1820.1752624511719 1285.9000183105468 0.8994140625 
287 2090.6081787109374 873.3563018798828 2149.9225830078126 944.2444671630859 0.8078962053571429 1728.4331665039062 1114.732196044922 1821.0216674804688 1292.6758850097656 0.88818359375 
288 2089.466162109375 873.9063354492188 2148.983056640625 943.5848754882812 0.8092680431547619 1724.937811279297 1118.339599609375 1817.8425842285155 1295.439208984375 0.8800455729166666 
289 2090.9688232421877 873.9467742919921 2149.0492431640623 945.0950347900391 0.8178013392857143 1721.5450073242187 1119.5591735839844 1815.9254516601563 1298.1560363769531 0.8912760416666666 
290 2091.274853515625 874.1737243652344 2148.215869140625 942.7949035644531 0.8126860119047619 1715.1500366210937 1116.3131713867188 1810.0516235351563 1295.8963012695312 0.8824172247023809 
291 2090.853308105469 873.675634765625 2149.740197753906 942.8679443359375 0.8132905505952381 1713.4099365234374 1119.9820678710937 1804.6847900390626 1292.2266723632813 0.8868582589285714 
292 2091.7552124023437 872.4194488525391 2149.7255004882813 943.7675018310547 0.8095470610119048 1707.687939453125 1120.479638671875 1804.30498046875 1291.417578125 0.8807896205357143 
293 2091.3179565429687 872.7017333984375 2150.2594360351563 942.222216796875 0.7972237723214286 1707.9670837402343 1125.440118408203 1804.6912414550782 1291.6847595214845 0.8699544270833334 
294 2092.167517089844 873.4604064941407 2150.133996582031 943.6304138183593 0.7965029761904762 1706.0564331054688 1132.1389892578125 1805.2096801757812 1289.2587158203125 0.8581891741071429 
295 2091.6072265625 873.8819519042969 2149.673046875 942.6440490722656 0.7911551339285714 1710.8889526367188 1139.5855834960937 1808.6838012695312 1289.3340942382813 0.8682338169642857 
296 2090.0501953125 875.3111755371094 2151.61484375 941.4932678222656 0.7886207217261905 1707.5792053222656 1146.3735412597657 1810.700213623047 1284.8941589355468 0.8839983258928571 
297 2091.980993652344 874.8833557128906 2152.061242675781 942.6663269042969 0.7878766741071429 1708.1540893554688 1144.1783081054687 1808.2880493164062 1281.2848266601563 0.8952985491071429 
298 2090.139050292969 876.4230194091797 2150.195178222656 941.0988922119141 0.7940383184523809 1711.56025390625 1146.9717651367187 1808.5740234375 1279.4032348632813 0.9081798735119048 
299 2091.2932006835936 877.2891723632813 2148.2719848632814 941.9676635742187 0.7901088169642857 1713.8835510253907 1150.455126953125 1807.8214050292968 1270.5724609375 0.9043433779761905 
