0 0.0 0.0 0.0 0.0 0.2052001953125 0.0 0.0 0.0 0.0 0.2052001953125 
1 0.0 0.0 0.0 0.0 0.2031802222842262 0.0 0.0 0.0 0.0 0.2031802222842262 
2 0.0 0.0 0.0 0.0 0.2031802222842262 0.0 0.0 0.0 0.0 0.2031802222842262 
3 0.0 0.0 0.0 0.0 0.2031802222842262 0.0 0.0 0.0 0.0 0.2031802222842262 
4 0.0 0.0 0.0 0.0 0.2031802222842262 0.0 0.0 0.0 0.0 0.2031802222842262 
5 0.0 0.0 0.0 0.0 0.2031802222842262 0.0 0.0 0.0 0.0 0.2031802222842262 
6 0.0 0.0 0.0 0.0 0.2031802222842262 0.0 0.0 0.0 0.0 0.2031802222842262 
7 0.0 0.0 0.0 0.0 0.2031802222842262 0.0 0.0 0.0 0.0 0.2031802222842262 
8 0.0 0.0 0.0 0.0 0.20298549107142858 0.0 0.0 0.0 0.0 0.20298549107142858 
9 0.0 0.0 0.0 0.0 0.20298549107142858 0.0 0.0 0.0 0.0 0.20298549107142858 
10 0.0 0.0 0.0 0.0 0.20298549107142858 0.0 0.0 0.0 0.0 0.20298549107142858 
11 0.0 0.0 0.0 0.0 0.20298549107142858 0.0 0.0 0.0 0.0 0.20298549107142858 
12 0.0 0.0 0.0 0.0 0.20254371279761904 0.0 0.0 0.0 0.0 0.20254371279761904 
13 0.0 0.0 0.0 0.0 0.20254371279761904 0.0 0.0 0.0 0.0 0.20254371279761904 
14 0.0 0.0 0.0 0.0 0.2031802222842262 0.0 0.0 0.0 0.0 0.2031802222842262 
15 0.0 0.0 0.0 0.0 0.2031802222842262 0.0 0.0 0.0 0.0 0.2031802222842262 
16 0.0 0.0 0.0 0.0 0.20254371279761904 0.0 0.0 0.0 0.0 0.20254371279761904 
17 0.0 0.0 0.0 0.0 0.20254371279761904 0.0 0.0 0.0 0.0 0.20254371279761904 
18 0.0 0.0 0.0 0.0 0.20254371279761904 0.0 0.0 0.0 0.0 0.20254371279761904 
19 0.0 0.0 0.0 0.0 0.2031802222842262 0.0 0.0 0.0 0.0 0.2031802222842262 
20 0.0 0.0 0.0 0.0 0.2031802222842262 0.0 0.0 0.0 0.0 0.2031802222842262 
21 0.0 0.0 0.0 0.0 0.2031802222842262 0.0 0.0 0.0 0.0 0.2031802222842262 
22 0.0 0.0 0.0 0.0 0.2031802222842262 0.0 0.0 0.0 0.0 0.2031802222842262 
23 0.0 0.0 0.0 0.0 0.2031802222842262 0.0 0.0 0.0 0.0 0.2031802222842262 
24 0.0 0.0 0.0 0.0 0.2031802222842262 0.0 0.0 0.0 0.0 0.2031802222842262 
25 0.0 0.0 0.0 0.0 0.2031802222842262 0.0 0.0 0.0 0.0 0.2031802222842262 
26 0.0 0.0 0.0 0.0 0.2031802222842262 0.0 0.0 0.0 0.0 0.2031802222842262 
27 0.0 0.0 0.0 0.0 0.20254371279761904 0.0 0.0 0.0 0.0 0.20254371279761904 
28 0.0 0.0 0.0 0.0 0.2031802222842262 0.0 0.0 0.0 0.0 0.2031802222842262 
29 1823.762628173828 741.64130859375 1941.4381774902345 894.9762451171875 0.38710239955357145 1848.7241333007812 735.880972290039 1916.4767944335938 867.8202606201172 0.2881673177083333 
30 0.0 0.0 0.0 0.0 0.20298549107142858 0.0 0.0 0.0 0.0 0.20298549107142858 
31 0.0 0.0 0.0 0.0 0.2031802222842262 0.0 0.0 0.0 0.0 0.2031802222842262 
32 0.0 0.0 0.0 0.0 0.2031802222842262 0.0 0.0 0.0 0.0 0.2031802222842262 
33 0.0 0.0 0.0 0.0 0.20298549107142858 0.0 0.0 0.0 0.0 0.20298549107142858 
34 0.0 0.0 0.0 0.0 0.20298549107142858 0.0 0.0 0.0 0.0 0.20298549107142858 
35 0.0 0.0 0.0 0.0 0.20298549107142858 0.0 0.0 0.0 0.0 0.20298549107142858 
36 0.0 0.0 0.0 0.0 0.2031802222842262 0.0 0.0 0.0 0.0 0.2031802222842262 
37 0.0 0.0 0.0 0.0 0.2031802222842262 0.0 0.0 0.0 0.0 0.2031802222842262 
38 0.0 0.0 0.0 0.0 0.2031802222842262 0.0 0.0 0.0 0.0 0.2031802222842262 
39 0.0 0.0 0.0 0.0 0.2031802222842262 0.0 0.0 0.0 0.0 0.2031802222842262 
40 0.0 0.0 0.0 0.0 0.2031802222842262 0.0 0.0 0.0 0.0 0.2031802222842262 
41 0.0 0.0 0.0 0.0 0.2031802222842262 0.0 0.0 0.0 0.0 0.2031802222842262 
42 0.0 0.0 0.0 0.0 0.2031802222842262 0.0 0.0 0.0 0.0 0.2031802222842262 
43 0.0 0.0 0.0 0.0 0.2031802222842262 0.0 0.0 0.0 0.0 0.2031802222842262 
44 0.0 0.0 0.0 0.0 0.2031802222842262 0.0 0.0 0.0 0.0 0.2031802222842262 
45 1693.9235595703126 1089.7032043457032 1770.2458740234374 1159.6653259277343 0.30691964285714285 
46 1686.1698486328125 1086.1494689941405 1775.0789306640625 1159.181951904297 0.3878696986607143 
47 1692.4841613769531 1091.0978088378906 1775.5186462402344 1174.1322937011719 0.42916434151785715 
48 1715.5014282226562 1065.6183837890626 1783.0661987304688 1152.4873291015624 0.31115141369047616 1785.4173278808594 871.4622436523438 1869.0691223144531 967.9834350585937 0.39072963169642855 
49 1709.6563232421875 1087.1946716308594 1786.9066650390625 1164.4448547363281 0.3753255208333333 1788.7635864257813 876.6133880615234 1888.5452514648437 976.3949737548828 0.27060663132440477 
50 1713.912615966797 1065.2042419433594 1794.7403381347656 1146.031964111328 0.48922293526785715 1786.9062255859376 905.6628570556641 1903.2981201171874 989.7236785888672 0.28951590401785715 
51 1724.085400390625 1073.3873718261718 1798.73955078125 1161.0248596191407 0.47019159226190477 
52 1741.832586669922 1076.6220703125 1800.2918029785155 1167.55859375 0.3615838913690476 
53 1748.2440246582032 1073.4219116210938 1809.9548278808593 1174.1081176757812 0.2540806361607143 
55 1790.7204284667969 931.3433532714844 1829.7386779785156 1038.6433410644531 0.2076357886904762 1809.10400390625 904.455844116211 1883.888916015625 962.9830596923828 0.22147042410714285 
56 1780.0071044921874 887.0354522705078 1841.9335693359376 1036.9624114990233 0.357177734375 1789.1582397460938 880.2661712646484 1880.4181762695312 958.4888946533204 0.49637276785714285 
57 1770.6914428710938 887.1092529296875 1835.8625122070312 1037.0028076171875 0.44260370163690477 1798.2638305664063 877.08291015625 1863.4348999023437 961.8053955078125 0.47814360119047616 
58 1780.3707580566406 891.4568664550782 1835.8468933105469 1035.0422790527343 0.36738513764880953 1794.3025451660155 883.926171875 1859.568670654297 962.245458984375 0.44325474330357145 
59 1786.7231140136719 935.3430847167969 1835.7611389160156 1075.9187561035155 0.29301525297619047 1810.6134338378906 902.6510681152344 1892.3434753417969 977.8427062988281 0.3108026413690476 
60 1781.5008483886718 932.2552001953125 1820.6669982910157 1101.9750244140625 0.30142066592261907 1793.4264831542969 895.4741943359375 1881.5502014160156 970.542529296875 0.38656761532738093 
61 1788.685369873047 1017.8802856445312 1834.4365783691405 1132.2583862304687 0.22104608444940477 1802.7627197265624 897.8461639404297 1900.8010009765626 963.205044555664 0.2536039806547619 
62 1787.6747192382813 1004.3599975585937 1839.8997436523437 1105.5457641601563 0.26628185453869047 1802.4885803222655 902.2954986572265 1900.410223388672 974.1047088623047 0.26621210007440477 
63 1796.4919555664062 910.5772583007813 1851.8508178710938 1050.6024291992187 0.33239164806547616 1818.910986328125 890.9136291503906 1897.064599609375 962.5543884277344 0.32287016369047616 
64 1786.8472106933593 896.361865234375 1848.7798645019532 1033.265576171875 0.4968843005952381 1797.1275512695313 892.7261138916016 1878.6178100585937 974.2164520263672 0.40579659598214285 
65 1785.4283081054687 898.2414306640625 1844.1920532226563 1022.2981201171875 0.5331333705357143 1795.7245788574219 893.8467468261719 1874.0760803222656 968.9336486816406 0.42493257068452384 
66 1790.6526245117188 886.5469665527344 1865.7831665039062 1036.8078918457031 0.5111723400297619 1790.903875732422 877.8780578613281 1885.6335998535155 972.6077819824219 0.4760858444940476 
67 1799.5783142089845 887.0545867919922 1854.908135986328 1069.317300415039 0.39333379836309523 1806.838800048828 885.427212524414 1907.7343200683595 973.3039276123047 0.42860630580357145 
68 1802.8055419921875 889.3461730957031 1864.7491455078125 1075.1771423339844 0.36240931919642855 1807.9466247558594 890.223974609375 1912.2727355957031 981.5093017578125 0.3067220052083333 
69 1806.0544006347657 883.3741668701172 1877.7684753417968 1072.438394165039 0.3320428757440476 1799.7857482910156 902.8072052001953 1904.096942138672 1010.3781585693359 0.2496396019345238 
70 1816.5283508300781 898.6081024169922 1888.1180114746094 1058.0579742431642 0.40793573288690477 1828.167901611328 891.7244842529296 1929.0443786621095 1002.3631011962891 0.33755347842261907 
71 1794.2737854003906 902.4646301269531 1856.271502685547 1029.7232360839844 0.48254975818452384 1802.3059020996093 897.3190246582031 1903.4600891113282 982.1581481933594 0.5025227864583334 
72 1796.9870910644531 894.1871337890625 1884.6553649902344 1033.8070068359375 0.5886114211309523 1802.2320983886718 889.4415832519531 1909.3822814941407 983.6038269042969 0.4586588541666667 
73 1782.828350830078 893.2709777832031 1864.1578552246094 1042.9171325683594 0.5517345610119048 1798.4686096191406 891.143911743164 1896.063983154297 972.4733367919922 0.4361049107142857 
74 1798.2320251464844 893.3203125 1895.9280090332031 1033.3511962890625 0.6254417782738095 1811.3834045410156 891.8172943115235 1925.362078857422 979.7436798095703 0.43710472470238093 
75 1802.5501098632812 885.8494934082031 1883.8270874023438 1045.1523376464843 0.49832589285714285 1831.0596252441405 855.4644134521484 1925.340887451172 952.9967071533204 0.3860444568452381 
76 1815.61015625 872.3651702880859 1887.3107421875 1061.3941680908204 0.35120210193452384 1840.3042846679687 867.3511138916016 1915.2640747070313 991.1977752685547 0.26522391183035715 
77 1808.7586608886718 896.9146728515625 1870.9033264160157 1083.3485107421875 0.4174920944940476 1809.261895751953 894.9018768310547 1910.6557067871095 989.7541900634766 0.36803617931547616 
78 1816.4894714355469 885.0334869384766 1904.7369689941406 1058.2601531982423 0.46670386904761907 1835.8486267089843 887.924755859375 1930.6329406738282 992.514453125 0.34616815476190477 
79 1816.6297485351563 897.6488098144531 1898.3326538085937 1057.7863708496093 0.5321103050595238 1828.6966491699218 924.6735931396485 1936.5444396972657 1003.1083282470703 0.3681640625 
80 1794.4193420410156 896.1819946289063 1879.2248229980469 1052.7459838867187 0.5838913690476191 1798.9356018066405 896.5583679199219 1909.835028076172 984.6255920410156 0.4772251674107143 
81 1789.8522033691406 902.6863861083984 1864.7870788574219 1042.7819366455078 0.6032133556547619 1807.2703002929688 894.0401031494141 1905.0111938476562 978.7490203857421 0.43896484375 
82 1798.3773254394532 897.7612182617188 1889.3825622558593 1047.2697875976562 0.6272553943452381 1805.7527893066406 896.6361572265625 1919.509295654297 990.891552734375 0.4134114583333333 
83 1798.8396118164062 899.6498107910156 1886.3906127929688 1048.8110046386719 0.5805431547619048 1807.9439270019532 898.5273315429688 1924.6787536621093 992.5637329101562 0.40402948288690477 
84 1815.2109497070312 894.082650756836 1915.4540893554688 1055.7653106689454 0.6167689732142857 1819.8126892089845 891.5952239990235 1923.289483642578 988.6047882080078 0.4330240885416667 
85 1815.1482543945312 898.0475646972657 1905.8388061523438 1056.7562683105468 0.5954008556547619 1833.5853515625 906.2695220947265 1937.231787109375 993.7212615966797 0.37048921130952384 
86 1813.96328125 890.2476623535156 1920.948583984375 1055.588397216797 0.6441359747023809 1835.4102661132813 895.2353057861328 1929.4276245117187 995.7365570068359 0.3765345982142857 
87 1814.6090698242188 890.4228485107421 1915.4209594726562 1046.518618774414 0.5803106398809523 1841.1253845214844 888.1714324951172 1928.929180908203 998.7392730712891 0.3607584635416667 
88 1816.3776977539062 899.1067108154297 1907.4135620117188 1042.1631256103515 0.6090262276785714 1829.1326599121094 891.1036041259765 1939.6763000488281 995.1446258544922 0.40743582589285715 
89 1792.1382995605468 897.8527069091797 1870.1552795410157 1034.3824615478516 0.6091657366071429 1800.5152099609375 899.9782257080078 1914.2899658203125 974.7444915771484 0.4851771763392857 
90 1788.0805358886719 906.7365936279297 1866.1336975097656 1059.5906158447265 0.5470145089285714 1801.8398132324219 895.3538604736328 1912.4151916503906 973.4069427490234 0.4675990513392857 
91 1789.1439147949218 895.7504730224609 1847.6291564941407 1074.4556427001953 0.47788783482142855 1797.8916748046875 886.2528411865235 1888.8688232421875 973.9808624267578 0.5161946614583334 
92 1781.9992431640626 897.0215026855469 1840.2624755859374 1055.6270568847656 0.5433640252976191 1806.77353515625 893.5356811523437 1887.6947265625 974.4568725585938 0.48620024181547616 
93 1805.798272705078 902.8289459228515 1893.1098083496095 1045.1145965576172 0.6043294270833334 1814.877618408203 899.2220916748047 1931.2931579589845 986.5337066650391 0.4109468005952381 
94 1804.0697875976562 911.6031280517578 1878.6741088867188 1083.517416381836 0.46301850818452384 1822.783270263672 920.3360137939453 1929.8242736816405 994.9404144287109 0.35470145089285715 
95 1811.1220092773438 899.5827087402344 1888.9331665039062 1081.142022705078 0.44526599702380953 1832.3205444335938 884.3696441650391 1942.5529907226562 981.6335906982422 0.3173944382440476 
96 1807.292791748047 905.4310852050781 1869.0305725097655 1051.6520446777345 0.45568266369047616 1809.9172973632812 891.5588897705078 1913.8966674804688 963.0446868896485 0.39531017485119047 
97 1802.2308044433594 896.9095520019531 1876.9324035644531 1033.3211608886718 0.5080798921130952 1812.0994506835937 886.5412292480469 1909.5362915039063 961.2428283691406 0.38760230654761907 
98 1786.7565856933593 904.3395629882813 1861.2664855957032 1037.1614135742188 0.5862397693452381 1790.8683776855469 909.6972534179688 1894.5343322753906 974.4884155273437 0.4636346726190476 
99 1780.30654296875 904.9790435791016 1854.9283203125 1034.7560028076173 0.6184430803571429 1790.539044189453 895.2457305908204 1884.6273376464844 979.6007659912109 0.4821196056547619 
100 1801.3885498046875 912.7793182373047 1885.4569091796875 1042.1152740478515 0.5422944568452381 1816.560693359375 919.1217529296875 1920.02939453125 993.48994140625 0.3820917038690476 
101 1793.955743408203 904.1107940673828 1865.1632751464845 1046.525619506836 0.5091610863095238 1812.0066467285155 906.6005432128907 1899.397528076172 984.2814147949218 0.3596307663690476 
102 1791.4484619140626 912.9044647216797 1859.1030517578124 1025.6622467041016 0.40878441220238093 1804.7067321777345 903.6112609863281 1907.799493408203 968.0442565917969 0.404296875 
103 1805.3706481933593 913.7356079101562 1866.9478332519532 1043.3715698242188 0.31490652901785715 1817.7110168457032 926.2006286621094 1901.9744079589843 991.0186096191406 0.23512486049107142 
104 1810.434552001953 905.2516784667969 1859.0545837402344 1034.9049377441406 0.2756463913690476 1816.2938232421875 905.8749786376953 1900.5684814453125 986.9082855224609 0.22592308407738096 
105 1813.9397033691407 903.5556274414063 1872.5845886230468 1043.6518920898438 0.2315731956845238 
106 1793.975048828125 893.86025390625 1852.7283203125 1040.74375 0.33021763392857145 1811.8018188476562 885.9511138916016 1890.1398315429688 970.8171356201171 0.30739629836309523 
107 1780.9535278320313 894.0044830322265 1849.8443237304687 1048.1888153076172 0.3626069568452381 1801.5197875976562 893.2474304199219 1867.1301147460938 988.3824523925781 0.28071521577380953 
108 1777.4551391601562 893.3859466552734 1852.0194702148438 1019.8210235595703 0.5319707961309523 1793.4154174804687 882.9119903564454 1880.9473754882813 970.4440277099609 0.41246977306547616 
109 1768.8812622070313 891.3793518066407 1844.1673217773437 1058.3177917480468 0.37861560639880953 1797.711602783203 882.0630157470703 1863.1776794433595 976.988803100586 0.35836356026785715 
110 1781.1827453613282 897.274691772461 1849.8854919433593 1054.3095977783203 0.3259393601190476 1803.0770568847656 884.6917510986328 1878.3229675292969 976.2954925537109 0.32718331473214285 
111 1826.2579345703125 1132.683349609375 1826.2579345703125 1132.683349609375 0.14622570219494047 
116 1780.96220703125 899.4311706542969 1836.6984375 1027.296612548828 0.3634672619047619 1794.9592590332031 895.0177307128906 1860.5313415527344 973.7040710449219 0.4227701822916667 
117 1779.6482666015625 892.9608703613281 1832.0443603515625 1027.2260192871095 0.3579799107142857 1792.117529296875 881.7510681152344 1867.4369140625 960.3453674316406 0.4133998325892857 
118 1773.8229187011718 886.3700439453125 1839.5546447753907 1027.693310546875 0.3725702194940476 1794.427227783203 877.6479888916016 1856.8724548339844 963.0992645263672 0.39296177455357145 
119 1775.5969848632812 896.6338562011719 1838.1356811523438 1025.0029846191405 0.43503534226190477 1792.5609008789063 893.342333984375 1861.6827514648437 962.4641845703125 0.46033296130952384 
120 1791.9996948242188 884.4722137451172 1821.6067504882812 963.4239654541016 0.24271647135416666 1810.7255615234376 929.2621551513672 1853.4909912109374 949.000112915039 0.19595772879464285 
124 1788.2176818847656 910.1150451660156 1843.7128601074219 1047.220770263672 0.22298758370535715 1798.5132446289062 895.4251373291015 1873.5949096679688 963.9779998779297 0.24159458705357142 
125 1772.2639526367188 890.3677490234375 1828.0024047851562 1060.8619873046875 0.31628999255952384 1788.6575500488282 881.1620880126953 1877.1833923339843 956.5729583740234 0.37341889880952384 
126 1774.1368713378906 883.2220031738282 1829.8796081542969 1070.1238220214843 0.3588053385416667 1789.77509765625 877.6729339599609 1884.86552734375 959.6474395751953 0.4071451822916667 
127 1809.3871215820313 911.7408843994141 1825.7701049804687 1029.6985076904298 0.19174920944940477 1804.7243103027345 868.3889923095703 1883.362725830078 947.0273284912109 0.23228817894345238 
128 1790.2446716308593 906.2715545654297 1839.4058410644532 1050.4775299072267 0.24558803013392858 1800.833319091797 885.0944000244141 1889.3232971191405 950.6425994873047 0.29715401785714285 
129 1822.076171875 1152.6278076171875 1822.076171875 1152.6278076171875 0.11491757347470238 
130 1816.411865234375 1151.2847900390625 1816.411865234375 1151.2847900390625 0.12038457961309523 
132 1811.8565246582032 1125.1817443847656 1821.7190368652343 1141.619158935547 0.17170061383928573 
133 1823.3232421875 1032.2860534667968 1823.3232421875 1131.3334533691407 0.14887927827380953 
134 1783.15771484375 889.0367218017578 1849.151123046875 1047.420980834961 0.38170805431547616 1806.255389404297 883.9603149414063 1892.0469787597656 976.3510864257812 0.29747953869047616 
135 1778.512646484375 901.2060302734375 1834.590380859375 1049.6472412109374 0.30805896577380953 1800.2078186035155 889.914340209961 1866.181707763672 982.2777374267578 0.3131626674107143 
136 1779.6530883789062 893.2935516357422 1845.5427124023438 1041.544888305664 0.35312034970238093 1800.9405639648437 885.6909210205079 1880.0079223632813 968.0527923583984 0.37160528273809523 
137 1779.1425537109376 899.9568786621094 1845.1023193359374 1058.2602844238281 0.25027901785714285 1802.9895385742188 891.2045166015625 1882.1413208007812 993.44208984375 0.23966471354166666 
138 1819.7890747070312 1034.428515625 1826.3598510742188 1123.13447265625 0.17267717633928573 
139 1786.3916442871093 994.3115478515625 1838.8631164550782 1128.7695068359376 0.225830078125 
140 1819.848406982422 1109.0534912109374 1823.1299865722656 1138.5878662109376 0.17496163504464285 
141 1786.244403076172 1030.4375732421875 1835.5337951660156 1138.8739501953125 0.21478562127976192 
142 1807.7515441894532 934.3402709960938 1837.3647888183593 1065.9541625976562 0.18870326450892858 
143 1777.8575134277344 907.1956420898438 1843.4724426269531 1041.7059692382813 0.38474237351190477 1799.0562316894532 895.5869293212891 1877.7939880371093 977.6053924560547 0.38181268601190477 
144 1771.4710266113282 925.3382141113282 1833.7810485839843 1033.5608337402343 0.4282807849702381 1787.2377075195313 911.4634643554688 1865.9451538085937 986.8913940429687 0.37282598586309523 
145 1806.5427978515625 938.7138397216797 1829.4635498046875 1059.8670318603515 0.18160574776785715 
146 1823.0376220703124 1059.5189514160156 1829.5744384765626 1121.6188659667969 0.17356073288690477 
148 1813.5870361328125 1122.0174560546875 1813.5870361328125 1122.0174560546875 0.16659109933035715 
150 1763.613995361328 1096.4773254394531 1841.4745056152344 1197.0472106933594 0.2840983072916667 
151 1790.678564453125 1078.3314086914063 1852.131494140625 1194.7686889648437 0.26978120349702384 1829.988507080078 847.3225769042969 1917.3165466308594 960.5255676269531 0.32432338169642855 
152 1779.9283874511718 1051.5184265136718 1844.4127990722657 1148.2451232910157 0.3263346354166667 1818.7431213378907 850.7485229492188 1912.2455261230468 924.9056518554687 0.31869652157738093 
153 1804.2961730957031 840.4201232910157 1887.5274353027344 1058.1017272949218 0.32803199404761907 1820.1790710449218 846.3300964355469 1893.8066467285157 948.7684143066406 0.33679780505952384 
154 1796.5803955078125 876.1123046875 1889.1063720703125 1042.02099609375 0.5027204241071429 1812.410400390625 853.1648620605469 1895.36474609375 920.1664367675781 0.35629417782738093 
155 1795.6312561035156 866.3199249267578 1884.7436218261719 1034.996908569336 0.5086030505952381 1803.5877502441406 854.5688568115235 1908.613055419922 934.1334747314453 0.38692801339285715 
156 1794.7667419433594 863.1801361083984 1899.074444580078 1059.1522003173827 0.5777994791666666 1819.445538330078 823.912841796875 1920.5924255371094 959.828857421875 0.3196382068452381 
157 1786.683575439453 848.5052551269531 1906.0736267089844 1065.2924743652343 0.5404692150297619 1822.5731384277344 821.4370880126953 1945.104962158203 937.6852874755859 0.2931547619047619 
158 1777.5021118164063 856.1825378417968 1887.1194702148437 1047.2296936035157 0.7188197544642857 1880.7351135253907 799.4466339111328 1993.4842468261718 918.4595550537109 0.5543154761904762 
159 1763.3180786132812 868.0870574951172 1875.4084838867188 1048.677163696289 0.7322823660714286 1884.030810546875 815.8740600585937 2008.575634765625 909.2826782226563 0.5519903273809523 
160 1747.4053527832032 841.2878326416015 1862.6706970214843 1046.896432495117 0.7436058407738095 1863.2697998046874 810.7341369628906 2012.8034423828126 907.3078552246094 0.5425502232142857 
161 1731.1275390625 835.5710479736329 1840.238671875 1035.0884368896484 0.7708100818452381 1876.4491455078125 793.3654663085938 2035.4395263671875 880.6543090820312 0.5818684895833334 
162 1720.095721435547 825.3311187744141 1832.3284729003906 1015.5031707763671 0.7496744791666666 1900.795184326172 788.8794555664062 2047.3211486816406 879.2891235351562 0.5263439360119048 
163 1713.0849182128907 815.2724884033203 1825.0336120605468 1001.8536712646485 0.7424897693452381 1908.0383239746093 793.6242614746094 2051.083868408203 877.5858215332031 0.40158807663690477 
164 1718.9987182617188 797.259066772461 1824.3174438476562 986.2131622314453 0.7062174479166666 1952.3915771484376 775.6949096679688 2079.3935791015624 862.4280151367187 0.3691289992559524 
165 1719.5938537597656 779.9527191162109 1822.457781982422 963.8610626220703 0.6958240327380952 1761.7944580078124 803.0910736083985 1852.1901611328126 890.3696807861328 0.33925083705357145 
166 1726.3180847167969 756.0288696289062 1813.3753967285156 942.5801391601562 0.6818266369047619 1761.954119873047 772.890234375 1830.3563049316406 875.4934326171875 0.4024135044642857 
167 1728.1071411132812 733.6141540527344 1808.8401245117188 923.0264709472656 0.6994745163690477 1794.6282348632812 753.6780090332031 1816.3641967773438 769.2035827636719 0.16573079427083334 
168 1726.8924499511718 733.2961944580078 1807.7182678222657 922.926156616211 0.6984979538690477 1776.9900390625 748.3613708496093 1817.40302734375 807.4264709472657 0.19792829241071427 
169 1730.7521850585938 712.5841430664062 1802.2099731445312 902.1026245117188 0.6610630580357143 1763.37421875 723.2191650390625 1800.65654296875 841.2798583984375 0.22392345610119047 
170 1730.057598876953 709.0742126464844 1807.9657165527344 883.5882629394531 0.6362537202380952 1757.1456604003906 715.7863464355469 1828.8210144042969 852.9044494628906 0.2944859095982143 
171 1731.7837768554687 707.939111328125 1816.6744750976563 874.576513671875 0.45706612723214285 1751.857598876953 721.3620025634766 1830.4601501464845 834.5496795654296 0.37796456473214285 
172 1731.8726013183593 693.5303619384765 1823.4583312988282 864.0694305419922 0.38221958705357145 1776.5722534179688 713.0864349365235 1817.6279418945312 798.3560089111328 0.25254603794642855 
173 1745.9520080566406 705.6524291992188 1835.006610107422 855.1368774414062 0.5335286458333334 1750.9674194335937 700.1476776123047 1817.7584106445313 833.7295806884765 0.5670805431547619 
174 1744.9123779296874 695.1978942871094 1837.2663330078126 857.6136291503906 0.49929082961309523 1756.9159423828125 701.3221618652344 1830.1621826171875 831.8917053222656 0.48964146205357145 
175 1751.1713439941407 687.5763153076172 1837.3199890136718 853.4922271728516 0.6022600446428571 1776.2059326171875 694.6940063476562 1836.8292236328125 841.4657836914063 0.4458124069940476 
176 1741.7499267578125 690.6689697265625 1844.0906494140625 860.170751953125 0.5216122581845238 1766.2280517578124 699.2793670654297 1826.9928955078126 836.799673461914 0.5384114583333334 
177 1752.8236572265625 696.9986694335937 1848.7342041015625 856.8494750976563 0.5938895089285714 1765.242919921875 699.2119842529297 1838.774169921875 839.880728149414 0.5846935453869048 
178 1749.274658203125 699.7814758300781 1851.757568359375 856.7083923339844 0.6445545014880952 1779.3296508789062 712.2223052978516 1856.1918334960938 846.7311248779297 0.4037272135416667 
179 1754.7729125976562 707.645150756836 1854.0600952148438 864.5829376220703 0.6514136904761905 1771.4029113769532 715.1594757080078 1854.6760681152343 849.6774993896485 0.41745721726190477 
180 1755.6727233886718 705.7545776367188 1848.7844299316407 863.0812377929688 0.6719680059523809 1781.1116577148437 714.3989227294921 1867.8019165039063 839.6181060791016 0.3921479724702381 
181 1752.5017150878907 715.5064086914062 1845.6334167480468 866.4441528320312 0.6722470238095238 1789.6802673339844 729.8343627929687 1860.3320617675781 842.2348510742188 0.32726469494047616 
182 1747.7095764160156 712.4301788330079 1850.567156982422 869.9308441162109 0.6211867559523809 1766.995343017578 724.6692321777343 1831.2813903808594 840.3839904785157 0.46494838169642855 
183 1744.115576171875 720.1182067871093 1847.10439453125 871.3830139160157 0.5634300595238095 1763.0546020507813 729.5257995605468 1830.6409545898437 842.1698791503907 0.48709542410714285 
184 1743.1391174316407 724.6212188720704 1846.4930847167968 869.9629486083984 0.57861328125 1759.6608642578126 732.9442657470703 1827.4868408203124 849.2175384521485 0.5020461309523809 
185 1730.1246826171875 718.8232116699219 1846.5540283203125 874.0622863769531 0.5281459263392857 1764.0833374023437 728.8988189697266 1844.9369262695313 796.8159637451172 0.2418154761904762 
186 1722.7696716308594 732.3481048583984 1836.198956298828 868.4633575439453 0.4917108444940476 1752.1864074707032 739.3284057617187 1826.7258239746093 836.5535522460938 0.34898158482142855 
187 1732.2616821289062 735.9528045654297 1836.3223022460938 866.0285797119141 0.5302153087797619 1760.4030212402345 731.450228881836 1815.685235595703 835.5107696533203 0.30404808407738093 
188 1732.447003173828 745.9365905761719 1829.8075134277344 856.2783752441406 0.5809849330357143 1746.1773559570313 742.3167327880859 1811.0843627929687 862.3946319580078 0.5364350818452381 
189 1726.9334655761718 745.2774261474609 1831.1853088378907 865.8187042236328 0.5857747395833334 1748.98671875 761.1908752441407 1814.144140625 852.4112976074218 0.537841796875 
190 1720.8222412109376 749.3210662841797 1825.3154541015624 879.9376617431641 0.6495535714285714 1745.4384216308595 766.7785186767578 1810.746759033203 854.9446868896484 0.4867350260416667 
191 1708.6844360351563 750.881704711914 1819.7515991210937 891.3490692138672 0.6891276041666666 1730.2947875976563 764.451025390625 1828.2953002929687 852.6513916015625 0.42542085193452384 
192 1714.7352478027344 755.5364227294922 1823.041973876953 896.6634674072266 0.6228143601190477 1736.8257446289062 772.4514465332031 1828.7223510742188 854.5020446777344 0.4218168712797619 
193 1708.6379516601562 773.7808868408204 1823.3442260742188 888.4872406005859 0.4990118117559524 1721.2430541992187 772.8985137939453 1835.9493286132813 851.5543060302734 0.3615141369047619 
194 1762.6837097167968 775.6288177490235 1795.4926818847657 811.7186553955078 0.19001116071428573 
202 1899.8712158203125 1221.025634765625 1899.8712158203125 1221.025634765625 0.09987676711309523 
203 1899.07275390625 1209.1748046875 1899.07275390625 1209.1748046875 0.09828258696056548 
204 1903.6357177734376 1187.0721496582032 1916.8686767578124 1240.0041442871093 0.18524460565476192 
205 1894.5011657714845 1167.6892395019531 1944.133966064453 1266.9546813964844 0.2159365699404762 
206 1902.3807067871094 1203.6190002441406 1912.3139953613281 1230.107928466797 0.16518438430059523 
207 1899.7325012207032 1197.197735595703 1906.3545349121093 1226.9969665527344 0.15509905133928573 1943.79443359375 1181.5340881347656 1943.79443359375 1214.6442565917969 0.17660086495535715 
208 1897.5132263183593 1199.8734619140625 1904.1324035644532 1226.3501708984375 0.17447335379464285 
209 1889.457501220703 1162.2941772460938 1939.2010681152344 1245.1999633789062 0.1909237816220238 
210 1896.1343505859375 1178.905780029297 1906.0804931640625 1212.0594299316406 0.15089925130208334 
211 1892.2458435058593 1191.006658935547 1948.5189270019532 1263.8306213378905 0.20722307477678573 
212 1897.08544921875 1179.7100036621093 1949.98681640625 1265.6748840332032 0.22175525483630953 
213 1896.50673828125 1168.547869873047 1949.238623046875 1264.1243713378906 0.24919201078869047 
214 1902.580792236328 1169.3566650390626 1948.7538024902344 1268.2988525390624 0.22932942708333334 
215 1898.321240234375 1175.3127746582031 1947.7751953125 1264.3299255371094 0.24269903273809523 
216 1890.9791687011718 1188.7548461914062 1946.9228088378907 1277.6064819335938 0.26327078683035715 
217 1897.4955810546876 1192.9594665527343 1946.8403564453124 1288.3595031738282 0.2533365885416667 
218 1894.854833984375 1194.8916381835938 1947.4623046875 1290.2426391601562 0.22458031063988096 
219 1892.6843872070312 1192.6567687988281 1942.0390014648438 1288.0755310058594 0.23152669270833334 
220 1889.945458984375 1192.6863037109374 1942.5884765625 1284.8117431640626 0.22446986607142858 
221 1891.6442321777345 1189.7287353515626 1934.412042236328 1281.8440185546874 0.1946963355654762 
222 1907.2707946777343 1191.6713500976562 1927.0137512207032 1217.9953979492188 0.15723818824404762 
223 1894.3921325683593 1209.8929748535156 1940.4683410644532 1285.5895690917969 0.19334193638392858 
224 1903.4673217773438 1219.9733581542969 1942.9621215820312 1289.0890197753906 0.20389229910714285 
225 1900.1086853027343 1211.6952575683595 1903.3921691894532 1224.829034423828 0.16200474330357142 
226 1921.5189208984375 1218.8192932128907 1928.0855712890625 1235.2357604980468 0.14700172061011904 
227 1906.1733276367188 1217.0989624023437 1939.1389282226562 1276.4371704101563 0.1863955543154762 
228 1910.2984619140625 1239.6600341796875 1910.2984619140625 1239.6600341796875 0.10591052827380952 
229 1901.4547180175782 1235.5791320800781 1908.0297790527343 1248.7290954589844 0.16379510788690477 
230 1907.107403564453 1231.27392578125 1913.6773864746094 1241.128662109375 0.14125860305059523 
231 1907.73486328125 1218.972900390625 1907.73486328125 1218.972900390625 0.11935279482886904 
232 1905.64404296875 1209.085693359375 1905.64404296875 1209.085693359375 0.10771542503720238 
233 1903.7628234863282 1185.5007080078126 1910.3696228027343 1215.2312255859374 0.16737002418154762 
234 1921.515869140625 1187.6767578125 1921.515869140625 1187.6767578125 0.10343424479166667 
235 1903.9349975585938 1150.5119506835938 1907.2659301757812 1187.1528442382812 0.13058326357886904 
236 1902.1790588378906 1138.2101135253906 1938.836932373047 1244.8515319824219 0.21039109002976192 
237 1909.9762451171875 1159.5027465820312 1923.3323486328125 1196.2318725585938 0.11986723400297619 
238 1887.5298156738281 1160.5550048828125 1897.5694274902344 1190.6739990234375 0.14454868861607142 
239 1904.305029296875 1158.7552856445313 1907.6546875 1198.9515014648437 0.16786993117559523 
241 1945.0606689453125 1204.8563232421875 1945.0606689453125 1204.8563232421875 0.1123046875 
246 1855.5971313476562 768.6646026611328 1933.3784545898438 1154.1895843505858 0.16778273809523808 
248 1848.7417358398438 795.5214019775391 1852.1501098632812 911.4049285888672 0.1740780784970238 
249 1847.2976013183593 830.0829559326172 1850.7042297363282 942.499868774414 0.16903250558035715 
250 1729.587744140625 789.210595703125 1828.96474609375 984.5378173828125 0.23467145647321427 
251 1733.896221923828 801.4821990966797 1816.1969177246094 993.5171295166016 0.2771577380952381 
252 1736.5580078125 839.7837677001953 1805.374853515625 1001.5034027099609 0.28690011160714285 2442.460339355469 642.7292602539062 2449.342150878906 677.1376831054688 0.17188662574404762 
253 1739.0012084960938 886.339404296875 1800.8962524414062 1065.14716796875 0.35800316220238093 2404.240270996094 632.2790161132813 2500.521203613281 697.6125854492187 0.32679966517857145 
254 1738.5323181152344 888.5736328125 1803.9219055175781 1029.677587890625 0.5301920572916666 
255 1743.7266845703125 881.254296875 1809.1741943359375 1029.372412109375 0.4881998697916667 
256 1748.1197509765625 882.2973602294921 1813.5609130859375 1023.5126373291016 0.5159272693452381 
257 1757.3143737792968 891.6485870361328 1819.5834533691407 1036.9430267333985 0.49733770461309523 2439.47978515625 581.9000762939453 2539.801953125 644.169076538086 0.2258242652529762 
258 1762.5524108886718 894.2850158691406 1824.7611877441407 1022.1587097167969 0.4113885788690476 
259 1766.9568664550782 885.167105102539 1825.7915466308593 1023.6016326904297 0.4777134486607143 
260 1750.6415771484376 873.1802947998046 1819.8322998046874 1004.6423980712891 0.5556873139880952 1787.8980407714844 815.8319244384766 1926.2793273925781 936.9154510498047 0.35559663318452384 
261 1760.2615051269531 884.957373046875 1822.6534118652344 1006.275048828125 0.5224144345238095 1783.9917602539062 504.2064910888672 1825.5863647460938 1013.7407135009765 0.24781436011904762 
262 1758.3141052246094 893.8719055175782 1824.107403564453 1025.4586608886718 0.5835890997023809 1805.861083984375 919.7097778320312 1805.861083984375 919.7097778320312 0.17360723586309523 
263 1759.3657775878905 888.5186828613281 1828.653143310547 1020.1647888183594 0.5309244791666666 1815.5952453613281 874.1282592773438 1836.3814392089844 922.6294311523437 0.18694777715773808 
264 1769.189990234375 816.3918884277343 1846.53046875 982.7910949707032 0.5820545014880952 2440.4654541015625 558.9509033203125 2543.5863037109375 612.8548828125 0.40761021205357145 
265 1770.0208435058594 836.3136901855469 1842.5229797363281 985.9953918457031 0.5976795014880952 
266 0.0 0.0 0.0 0.0 0.2031802222842262 0.0 0.0 0.0 0.0 0.2031802222842262 
267 1778.640185546875 826.2966552734375 1853.38447265625 987.46396484375 0.5711495535714286 1804.153759765625 823.8710418701172 1813.496875 865.914663696289 0.15528796968005953 
268 1766.9884155273437 786.3048522949218 1856.1675903320313 950.5823547363282 0.65966796875 1793.3450927734375 814.015414428711 1826.2005615234375 910.2350128173828 0.17133294968377977 
269 1761.163037109375 787.4549194335938 1855.294970703125 935.7126831054687 0.6968703497023809 2435.56376953125 545.8798614501953 2536.75556640625 607.0656341552734 0.3045073009672619 
270 1767.1594787597655 788.0744140625 1856.775213623047 948.4393798828125 0.6907784598214286 2434.9232666015623 545.5315856933594 2538.6890380859377 606.8475646972656 0.5166015625 
271 1771.1144165039063 787.2473907470703 1856.1917358398437 955.0385589599609 0.6807105654761905 2428.5541748046876 544.1955108642578 2534.9009033203124 612.7299652099609 0.5559895833333334 
272 1771.4123168945312 796.7133270263672 1858.7754272460938 959.6337799072265 0.66796875 2419.734240722656 538.2563751220703 2523.625378417969 611.4525482177735 0.44320824032738093 
273 1775.1138732910156 820.3287384033204 1856.075213623047 975.1078460693359 0.6240234375 1788.3936401367187 816.7569122314453 1833.6368774414063 907.2431488037109 0.24878801618303573 
274 1768.9529418945312 804.0013275146484 1861.6810913085938 953.7929229736328 0.6417643229166666 1773.3424377441406 812.5974060058594 1828.0282897949219 919.5914367675781 0.20346214657738096 
275 0.0 0.0 0.0 0.0 0.2031802222842262 0.0 0.0 0.0 0.0 0.2031802222842262 
276 1771.3343139648437 797.9681060791015 1859.6463989257813 953.1109344482422 0.6508324032738095 2320.117578125 494.2920669555664 2441.8453125 592.151383972168 0.3641880580357143 
277 0.0 0.0 0.0 0.0 0.20298549107142858 0.0 0.0 0.0 0.0 0.20298549107142858 
278 1759.3919982910156 890.3288543701171 1841.1728210449219 1015.4052154541016 0.6207217261904762 1792.6963928222656 820.4822601318359 1826.370867919922 909.4788604736328 0.24106852213541666 
279 1782.6264770507812 839.2298889160156 1857.5869018554688 1012.5756530761719 0.58544921875 
280 0.0 0.0 0.0 0.0 0.20298549107142858 0.0 0.0 0.0 0.0 0.20298549107142858 
281 1760.8370178222656 795.1046844482422 1862.399676513672 938.215689086914 0.6817336309523809 1783.031671142578 812.7716339111328 1815.3471130371095 925.875521850586 0.2711297898065476 
282 0.0 0.0 0.0 0.0 0.20298549107142858 0.0 0.0 0.0 0.0 0.20298549107142858 
283 0.0 0.0 0.0 0.0 0.20298549107142858 0.0 0.0 0.0 0.0 0.20298549107142858 
284 0.0 0.0 0.0 0.0 0.20298549107142858 0.0 0.0 0.0 0.0 0.20298549107142858 
285 1756.9860229492188 892.9150207519531 1854.5859985351562 1035.8294860839844 0.6518787202380952 1783.7992309570313 811.9390899658204 1951.1136108398437 913.0249603271484 0.4728306361607143 
286 0.0 0.0 0.0 0.0 0.20298549107142858 0.0 0.0 0.0 0.0 0.20298549107142858 
287 1751.5056579589843 901.345669555664 1863.9815246582032 1024.3661834716797 0.6485537574404762 1788.006170654297 826.9925994873047 1935.6309143066405 914.8643951416016 0.5237165178571429 
288 1752.4605773925782 866.570669555664 1868.1264587402343 985.7416473388672 0.5699637276785714 1787.6456787109375 812.3776092529297 1948.8767822265625 910.5183258056641 0.4858979724702381 
289 1761.3368225097656 882.797900390625 1876.8554382324219 1001.81708984375 0.6247907366071429 1791.0915954589843 815.6139953613281 1952.1175109863282 910.1291687011719 0.49264090401785715 
290 1757.4229309082032 907.4094421386719 1869.5461853027343 1023.0366027832031 0.6446940104166666 1828.8475280761718 842.9924285888671 1976.0095275878907 909.5656158447266 0.44602167038690477 
291 1763.3185424804688 900.0385650634765 1875.6990356445312 1019.4428192138672 0.6376255580357143 1791.6838439941407 822.6418914794922 1939.1832214355468 910.4391021728516 0.48134068080357145 
292 1765.2029174804688 886.5016540527344 1877.7655883789062 984.9939514160156 0.6163736979166666 1840.0191528320313 844.1553192138672 1984.2401245117187 910.9893951416016 0.4524623325892857 
293 1763.6941040039062 878.4751739501953 1865.5114624023438 976.7817230224609 0.6280459449404762 1811.2268615722655 818.3839630126953 1969.219549560547 899.1357513427735 0.42529296875 
294 1770.7961120605469 897.2679443359375 1872.4498596191406 1012.94287109375 0.6629464285714286 1799.1082397460937 830.802114868164 1935.8148559570313 914.9292694091797 0.4531133742559524 
295 1765.97021484375 916.5704650878906 1877.96826171875 1039.0683288574219 0.6530877976190477 1815.3732177734375 824.4952178955078 1965.8704345703125 904.9937347412109 0.4431966145833333 
296 1767.4322692871094 880.166635131836 1872.533428955078 1006.2881378173828 0.6379278273809523 1834.2658935546874 814.9499603271485 1967.3940185546876 899.0309356689453 0.49597749255952384 
297 1768.0448791503907 898.9763092041015 1879.7142761230468 1031.583688354492 0.6529947916666666 1790.0566467285157 818.7139312744141 1943.6021667480468 902.4659393310546 0.4980352492559524 
298 1759.8498901367188 895.5648956298828 1871.5048461914062 1014.1982269287109 0.6280459449404762 1773.8067749023437 809.4081878662109 1927.3321411132813 907.1061553955078 0.549072265625 
299 1773.1720458984375 882.7622131347656 1881.0384033203125 1032.3832946777343 0.5673595610119048 1807.43232421875 817.7212310791016 1943.13505859375 904.7102264404297 0.48996698288690477 
