0 1782.6118713378905 1009.9425079345704 1836.963201904297 1086.0344818115234 0.6486700148809523 1797.8720458984376 1003.0440795898437 1846.7883544921874 1084.5711547851563 0.7487909226190477 
1 1779.984356689453 1001.1648986816406 1831.6639587402344 1080.044207763672 0.6525995163690477 1797.03662109375 1003.2571838378906 1845.99609375 1082.136492919922 0.7754603794642857 
2 1789.359521484375 1011.5733642578125 1843.73544921875 1084.9808349609375 0.6403459821428571 1801.0712524414062 1009.7956298828125 1844.5720581054688 1080.4843994140624 0.7202380952380952 
3 1786.169903564453 1004.2062622070313 1837.8114196777344 1085.7453979492188 0.6649925595238095 1801.7460083007813 1009.6421661376953 1845.2334838867187 1080.3094329833984 0.7649507068452381 
4 1786.6424072265625 1006.2923767089844 1843.7294189453125 1085.126934814453 0.6729213169642857 1800.4436950683594 1009.3244384765625 1846.6570129394531 1080.0036865234374 0.7655319940476191 
5 1787.5606811523437 1013.8522216796875 1839.2220336914063 1084.5467041015625 0.6641322544642857 1800.7374633789063 1011.7606689453125 1846.9607788085937 1082.4551513671875 0.7566034226190477 
6 1786.0624572753907 1006.8600128173828 1837.7115905761718 1085.692904663086 0.6689918154761905 1801.640887451172 1011.983120727539 1845.1348693847656 1082.6608612060547 0.7585100446428571 
7 1784.9810119628905 1006.4617218017578 1836.567938232422 1082.4845062255858 0.6693173363095238 1800.5405883789062 1008.8634979248047 1843.9823608398438 1082.1712310791015 0.7802966889880952 
8 1781.7900390625 1005.6686309814453 1833.37109375 1087.1123138427733 0.6265811011904762 1799.1229553222656 1010.7849304199219 1845.2743835449219 1084.0843322753906 0.7725771949404762 
9 1786.2154296875 1007.8018432617188 1840.524072265625 1089.2648071289063 0.6747581845238095 1797.5993530273438 1008.428466796875 1843.7617309570312 1084.460693359375 0.7690662202380952 
10 1782.7085571289062 1008.5805389404297 1837.0524291992188 1087.3789947509765 0.6555757068452381 1795.8764953613281 1008.8940521240235 1844.7859802246094 1084.975393676758 0.7816452752976191 
11 1782.20791015625 1010.5245513916016 1841.972998046875 1089.3057098388672 0.6716657366071429 1796.3133911132813 1014.1815460205078 1842.4954467773437 1079.379672241211 0.7560918898809523 
12 1780.3340881347656 1017.0845153808593 1834.686053466797 1087.7420227050782 0.6727585565476191 1793.5040893554688 1015.3076995849609 1842.4207153320312 1083.2475372314452 0.7676246279761905 
13 1782.4924438476562 1014.310903930664 1836.9213745117188 1087.7898651123046 0.6751767113095238 1793.5876403808593 1017.3463989257813 1842.5736145019532 1082.6609252929688 0.7577659970238095 
14 1784.8867553710938 1009.9228515625 1839.3715454101562 1088.92578125 0.6800827752976191 1794.212091064453 1015.6856994628906 1840.5241149902345 1081.0673522949219 0.7307710193452381 
15 1779.4776428222656 995.4390075683593 1831.360369873047 1080.0899230957032 0.65673828125 1792.7108093261718 1014.1336273193359 1839.1323303222657 1082.4003692626952 0.7170293898809523 
16 1779.673077392578 982.1596618652344 1823.4847595214844 1045.1390441894532 0.6746186755952381 1793.4694763183593 1023.6544555664062 1845.4959777832032 1092.1104370117187 0.74755859375 
17 1774.4625549316406 975.858154296875 1818.2590026855469 1036.078369140625 0.6889183407738095 1791.8337829589843 1030.2879211425782 1849.3167297363282 1093.2454040527343 0.7038690476190477 
18 1763.0937927246093 965.6052154541015 1812.3850891113282 1023.1118865966797 0.76904296875 1788.8979553222657 1032.0644287109376 1851.8814636230468 1097.7861572265624 0.7363048735119048 
19 1755.809326171875 960.3566040039062 1802.46142578125 1015.2412963867188 0.8047572544642857 1798.3449645996093 1028.7514038085938 1842.2528137207032 1094.6130981445312 0.7191917782738095 
20 1739.5625 966.3320495605469 1802.6455078125 1012.9585998535156 0.7514415922619048 1798.4259399414063 1028.04365234375 1845.0523315429687 1088.383837890625 0.7591843377976191 
21 1744.2235473632813 975.9954284667969 1821.1949096679687 1028.226007080078 0.7627185639880952 1798.4630065917968 1025.4769592285156 1845.1955627441407 1088.7035827636719 0.7481398809523809 
22 1747.353466796875 983.61591796875 1824.454638671875 1033.18095703125 0.7732049851190477 1803.8025207519531 1031.592333984375 1850.6141052246094 1105.939892578125 0.7380254836309523 
23 1757.1624328613282 991.573355102539 1823.3984802246093 1038.4905487060546 0.7607421875 1813.6329833984375 1039.9766845703125 1868.8296630859375 1108.9725341796875 0.7754138764880952 
24 1753.1741516113282 996.075830078125 1838.8276794433593 1043.047216796875 0.7525344122023809 1817.361102294922 1060.5816162109375 1880.9105041503906 1137.9462158203125 0.7717168898809523 
25 1764.192138671875 1003.0468200683594 1841.360595703125 1058.167169189453 0.6862676711309523 1830.8664916992188 1070.7811340332032 1899.7668090820312 1145.1935974121093 0.7571614583333334 
26 1787.493096923828 1038.835888671875 1861.9442810058595 1099.4998046875 0.5130324590773809 1835.430322265625 1081.4703430175782 1898.85166015625 1158.6789489746093 0.6776181175595238 
27 1789.814434814453 1104.1277465820312 1869.7093688964844 1142.6976928710938 0.4321986607142857 1832.6228942871094 1091.200439453125 1890.4778137207031 1168.34033203125 0.6380440848214286 
28 1773.649609375 1141.99814453125 1869.860400390625 1177.733544921875 0.34884207589285715 1830.6359802246093 1116.3067687988282 1891.1112121582032 1209.7685485839843 0.5033249627976191 
29 1771.78037109375 1137.7913513183594 1923.058984375 1154.2944641113281 0.3290899367559524 1852.2860717773438 1141.0708862304687 1929.3005981445312 1220.8358520507813 0.4569498697916667 
30 1743.8116943359375 1158.6809692382812 1884.0320556640625 1183.4257202148438 0.3120930989583333 1858.441259765625 1148.211981201172 1921.677880859375 1208.6992736816405 0.5007440476190477 
31 1743.9125732421876 1177.2975341796875 1916.6113525390624 1212.9339111328125 0.2910853794642857 1866.0036254882812 1220.9466796875 1967.4299682617188 1262.06552734375 0.46669224330357145 
32 1769.8446716308595 1176.8492797851563 1928.736505126953 1209.7234741210937 0.2724725632440476 1858.668145751953 1225.3175415039063 1960.0302185058595 1258.1917358398437 0.37632533482142855 
33 1827.948748779297 1181.2238159179688 1948.4747131347656 1241.4868774414062 0.23997279575892858 1879.888720703125 1238.7475524902343 1970.283154296875 1293.5321105957032 0.4087495349702381 
34 1775.082208251953 1184.0835388183593 1936.3153747558595 1233.2732727050782 0.2709147135416667 1881.2395385742188 1209.3090026855468 1960.4897094726562 1258.4987365722657 0.41492280505952384 
35 1723.425244140625 837.0794525146484 1884.448779296875 902.5805206298828 0.2900390625 1887.0729858398438 1160.4910278320312 1958.0324829101562 1206.8876342773438 0.36397879464285715 
36 1896.6944213867187 1106.4851318359374 1983.2958129882813 1171.4362548828126 0.3232538132440476 1939.5787292480468 1149.0571899414062 2015.3549865722657 1205.8893432617188 0.5386207217261905 
37 1928.9251037597655 1102.7638061523437 2012.678778076172 1137.8863403320313 0.4095865885416667 1970.0745178222655 1147.757958984375 2021.407537841797 1207.196142578125 0.5434802827380952 
38 1946.3449584960938 1107.4139526367187 2022.1064575195312 1139.8831665039063 0.4757486979166667 1985.474462890625 1122.9200927734375 2028.766748046875 1201.3872802734375 0.5558268229166666 
39 1939.3454956054688 1105.4423461914062 2022.9945922851562 1135.1243041992188 0.403564453125 1979.5094482421875 1105.8575378417968 2038.8733642578125 1167.9196838378907 0.5871698288690477 
40 1566.145330810547 847.5569793701172 2062.7673889160155 915.0328033447265 0.2238711402529762 1984.080255126953 1102.9271057128906 2043.4589294433595 1170.402850341797 0.52685546875 
41 1615.6292053222655 881.8624145507813 2033.218817138672 1132.4161499023437 0.1758975074404762 1976.123956298828 1099.0504150390625 2035.3947204589845 1155.6270751953125 0.5352260044642857 
42 1611.1159423828126 878.9282196044921 1621.8542724609374 919.1967193603516 0.17521158854166666 1981.6889526367188 1098.4429260253905 2038.0647094726562 1187.033514404297 0.4312220982142857 
43 1608.3390197753906 877.4243194580079 1680.8744812011719 915.0352142333984 0.26050385974702384 1986.9282470703124 1108.5662170410155 2037.9716552734376 1202.593572998047 0.4892694382440476 
44 1606.4035034179688 879.8134033203125 1700.5408325195312 917.4683349609375 0.31765020461309523 1976.9530151367187 1103.4672729492188 2033.4354125976563 1211.0527465820312 0.44274321056547616 
45 1661.0464477539062 857.4257598876953 1787.2330932617188 921.8615325927734 0.20534551711309523 1979.50771484375 1101.6414123535155 2030.519384765625 1179.501287841797 0.6127464657738095 
46 1618.8336303710937 868.683871459961 1765.8812133789063 914.1349151611328 0.221923828125 1976.8891052246095 1101.80048828125 2033.034600830078 1176.6609375 0.5799153645833334 
47 1629.7115905761718 863.1209045410156 1736.5316955566407 913.8604187011719 0.32020786830357145 1972.1520629882812 1102.438983154297 2030.9031127929688 1179.8834045410156 0.47158668154761907 
48 1620.984149169922 897.5296691894531 1792.2215393066406 924.2855163574219 0.21804664248511904 1989.1856994628906 1098.7130065917968 2037.3461608886719 1165.6025451660157 0.5465959821428571 
49 1672.4974731445313 861.3675140380859 1800.9673706054687 914.8965850830078 0.27077520461309523 1990.5838928222656 1101.3220092773438 2038.7602233886719 1162.8806274414062 0.5920758928571429 
50 1658.7854309082031 881.714404296875 1801.1070251464844 921.994091796875 0.26316034226190477 1988.8724243164063 1096.023046875 2045.2640502929687 1176.582421875 0.5235188802083334 
51 1689.8226623535156 861.3802703857422 1807.7375183105469 917.6578765869141 0.3097446986607143 1982.8575866699218 1090.9226623535155 2044.4950744628907 1176.679022216797 0.5543154761904762 
52 1672.357440185547 873.6706665039062 1750.1065490722656 919.2477905273438 0.27578590029761907 1990.3658935546875 1100.3188232421876 2046.6670654296875 1183.4299560546874 0.5727074032738095 
53 1640.0487854003907 848.2491424560546 1749.8297546386718 907.1559478759766 0.29625883556547616 1984.324395751953 1095.925634765625 2037.8759216308595 1168.220361328125 0.6586681547619048 
54 1642.7093688964844 852.8826965332031 1752.003155517578 916.8596130371094 0.20572916666666666 1989.8659118652345 1095.6667785644531 2040.514337158203 1170.3064880371094 0.6672944568452381 
55 1627.671453857422 869.8679107666015 1731.6116271972655 917.8404022216797 0.35916573660714285 1986.4396667480469 1097.3269897460937 2037.0773010253906 1163.9554809570313 0.5889369419642857 
56 1639.866961669922 863.6864837646484 1751.8013732910156 916.9886260986328 0.3592006138392857 1989.610772705078 1090.83544921875 2037.5827087402345 1165.45849609375 0.5466424851190477 
57 1642.8804504394532 864.1925872802734 1757.3777282714843 917.4471221923828 0.34340122767857145 1975.3115539550781 1079.156475830078 2031.2288513183594 1151.0501892089844 0.47220284598214285 
58 1630.840399169922 865.3239471435547 1751.2400451660155 916.159390258789 0.41799200148809523 1982.263409423828 1085.1305786132812 2035.7743103027344 1157.3703979492188 0.5015345982142857 
59 1640.8173461914062 868.2728698730468 1750.2576049804688 921.6584045410157 0.2739780970982143 1996.6523864746093 1102.2452087402344 2047.3687316894532 1174.3157043457031 0.6478562127976191 
60 1637.4891296386718 870.5789855957031 1756.0866760253907 919.0961853027344 0.3190104166666667 1997.4286560058595 1095.2301818847657 2051.336602783203 1173.3966491699218 0.6553664434523809 
61 1668.8732299804688 858.3259979248047 1805.3145141601562 917.182974243164 0.28969029017857145 1997.4228759765624 1099.927783203125 2050.9291748046876 1169.48603515625 0.650390625 
62 1643.2549743652344 835.4191833496094 1759.1846008300781 1113.1112121582032 0.2197265625 1995.2953002929687 1100.564190673828 2043.8240844726563 1165.2691833496094 0.6640392485119048 
63 1629.5512573242188 877.0042114257812 1763.5302856445312 930.5958862304688 0.19917224702380953 1995.7264709472656 1101.2646362304688 2046.6386413574219 1176.2929809570312 0.6261160714285714 
64 1646.9315612792968 885.6235931396484 1757.0714904785157 936.6640655517579 0.20095098586309523 1994.3993774414062 1098.3611450195312 2048.126257324219 1168.2059936523438 0.6337658110119048 
65 1998.8819580078125 1106.444091796875 1998.8819580078125 1106.444091796875 0.16395205543154762 1997.1232971191407 1098.3750549316405 2048.227166748047 1168.306707763672 0.6846633184523809 
66 2006.815283203125 1100.6055114746093 2052.64345703125 1176.0872375488282 0.7049153645833334 
67 2006.0789367675782 1101.9325073242187 2059.9624450683596 1180.0635864257813 0.7073800223214286 
68 1628.8091125488281 885.0839172363281 1766.3033142089844 933.6112731933594 0.22100539434523808 2007.281317138672 1103.5609191894532 2063.8965393066405 1181.7438903808593 0.6805478050595238 
69 1677.7302368164062 877.2027709960937 1817.9699584960938 920.3535034179688 0.23274739583333334 2006.8579711914062 1102.4993103027343 2063.4933471679688 1188.8006164550782 0.6588076636904762 
70 1622.1128845214844 884.7421173095703 1824.2405090332031 922.4726654052735 0.19310360863095238 2003.7713439941406 1098.2718872070313 2060.3672058105467 1189.9031616210937 0.6602957589285714 
71 1627.354931640625 854.9478637695313 1777.8953125 1099.5760620117187 0.1922665550595238 2000.087176513672 1098.9557250976563 2056.539898681641 1182.2906127929687 0.6625279017857143 
72 1621.6518188476562 845.6515838623047 1818.2676147460938 1144.6153228759765 0.1992129371279762 2005.4566284179687 1096.3419860839845 2053.9371704101563 1179.836358642578 0.6726655505952381 
73 1686.0367248535156 826.8907043457032 1826.288348388672 1145.1540954589843 0.22600446428571427 2005.7523620605468 1093.1820678710938 2054.3009826660154 1171.3994750976562 0.6227911086309523 
74 1599.730712890625 1143.0989990234375 1599.730712890625 1143.0989990234375 0.14819045293898808 2008.1100036621094 1099.462548828125 2062.0077941894533 1172.224462890625 0.6374162946428571 
75 1599.85107421875 1140.559814453125 1599.85107421875 1140.559814453125 0.15338134765625 2010.6490966796875 1096.9197204589843 2061.8562744140627 1169.6878234863282 0.6560639880952381 
76 1744.259912109375 871.9423217773438 1822.556982421875 1117.6331176757812 0.18251255580357142 2009.0576721191405 1099.8760009765624 2060.355780029297 1170.0734619140626 0.6163504464285714 
77 1600.08349609375 1146.6142578125 1600.08349609375 1146.6142578125 0.16110665457589285 2012.3638061523438 1099.9644775390625 2068.965539550781 1180.8240966796875 0.6034458705357143 
78 1578.950128173828 1102.5758178710937 1832.2306579589845 1156.4651977539063 0.17693801153273808 2007.8896789550781 1095.010516357422 2064.4734802246094 1178.5391662597656 0.6025158110119048 
79 1589.759100341797 850.0764862060547 1837.6133361816405 1184.1408599853517 0.18004208519345238 2003.8166015625 1094.2005126953125 2057.698046875 1180.4105712890625 0.6024925595238095 
80 1585.665966796875 853.3464141845703 1843.941943359375 1141.2165130615235 0.18777901785714285 2005.157537841797 1087.4089477539062 2053.5842834472655 1176.1913940429688 0.6122116815476191 
81 1609.357177734375 1146.328857421875 1609.357177734375 1146.328857421875 0.15615699404761904 1998.049169921875 1093.6492858886718 2049.07607421875 1174.2180236816407 0.6109328497023809 
82 1605.35546875 1148.4637451171875 1605.35546875 1148.4637451171875 0.1593017578125 2001.9340454101562 1091.7064514160156 2052.912390136719 1172.1986999511719 0.61181640625 
83 1599.6744384765625 1149.1378173828125 1599.6744384765625 1149.1378173828125 0.16483851841517858 1998.1321533203125 1088.233709716797 2051.8104736328123 1168.7510314941405 0.5824032738095238 
84 1553.83203125 883.2464569091796 1734.01025390625 1184.4401275634766 0.18366350446428573 1998.3822265625 1088.9724975585937 2054.8560546875 1166.9601196289063 0.5777762276785714 
85 1585.3688171386718 1074.480889892578 1727.9706604003907 1160.5800231933595 0.1729794456845238 2013.3810913085938 1095.4882446289062 2069.8838012695314 1178.8967651367188 0.5939127604166666 
86 1594.476318359375 1113.2372131347656 1594.476318359375 1148.2104187011719 0.16115025111607142 2005.3608459472657 1094.922705078125 2067.236688232422 1181.010888671875 0.5609654017857143 
87 1576.9032592773438 855.5848999023438 1792.0427856445312 1189.0510864257812 0.19606817336309523 2002.1140075683593 1096.8927612304688 2063.966680908203 1185.6377563476562 0.6028645833333334 
88 1602.6591796875 1150.0552978515625 1602.6591796875 1150.0552978515625 0.1617489769345238 2006.691748046875 1094.8799743652344 2057.829736328125 1178.3159484863281 0.6615513392857143 
89 1571.9245056152345 884.8462585449219 1765.065118408203 927.7664123535156 0.17323521205357142 1998.0307556152343 1092.7406860351562 2057.046026611328 1175.8984741210938 0.6282784598214286 
90 1588.086669921875 931.8502807617188 1588.086669921875 931.8502807617188 0.15364292689732142 1999.4954467773437 1092.5713317871093 2050.5213989257813 1167.7674133300782 0.61572265625 
91 1571.2546447753907 857.8351013183594 1825.7945495605468 1141.848126220703 0.19624255952380953 1998.4076599121095 1095.1652099609375 2051.995050048828 1162.1494873046875 0.5729864211309523 
92 1579.409356689453 883.0854736328125 1786.3297790527345 1181.3732666015626 0.20804850260416666 2004.309326171875 1093.4166931152345 2058.054931640625 1163.285821533203 0.6073288690476191 
93 1577.2569580078125 851.1837738037109 1790.2716064453125 1110.0369903564454 0.22203427269345238 1993.2266052246093 1086.2880798339843 2052.547198486328 1159.0904602050782 0.5212983630952381 
94 1578.2201904296876 842.7083862304687 1831.8579345703124 1193.4839965820313 0.21036783854166666 2005.6889038085938 1094.1667175292969 2062.3528442382812 1172.4166564941406 0.5477934337797619 
95 1600.121759033203 1132.7490783691405 1610.8996032714845 1146.221502685547 0.17521158854166666 2000.14873046875 1092.9537536621094 2064.81611328125 1181.871563720703 0.5167410714285714 
96 1591.900457763672 869.9764984130859 1729.0134826660155 1189.9068634033204 0.17901320684523808 2008.6164428710938 1095.1893371582032 2065.0747192382814 1183.9094177246093 0.6179780505952381 
97 1594.4365783691405 1106.9287353515624 1774.274725341797 1157.9277099609376 0.20589773995535715 2003.047119140625 1097.6374206542969 2059.414306640625 1175.4779357910156 0.6654575892857143 
98 1593.6270751953125 1141.1063232421875 1593.6270751953125 1141.1063232421875 0.16048177083333334 1995.6569580078126 1095.9552490234375 2049.2610107421874 1165.6404541015625 0.6276506696428571 
99 1590.9608581542968 1146.1269287109376 1650.0180236816407 1154.1802001953124 0.18045479910714285 2000.437030029297 1091.1997680664062 2054.125347900391 1163.6788940429688 0.6023995535714286 
100 1584.0905822753907 1116.041845703125 1597.5084167480468 1148.244775390625 0.18033854166666666 1996.7433532714845 1091.6831604003905 2047.731378173828 1156.089178466797 0.6099097842261905 
101 1577.7508728027344 1076.5179504394532 1731.087872314453 1165.2919860839843 0.19989885602678573 2009.3088745117188 1095.5557006835938 2063.111291503906 1162.8088012695312 0.6481352306547619 
102 1580.0954833984374 831.0147186279297 1784.7870849609376 1154.2119049072267 0.22569056919642858 2003.2560241699218 1089.8832275390625 2059.8153869628904 1162.6026123046875 0.5929827008928571 
103 1576.8839477539063 1075.3385314941406 1770.4141479492187 1150.6003112792969 0.19864908854166666 1999.4041442871094 1086.8138610839844 2061.226348876953 1170.139385986328 0.5328776041666666 
104 1578.6771911621095 846.4427642822266 1729.126641845703 1184.9541473388672 0.20260765438988096 2003.9863342285157 1098.7763061523438 2068.464715576172 1184.7473754882812 0.5455496651785714 
105 1578.1653564453125 857.3868957519531 1798.8092529296875 913.8932556152344 0.23751976376488096 2006.6202270507813 1096.452325439453 2065.817517089844 1179.8664001464845 0.6173037574404762 
106 1555.36484375 860.5052673339844 1735.67763671875 1113.481427001953 0.18812779017857142 2012.978533935547 1098.0585510253907 2066.803326416016 1176.1044128417968 0.6652483258928571 
107 1590.3792724609375 1139.419677734375 1590.3792724609375 1139.419677734375 0.16195824032738096 2001.2779541015625 1095.6456481933594 2054.9632568359375 1170.804913330078 0.6513206845238095 
108 1569.796630859375 930.1497192382812 1569.796630859375 930.1497192382812 0.17229933965773808 2005.3459106445312 1095.493389892578 2059.015661621094 1165.2638122558594 0.6236514136904762 
109 1563.1022583007812 1077.65322265625 1584.6750854492188 1147.764990234375 0.18979608444940477 2007.4197692871094 1098.707537841797 2061.351837158203 1166.1226623535156 0.6455543154761905 
110 1580.9267211914062 1110.559375 1583.6247924804688 1115.955517578125 0.17277018229166666 2008.7854309082031 1094.163153076172 2062.7476501464844 1169.7102600097655 0.6471819196428571 
111 1580.7558898925781 1068.4716796875 1725.8133239746094 1154.431640625 0.17478143601190477 1999.5010009765624 1082.62607421875 2061.2846435546876 1171.27236328125 0.5484328497023809 
112 1585.9808654785156 842.8421905517578 1728.7690124511719 1184.994906616211 0.19766671316964285 2001.4965881347657 1089.0430236816405 2063.461297607422 1183.336981201172 0.5203915550595238 
113 1584.742169189453 883.4073028564453 1724.7113220214844 1179.4957122802734 0.21217564174107142 1996.88486328125 1091.186785888672 2064.17763671875 1201.5469787597656 0.474609375 
114 1581.6079895019532 834.7260589599609 1770.1665466308593 1144.5008087158203 0.23329961867559523 2011.2521423339845 1100.883770751953 2067.819757080078 1187.0819274902344 0.5739862351190477 
115 1576.4988708496094 846.5032501220703 1765.0520324707031 1142.8011322021484 0.2229062034970238 2004.0588623046874 1100.7392700195312 2060.6247314453126 1186.9350463867188 0.6056315104166666 
116 1590.40869140625 1142.3970947265625 1590.40869140625 1142.3970947265625 0.16215006510416666 2010.385009765625 1098.0743469238282 2058.963623046875 1176.3398376464843 0.6725492931547619 
117 1570.1930053710937 1074.7244384765625 1594.5499145507813 1147.7948486328125 0.19158644903273808 2015.9020568847657 1100.0180114746095 2056.496746826172 1170.382257080078 0.6635509672619048 
118 1543.819873046875 879.9489196777344 1722.2658203125 1174.655206298828 0.20749627976190477 2003.2455078125 1095.1031677246094 2057.319921875 1165.400128173828 0.6549014136904762 
119 1570.9183654785156 855.9232147216796 1765.1891784667969 1104.1583892822266 0.18597702752976192 2002.2163635253905 1086.9312866210937 2056.180487060547 1167.8775512695313 0.5930524553571429 
120 1577.7541076660157 1064.5453979492188 1726.3509948730468 1153.7036254882812 0.18617466517857142 2004.0091979980468 1090.4199584960938 2060.7462951660154 1171.4728637695312 0.5435500372023809 
121 1583.275341796875 846.6260406494141 1788.999072265625 1109.1946990966796 0.21625627790178573 2010.3397155761718 1098.3670776367187 2069.8913635253907 1182.2808715820313 0.5591982886904762 
122 1574.5041625976562 867.8917724609375 1832.2580444335938 914.016064453125 0.23434012276785715 2008.511456298828 1113.6447448730469 2068.201800537109 1200.4671936035156 0.46212332589285715 
123 1580.6591796875 858.3832977294921 1835.51123046875 912.6071197509766 0.2597074962797619 2005.3778015136718 1098.3236999511719 2067.7351135253907 1187.7931213378906 0.45321800595238093 
124 1574.2114562988281 874.1773101806641 1825.6619567871094 917.4376190185546 0.22555687313988096 2004.3186767578125 1095.2622863769532 2061.0978271484373 1187.1904724121093 0.5389462425595238 
125 1574.727606201172 876.6261444091797 1761.1650939941405 919.8580474853516 0.17618233816964285 2001.2269104003906 1092.577862548828 2057.9687683105467 1173.6375915527344 0.6283947172619048 
126 1575.2885437011719 879.2592254638672 1734.6742248535156 919.7809967041015 0.18281482514880953 2003.0531311035156 1088.9334228515625 2057.082000732422 1167.2755615234375 0.6420200892857143 
127 1620.0773376464845 860.5740600585938 1819.921075439453 909.1847290039062 0.2517496744791667 1999.8220275878907 1086.2811950683595 2059.234979248047 1159.197198486328 0.5991675967261905 
128 1577.8383422851562 861.207568359375 1826.8953002929688 912.64326171875 0.24625651041666666 1997.1329162597656 1083.1932983398438 2059.3972351074217 1177.9431762695312 0.5125093005952381 
129 1578.0366638183593 866.8921203613281 1832.4461242675782 912.9023132324219 0.25822521391369047 1999.9358032226562 1089.4483947753906 2062.1850463867186 1173.3493347167969 0.4993257068452381 
130 1572.5444885253905 862.2305389404297 1829.386053466797 913.5988677978515 0.22529529389880953 2002.6242614746093 1097.9632873535156 2064.807012939453 1179.0712585449219 0.4921991257440476 
131 1586.5594909667968 869.8485076904296 1778.3588439941407 918.4736968994141 0.226806640625 2006.7310546875 1096.7660522460938 2068.86318359375 1177.8081665039062 0.5936337425595238 
132 1569.6186889648438 835.5557891845704 1737.0600219726562 1138.0305755615234 0.2044735863095238 2005.5687927246095 1097.312841796875 2067.684259033203 1183.73427734375 0.6208379836309523 
133 1579.9879333496094 845.2641357421875 1768.992413330078 1109.8706298828124 0.223388671875 2000.2634399414062 1096.0586975097656 2056.9648315429686 1185.160906982422 0.6325799851190477 
134 1576.481622314453 845.9177093505859 1773.5822204589845 1107.8184356689453 0.19664364769345238 1999.759783935547 1094.9415283203125 2056.460064697266 1178.6417236328125 0.6611095610119048 
135 1587.0749816894531 843.6467224121094 1767.9681091308594 1140.6356262207032 0.20528157552083334 2006.7015991210938 1095.5681518554688 2060.6995239257812 1171.1652465820312 0.6678989955357143 
136 1588.3090698242188 858.4680053710938 1761.2658813476562 1098.9860961914062 0.19107491629464285 2007.0848022460937 1095.140234375 2063.8363403320313 1176.21376953125 0.6339285714285714 
137 1575.141668701172 845.7946136474609 1734.6238342285155 1186.3834259033204 0.19292922247023808 1995.9914794921874 1095.8300415039062 2058.1623291015626 1179.6257690429688 0.5726376488095238 
138 1563.7804016113282 861.5430328369141 1763.9684997558593 1096.8992889404296 0.19814918154761904 2000.3651306152344 1095.7547119140625 2059.8805969238283 1176.9120361328125 0.6137230282738095 
139 1570.1731689453125 871.1561431884766 1727.1976806640625 1093.1562957763672 0.19858514694940477 1997.9295776367187 1095.0305969238282 2057.490588378906 1181.6648376464843 0.5534551711309523 
140 1555.9765930175781 883.6528533935547 1728.9192810058594 1086.3201080322265 0.19456263950892858 1995.19287109375 1094.8424987792969 2054.641845703125 1178.6117248535156 0.5579892113095238 
141 1578.0000366210938 892.5940460205078 1731.7875610351562 924.970346069336 0.17531040736607142 2002.2129638671875 1098.681787109375 2058.8715087890623 1179.62265625 0.6102585565476191 
142 1579.7813659667968 902.2534332275391 1731.1804260253907 923.8818817138672 0.20274716331845238 2000.7038818359374 1098.8850158691407 2054.7751220703126 1182.6951843261718 0.6190941220238095 
143 1571.0115173339843 901.2022583007813 1719.7198059082032 936.3514526367187 0.17947242373511904 1988.9549072265625 1092.859307861328 2048.4381591796873 1179.3805603027345 0.6759440104166666 
144 1590.044677734375 1110.8905029296875 1590.044677734375 1110.8905029296875 0.1574648902529762 1995.1130065917969 1090.5326110839844 2049.4005432128906 1158.392071533203 0.6284412202380952 
145 1568.9576293945313 904.3446685791016 1755.5809448242187 931.3914764404296 0.18123372395833334 1991.720635986328 1091.6959533691406 2048.5189880371095 1153.9037780761719 0.6266973586309523 
146 1634.2995727539062 912.6392120361328 1701.9951049804688 920.7627044677735 0.1741885230654762 1989.9616271972657 1091.1472290039062 2044.1180847167968 1158.8427612304688 0.6400204613095238 
147 1631.2788146972657 1104.8268981933593 1707.1417175292968 1110.2457336425782 0.16539364769345238 1990.4809631347657 1092.0095336914062 2041.9593444824218 1154.3254272460938 0.6412527901785714 
148 1639.0579833984375 1130.8306884765625 1639.0579833984375 1130.8306884765625 0.17159016927083334 1992.301043701172 1092.2497802734374 2040.8382385253906 1156.9660400390626 0.6469029017857143 
149 1988.6175109863282 1094.1189880371094 2042.7485778808593 1156.3696594238281 0.6385788690476191 
150 1635.03564453125 927.398681640625 1635.03564453125 927.398681640625 0.16291155133928573 1993.948223876953 1093.106756591797 2042.6920349121094 1155.3904357910155 0.6368582589285714 
151 1910.1318115234376 1096.1208801269531 2021.0488525390624 1112.3526306152344 0.21905226934523808 1983.2787475585938 1086.0280700683593 2037.3845825195312 1153.6602844238282 0.6047944568452381 
152 1835.583721923828 1084.9350646972657 1857.3087341308594 1109.3756042480468 0.182861328125 1973.2447021484375 1083.4727966308594 2032.9882080078125 1156.794415283203 0.49760509672619047 
153 1618.4540466308595 900.2855621337891 1723.955743408203 946.2734588623047 0.3437383742559524 1978.4498046875 1089.0231689453126 2029.848046875 1140.4214111328124 0.49424525669642855 
154 1598.604669189453 951.4841552734375 1690.2802185058595 1080.9084228515626 0.22476050967261904 1980.7588500976562 1087.8566772460938 2031.9891967773438 1149.8723266601562 0.5410388764880952 
155 1604.5940673828125 919.6083984375 1712.6051513671875 965.5130615234375 0.3034551711309524 1969.8582641601563 1077.0552307128905 2026.5640991210937 1144.562078857422 0.5080915178571429 
156 1600.49970703125 953.5310119628906 1689.38212890625 1080.1212097167968 0.21675618489583334 1971.25771484375 1080.846258544922 2025.125830078125 1145.4880920410155 0.5327380952380952 
157 1600.7383178710938 894.6255279541016 1705.4457641601562 953.6911834716797 0.34256417410714285 1969.7959106445312 1068.8281188964843 2026.1767456054688 1157.4266418457032 0.46440197172619047 
158 1594.671142578125 900.2319305419921 1699.4296875 953.9542877197266 0.45675223214285715 1959.1563598632813 1064.7049560546875 2020.9371459960937 1161.4051513671875 0.40335518973214285 
159 1576.6836059570312 906.5233459472656 1689.4951049804688 968.3011169433594 0.33955310639880953 1922.7629333496093 1059.8313293457031 2008.7144836425782 1153.8409118652344 0.3821614583333333 
160 1579.8140625 904.0562622070313 1679.540185546875 966.0481079101562 0.3429478236607143 1968.6628845214843 1083.1900268554687 2022.5689270019532 1155.9630493164063 0.5383417038690477 
161 1581.5835327148438 917.5980682373047 1681.4921508789062 974.3028717041016 0.2903413318452381 1971.1438232421874 1090.724383544922 2025.1484130859376 1177.1316955566406 0.5232282366071429 
162 1592.03779296875 910.0837158203125 1689.22294921875 958.6762939453125 0.3666178385416667 1944.6453186035155 1058.2495239257812 2009.435369873047 1190.5292846679688 0.39424060639880953 
163 1582.2667419433594 924.9391082763672 1674.012432861328 968.1135650634766 0.31174432663690477 1926.1054565429688 1055.3965270996093 1988.1687133789062 1155.2373840332032 0.39890252976190477 
164 1578.175927734375 940.2919982910156 1664.4869140625 986.1447692871094 0.335205078125 1902.5685485839845 1008.7599090576172 1964.604669189453 1108.557046508789 0.5072312127976191 
165 1573.2182861328124 957.9137512207031 1646.0119384765626 1009.1388610839844 0.3478887648809524 1908.6703186035156 1027.3890808105468 1967.9836120605469 1105.5749084472657 0.6737816220238095 
166 1564.609686279297 957.8574829101562 2006.5403381347655 1062.9508666992188 0.22323172433035715 1919.3772521972655 1021.5975646972656 1981.355291748047 1113.2172546386719 0.6647600446428571 
167 1871.2018188476563 970.3402465820312 1981.6158081054687 1080.7542358398437 0.3073032924107143 1923.8193054199219 1032.5905883789062 1991.1449279785156 1124.1533081054688 0.7613002232142857 
168 1913.7947692871094 1040.2344848632813 2000.4490051269531 1113.3490112304687 0.42482793898809523 1931.708758544922 1042.5257568359375 2007.5313537597656 1131.8880615234375 0.76611328125 
169 1933.1415283203125 1046.1938903808593 2017.1978271484375 1116.6927062988282 0.4851655505952381 1943.0488708496093 1051.0954040527345 2013.5476867675782 1151.420587158203 0.6650623139880952 
170 1899.5696594238282 1070.9269287109375 2002.5618103027343 1125.1333740234375 0.4604608444940476 1943.76875 1055.811669921875 2025.07841796875 1150.67294921875 0.7594401041666666 
171 1878.3323852539063 1052.5335571289063 1989.2821166992187 1120.1859252929687 0.40640113467261907 1950.772265625 1070.8517944335938 2029.248974609375 1160.1528442382812 0.7677641369047619 
172 1814.616015625 881.2571746826172 2043.192578125 1095.346401977539 0.21689569382440477 1963.8841552734375 1075.2872009277344 2036.3204345703125 1163.8203430175781 0.7612537202380952 
173 1814.8000061035157 902.508901977539 1880.2267272949218 998.2554412841797 0.45253208705357145 1960.8133361816406 1084.0589294433594 2037.410662841797 1170.2307434082031 0.6965680803571429 
174 1828.0025390625 907.659619140625 1893.74013671875 1003.860888671875 0.4037969680059524 1966.0760559082032 1084.9536499023438 2043.0371032714843 1173.1381469726562 0.7608119419642857 
175 1823.039599609375 915.1465911865234 1900.154736328125 1006.7206573486328 0.48710704985119047 1965.653094482422 1091.3742126464845 2049.194439697266 1176.522149658203 0.7463960193452381 
176 1837.8181274414062 933.3069091796875 1900.2133666992188 1014.6921142578125 0.4791666666666667 1962.2957397460937 1098.4771057128905 2049.1066040039063 1177.149481201172 0.7727167038690477 
177 1841.0095642089843 930.3241760253907 1908.3250305175782 1011.1027038574218 0.4601469494047619 1964.87001953125 1098.0949279785157 2053.726416015625 1178.8734558105468 0.7730189732142857 
178 1845.843682861328 910.0894744873046 1921.5517028808595 1172.6513092041016 0.213134765625 1974.5224365234376 1097.3149780273438 2051.8413330078124 1176.2445922851562 0.7359095982142857 
179 1851.2412841796875 947.1117950439453 1910.8324462890625 1009.4115814208984 0.46499488467261907 1968.9649963378906 1089.8388549804688 2055.643035888672 1179.2255981445312 0.7785993303571429 
180 1852.6037109375 950.2536804199219 1914.83232421875 1088.2388732910156 0.4050176711309524 1972.586407470703 1096.5638488769532 2059.165423583984 1175.0261169433593 0.7814825148809523 
181 1866.4450073242188 1095.8101135253905 1993.4917602539062 1149.872625732422 0.39236886160714285 1973.0104248046875 1089.6760803222655 2059.5105712890627 1178.879217529297 0.7734142485119048 
182 1887.9558044433593 1092.4541748046875 2010.5333312988282 1144.2091552734375 0.4288853236607143 1976.4839294433593 1084.1775939941406 2058.202227783203 1171.343768310547 0.7645554315476191 
183 1925.5361083984376 1089.2027954101563 2037.3957763671874 1132.8553100585937 0.44299897693452384 1982.7251831054687 1077.8699462890625 2053.6605590820313 1165.1749755859375 0.7834356398809523 
184 1954.8422973632812 1097.9141723632813 2041.9267456054688 1138.7349975585937 0.4865141369047619 1980.9048217773438 1076.1431396484375 2059.824914550781 1160.5060302734375 0.8008975074404762 
185 1948.4575439453124 1105.8755798339844 2035.5651611328126 1149.4292297363281 0.5088239397321429 1983.2168518066405 1078.131036376953 2059.435858154297 1162.5163024902345 0.7950381324404762 
186 1958.5023315429687 1105.7952697753906 2040.0738403320313 1152.019061279297 0.44009254092261907 1983.6013305664062 1074.212384033203 2065.1728393554686 1158.5030700683594 0.8151971726190477 
187 1963.8650512695312 1097.755682373047 2039.8734741210938 1143.9036193847655 0.44313848586309523 1984.120098876953 1070.0877380371094 2065.557513427734 1156.9546203613281 0.8307291666666666 
188 1964.5108337402344 1091.6050903320313 2045.9028625488281 1143.1534545898437 0.4507649739583333 1983.2936889648438 1072.9267333984376 2064.6855590820314 1159.7448974609374 0.8463309151785714 
189 1965.4712219238281 1096.357354736328 2049.4451599121094 1139.6986755371095 0.43833705357142855 1986.6209411621094 1072.6028747558594 2067.886016845703 1159.2856750488281 0.8404482886904762 
190 1677.7818481445313 854.6543701171875 1766.5750854492187 901.234423828125 0.5257859002976191 1995.3882934570313 1071.4866821289063 2068.169567871094 1160.2799194335937 0.7606026785714286 
191 1963.7570007324218 1088.8667907714844 2050.3439514160154 1132.1601867675781 0.3786737351190476 1991.4398986816407 1071.3828552246093 2072.615155029297 1157.9698059082032 0.8373558407738095 
192 1950.2994262695313 1102.1588623046875 2061.369763183594 1137.3762939453125 0.39633324032738093 1990.6224243164063 1073.6098083496095 2077.311413574219 1157.589776611328 0.8108491443452381 
193 1980.1920471191406 1089.5695068359375 2064.042205810547 1138.2566650390625 0.4422200520833333 1994.7566040039062 1073.0283508300781 2078.6069213867186 1156.8785095214844 0.8305431547619048 
194 1968.8447265625 1097.0532592773438 2066.08447265625 1140.2709594726562 0.434326171875 1995.024591064453 1073.3666687011719 2081.4601501464845 1159.8019104003906 0.8112444196428571 
195 1981.0342102050781 1080.8720336914062 2067.4646911621094 1129.4890502929688 0.3862885974702381 2000.3563720703125 1070.5875549316406 2081.3848388671877 1154.3171081542969 0.83935546875 
196 1982.1312255859375 1083.4218444824219 2076.6446533203125 1118.5267639160156 0.44739350818452384 1997.9180786132813 1074.2821044921875 2081.630017089844 1152.5931396484375 0.8314499627976191 
197 1975.7542114257812 1082.0306762695313 2073.0018920898438 1122.5506225585937 0.46194893973214285 2000.4817626953125 1073.1994140625 2081.5216552734373 1154.239306640625 0.8351004464285714 
198 1977.7128540039062 1078.6757446289062 2072.128210449219 1121.8369506835938 0.45925176711309523 2001.7835815429687 1071.9317749023437 2085.408557128906 1155.5567504882813 0.8424246651785714 
199 1989.242608642578 1059.920635986328 2081.2323669433595 1095.0931579589844 0.45352027529761907 2005.3720092773438 1067.7252197265625 2083.8338012695312 1143.4813232421875 0.8411690848214286 
200 1995.8677551269532 1065.2989868164063 2082.2956970214846 1086.9060913085937 0.4904087611607143 2005.1130981445312 1071.8434265136718 2083.4384155273438 1144.7670471191407 0.8398902529761905 
201 1980.2543823242188 1074.9154846191407 2071.9738891601564 1112.6822937011718 0.4348028273809524 2004.6367736816405 1067.5489196777344 2082.867987060547 1151.1753234863281 0.8346586681547619 
202 1990.5102905273438 1068.843817138672 2079.485070800781 1106.5906311035155 0.4245489211309524 2008.6577087402343 1068.0142761230468 2084.151495361328 1148.9003967285157 0.8464936755952381 
203 1986.3384887695313 1072.176953125 2075.185681152344 1107.177294921875 0.4077729724702381 2008.2914611816407 1064.5141235351562 2086.369061279297 1147.9765991210938 0.8413783482142857 
204 1992.416943359375 1070.1092651367187 2081.477099609375 1105.1937133789063 0.3986235119047619 2010.2705871582032 1064.5040954589845 2088.5354431152346 1148.166680908203 0.8486328125 
205 1991.9507385253905 1071.2739379882812 2078.294256591797 1111.7475463867188 0.4180268787202381 2009.1778991699218 1063.905694580078 2090.1249572753904 1150.2492126464845 0.8482375372023809 
206 1988.1680908203125 1071.8517822265626 2074.1883544921875 1120.2380615234374 0.373779296875 2011.8443420410156 1060.995867919922 2089.8000671386717 1149.7042053222656 0.8437965029761905 
207 1994.4091491699219 1074.1276794433593 2072.4781799316406 1119.8922180175782 0.40636625744047616 2013.3569763183593 1060.8745727539062 2088.733966064453 1149.7116088867188 0.8435174851190477 
208 1988.9515502929687 1074.9570678710938 2077.826037597656 1118.0478149414062 0.4302571614583333 2012.9828735351562 1063.4593627929687 2091.084753417969 1152.3338500976563 0.8380998883928571 
209 1999.838720703125 1074.90185546875 2075.281884765625 1120.70654296875 0.42092168898809523 2016.1087951660156 1064.331610107422 2094.246063232422 1147.8577209472655 0.8617234002976191 
210 1998.6346862792968 1077.5291259765625 2074.1671936035154 1139.5736572265625 0.4367792038690476 2016.9990844726562 1061.9660766601562 2095.2291870117188 1150.9865600585938 0.8424479166666666 
211 2006.0523742675782 1077.7006042480468 2078.7858825683593 1128.8835021972657 0.4028436569940476 2017.863836669922 1063.2990295410157 2095.9849182128905 1149.5016296386718 0.8540969122023809 
212 1993.6104431152344 1078.1512512207032 2077.401885986328 1140.3190856933593 0.3722330729166667 2014.7141967773437 1071.4978942871094 2095.8026489257813 1155.2893371582031 0.8544456845238095 
213 2005.0868286132813 1090.5941528320313 2075.1868530273437 1139.1248413085937 0.38823009672619047 2018.9823181152344 1069.95810546875 2094.4748352050783 1153.53896484375 0.8562360491071429 
214 2001.4317993164063 1079.5796691894532 2087.7945190429687 1122.7610290527343 0.4503580729166667 2016.8980895996094 1075.22001953125 2095.1645324707033 1156.185009765625 0.8429361979166666 
215 2003.811962890625 1079.8756469726563 2087.146533203125 1120.1988159179687 0.43460518973214285 2016.8394104003905 1075.2229736328125 2094.797674560547 1155.8693115234375 0.8488653273809523 
216 1989.9151611328125 1081.673583984375 2084.2254638671875 1122.09228515625 0.43613978794642855 2016.653826904297 1074.9371154785156 2094.796490478516 1155.774676513672 0.8439127604166666 
217 1996.2417907714844 1082.498779296875 2085.200225830078 1120.23876953125 0.44326636904761907 2016.1485534667968 1075.137432861328 2094.3242248535157 1158.7044860839844 0.8436569940476191 
218 2004.274591064453 1079.9062072753907 2082.4201110839845 1120.3263366699218 0.41464378720238093 2016.4005493164063 1072.8586791992188 2097.2408081054687 1156.3935180664062 0.8559105282738095 
219 1998.7384460449218 1078.6943786621093 2079.5902893066404 1124.5103332519532 0.36256626674107145 2017.7074951171876 1072.5786743164062 2095.8642822265624 1153.4303588867188 0.8542829241071429 
220 2009.7514587402343 1074.65654296875 2077.107550048828 1120.45869140625 0.3809175037202381 2018.8705017089844 1067.6100463867188 2097.0036437988283 1156.5200805664062 0.8600725446428571 
221 2005.5165649414062 1078.2803588867187 2075.575964355469 1124.0885375976563 0.38271949404761907 2019.404119873047 1067.087451171875 2094.8528381347655 1156.009228515625 0.8563755580357143 
222 1626.2857604980468 1082.5056762695312 2127.0502990722657 1136.3512573242188 0.3540620349702381 2018.84130859375 1068.7335632324218 2096.91748046875 1152.1942932128907 0.8546084449404762 
223 2014.15068359375 1069.1977416992188 2089.50751953125 1101.4936645507812 0.44225492931547616 2017.9806213378906 1068.8872924804687 2096.029022216797 1157.7008422851563 0.8484468005952381 
224 2012.5664489746093 1074.4010498046875 2085.112384033203 1117.3911865234375 0.40548270089285715 2018.1468566894532 1069.130633544922 2096.0664001464843 1157.7977111816406 0.8435639880952381 
225 1998.7499877929688 1076.9542724609375 2079.3357055664064 1138.7366455078125 0.4050409226190476 2014.970440673828 1067.6559753417969 2098.242327880859 1156.3002014160156 0.8541201636904762 
226 1998.6552978515624 1078.831524658203 2079.1962646484376 1124.4713317871094 0.40075102306547616 2017.2416198730468 1065.3047729492187 2097.7824279785154 1156.5843872070313 0.8584216889880952 
227 2006.8940551757812 1086.1794921875 2074.1960327148436 1140.020947265625 0.42958286830357145 2020.147283935547 1065.2640869140625 2098.2175842285155 1156.7947509765625 0.8549107142857143 
228 2007.4930114746094 1107.592218017578 2074.767852783203 1153.3393005371095 0.43112909226190477 2020.7409973144531 1067.4342956542969 2098.7798767089844 1156.2372131347656 0.8572823660714286 
229 2018.0979858398437 1100.55029296875 2077.4647583007813 1146.4248046875 0.385009765625 2024.5327392578124 1069.2062072753906 2100.0907958984376 1152.8595886230469 0.8604213169642857 
230 2019.701171875 1080.7476379394532 2084.65673828125 1140.2900817871093 0.3727911086309524 2026.4673950195313 1069.609423828125 2104.955212402344 1153.510205078125 0.8672572544642857 
231 2006.8531127929687 1099.9668395996093 2082.7428344726563 1140.6221496582032 0.3783365885416667 2029.474102783203 1076.824688720703 2108.074114990234 1155.4247009277344 0.85888671875 
232 1649.5006103515625 1106.9112670898437 2128.0789794921875 1136.8223754882813 0.29564848400297616 2029.9788879394532 1080.6605895996095 2111.5546813964843 1156.798028564453 0.853515625 
233 1651.812322998047 1106.9354064941406 2127.7092834472655 1136.848895263672 0.28782435825892855 2029.9150268554688 1080.682598876953 2111.4973266601564 1156.8260681152344 0.8544921875 
234 1660.2239685058594 1112.1347961425781 2119.949005126953 1147.4983825683594 0.30808221726190477 2031.749774169922 1084.0952026367188 2118.798199462891 1162.9829223632812 0.8376348586309523 
235 2004.217840576172 1109.894757080078 2080.3267150878905 1147.9491149902344 0.30616978236607145 2033.3858947753906 1083.6538879394532 2128.522186279297 1167.9172790527343 0.8149181547619048 
236 1997.5308166503905 1114.42744140625 2089.891912841797 1149.7419921875 0.43812779017857145 2033.0542541503905 1092.0685668945312 2125.415350341797 1176.2800659179688 0.7745535714285714 
237 1995.7706115722656 1109.5745422363282 2098.9201843261717 1144.8625915527343 0.44680059523809523 2031.8938415527343 1104.250018310547 2129.614581298828 1185.6839416503906 0.7431408110119048 
238 1977.0121826171876 1113.3235656738282 2052.9695068359374 1148.5893981933593 0.4481840587797619 2035.0234680175781 1116.349298095703 2132.6829528808594 1197.7321228027345 0.7338169642857143 
239 1978.5996215820312 1111.9119140625 2062.3356811523436 1155.13056640625 0.4164341517857143 2040.8302368164063 1123.8593872070312 2143.4746948242187 1207.5954467773438 0.7563709077380952 
240 1974.9241638183594 1116.7104248046876 2056.357452392578 1162.8559814453124 0.47220284598214285 2047.2744995117187 1133.8322143554688 2153.1378540039063 1212.5510864257812 0.7740652901785714 
241 1977.473858642578 1115.3814270019532 2055.705706787109 1161.2414978027343 0.4450799851190476 2054.9794799804686 1144.848126220703 2162.8855102539064 1223.0799743652344 0.7754836309523809 
242 1991.6388061523437 1120.5145935058595 2053.697619628906 1160.987725830078 0.47329566592261907 2063.66025390625 1151.1289184570312 2185.0794921875 1232.0751831054688 0.7595098586309523 
243 1993.0588500976562 1132.8200927734374 2063.2045776367186 1165.1950439453126 0.38535853794642855 2076.382702636719 1160.7331115722657 2197.788928222656 1238.9725769042968 0.7698567708333334 
244 2024.865252685547 1150.1866821289063 2124.634381103516 1190.6336303710937 0.33151971726190477 2096.7363403320314 1177.255029296875 2220.7736694335936 1252.75595703125 0.7879231770833334 
245 2016.2857421875 1141.2 2132.50625 1192.553173828125 0.27836681547619047 2107.972937011719 1191.3057739257813 2240.410119628906 1258.8756225585937 0.8070359002976191 
246 2183.6408813476564 1203.0899719238282 2189.0468627929686 1205.7929626464843 0.17244175502232142 2119.9128540039064 1198.8276000976562 2263.1708862304686 1274.5110229492188 0.8121744791666666 
247 2188.332373046875 1219.258074951172 2199.150048828125 1243.5980041503906 0.16957891555059523 2145.16533203125 1206.1520080566406 2277.6828125 1289.9894714355469 0.8020135788690477 
248 2172.765905761719 1212.8353271484375 2300.086877441406 1299.5220947265625 0.833984375 
249 2191.5178100585936 1222.9870544433593 2318.4350708007814 1309.3988098144532 0.7966889880952381 
250 2209.5385986328124 1229.318426513672 2338.4360107421876 1317.9353576660155 0.8241954985119048 
251 2235.8506713867187 1236.9370666503905 2365.1622680664063 1325.838690185547 0.826171875 
252 2265.0867309570312 1246.2617614746093 2372.4081420898438 1332.1187316894532 0.8028738839285714 
253 1713.7287170410157 1114.5364196777343 1761.6612976074218 1268.9861633300782 0.1464291527157738 2283.0829345703123 1251.5747619628905 2402.9146240234377 1336.788397216797 0.8377976190476191 
254 2293.589111328125 1259.9152954101562 2424.230224609375 1342.5659057617188 0.8050595238095238 
255 1728.9390869140625 1131.6563720703125 1728.9390869140625 1131.6563720703125 0.09260486421130952 2314.278674316406 1261.3091125488281 2445.267956542969 1349.5264587402344 0.8371233258928571 
256 2331.829052734375 1267.3883422851563 2469.613818359375 1352.8147827148437 0.8159877232142857 
257 2344.855712890625 1267.238720703125 2479.394287109375 1351.32548828125 0.8093610491071429 
258 2420.9619018554686 1303.5483032226562 2443.7204711914064 1337.6863159179688 0.15276808965773808 2358.047326660156 1271.0515380859374 2508.823522949219 1359.2414306640626 0.7657180059523809 
259 2377.189416503906 1279.529638671875 2523.312780761719 1365.484521484375 0.7967122395833334 
260 2389.757275390625 1286.7373962402344 2540.465869140625 1367.8882141113281 0.8033156622023809 
261 2396.877062988281 1289.1428466796874 2529.980114746094 1369.0046142578126 0.7880161830357143 
262 2404.7942138671874 1291.3772216796874 2536.2433837890626 1367.3256591796876 0.8029901413690477 
263 2413.120263671875 1294.8512878417969 2536.422216796875 1368.2452697753906 0.8000139508928571 
264 1987.0127807617187 881.0502349853516 2060.8649047851563 946.0401580810546 0.21786644345238096 2420.4685302734374 1290.9868530273438 2538.6320556640626 1367.7931762695312 0.8422154017857143 
265 2420.1224365234375 1290.84580078125 2544.5777587890625 1370.8529296875 0.8354259672619048 
266 1993.3484436035155 893.9894622802734 2010.937322998047 920.3727813720703 0.18881370907738096 2418.3005249023436 1291.8818237304688 2544.3545043945314 1368.1003540039062 0.7773670014880952 
267 1954.1499084472657 890.5375732421875 2094.438348388672 925.6096435546875 0.3067103794642857 2421.553076171875 1294.6535217285157 2544.305322265625 1373.5658386230468 0.7197730654761905 
268 2428.0923461914062 1294.871728515625 2548.0075073242188 1370.915380859375 0.7603934151785714 
269 1943.6606750488281 888.7315399169922 2040.1045837402344 929.647183227539 0.3615838913690476 2421.384423828125 1287.0971069335938 2547.054052734375 1363.0833129882812 0.7529296875 
270 2441.1608764648436 1281.630596923828 2543.9506958007814 1360.9256774902344 0.8089192708333334 
271 1937.9548889160155 888.2135192871094 2071.759832763672 931.8455627441406 0.3627348400297619 2425.5147216796877 1269.9377380371093 2541.8666259765623 1360.1104797363282 0.8353794642857143 
272 1948.9528564453126 892.667041015625 2051.5449462890624 930.77265625 0.22905040922619047 2430.1211181640624 1257.9399536132812 2544.4379638671876 1354.6696655273438 0.8360305059523809 
273 1760.3453369140625 1142.13720703125 1760.3453369140625 1142.13720703125 0.13407098679315477 2418.29404296875 1235.9704711914062 2537.23134765625 1331.7004272460938 0.8491908482142857 
274 1755.4559326171875 1153.442138671875 1755.4559326171875 1153.442138671875 0.12981015159970238 2411.8653198242187 1219.859307861328 2527.1803344726563 1297.6969665527345 0.8235444568452381 
275 2404.85341796875 1203.197686767578 2516.3931640625 1271.8375915527345 0.8371000744047619 
276 1739.8804565429687 1136.3514404296875 1767.6676391601563 1141.9088134765625 0.17168898809523808 2396.300390625 1186.6890380859375 2496.334375 1256.1571533203125 0.8301246279761905 
277 1684.7545227050782 1138.3831665039063 1720.5414978027343 1143.8888061523437 0.19391159784226192 2385.0360717773438 1178.2993469238281 2481.3855590820312 1241.6148376464844 0.8275902157738095 
278 1757.1241455078125 1151.2958984375 1757.1241455078125 1151.2958984375 0.13874162946428573 2381.892919921875 1168.4656066894531 2468.469873046875 1236.1038513183594 0.82763671875 
279 1714.6864440917968 1094.5964416503907 1769.6906311035157 1160.6014343261718 0.2599690755208333 2374.525390625 1169.5924926757812 2468.03271484375 1227.3469604492188 0.8186383928571429 
280 1727.25732421875 1146.55859375 1727.25732421875 1146.55859375 0.13878231956845238 2375.3234375 1171.227960205078 2478.16435546875 1228.0612243652345 0.8138020833333334 
281 1702.6107299804687 1102.4240356445312 1759.7374145507813 1154.1101440429688 0.260009765625 2372.8552734375 1172.3153686523438 2478.9474609375 1234.8826293945312 0.7297247023809523 
282 1739.7227783203125 1147.0660400390625 1739.7227783203125 1147.0660400390625 0.12400890531994048 2369.5796508789062 1175.3409790039063 2451.8722534179688 1241.1753784179687 0.6746884300595238 
283 1954.7036560058593 889.9700286865234 2118.179766845703 939.8441192626954 0.3201381138392857 2383.3220336914064 1162.465625 2452.5917846679686 1215.110546875 0.5110560825892857 
284 1706.3168640136719 1147.386785888672 1745.6683654785156 1184.1148010253905 0.25007556733630953 2382.7581298828127 1162.9255493164062 2453.5909912109373 1204.9003784179688 0.5534319196428571 
285 1984.3066284179688 834.6324615478516 2086.9821899414064 1216.3745574951172 0.20015462239583334 2380.022412109375 1132.9380126953124 2598.536669921875 1193.4902099609376 0.46464611235119047 
286 1698.8016479492187 1144.000830078125 1750.2789184570313 1179.2220703125 0.3125697544642857 2390.0966186523438 1131.0793701171874 2501.1790161132812 1187.9753173828126 0.5918201264880952 
287 1713.9044189453125 1141.583349609375 1756.4083251953125 1164.252099609375 0.19191778273809523 2386.9927734375 1137.332958984375 2452.1654296875 1196.838427734375 0.5020461309523809 
288 1716.9384399414062 1157.7142761230468 1746.8425659179688 1184.8998596191407 0.19700404575892858 2390.306201171875 1146.52626953125 2474.581494140625 1198.179052734375 0.4918852306547619 
289 1701.2358032226562 1146.471905517578 1751.3603881835938 1210.5199157714844 0.22429547991071427 2407.4768798828127 1150.2205444335937 2463.1705810546873 1200.3451293945313 0.5025111607142857 
290 1670.1387939453125 1147.3054504394531 1746.8502197265625 1265.1123962402344 0.40709867931547616 2396.684326171875 1143.4067260742188 2459.697509765625 1203.6799438476562 0.61669921875 
291 1686.0582763671875 1156.797705078125 1754.3692138671875 1250.725244140625 0.36097935267857145 2395.440478515625 1148.258837890625 2463.751416015625 1202.338330078125 0.5149855840773809 
292 1700.8773803710938 1131.7645141601563 1761.5181274414062 1164.8411987304687 0.33451915922619047 2395.9127563476563 1102.0802307128906 2643.9883666992187 1190.2848815917969 0.5384928385416666 
293 1708.6219543457032 1111.5767761230468 1761.6142517089843 1156.2019104003907 0.31996372767857145 2414.2569946289063 1076.2843872070312 2562.0777221679687 1185.0581420898438 0.5002092633928571 
294 1704.773486328125 1140.0003479003906 1762.77900390625 1186.957293701172 0.31894647507440477 2389.047473144531 1142.9750244140625 2648.691052246094 1200.9805419921875 0.4497651599702381 
295 1609.2307250976562 1140.838818359375 2725.3178588867186 1159.709765625 0.22845168340773808 2400.98466796875 1092.1058532714844 2622.04560546875 1191.852764892578 0.46879650297619047 
296 1701.5720825195312 1143.1483764648438 1756.6586303710938 1214.7610473632812 0.28501092819940477 2387.5062866210938 1148.9748474121093 2649.1677856445312 1206.8158020019532 0.4789457775297619 
297 1683.6037963867188 1138.785498046875 1754.5956665039062 1196.125146484375 0.25871349516369047 2394.6783081054687 1106.7550048828125 2637.6891235351563 1205.0516357421875 0.5036737351190477 
298 1721.9156677246094 1143.4268005371093 1768.815167236328 1219.6385070800782 0.21437872023809523 2433.8634643554688 1086.0426513671875 2583.3555297851562 1171.0479248046875 0.5523042224702381 
299 1725.8719116210937 1097.640869140625 1781.7792114257813 1150.605712890625 0.21890694754464285 2418.9413940429686 1085.7578186035157 2569.0085571289064 1182.8599792480468 0.5369466145833334 
