0 2507.5952270507814 542.2938659667968 2761.0866577148436 773.9326965332032 0.5921223958333334 2338.320751953125 0.0 2631.147021484375 321.2452240943909 0.5299479166666666 
1 2522.108752441406 548.0846313476562 2760.354382324219 769.3128295898438 0.5649297805059523 2353.569470214844 0.0 2634.358996582031 331.92903060913085 0.5414690290178571 
2 2493.480993652344 537.8111724853516 2797.704797363281 792.0256805419922 0.7237490699404762 2310.2735595703125 0.0 2618.6649169921875 344.0247468948364 0.6758742559523809 
3 2511.5038818359376 540.7197204589844 2775.8755126953124 775.2429260253906 0.6753627232142857 2330.4455322265626 0.0 2628.9294677734374 335.5529606938362 0.6861979166666666 
4 2498.637646484375 542.6618713378906 2800.191943359375 782.2530456542969 0.6881394159226191 2324.346240234375 0.0 2621.769482421875 342.31408421993257 0.6595749627976191 
5 2495.7933349609375 539.8614807128906 2806.1905517578125 784.0407409667969 0.6732235863095238 2318.9463745117187 0.0 2616.9278930664063 332.2931778907776 0.6787109375 
6 2498.6346435546875 538.8333618164063 2792.3248291015625 790.5677612304687 0.7003929501488095 2314.1908325195313 0.0 2612.0765014648437 342.77106018066405 0.6947312127976191 
7 2501.6844970703123 543.7838348388672 2814.6182373046877 781.0077301025391 0.6391834077380952 2324.8342407226564 0.0 2622.6259643554686 316.84866948127745 0.5913550967261905 
8 2487.73017578125 544.4961059570312 2811.03154296875 776.8688842773438 0.6741303943452381 2311.3134033203123 0.0 2614.4082763671877 346.5129134654999 0.6859188988095238 
9 2480.714990234375 539.6455200195312 2819.291357421875 782.2078735351563 0.6978236607142857 2310.454833984375 0.0 2608.604248046875 345.479079914093 0.6777576264880952 
10 2485.7208251953125 536.0301635742187 2823.2733154296875 792.9731323242188 0.6900111607142857 2322.7576904296875 0.0 2594.8150634765625 326.1740655899048 0.6684105282738095 
11 2494.059716796875 534.9773681640625 2827.532568359375 772.45048828125 0.6748046875 2317.218017578125 0.0 2600.164794921875 347.4474233567715 0.7042643229166666 
12 2488.4448364257814 529.0528991699218 2797.9987670898436 780.0425598144532 0.7444196428571429 2323.6927490234375 0.0 2583.0484619140625 348.21158876419065 0.7417457217261905 
13 2487.4508422851563 521.524203491211 2805.0396362304687 772.2521026611328 0.7215634300595238 2328.0136962890624 0.0 2578.7416748046876 361.1227056503296 0.7340029761904762 
14 2487.2353759765624 505.73784790039065 2840.8969482421876 744.8329528808594 0.7226097470238095 2325.7312866210937 0.0 2584.7508911132813 358.2193104147911 0.7439081101190477 
15 2475.9603271484375 462.4846481323242 2812.5924072265625 736.7774673461914 0.7873418898809523 2324.2681640625 0.0 2590.24892578125 356.18820147514344 0.7443498883928571 
16 2495.945520019531 417.874462890625 2817.061071777344 701.4569580078125 0.7619977678571429 2326.24521484375 0.0 2588.9759765625 356.2818784713745 0.7289341517857143 
17 2523.609765625 364.9717498779297 2834.55478515625 654.3232330322265 0.8059198288690477 2331.760693359375 0.0 2577.925341796875 369.95484056472776 0.7027297247023809 
18 2548.8216186523437 278.1591430664063 2848.1234497070313 602.4025024414062 0.8225678943452381 2332.9792236328126 0.0 2590.7112060546874 380.64432735443114 0.6906389508928571 
19 2573.6348876953125 225.4853042602539 2916.3988037109375 548.0865646362305 0.8073846726190477 2342.540808105469 0.0 2604.654260253906 376.89853036403656 0.6866629464285714 
20 2559.227734375 191.54827194213868 2945.256640625 511.5459815979004 0.7821568080357143 2320.694616699219 0.0 2640.692346191406 362.0965135574341 0.6373232886904762 
21 2524.6125244140626 147.73715591430664 2951.4778076171874 478.0494499206543 0.7467215401785714 2336.3931518554687 0.0 2565.0709594726563 330.6793367385864 0.5481073288690477 
22 2489.6751708984375 149.531729888916 2967.8917236328125 459.8638236999512 0.7257254464285714 2285.98291015625 0.0 2494.56689453125 288.848544716835 0.5320521763392857 
23 2447.8279052734374 124.82108993530274 2967.1379150390626 450.66268997192384 0.7095656622023809 2245.9393920898438 0.0 2444.4988403320312 292.04988651275636 0.6292085193452381 
24 2440.7797973632814 117.84613800048828 2980.6140014648436 438.69100189208984 0.7092168898809523 2212.9760986328124 0.0 2350.4809326171876 269.4541465759277 0.7114025297619048 
25 2418.8005981445312 106.59272003173828 2962.6630249023438 431.89363861083984 0.7137741815476191 2114.02666015625 0.0 2317.33955078125 312.8381935119629 0.7757393973214286 
26 2392.926708984375 97.85191116333007 2960.130419921875 416.28210678100584 0.696044921875 2067.7989013671877 0.0 2301.6459228515623 367.8669242858887 0.8061988467261905 
27 2371.81083984375 101.9726348876953 2954.95478515625 398.4041351318359 0.7469308035714286 2066.5949462890626 0.0 2314.4309326171874 412.23508605957034 0.8311244419642857 
28 2347.458740234375 87.98376846313477 2935.416748046875 377.2211723327637 0.7432221912202381 2099.8013671875 0.0 2336.88125 453.26907978057864 0.8210565476190477 
29 2342.816650390625 78.2896755218506 2933.548583984375 368.96741218566893 0.7578822544642857 2138.5127685546877 41.323834609985354 2405.7484619140623 496.0938213348389 0.83251953125 
30 2333.6342895507814 75.25200576782227 2924.5798217773436 358.7136772155762 0.7735886346726191 2181.1858520507812 125.32900390625 2459.8432006835938 519.2926391601562 0.8416573660714286 
31 2324.172229003906 65.03151931762696 2901.484265136719 351.2205406188965 0.8006417410714286 2193.4132446289063 182.31586837768555 2489.4707885742187 537.5849647521973 0.8446568080357143 
32 2315.2992919921876 71.0369987487793 2905.2866455078124 328.84656143188477 0.7841796875 2210.230603027344 231.97728271484374 2487.871691894531 549.2813842773437 0.8170805431547619 
33 2309.300891113281 66.03393058776855 2892.186169433594 327.32737464904784 0.7763904389880952 2222.7184448242188 247.50918884277343 2484.0117797851562 543.9767120361328 0.8086170014880952 
34 2323.470422363281 77.93178787231446 2878.535192871094 337.962117767334 0.8021065848214286 2227.882421875 277.3781280517578 2477.9115234375 542.4090423583984 0.8227306547619048 
35 2327.203503417969 75.91379814147949 2868.500842285156 329.49444313049315 0.7840634300595238 2240.3635009765626 276.22749786376954 2493.9441162109374 549.3143417358399 0.8383556547619048 
36 2344.4119262695312 73.10537147521973 2867.9174194335938 339.79684257507324 0.7880626860119048 2207.8371459960936 285.85067596435545 2499.2221801757814 552.5421768188477 0.8303571428571429 
37 2366.266650390625 73.40072021484374 2885.972119140625 355.9590209960937 0.7660202752976191 2146.39150390625 266.30109252929685 2519.7720703125 558.9507385253906 0.7734840029761905 
38 2352.9444946289063 76.03797874450683 2880.7930541992187 342.4757617950439 0.7465355282738095 2126.7237915039063 262.0416961669922 2503.7583862304687 558.642202758789 0.7507905505952381 
39 2338.972521972656 74.37307929992676 2881.518444824219 345.6461696624756 0.7755533854166666 2105.8220947265627 267.99627990722655 2512.7316162109373 565.3532684326171 0.7672293526785714 
40 2353.878454589844 86.63648147583008 2874.068566894531 344.05014877319337 0.7854352678571429 2128.435498046875 291.6598602294922 2493.104541015625 559.7990631103515 0.7872953869047619 
41 2378.3340698242187 96.08093147277832 2877.9615844726563 345.8947383880615 0.8018275669642857 2139.28134765625 290.35921478271484 2479.02822265625 555.1618118286133 0.8389601934523809 
42 2368.731896972656 94.34954071044922 2873.789831542969 339.79813385009766 0.7952241443452381 2133.6315307617188 272.0819320678711 2473.4834594726562 550.571662902832 0.8706287202380952 
43 2380.250939941406 97.99947853088379 2861.835241699219 331.9118907928467 0.7938290550595238 2141.399035644531 228.5388442993164 2430.349743652344 554.1815841674804 0.8856491815476191 
44 2373.596545410156 93.02124710083008 2850.317272949219 326.8843162536621 0.7831101190476191 2165.6798095703125 208.5689826965332 2435.5218505859375 550.3688682556152 0.8568405877976191 
45 2368.117712402344 83.3872673034668 2847.200402832031 318.4926918029785 0.7999209449404762 2185.5613037109374 199.74568634033204 2442.8464111328126 550.1858627319336 0.8387974330357143 
46 2376.5881225585936 82.48946380615234 2833.0503051757814 314.28662872314453 0.7538132440476191 2199.1056518554688 219.78468170166016 2434.4688110351562 569.2635055541992 0.8251488095238095 
47 2399.7082641601564 78.57257308959962 2839.3510620117186 321.6270881652832 0.7528831845238095 2206.8317138671873 252.34005432128907 2435.5891845703127 609.7731658935547 0.8038039434523809 
48 2429.751013183594 80.62192192077637 2841.573937988281 332.08911476135256 0.74658203125 2186.974475097656 274.1983932495117 2467.597058105469 645.9324966430664 0.7970610119047619 
49 2424.8906127929686 76.69982414245605 2840.8103149414064 335.7374698638916 0.7456984747023809 2176.2369995117188 268.1014175415039 2460.8135375976562 643.8884201049805 0.7862490699404762 
50 2424.70224609375 75.84730110168456 2831.9310546875 319.2993282318115 0.7561616443452381 2178.8666748046876 261.07515411376954 2444.4507080078124 610.7607528686524 0.8581891741071429 
51 2409.456018066406 62.52529373168946 2844.499304199219 323.55141220092776 0.7427920386904762 2152.177880859375 221.55044708251953 2427.125341796875 566.1049179077148 0.8053385416666666 
52 2416.5491455078127 59.816355133056646 2833.2911865234373 318.5997673034668 0.7569521949404762 2138.247119140625 195.2834045410156 2457.525341796875 534.7265441894531 0.7887137276785714 
53 2420.652966308594 60.2355281829834 2825.209094238281 319.8256977081299 0.7636253720238095 2168.7129638671877 192.3645797729492 2441.7885009765623 542.9798721313476 0.7912946428571429 
54 2407.2235717773438 62.75069084167481 2818.6580200195312 309.6114688873291 0.7479306175595238 2177.287878417969 217.41708679199218 2434.881799316406 578.7640045166015 0.8032924107142857 
55 2417.847021484375 49.002197265625 2824.790185546875 309.58856201171875 0.7476515997023809 2200.6460815429687 255.9061080932617 2443.3839477539063 627.1523941040039 0.7803431919642857 
56 2420.7071166992187 50.60862846374512 2825.8370727539063 312.3298252105713 0.7388857886904762 2198.836962890625 286.4059112548828 2471.313916015625 655.6837493896485 0.7559756324404762 
57 2427.9725708007813 51.01280059814454 2836.6565795898437 318.6465316772461 0.7295154389880952 2193.86259765625 290.82598571777345 2461.4962890625 674.1932403564454 0.7192615327380952 
58 2425.587292480469 49.9637393951416 2830.968615722656 317.80492973327637 0.7232375372023809 2185.3098388671874 268.1067352294922 2453.1510986328126 648.1516265869141 0.7806454613095238 
59 2427.0608764648437 51.59051399230957 2822.5043090820313 312.8007442474365 0.7205868675595238 2167.38564453125 230.0562515258789 2443.10751953125 589.220329284668 0.8037109375 
60 2427.3634033203125 53.34727554321289 2815.5130615234375 312.1137077331543 0.7443963913690477 2150.4402709960937 189.993172454834 2444.1752075195313 546.6712104797364 0.7976190476190477 
61 2421.1283325195313 46.41061096191406 2811.3914428710937 311.1108123779297 0.7429082961309523 2165.9562744140626 192.857169342041 2437.4436279296874 545.7907646179199 0.7803199404761905 
62 2424.1357299804686 46.26448669433594 2807.6252563476564 299.5122467041016 0.7409784226190477 2185.081188964844 219.50264434814454 2445.564562988281 563.1960556030274 0.8059430803571429 
63 2416.786169433594 40.87753562927246 2810.378625488281 308.08719367980956 0.7287713913690477 2196.9352905273436 247.53448486328125 2449.7011840820314 601.4067993164062 0.7703450520833334 
64 2421.3720581054686 35.56650924682617 2831.6550415039064 323.87338638305664 0.7058454241071429 2183.1067626953127 278.09683380126955 2489.8947021484373 632.9360946655273 0.7644624255952381 
65 2411.741247558594 31.817773818969727 2851.081262207031 348.2915325164795 0.7111932663690477 2175.46015625 289.0063842773437 2503.1033203125 635.2659545898438 0.7053571428571429 
66 2441.451281738281 33.11654510498047 2839.321423339844 338.02649078369143 0.7224934895833334 2174.011437988281 271.5240905761719 2460.329138183594 617.3366271972657 0.7119140625 
67 2439.625146484375 35.092098236083984 2819.194677734375 330.7182197570801 0.7258417038690477 2159.4401977539064 232.17618713378906 2436.8178588867186 571.5987762451172 0.6957310267857143 
68 2440.1085205078125 31.109354400634764 2811.9447021484375 323.52423629760744 0.7602771577380952 2143.80595703125 195.08939056396486 2436.2208984375 534.4350540161133 0.7802269345238095 
69 2442.1989990234374 34.19202919006348 2804.1506103515626 331.8718059539795 0.7505812872023809 2162.083288574219 184.8533805847168 2425.935998535156 529.8913246154785 0.7720424107142857 
70 2440.236376953125 31.94922637939453 2794.940869140625 331.55403900146484 0.7327241443452381 2178.512414550781 202.01667022705078 2436.792517089844 542.9463119506836 0.7981770833333334 
71 2409.3265747070313 26.389081382751463 2798.6502319335937 312.3526369094849 0.7154017857142857 2191.6072021484374 228.60428466796876 2446.5627197265626 576.5840698242188 0.7857607886904762 
72 2428.618298339844 21.130775642395022 2796.516711425781 323.0849798202515 0.7362118675595238 2195.9455078125 268.75459442138674 2497.89970703125 622.7698501586914 0.779296875 
73 2436.0984619140627 21.471087074279787 2808.2418701171873 351.4848875045776 0.7167271205357143 2176.030480957031 294.90723419189453 2555.195349121094 642.4749374389648 0.7569870721726191 
74 2433.5917724609376 12.068404769897462 2814.9126220703124 351.02022590637205 0.7183547247023809 2172.5881591796874 294.7998809814453 2532.7243408203126 654.9361419677734 0.7672526041666666 
75 2434.10185546875 17.375064086914065 2806.11005859375 343.3250701904297 0.7145647321428571 2170.0169677734375 281.5962631225586 2492.4239501953125 632.346760559082 0.7976422991071429 
76 2446.5581176757814 15.310389137268068 2803.6496459960936 341.1999982833862 0.7248186383928571 2148.1369873046874 236.52598876953124 2456.6921142578126 586.6839721679687 0.7969215029761905 
77 2431.5575439453123 16.30861053466797 2799.3921630859377 345.9718765258789 0.7370721726190477 2139.3985229492187 200.75987091064454 2448.2408813476563 551.2440048217774 0.7955961681547619 
78 2445.208056640625 18.686354827880862 2795.672314453125 344.86120681762696 0.7403971354166666 2170.8153442382813 205.7964744567871 2424.1214233398437 552.7910041809082 0.77490234375 
79 2436.913781738281 10.079858779907227 2792.503454589844 338.31661796569824 0.7215401785714286 2182.4512939453125 215.0963249206543 2418.3714599609375 567.2669715881348 0.7479306175595238 
80 2424.2251586914062 13.638350296020512 2790.3087768554688 331.8231594085693 0.7200753348214286 2206.5750366210937 252.60592956542968 2428.9623168945313 598.1614654541015 0.7413969494047619 
81 2423.607666015625 8.512716293334961 2798.925537109375 349.3978748321533 0.7087053571428571 2198.6021240234377 283.0484420776367 2480.9515869140623 654.9231460571289 0.7272367931547619 
82 2413.5329467773436 8.964709663391112 2807.3881958007814 350.53824672698977 0.7001953125 2177.863488769531 303.7528823852539 2522.922399902344 669.7245040893555 0.7109840029761905 
83 2411.9107421875 8.984024047851562 2810.51943359375 337.6613006591797 0.7051013764880952 2173.7409057617188 300.8128662109375 2491.9282836914062 664.455810546875 0.7466517857142857 
84 2419.562255859375 6.355540466308597 2802.998779296875 337.5052688598633 0.6966843377976191 2169.2559814453125 269.3983612060547 2444.6331787109375 621.4627838134766 0.7667875744047619 
85 2441.5055419921873 7.404776573181152 2805.3157470703127 346.9607210159302 0.7450009300595238 2133.13349609375 231.68760375976564 2420.7166015625 567.7787048339844 0.76904296875 
86 2449.3044677734374 8.59481430053711 2798.8400634765626 337.15813064575195 0.7515113467261905 2130.6896728515626 200.16711883544923 2445.2712646484374 546.207179260254 0.7802966889880952 
87 2434.366943359375 3.5678998947143583 2803.540283203125 341.39603214263917 0.7255626860119048 2165.122668457031 209.05099868774414 2429.812634277344 553.8446769714355 0.7740652901785714 
88 2434.7927978515627 9.099613761901857 2792.2794677734373 339.3491205215454 0.7360956101190477 2191.49248046875 232.36504058837892 2433.22138671875 579.6377365112305 0.7804827008928571 
89 2427.2384765625 10.638876533508302 2794.0720703125 336.3324026107788 0.7092633928571429 2207.5599975585938 273.03971710205076 2444.1165161132812 633.0167709350586 0.7950613839285714 
90 2418.76103515625 9.341570854187012 2813.60810546875 341.8443765640259 0.7071010044642857 2189.2328979492186 305.21045379638673 2518.2722290039064 682.739649963379 0.7672061011904762 
91 2429.8260986328123 18.836296844482426 2809.5244873046877 338.76735610961913 0.73291015625 2178.4515869140623 317.9434295654297 2533.5401123046877 694.126089477539 0.7600213913690477 
92 2429.2563598632814 13.235987091064452 2808.6027709960936 339.89528427124026 0.7277483258928571 2174.4675170898436 305.1759231567383 2490.5893676757814 677.4972640991211 0.8228469122023809 
93 2448.518359375 13.654478263854983 2799.0587890625 336.1514337539673 0.7154250372023809 2155.68251953125 268.8746932983398 2450.136328125 622.9202590942383 0.8121512276785714 
94 2449.3213012695314 13.753734779357913 2808.2790405273436 341.3462217330933 0.7575567336309523 2129.50302734375 226.20633239746093 2425.73037109375 571.2239044189453 0.7827380952380952 
95 2467.96103515625 13.339926338195802 2811.16103515625 342.53180446624754 0.7340727306547619 2128.6670532226562 200.2950454711914 2447.3527221679688 543.495085144043 0.7881789434523809 
96 2452.4080200195312 11.482013893127444 2810.5824584960938 345.3144453048706 0.7257254464285714 2187.0541381835938 217.85359420776368 2433.9509887695312 548.2086158752442 0.7727632068452381 
97 2444.459924316406 16.57183494567871 2803.934362792969 338.0249134063721 0.74365234375 2201.9742919921873 237.52098236083984 2450.8411376953127 579.7129348754883 0.7972935267857143 
98 2449.234375 14.20506134033203 2813.2978515625 347.06334075927737 0.6955682663690477 2213.593054199219 276.917741394043 2470.171350097656 644.4487442016601 0.8353794642857143 
99 2446.7592163085938 18.332376670837405 2829.0452270507812 351.0628450393677 0.7057291666666666 2205.10751953125 314.8491470336914 2534.2982421875 697.1351974487304 0.7998046875 
100 2452.3676879882814 20.911144638061522 2823.9636108398436 338.91149482727053 0.7331891741071429 2192.910363769531 320.9088760375977 2550.213903808594 706.7969039916992 0.8040364583333334 
101 2456.796240234375 23.840789222717284 2804.915673828125 311.57221660614016 0.7330264136904762 2197.7558837890624 309.1129669189453 2517.4574951171876 682.0981536865235 0.8168712797619048 
102 2442.9827392578127 18.89940986633301 2811.7174560546873 327.93423118591306 0.7164015997023809 2177.9799194335938 266.74859008789065 2455.4089965820312 628.4597839355469 0.8124302455357143 
103 2461.339990234375 28.286004638671876 2817.340673828125 345.89447631835935 0.7416062127976191 2142.120568847656 217.96511840820312 2449.258581542969 566.9854431152344 0.8075939360119048 
104 2467.69775390625 33.837384414672854 2819.20556640625 346.67933158874513 0.74169921875 2144.175427246094 183.09299545288087 2464.047473144531 538.1158821105957 0.7992699032738095 
105 2453.6049682617186 27.915548515319827 2817.5310180664064 339.3523080825806 0.7224004836309523 2187.3898193359373 192.65132217407228 2432.3401611328127 546.0795585632325 0.7782040550595238 
106 2442.49853515625 29.26567611694336 2818.66064453125 331.60158767700193 0.6847795758928571 2202.901330566406 223.70174102783204 2452.504187011719 575.2551376342774 0.7888532366071429 
107 2460.081188964844 23.707004165649415 2830.385363769531 344.16225090026853 0.6716889880952381 2213.851025390625 258.5705902099609 2463.094287109375 632.4350860595703 0.7902250744047619 
108 2465.70859375 24.367314910888673 2837.269921875 363.4621070861816 0.7028924851190477 2214.4397583007812 292.8404800415039 2503.0311889648438 686.0460861206054 0.8114769345238095 
109 2463.797009277344 31.05535125732422 2829.080187988281 345.7052993774414 0.6940336681547619 2211.882373046875 296.04569549560546 2493.982373046875 701.1122940063476 0.7940615699404762 
110 2451.4402465820312 28.903009986877443 2818.3300170898438 320.2566083908081 0.7418852306547619 2201.0364990234375 275.84801788330077 2460.0177001953125 657.125584411621 0.8185686383928571 
111 2436.8287841796873 30.328027725219727 2817.9109619140627 336.618558883667 0.7248651413690477 2159.0302978515624 227.30736083984374 2454.6362060546876 583.4591186523437 0.8250093005952381 
112 2450.4675903320312 29.576536178588867 2830.2367553710938 349.00840187072754 0.7258882068452381 2136.7691040039062 187.3813278198242 2466.8488159179688 535.2071426391601 0.8016880580357143 
113 2460.7067626953126 31.441209411621095 2829.6052490234374 354.22758331298826 0.7099609375 2128.7796630859375 161.86544494628907 2465.7545166015625 513.0286590576172 0.802734375 
114 2444.3132080078126 31.05650444030762 2827.0432373046874 338.6712558746338 0.7066359747023809 2174.531140136719 189.2662338256836 2439.223010253906 532.6501174926758 0.8065941220238095 
115 2433.371142578125 36.556419372558594 2825.057080078125 326.69409942626953 0.6876162574404762 2192.8917602539063 213.98677597045898 2468.5225463867187 562.1519721984863 0.8141043526785714 
116 2436.935583496094 35.82576904296875 2820.917687988281 310.0987915039062 0.6328357514880952 2216.391943359375 266.49639587402345 2512.606591796875 613.9089385986329 0.7665085565476191 
117 2461.3147827148437 33.3529972076416 2821.8651489257813 319.56319389343264 0.7091471354166666 2216.706652832031 311.12841796875 2566.106091308594 667.9619140625 0.8050827752976191 
118 2464.33896484375 34.22445793151856 2821.8529296875 332.76721839904786 0.7102864583333334 2213.426904296875 315.33097076416016 2534.083837890625 683.9022750854492 0.8220331101190477 
119 2460.6251831054688 30.479851531982426 2821.3735961914062 332.9254981994629 0.7020089285714286 2199.1037353515626 287.236328125 2494.2614990234374 647.9847412109375 0.8155459449404762 
120 2436.5715454101564 34.29542541503906 2819.7900268554686 338.7214813232422 0.6944056919642857 2162.7258178710936 241.0571746826172 2459.9887817382814 592.0424957275391 0.8226609002976191 
121 2430.2765258789063 31.33497009277344 2821.7774291992187 355.2129425048828 0.6918015252976191 2138.9779296875 199.29705352783202 2445.06064453125 562.3251083374023 0.8117094494047619 
122 2437.7307861328127 35.719611740112306 2819.1100341796873 352.9416202545166 0.7086821056547619 2151.2166748046875 199.6770492553711 2425.6671142578125 545.4133743286133 0.8053152901785714 
123 2432.7468994140627 32.40333099365235 2820.1437255859373 348.06001739501954 0.6980329241071429 2176.965539550781 207.61486892700196 2413.708044433594 559.1415855407715 0.7915736607142857 
124 2435.192236328125 35.81223182678223 2822.546533203125 327.250199508667 0.6885928199404762 2192.705712890625 234.02975616455078 2443.563818359375 602.9385971069336 0.8057570684523809 
125 2451.431103515625 35.359413909912114 2825.151904296875 321.1460334777832 0.6817801339285714 2197.2106689453126 267.03258056640624 2453.6858154296874 670.0649536132812 0.7751813616071429 
126 2462.02822265625 36.267205047607426 2822.1421875 331.5606300354004 0.6887555803571429 2212.99560546875 304.690608215332 2450.6708984375 722.4227645874023 0.7207496279761905 
127 2456.1836669921877 34.47490234375 2817.0028564453123 329.6907470703125 0.6762230282738095 2202.88115234375 295.06664276123047 2450.71650390625 688.6877822875977 0.7426525297619048 
128 2436.2780151367188 31.61834373474121 2828.1616821289062 317.29047737121584 0.7013811383928571 2165.819189453125 259.67710571289064 2484.453759765625 644.2357360839844 0.8265904017857143 
129 2441.4829956054687 28.793847274780276 2824.7389282226563 347.576704788208 0.6658993675595238 2137.9917236328124 224.554638671875 2453.1928466796876 589.9012939453125 0.81884765625 
130 2443.2934448242186 35.82871894836426 2823.7995727539064 340.2335597991943 0.7040318080357143 2133.8710815429686 212.00441207885743 2441.8996704101564 559.8956275939942 0.8067103794642857 
131 2442.7040283203123 34.663502883911136 2823.3164794921877 347.6905239105225 0.6885695684523809 2141.71650390625 202.53245239257814 2451.186328125 554.6878845214844 0.8171735491071429 
132 2438.664196777344 38.563544082641606 2824.729602050781 342.41117973327636 0.6737816220238095 2168.2261962890625 218.94729766845703 2443.4764404296875 579.9898056030273 0.81298828125 
133 2426.219372558594 31.987887191772465 2836.551867675781 315.2261707305908 0.6687593005952381 2182.3663940429688 248.60653686523438 2454.7109985351562 615.3638000488281 0.79833984375 
134 2446.691271972656 31.830361938476564 2829.288952636719 333.49391784667966 0.6778738839285714 2191.437463378906 281.9903839111328 2456.312780761719 671.9457122802735 0.7986653645833334 
135 2450.350476074219 27.322369003295897 2834.073596191406 337.25246772766116 0.6787109375 2192.643212890625 293.5444000244141 2473.056005859375 706.7845184326172 0.8061290922619048 
136 2451.991076660156 25.848539733886717 2828.222058105469 323.85302886962893 0.6681082589285714 2189.6612548828125 288.8948211669922 2480.2156982421875 691.2009429931641 0.8190104166666666 
137 2440.332373046875 23.522785568237303 2830.454248046875 312.5018497467041 0.6712239583333334 2184.835888671875 269.016047668457 2477.427294921875 669.9745223999023 0.8394019717261905 
138 2430.7645629882813 31.126643943786622 2824.7347045898437 305.8214036941528 0.6610630580357143 2167.191162109375 248.68599395751954 2459.957763671875 613.7408554077149 0.83251953125 
139 2439.242565917969 31.300951385498045 2821.683459472656 324.3865028381348 0.654296875 2156.8797973632813 222.65886688232422 2460.6878295898437 572.9318618774414 0.8213588169642857 
140 2442.5501220703127 29.38108596801758 2828.5822021484373 326.0538963317871 0.6578543526785714 2151.1013916015627 195.58936080932617 2465.6461669921873 553.0264991760254 0.8275437127976191 
141 2442.2321533203126 30.006982994079593 2824.4988037109374 314.0767152786255 0.6590401785714286 2172.460314941406 191.87007751464844 2484.586315917969 546.0804840087891 0.8258463541666666 
142 2434.06845703125 28.827394866943358 2830.6966796875 314.6857429504395 0.6319986979166666 2198.6475830078125 210.23748397827148 2491.6522216796875 567.5604438781738 0.8172433035714286 
143 2433.809228515625 22.010703468322752 2832.142431640625 318.95000133514407 0.6457868303571429 2226.0074462890625 246.94361877441406 2493.9769287109375 598.2010955810547 0.8053385416666666 
144 2400.661181640625 32.960004043579104 2829.042919921875 305.56653861999513 0.6449148995535714 2222.8270629882813 277.24376373291017 2516.6756225585937 627.7378952026368 0.8044317336309523 
145 2379.852197265625 31.40418167114258 2841.788916015625 329.8863914489746 0.6433454241071429 2220.907470703125 301.1861831665039 2544.263427734375 606.7750900268554 0.8179175967261905 
146 2383.6333984375 33.062310791015626 2845.18544921875 303.5029357910156 0.6558314732142857 2216.7922119140626 294.48825988769534 2537.7151123046874 582.9582122802734 0.7759719122023809 
147 2397.318395996094 27.850494956970216 2837.661340332031 299.9323610305786 0.6711890811011905 2220.2448974609374 280.3799057006836 2524.5470947265626 559.6218338012695 0.7687174479166666 
148 2452.1791870117186 5.754621315002442 2832.9836547851564 266.67620677947997 0.7180989583333334 2230.5855224609377 251.35182037353516 2533.8187744140623 522.8512741088867 0.7972935267857143 
149 2495.689013671875 0.0 2854.513134765625 214.68536787033082 0.7307477678571429 2245.4322265625 202.19882507324218 2563.24794921875 465.3363922119141 0.8026878720238095 
150 2507.51474609375 0.0 2885.65859375 177.99071168899536 0.7094959077380952 2259.611669921875 160.69514923095704 2583.248193359375 433.23133392333983 0.8134300595238095 
151 2546.5307006835938 0.0 2902.2200317382812 162.46844873428344 0.6944056919642857 2274.085314941406 147.23938064575196 2619.707897949219 422.3950645446777 0.8194986979166666 
152 2580.511328125 0.0 2916.26552734375 161.882234954834 0.6727818080357143 2291.7731689453126 158.49712142944335 2630.7868896484374 425.7963508605957 0.8005952380952381 
153 2584.5993408203126 0.0 2927.8025146484374 166.02393054962158 0.6836635044642857 2294.831103515625 157.90076293945313 2641.334423828125 428.5034118652344 0.8064081101190477 
154 2600.6624267578127 0.0 2934.2374755859373 166.92805099487305 0.6733165922619048 2286.0805541992186 150.95367965698242 2642.5481079101564 425.66260757446287 0.8039202008928571 
155 2610.9085327148437 0.0 2942.1073364257813 161.91013469696045 0.6803617931547619 2282.0826782226563 143.1771682739258 2648.9991088867187 409.43504486083987 0.7950381324404762 
156 2645.2190063476564 0.0 2946.0829956054686 155.0296854019165 0.6988467261904762 2276.9155029296876 127.40693740844726 2642.4814697265624 399.1551200866699 0.7932477678571429 
157 2679.2890625 0.0 2966.57763671875 152.10943393707277 0.6907087053571429 2270.5807861328126 113.9382095336914 2639.4856201171874 388.1682662963867 0.7952241443452381 
158 2676.6176513671876 0.0 3007.3730712890624 143.92331352233887 0.6710379464285714 2266.1585327148437 108.61501922607422 2644.1649536132813 392.11987457275393 0.7810639880952381 
159 2729.810498046875 0.0 3030.031787109375 154.62352313995362 0.6924176897321429 2248.865344238281 99.97677154541016 2597.960095214844 393.21631317138673 0.7805292038690477 
160 2773.0543212890625 0.0 3067.8870849609375 170.1835636138916 0.7121698288690477 2227.088330078125 89.2843391418457 2579.449267578125 387.71259384155275 0.75634765625 
161 2818.378369140625 0.0 3107.516650390625 177.97747383117675 0.7239583333333334 2199.06103515625 85.7020980834961 2508.85205078125 381.72469024658204 0.7657412574404762 
162 2824.8782592773437 0.0 3120.2699340820313 207.54720554351806 0.7350144159226191 2154.695202636719 58.17298889160156 2440.016955566406 366.9916229248047 0.7218191964285714 
163 2827.8031494140623 0.0 3116.6284912109377 235.03641452789307 0.7486514136904762 2103.910437011719 75.20233993530273 2368.950158691406 336.8440620422363 0.7539760044642857 
164 2798.719189453125 0.0 3095.131884765625 280.12048878669736 0.7596493675595238 2057.949255371094 80.54634399414063 2255.557824707031 312.22532348632814 0.7158435639880952 
165 2738.6956298828127 0.0 3117.6691162109373 336.3199308156967 0.7703683035714286 1993.3728820800782 49.22679824829102 2199.7778747558596 275.93407516479493 0.6666899181547619 
166 2678.182958984375 1.6574146270751982 3101.572900390625 385.1049373626709 0.7872488839285714 1928.3402587890625 10.414031028747559 2140.0352294921877 238.08598804473877 0.6883835565476191 
167 2636.8490234375 69.0854362487793 3020.3921875 411.8263221740723 0.7889229910714286 1876.6671508789063 0.0 2048.0376831054687 161.98957176208495 0.6891508556547619 
168 2613.3406982421875 124.08163528442384 2973.9097900390625 451.49519271850585 0.8049200148809523 1864.1469482421876 0.0 1976.0478759765624 144.0070007324219 0.6884300595238095 
169 2586.6827880859373 157.14345169067383 2920.1702392578127 490.63076400756836 0.7668340773809523 1801.1460510253905 0.0 1959.338690185547 118.33525810241699 0.6759440104166666 
170 2541.4240600585936 200.01988677978517 2880.5688598632814 525.5986740112305 0.7591378348214286 1781.74033203125 0.0 1921.920068359375 103.4941291809082 0.68310546875 
171 2492.6905517578125 221.08170166015626 2831.6268310546875 555.4378295898438 0.7526971726190477 1764.083056640625 0.0 1883.168896484375 76.45243072509766 0.6346958705357143 
172 2456.1059814453124 250.49044036865234 2764.5531982421876 577.3524856567383 0.7477213541666666 1754.574151611328 0.0 1851.2516540527345 70.0611764907837 0.6837565104166666 
173 2412.6674194335938 275.1241973876953 2732.5686645507812 595.025521850586 0.7806222098214286 1743.9772644042969 0.0 1832.0660705566406 66.31453933715821 0.6728283110119048 
174 2392.3236694335938 306.31265716552736 2701.7068481445312 615.6957962036133 0.7760416666666666 1734.6142028808595 0.0 1837.741876220703 28.841440677642822 0.6661551339285714 
175 2364.9869384765625 315.1563018798828 2682.0238037109375 632.193246459961 0.7735305059523809 1710.3475219726563 0.0 1833.3768432617187 24.14478406906128 0.6760835193452381 
176 2340.587927246094 334.59415435791016 2659.779504394531 644.2576217651367 0.7610909598214286 1689.7448669433593 0.0 1837.4305480957032 43.80368366241455 0.6768508184523809 
177 2324.568811035156 350.60652618408204 2640.333288574219 652.0181991577149 0.7667643229166666 1697.823748779297 0.0 1831.7845275878906 45.33060264587402 0.6861514136904762 
178 2323.3028076171877 356.62474212646487 2621.3627197265623 664.2997268676758 0.7750651041666666 1673.7460876464843 0.0 1832.3909973144532 100.53707695007324 0.7257952008928571 
179 2306.5396240234377 372.1585952758789 2620.1766845703123 680.9705245971679 0.767578125 1672.769842529297 0.0 1817.5254455566405 52.026048851013186 0.6432524181547619 
180 2306.470751953125 387.6387969970703 2612.164990234375 688.4806488037109 0.7605329241071429 1696.0156616210938 0.0 1793.0614868164062 87.3568323135376 0.6792224702380952 
181 2310.305627441406 406.1426116943359 2603.237585449219 699.0744903564453 0.7639276413690477 1687.4497924804687 0.0 1780.2115844726563 57.628807067871094 0.6751534598214286 
182 2306.6650512695314 422.3182037353516 2610.2839233398436 706.3486053466797 0.7746000744047619 1682.852960205078 0.0 1810.1769470214845 75.94427261352538 0.6711542038690477 
183 2307.85302734375 435.4972351074219 2597.26171875 720.0009338378907 0.7753673735119048 1683.001287841797 0.0 1795.8218322753905 112.88365726470947 0.6908249627976191 
184 2302.146923828125 451.51978607177733 2587.425830078125 726.9616897583007 0.76513671875 1684.2942626953125 0.0 1782.6664306640625 138.24241948127747 0.7010323660714286 
185 2304.93447265625 464.4015625 2590.9205078125 735.59501953125 0.7544177827380952 1652.1737670898438 0.0 1809.9590454101562 158.12361373901368 0.6932431175595238 
186 2315.2074340820313 473.9601318359375 2592.3553100585937 741.2097900390625 0.7406761532738095 1643.4667602539062 0.0 1836.4802612304688 196.05096435546875 0.7030552455357143 
187 2316.460888671875 468.1775787353516 2607.147998046875 743.8290740966797 0.7393740699404762 1626.3684875488282 0.0 1816.8186462402343 182.11689081192017 0.6540876116071429 
188 2330.9395751953125 472.41060638427734 2616.7015380859375 753.0696487426758 0.7103562127976191 1654.8064331054688 32.18803749084473 1812.9960571289062 215.89215507507325 0.6883370535714286 
189 2340.5549194335936 480.9921417236328 2626.5825317382814 756.9838714599609 0.7015671502976191 1652.5055786132812 34.77338619232178 1813.0825561523438 230.47660236358644 0.6761997767857143 
190 2355.737902832031 480.5862640380859 2626.515270996094 746.0540557861328 0.7021019345238095 1641.4254211425782 19.284885215759278 1837.8715759277343 247.58720417022704 0.6594819568452381 
191 2353.415234375 483.10247802734375 2624.8181640625 759.8269653320312 0.7110537574404762 1632.1303161621095 19.506968307495118 1839.673760986328 269.6233798980713 0.6545526413690477 
192 2332.6193969726564 499.2550476074219 2626.9389526367186 778.6092102050782 0.6963820684523809 1628.2859924316406 2.1350393295288086 1807.870867919922 266.52382373809814 0.5951683407738095 
193 2363.42236328125 493.37476501464846 2617.26513671875 767.1268829345703 0.6661318824404762 1621.0370788574219 23.593117713928223 1805.1976623535156 287.39062786102295 0.6420665922619048 
194 2414.3328247070312 471.84599151611326 2606.0780639648438 734.2341781616211 0.6363467261904762 1639.7829956054688 10.337727546691895 1816.3903442382812 303.00150203704834 0.6842912946428571 
195 2426.2164794921873 461.95909118652344 2601.6853759765627 717.6422882080078 0.6144903273809523 1635.0640380859375 11.52466869354248 1815.5463134765625 327.3686456680298 0.7109142485119048 
196 2418.478796386719 455.3036911010742 2608.336877441406 710.1133316040039 0.5958658854166666 1614.0797058105468 43.30387153625488 1813.9304260253907 338.08360252380373 0.7528831845238095 
197 2403.6286499023436 442.4757675170898 2618.0483520507814 691.8008743286133 0.6030738467261905 1628.419366455078 45.47348175048828 1812.9198669433595 344.6636337280273 0.7395135788690477 
198 2390.8090576171876 442.5146987915039 2625.1372314453124 691.800212097168 0.6242094494047619 1625.1189392089843 38.86395530700684 1814.5760070800782 362.9351245880127 0.7273995535714286 
199 2414.0648193359375 438.60093994140624 2618.1007080078125 697.3780639648437 0.6291620163690477 1623.378399658203 49.478264236450194 1812.4847595214844 362.99667320251467 0.7258417038690477 
200 2388.773876953125 440.69419250488284 2621.938525390625 703.6243499755859 0.6345796130952381 1631.8479370117188 54.88517799377441 1810.4421020507812 387.2686229705811 0.7058454241071429 
201 2396.2467407226563 430.46016387939454 2634.8008666992187 713.7429306030274 0.6222330729166666 1622.0935424804688 63.83644828796387 1810.9486938476562 376.9384311676025 0.7262137276785714 
202 2414.792028808594 458.2317138671875 2608.922082519531 732.0048583984375 0.6011439732142857 1623.9131408691405 75.71514053344727 1803.110174560547 379.3544242858887 0.7129371279761905 
203 2439.458386230469 483.71490478515625 2583.760607910156 762.3674926757812 0.5902855282738095 1632.7821166992187 64.01360931396485 1801.9639770507813 397.40152130126955 0.7263532366071429 
204 2416.803430175781 491.2200164794922 2571.032751464844 774.8027496337891 0.6221400669642857 1595.3319946289062 64.5064193725586 1804.2876342773438 397.84053497314454 0.7212379092261905 
205 2396.754150390625 478.312727355957 2590.846435546875 761.9861923217774 0.6009114583333334 1613.1109985351563 66.7756175994873 1797.2498413085937 400.21636390686035 0.7078915550595238 
206 2346.0429809570314 456.4422912597656 2600.9626342773436 756.3476257324219 0.6172107514880952 1598.7788696289062 64.64288635253907 1798.7157592773438 394.53875427246095 0.7054268973214286 
207 2318.305419921875 450.88079223632815 2621.183837890625 728.9330505371094 0.6199544270833334 1619.5462036132812 58.819409179687504 1788.3637084960938 391.48912353515624 0.7248418898809523 
208 2310.007861328125 447.95962677001955 2617.492138671875 730.6466659545898 0.6243257068452381 1602.7180908203125 52.54112892150879 1791.1761962890625 389.7818004608154 0.7242838541666666 
209 2314.210888671875 448.19958038330077 2616.571337890625 730.733006286621 0.6248372395833334 1602.9205749511718 45.370160293579104 1791.2763244628907 382.42762260437013 0.6991954985119048 
210 2322.252783203125 451.6708282470703 2610.596337890625 730.071176147461 0.6123976934523809 1617.0739379882812 43.821916580200195 1786.1028198242188 376.9080867767334 0.7198195684523809 
211 2333.5085571289064 455.6784698486328 2607.4902221679686 734.6415374755859 0.6294875372023809 1587.8188049316407 44.32289276123047 1782.0966003417968 368.1193374633789 0.7409319196428571 
212 2349.5745483398437 463.9578826904297 2598.9076293945313 728.2510406494141 0.6241164434523809 1584.3134887695312 38.940754699707036 1783.7800170898438 363.07386322021483 0.7282133556547619 
213 2344.147253417969 468.6721984863281 2598.154748535156 732.6409118652343 0.6335797991071429 1576.568914794922 49.15724830627442 1775.7905822753905 362.9314281463623 0.7366768973214286 
214 2361.9669555664063 477.24635162353513 2576.4253784179687 731.6039596557617 0.6114908854166666 1581.6300537109375 44.49310379028321 1776.1387451171875 358.699568939209 0.7055431547619048 
215 2355.468615722656 465.45323486328124 2594.450573730469 729.3291137695312 0.6345098586309523 1578.7772033691406 42.25601234436035 1777.928729248047 355.9198223114014 0.7205403645833334 
216 2351.5619262695313 483.8659210205078 2585.2473999023437 737.4393157958984 0.6158389136904762 1583.5749816894531 40.39927787780762 1777.4839782714844 358.60906105041505 0.7336542038690477 
217 2338.4364624023438 482.10973663330077 2582.1467895507812 735.767674255371 0.6001441592261905 1569.6194213867188 41.74732627868652 1778.5141235351562 365.03686103820803 0.7390020461309523 
218 2329.1387329101562 482.3791931152344 2592.8092651367188 741.0749084472657 0.6135370163690477 1574.4821655273438 46.88269386291504 1778.4536254882812 365.2773326873779 0.7265159970238095 
219 2327.4465576171874 489.98158874511716 2586.5280517578126 744.0807281494141 0.6493210565476191 1574.9221618652343 45.595481872558594 1779.1978332519532 364.4650344848633 0.7471400669642857 
220 2312.5369506835937 493.82183532714845 2576.0253051757813 752.3386260986329 0.61328125 1582.4944274902343 47.1536434173584 1776.3821594238282 365.32823677062987 0.7197730654761905 
221 2323.970837402344 496.807275390625 2572.622180175781 750.4313720703125 0.6475306919642857 1576.1049560546876 53.252008056640626 1775.0259033203124 371.5253967285156 0.7362351190476191 
222 2309.464892578125 487.78203735351565 2588.270458984375 741.6941589355469 0.6381603422619048 1583.9197143554688 43.14860076904297 1778.0878540039062 366.76207427978517 0.7040550595238095 
223 2309.2508178710937 482.9087768554688 2593.5213989257813 732.2688354492187 0.6267206101190477 1578.050390625 41.349652481079104 1782.525537109375 360.53052787780763 0.7347935267857143 
224 2299.3761474609373 475.80230407714845 2604.2483642578127 735.6933624267579 0.6481584821428571 1577.178955078125 38.87011909484863 1777.09521484375 353.7381191253662 0.7418387276785714 
225 2323.0458984375 477.5036148071289 2593.74169921875 728.1478439331055 0.6131184895833334 1589.236572265625 38.10495872497559 1769.700439453125 353.9167163848877 0.7256789434523809 
226 2339.76376953125 448.92935638427736 2621.512109375 720.6153518676758 0.6193033854166666 1571.1477600097655 27.854751205444337 1772.396551513672 359.9153980255127 0.7372116815476191 
227 2362.3268920898436 462.9219284057617 2595.0214965820314 720.9095230102539 0.6273484002976191 1569.297119140625 33.33169708251953 1761.523193359375 372.25659027099607 0.7123790922619048 
228 2378.859899902344 447.4623764038086 2607.241906738281 721.5208084106446 0.6178850446428571 1554.7327270507812 39.49790496826172 1752.6637573242188 364.3079116821289 0.6672014508928571 
229 2351.696337890625 443.20055084228517 2607.758251953125 724.8686325073243 0.5896112351190477 1546.6770935058594 15.183200645446782 1746.4053039550781 353.1849214553833 0.6343005952380952 
230 2347.1396484375 416.4023239135742 2646.42529296875 726.0081069946289 0.6043410528273809 1529.0658569335938 40.11215934753418 1694.1890258789062 411.6391605377197 0.43452380952380953 
231 2367.8834594726563 451.97440948486326 2598.1475463867187 724.1046615600586 0.6110956101190477 1506.0033203125 14.996006584167482 1704.8677734375 376.091948890686 0.6122581845238095 
232 2369.8736206054687 451.0520965576172 2595.2950805664063 728.897183227539 0.6305803571428571 1507.7071166992187 4.846578598022461 1691.1896118164063 340.35765266418457 0.6502511160714286 
233 2368.5213134765627 456.81180572509766 2605.3326904296873 725.1980514526367 0.6540876116071429 1493.1286376953126 0.0 1703.6277099609374 311.4865156173706 0.7331659226190477 
234 2359.7913208007812 448.94127960205077 2609.4716186523438 730.4955795288085 0.6563197544642857 1476.7160522460938 0.0 1694.5222290039062 292.22708387374877 0.7667643229166666 
235 2361.505578613281 455.0909698486328 2597.010290527344 733.414828491211 0.6357421875 1461.6877807617188 0.0 1681.1354614257812 289.5788895368576 0.7716936383928571 
236 2371.7630859375 452.23792572021483 2599.179296875 728.3860061645507 0.6439732142857143 1440.0236206054688 0.0 1656.6104125976562 301.46024188995364 0.76904296875 
237 2365.6150390625 454.6842697143555 2600.450390625 727.7485000610352 0.6595284598214286 1429.0049865722656 0.0 1625.611102294922 268.7905655384064 0.7809942336309523 
238 2369.4909057617188 453.0083312988281 2602.2134399414062 730.0589294433594 0.6472516741071429 1393.4203491210938 0.0 1626.1428833007812 249.0564876586199 0.7650902157738095 
239 2362.014501953125 472.9232482910156 2586.322900390625 720.8428649902344 0.6914760044642857 1360.8005737304688 0.0 1644.1374145507812 220.91698932647705 0.7591378348214286 
240 2388.9353637695312 463.55554046630857 2587.1107788085938 724.014436340332 0.6637369791666666 1327.5001281738282 0.0 1627.5939880371093 197.65224475860595 0.7527901785714286 
241 2391.810095214844 481.92635955810545 2577.135949707031 736.7493301391602 0.6519484747023809 1279.1868103027343 0.0 1609.2984191894532 172.75300140380858 0.7358863467261905 
242 2394.0856323242188 484.3367858886719 2561.2241821289062 744.3299621582031 0.6759440104166666 1222.4498657226563 0.0 1556.7266479492187 131.01272583007812 0.6842215401785714 
243 2344.6276245117188 469.2610549926758 2602.1948852539062 730.7910385131836 0.6441592261904762 1706.805419921875 538.4536956787109 1706.805419921875 728.6573272705078 0.18301246279761904 
244 2344.967333984375 472.93677825927733 2595.322705078125 727.3965042114257 0.6288829985119048 1672.9853515625 0.0 1672.9853515625 838.9987979888916 0.18601771763392858 
245 2319.1471557617188 452.70989990234375 2605.9771118164062 731.6814575195312 0.6285342261904762 1711.4849853515625 416.5917114257812 1711.4849853515625 746.6425415039063 0.19072614397321427 
246 2329.834228515625 463.3198532104492 2589.910400390625 731.3983169555664 0.6356026785714286 1676.566162109375 417.3063766479492 1676.566162109375 737.4000747680664 0.2131289527529762 
247 2321.1594116210936 457.44958343505857 2582.8628051757814 735.0138259887696 0.5923084077380952 1683.37158203125 416.4249771118164 1683.37158203125 705.8848068237305 0.28145926339285715 
248 2313.2858642578126 454.4831115722656 2582.7673583984374 727.8701599121093 0.6177920386904762 1701.4697265625 413.92571411132815 1701.4697265625 726.3679870605469 0.22637067522321427 
249 2329.9345581054686 454.63725128173826 2569.2561157226564 729.2684799194336 0.6366489955357143 1678.515380859375 619.1141906738281 1678.515380859375 697.5802673339844 0.20978073846726192 
250 2314.881201171875 444.22636260986326 2575.510888671875 732.4987045288086 0.6051199776785714 1652.3712158203125 387.4224349975586 1652.3712158203125 746.7755935668945 0.22853306361607142 
251 2313.4419677734377 438.71891021728516 2562.8915283203123 734.2207565307617 0.6170247395833334 1660.29736328125 410.82191162109376 1660.29736328125 717.8367797851563 0.18201846168154762 
252 2313.26044921875 431.9765167236328 2563.72880859375 735.5742034912109 0.6113513764880952 1632.79296875 386.14491119384763 1632.79296875 682.1526657104492 0.19153994605654762 
253 2315.857958984375 435.09867401123046 2556.247509765625 731.8298233032226 0.6378813244047619 1624.1593017578125 380.77980041503906 1624.1593017578125 722.5840301513672 0.19914318266369047 
254 2311.0695678710936 436.89161987304686 2546.2207153320314 730.8307922363281 0.6369977678571429 1620.3123779296875 380.9301239013672 1620.3123779296875 718.9601959228515 0.24935477120535715 
255 2297.211865234375 439.4184326171875 2532.687060546875 734.6968017578125 0.6021205357142857 1565.3411865234375 304.57367553710935 1565.3411865234375 697.0322814941406 0.25796363467261907 
256 2283.3555297851562 443.38540802001955 2532.1090698242188 734.2355331420898 0.6553664434523809 1511.3369140625 338.1436019897461 1511.3369140625 571.589094543457 0.19669596354166666 
257 2292.822302246094 437.16967315673827 2527.634484863281 728.791355895996 0.6693638392857143 1501.27783203125 306.21673583984375 1501.27783203125 647.0731811523438 0.21637834821428573 
258 2282.4214599609377 430.60510711669923 2523.9491455078123 733.4731704711915 0.6325334821428571 1463.9107666015625 343.16558227539065 1463.9107666015625 611.5297302246094 0.255859375 
259 2270.8697875976563 431.1339569091797 2506.4278198242187 732.3393707275391 0.6391834077380952 1442.554931640625 309.7903762817383 1442.554931640625 607.1341537475586 0.2644566127232143 
260 2293.143420410156 434.3959457397461 2493.480847167969 760.871418762207 0.7682989211309523 223.84835968017578 0.0 698.7218002319336 165.85275888442993 0.6988467261904762 
261 2289.5589599609375 442.4561767578125 2483.1212158203125 755.1337890625 0.7515811011904762 254.5777587890625 0.0 664.0364990234375 183.60956053733827 0.7303524925595238 
262 2279.4579833984376 435.95845794677734 2487.7671142578124 755.8618850708008 0.7693917410714286 189.21252975463867 0.0 657.9082130432129 204.47200679779053 0.7390950520833334 
263 2285.425146484375 437.6081771850586 2472.117333984375 743.7832107543945 0.7924107142857143 221.1849136352539 0.0 624.439811706543 209.2693700313568 0.7728562127976191 
264 2271.571923828125 434.39561920166017 2473.667333984375 763.7361862182618 0.7935500372023809 201.67792205810548 0.0 628.3236953735352 216.17868900299072 0.7160993303571429 
265 2274.2096313476563 429.1878494262695 2476.3472534179687 751.1107040405274 0.7811569940476191 193.22872467041014 9.363554191589355 612.4771774291992 226.47434024810792 0.7894810267857143 
266 2283.25634765625 419.82073669433595 2474.3525390625 748.5061065673829 0.8022925967261905 191.19468002319337 0.0 626.8938972473145 229.0185959815979 0.7610444568452381 
267 2260.7339477539062 411.55111541748045 2487.7658081054688 752.0991836547852 0.6449730282738095 1362.542236328125 294.87352600097654 1362.542236328125 576.7063690185547 0.25008719308035715 
268 2258.7236572265624 411.7265365600586 2485.2416748046876 763.2200271606446 0.630859375 1284.6059692382812 299.8194091796875 1960.2546264648438 553.675830078125 0.20826939174107142 
269 2260.166638183594 411.94323883056643 2487.572375488281 764.813932800293 0.6336728050595238 1354.46533203125 300.2008773803711 1354.46533203125 523.685627746582 0.32064964657738093 
270 2267.0170166015623 417.2960693359375 2490.6900146484377 762.6155517578125 0.6622488839285714 1351.0450439453125 299.5735137939453 1351.0450439453125 566.4112884521485 0.28431919642857145 
271 2258.658251953125 415.29065093994143 2483.407177734375 766.2142013549804 0.6249534970238095 1344.34619140625 298.6699920654297 1344.34619140625 503.70397033691404 0.24748883928571427 
272 2261.9660888671874 414.64774322509766 2479.2101806640626 766.1882858276367 0.6269066220238095 1342.0965576171875 299.94890747070315 1342.0965576171875 513.2431701660156 0.2809942336309524 
273 2260.9685180664064 428.18101196289064 2465.5893432617186 776.7944519042969 0.7859700520833334 204.84847106933594 0.0 697.4544464111328 283.6055142402649 0.7533017113095238 
274 2268.839794921875 434.7837539672852 2470.469287109375 763.3651412963867 0.7755998883928571 233.8756896972656 0.0 696.8767517089843 335.97955589294435 0.7811337425595238 
275 2269.2135986328126 442.10208892822266 2469.6072021484374 761.2473678588867 0.8030598958333334 273.2709564208984 33.893004989624025 651.7920928955078 427.2581256866455 0.8656529017857143 
276 2269.783972167969 427.0454635620117 2474.482873535156 770.6470718383789 0.8036644345238095 312.7732131958008 80.3508674621582 663.6854965209961 504.369881439209 0.8832542782738095 
277 2270.8457153320314 423.2487731933594 2470.8454467773436 773.2485412597656 0.7666248139880952 351.0669189453125 108.41387252807618 665.352392578125 615.5563575744629 0.89013671875 
278 2260.027868652344 433.19092559814453 2473.651574707031 760.7476425170898 0.7894345238095238 369.7297302246094 161.23119888305663 683.0448059082031 709.532640838623 0.9165969122023809 
279 2269.0783813476564 431.688005065918 2475.4955932617186 759.1081680297851 0.7994326636904762 348.90699615478513 204.19122161865235 683.4450241088867 794.9710403442383 0.9152483258928571 
280 2264.6634887695313 425.90189971923826 2471.8792358398437 761.7340560913086 0.8040597098214286 350.2551208496094 247.81739654541016 714.6688293457031 840.8827682495117 0.9172014508928571 
281 2277.8643798828125 417.20043182373047 2477.6663818359375 759.7181777954102 0.8042689732142857 342.4197174072266 284.9139602661133 713.4806121826172 870.0484115600586 0.9109235491071429 
282 2279.9983764648437 410.17844848632814 2479.8006958007813 752.6965515136719 0.8106166294642857 343.72786712646484 315.4919097900391 721.9249954223633 907.7629119873047 0.9123186383928571 
283 2271.620959472656 423.03639221191406 2479.048718261719 752.0596160888672 0.7767624627976191 336.2712005615234 324.8246154785156 722.5158477783203 932.8023376464844 0.9063662574404762 
284 2275.739990234375 402.95797271728514 2474.713623046875 744.0556686401367 0.7978515625 339.02685546875 353.21456451416014 836.4609375 935.9231002807617 0.9123883928571429 
285 2264.7955078125 408.36404571533205 2476.13564453125 760.5975936889648 0.7916434151785714 344.03883972167966 376.93397216796876 858.2998443603516 954.5970336914063 0.9233863467261905 
286 2236.432373046875 422.4752136230469 2482.378662109375 766.8001770019531 0.7574637276785714 346.96912994384763 394.09677734375 852.9160934448242 984.3681884765625 0.9081333705357143 
287 2276.3359375 421.7639953613281 2479.75927734375 751.4499938964843 0.7693219866071429 354.6066528320313 403.4181274414062 845.6283325195312 985.6296020507813 0.8955310639880952 
288 2286.5232177734374 400.79956817626953 2482.4137939453126 729.6162948608398 0.7831101190476191 366.9008102416992 411.0246307373047 828.6434097290039 977.708706665039 0.8712797619047619 
289 2285.2377075195313 419.05506439208983 2480.7039428710937 740.1778762817382 0.7811337425595238 366.5558120727539 407.7781646728516 715.6023605346679 966.2526580810547 0.8702799479166666 
290 2292.69951171875 408.66255645751954 2488.16669921875 736.7677108764649 0.7858770461309523 350.38145904541017 381.2757095336914 811.1248580932618 946.7335372924805 0.8844866071428571 
291 2296.2791137695312 405.12754211425784 2491.5219116210938 725.8832611083984 0.8005719866071429 359.40821228027346 365.4353851318359 791.7311309814453 937.2172637939453 0.8734886532738095 
292 2308.6753662109377 403.3703369140625 2488.7006103515623 721.8763671875 0.7939453125 365.1492126464844 350.90734710693357 725.1995422363282 939.451203918457 0.8868815104166666 
293 2307.9468994140625 407.8838745117188 2481.1077880859375 726.5000366210937 0.7840169270833334 378.93395538330077 326.3650207519531 739.108738708496 935.8915710449219 0.8490280877976191 
294 2285.735632324219 382.7395751953125 2480.278283691406 744.033251953125 0.7859468005952381 363.8240737915039 315.6650650024414 725.117790222168 934.0331466674804 0.87109375 
295 2278.4379028320313 395.6088897705078 2479.0076538085937 741.4191253662109 0.7945731026785714 388.45206146240236 361.0278686523437 692.7650100708008 914.3241821289063 0.8842075892857143 
296 2274.294775390625 399.0790161132812 2474.659814453125 751.4450317382813 0.8163364955357143 391.554460144043 360.01578521728516 695.5565322875976 912.7468795776367 0.8807431175595238 
297 2281.074328613281 435.0042327880859 2474.556286621094 752.8671661376953 0.8060825892857143 401.00539245605466 358.46199188232424 718.8683258056641 925.0872329711914 0.8533063616071429 
298 2281.14833984375 414.9131317138672 2481.16171875 752.8667144775391 0.7955961681547619 412.32348785400393 365.3076965332031 715.791960144043 903.2745788574218 0.8444707961309523 
299 2267.951220703125 404.29642181396486 2480.550732421875 767.7727005004883 0.8111049107142857 422.61021423339844 375.54542541503906 717.5060577392578 896.7566375732422 0.8684198288690477 
