# Camera list with one line of data per camera:
#   CAMERA_ID, MODEL, WIDTH, HEIGHT, PARAMS[]
# Number of cameras: 12
0 PINHOLE 3840 2160 1832.9857177734375 1832.0870361328125 1920.9580078125 1058.66650390625
1 PINHOLE 3840 2160 2003.0516357421875 2002.6387939453125 1926.0269775390625 1087.051025390625
2 PINHOLE 3840 2160 1828.65625 1827.5655517578125 1916.5765380859375 1055.4580078125
3 PINHOLE 3840 2160 1828.268798828125 1827.385986328125 1919.0301513671875 1077.3775634765625
4 PINHOLE 3840 2160 1823.504638671875 1822.211181640625 1940.6314697265625 1058.9658203125
5 PINHOLE 3840 2160 1828.1744384765625 1826.3153076171875 1933.874755859375 1071.76416015625
6 PINHOLE 3840 2160 1820.024658203125 1819.419677734375 1931.532470703125 1075.39306640625
7 PINHOLE 3840 2160 1818.6748046875 1817.923583984375 1929.8953857421875 1068.3907470703125
8 PINHOLE 3840 2160 1828.2894287109375 1827.4996337890625 1918.03076171875 1072.0684814453125
9 PINHOLE 3840 2160 1820.84326171875 1818.514404296875 1913.7235107421875 1062.6751708984375
10 PINHOLE 3840 2160 1827.47607421875 1826.14599609375 1926.388671875 1059.544677734375
11 PINHOLE 3840 2160 1817.6085205078125 1815.683349609375 1919.543212890625 1066.7940673828125
