0 2197.407922363281 551.7213989257813 2457.230505371094 797.1094116210937 0.7368861607142857 2265.694543457031 332.42667388916016 2511.082556152344 505.64171600341797 0.5828683035714286 
1 2193.528430175781 544.8089019775391 2449.591931152344 792.1923797607421 0.8691173735119048 2247.612268066406 346.3345489501953 2468.955358886719 519.9369964599609 0.7701357886904762 
2 2169.3760620117187 566.7235137939454 2448.3780883789063 781.3403900146484 0.7536504836309523 2245.8675537109375 325.6921890258789 2481.9464111328125 483.07792205810546 0.6564360119047619 
3 2156.214807128906 572.9662017822266 2441.599401855469 779.8700408935547 0.7552315848214286 2236.341931152344 319.9617324829102 2493.188098144531 484.0578903198242 0.6186058407738095 
4 2149.2311279296873 567.0349151611329 2436.0379150390627 789.3102386474609 0.7549990699404762 2214.8657348632814 306.7024673461914 2458.6515991210936 442.93574676513674 0.5800083705357143 
5 2140.544189453125 574.8819854736328 2427.147216796875 782.6691009521485 0.7512090773809523 2195.9358764648437 296.5464096069336 2432.3832153320313 432.6828079223633 0.6018415178571429 
6 2133.4286987304686 563.2538757324219 2402.6223266601564 792.7303771972656 0.8317754836309523 2204.5460205078125 273.69252014160156 2416.3704833984375 423.73484802246094 0.7513950892857143 
7 2116.4913940429688 579.3135620117188 2397.5322875976562 790.0941528320312 0.8182198660714286 2199.9254150390625 258.7513793945312 2401.9237060546875 408.0542846679688 0.7424200148809523 
8 2091.8374755859377 581.6206970214844 2393.2743408203123 794.3996887207031 0.8126627604166666 2188.338269042969 243.35669708251953 2392.251330566406 402.9409408569336 0.7351422991071429 
9 2080.4358642578127 576.6334228515625 2375.9567138671873 790.3177490234375 0.8218470982142857 2186.4036499023437 233.72417526245118 2381.9022583007813 388.30434341430663 0.7187267485119048 
10 2071.0468505859376 579.5930450439453 2366.1601806640624 789.7494232177735 0.8040829613095238 2172.341516113281 233.57456741333007 2364.612341308594 372.18835678100584 0.6880115327380952 
11 2068.0529907226564 572.3022399902344 2352.8828002929686 793.8365539550781 0.8262183779761905 2165.4306396484376 221.39465942382813 2359.8384033203124 379.63347778320315 0.7224934895833334 
12 2059.340771484375 568.4832794189454 2344.086474609375 794.4719818115234 0.8253813244047619 2163.1218383789064 219.24371719360352 2361.9916870117186 368.3962821960449 0.7305850074404762 
13 2053.1395263671875 567.0417541503906 2330.3638916015625 788.8214050292969 0.8220796130952381 2153.544567871094 220.68878936767578 2361.463000488281 363.92147064208984 0.7327938988095238 
14 2046.3840698242188 554.5225433349609 2318.926721191406 785.4908233642578 0.8236142113095238 2152.8072509765625 215.88738861083985 2365.2982177734375 363.7071243286133 0.74169921875 
15 2044.9975952148438 543.4750762939453 2311.687707519531 791.4501556396484 0.8323102678571429 2147.030859375 216.50066146850585 2371.61220703125 366.22146072387693 0.7636951264880952 
16 2032.5745239257812 538.5300903320312 2302.6181030273438 784.8858032226562 0.8358677455357143 2143.7260131835938 220.92798309326173 2366.3938598632812 377.26912994384764 0.75927734375 
17 2030.8120483398438 529.2474029541015 2298.974816894531 783.2962371826172 0.8458193824404762 2141.732275390625 222.72408142089844 2358.144189453125 373.2715240478516 0.7588588169642857 
18 2015.9151977539063 525.7537658691406 2288.1309448242187 778.8667175292969 0.8311709449404762 2132.736462402344 237.1902763366699 2347.643664550781 380.4617774963379 0.7586960565476191 
19 2019.7663208007812 528.0075378417969 2286.146032714844 780.3673400878906 0.8143136160714286 2138.2172119140623 238.98018569946288 2343.8438232421877 379.1800163269043 0.7351655505952381 
20 2005.145086669922 526.4135375976563 2288.6826721191405 781.1167358398437 0.8277994791666666 2136.563037109375 244.5394317626953 2338.403271484375 379.09966735839845 0.7495814732142857 
21 1999.2984619140625 554.4775024414063 2316.3924560546875 822.2457641601562 0.7277018229166666 2137.78994140625 249.30844116210938 2335.09287109375 390.2391052246094 0.7088448660714286 
22 2009.3840942382812 526.1843872070312 2277.8217163085938 780.2413940429688 0.8390997023809523 2130.8815185546873 241.33819580078125 2337.0032470703127 375.5570068359375 0.7607654389880952 
23 2010.9581420898437 520.2900512695312 2273.142687988281 782.4745971679688 0.8318917410714286 2133.7672607421873 242.61937713623047 2330.4055908203127 383.07535552978516 0.7472795758928571 
24 2010.5022705078125 527.3984130859375 2279.5533935546873 787.0093017578125 0.8365420386904762 2125.9656616210937 243.8234115600586 2338.3744262695313 380.70915069580076 0.7692057291666666 
25 2017.0399169921875 532.4116149902344 2275.9259033203125 781.8835510253906 0.8347516741071429 2128.01689453125 246.00770416259766 2335.12568359375 373.097184753418 0.7606491815476191 
26 2011.8025207519531 530.5775451660156 2278.9571228027344 778.9843444824219 0.8514229910714286 2125.911096191406 244.31482849121093 2341.509558105469 380.2355255126953 0.7679734002976191 
27 2009.792657470703 533.8397766113281 2271.5314392089845 776.8831237792969 0.8351702008928571 2127.1796020507813 244.2371810913086 2337.5057006835937 379.78054962158205 0.7619745163690477 
28 2011.6520263671875 532.264926147461 2273.3919189453127 775.3089874267578 0.8448660714285714 2125.4441772460937 242.12205505371094 2335.7709106445313 382.3397979736328 0.7777390252976191 
29 2010.4317626953125 533.9795501708984 2272.4027099609375 777.2381622314454 0.8541899181547619 2123.7846069335938 243.5805206298828 2338.9749145507812 383.9220428466797 0.7790411086309523 
30 2009.3177062988282 533.5007354736329 2270.8140075683596 776.3186614990234 0.8473772321428571 2126.5959228515626 240.57455444335938 2336.7268310546874 375.9922790527344 0.76220703125 
31 2009.4511352539062 528.2978973388672 2265.242956542969 774.7881011962891 0.8390066964285714 2125.7199584960936 247.82129669189453 2335.0044067382814 382.69332122802734 0.7715308779761905 
32 2007.266534423828 524.1644256591796 2268.6625427246095 771.5569488525391 0.8424246651785714 2123.4225830078126 245.71319885253905 2342.8083740234374 385.7467010498047 0.7807849702380952 
33 2005.1359436035157 528.5216552734375 2264.991375732422 760.5354736328125 0.8469122023809523 2127.746301269531 247.07097473144532 2345.839392089844 381.6389862060547 0.77099609375 
34 2003.2153686523438 521.8873107910156 2264.230676269531 759.5976745605469 0.8405180431547619 2123.863427734375 251.01222534179686 2333.607763671875 381.51987915039064 0.7520228794642857 
35 2000.871649169922 523.18447265625 2261.8369689941405 751.5290283203125 0.8411458333333334 2128.1279418945314 247.16353759765624 2342.4924194335936 382.30625 0.7615559895833334 
36 2001.731134033203 526.5054565429688 2254.7418884277345 746.7186645507812 0.8284970238095238 2121.929345703125 252.04990997314454 2332.771826171875 383.2407699584961 0.7663922991071429 
37 2004.5561645507812 529.2108001708984 2256.1496459960936 748.1902618408203 0.8397042410714286 2127.6650146484376 245.0033416748047 2337.3261962890624 380.1183624267578 0.7752511160714286 
38 1999.9860534667969 530.115365600586 2260.5692443847656 748.8190216064453 0.8380533854166666 2124.550500488281 249.8453369140625 2329.294470214844 384.7901611328125 0.7622535342261905 
39 2006.548077392578 526.2709503173828 2253.246722412109 749.6961517333984 0.8324730282738095 2125.9588134765627 246.45233154296875 2330.7653076171873 381.43841552734375 0.7574172247023809 
40 2006.7087524414062 528.8086700439453 2257.8515502929686 752.0466156005859 0.8377278645833334 2126.0193725585937 246.18372039794923 2335.3050903320313 376.40584869384764 0.7655087425595238 
41 2010.8195495605469 532.0236999511719 2260.3514709472656 758.4507873535156 0.8313802083333334 2128.298547363281 247.6567810058594 2345.483923339844 381.66469116210936 0.7637648809523809 
42 2009.7785217285157 538.0206878662109 2257.395672607422 752.9338409423829 0.8365187872023809 2126.040002441406 248.89434204101562 2331.609167480469 384.38300170898435 0.7686244419642857 
43 2009.0884704589844 534.9441101074219 2260.508819580078 753.7730529785156 0.8215448288690477 2129.0682373046875 247.88780212402344 2333.9293212890625 378.2539825439453 0.7519298735119048 
44 2005.5124267578126 531.4160186767579 2260.8957763671874 754.2959564208984 0.8237072172619048 2129.8108032226564 249.78008728027345 2329.4741088867186 375.1500274658203 0.7490699404761905 
45 2005.7139831542968 539.4580596923828 2265.5595764160157 757.5429779052735 0.8389834449404762 2125.2858276367188 245.7038803100586 2338.7305297851562 380.26685333251953 0.7730887276785714 
46 2011.6703125 543.1814697265625 2257.31064453125 751.744189453125 0.8332635788690477 2126.4687622070314 245.13290710449218 2335.0314819335936 379.5400054931641 0.7685081845238095 
47 2008.2962707519532 542.2551177978515 2258.8466735839843 751.0470672607422 0.8243815104166666 2132.5008056640627 247.9833511352539 2327.3732177734373 377.8983322143555 0.7479073660714286 
48 2011.5758056640625 538.0190704345703 2261.9305419921875 760.5565521240235 0.8262648809523809 2126.9457275390623 245.58203582763673 2335.5747802734377 375.3955337524414 0.7718331473214286 
49 2002.860498046875 549.84384765625 2263.481298828125 754.617333984375 0.8372628348214286 2123.8629760742188 250.5594253540039 2328.6367797851562 380.86986541748047 0.7684151785714286 
50 2006.4805236816405 549.1163513183594 2259.710272216797 750.7621887207031 0.8325660342261905 2126.7825561523437 246.46723327636718 2337.8075317382813 382.46092834472654 0.7756231398809523 
51 2005.2743408203125 552.9531555175781 2263.4341552734377 754.7872009277344 0.81884765625 2123.1613037109373 246.4108673095703 2329.6892822265627 382.53151550292966 0.76220703125 
52 1998.40048828125 545.4841461181641 2261.4740234375 752.1848602294922 0.8309151785714286 2126.6849365234375 246.45467071533204 2342.7813720703125 382.68921966552733 0.7816452752976191 
53 1998.3679138183593 550.7916442871094 2271.051641845703 757.6552551269531 0.814453125 2125.306884765625 248.45252990722656 2332.170654296875 380.09300231933594 0.7714378720238095 
54 2004.0780029296875 549.6513061523438 2261.7515869140625 751.1052856445312 0.8201032366071429 2123.72509765625 247.83081817626953 2343.9189453125 379.01009368896484 0.7697405133928571 
55 1995.874267578125 544.5930603027343 2262.374267578125 754.9878723144532 0.8293573288690477 2128.7646240234376 248.0622085571289 2334.4839111328124 378.97456512451174 0.7628115699404762 
56 2000.2461364746093 540.4122131347656 2257.819903564453 751.1545593261719 0.8237537202380952 2123.9896484375 246.9940170288086 2339.41513671875 378.12259063720705 0.7643926711309523 
57 2002.8095764160157 549.1648468017578 2260.739129638672 750.8188568115235 0.8275437127976191 2126.1830200195313 247.04460601806642 2346.5955444335937 378.35416717529296 0.7684849330357143 
58 2003.9662658691407 545.3034027099609 2261.574627685547 751.3901397705079 0.8249162946428571 2128.2667602539063 248.2431884765625 2339.0371948242187 374.7054809570312 0.7620907738095238 
59 1996.8608642578124 548.1490325927734 2259.4399169921876 749.7724151611328 0.8259858630952381 2124.9041748046875 246.07464447021485 2340.5943603515625 377.36428985595705 0.7694149925595238 
60 2003.4719482421874 548.5607666015625 2256.0217041015626 749.6653076171875 0.8269624255952381 2127.5882568359375 247.2636474609375 2333.3697509765625 378.215478515625 0.7635091145833334 
61 1999.815203857422 544.7383636474609 2261.620953369141 755.1180206298828 0.8337518601190477 2128.0208251953127 244.09323120117188 2338.4005615234373 379.6712341308594 0.7809942336309523 
62 1999.3996520996093 544.6288757324219 2261.495489501953 755.2417297363281 0.8311244419642857 2127.74736328125 243.65060272216797 2338.36005859375 379.3788467407227 0.7770879836309523 
63 1999.5132385253905 544.681039428711 2261.921697998047 750.8591827392578 0.8311476934523809 2127.47333984375 242.80316009521485 2343.0232421875 378.69326934814455 0.78125 
64 2001.3225463867188 551.9166931152344 2268.660119628906 758.2826477050781 0.8342168898809523 2126.3325073242186 242.54818115234374 2342.0788696289064 378.562109375 0.7771577380952381 
65 2009.31201171875 543.5272033691406 2256.4580078125 753.3681823730469 0.8258231026785714 2131.4502075195314 240.0649787902832 2345.9543334960936 375.2957847595215 0.7741117931547619 
66 2005.2564270019532 531.3543212890625 2260.0178649902346 758.3236572265625 0.8254045758928571 2134.775 231.51971282958985 2347.848046875 370.48050079345705 0.7658575148809523 
67 2003.3620666503907 525.2465454101563 2261.939080810547 769.9712280273437 0.8254278273809523 2137.090466308594 232.0386215209961 2344.875598144531 370.56205596923826 0.7661597842261905 
68 2003.712713623047 517.0623931884766 2263.1355529785155 776.4851531982422 0.8277529761904762 2138.413037109375 232.16061096191407 2342.245166015625 366.5045501708984 0.7513020833333334 
69 2005.501416015625 514.6123229980469 2260.292529296875 774.0361145019531 0.8234049479166666 2139.1333251953124 225.0768814086914 2347.5986083984376 368.6864547729492 0.77099609375 
70 2003.0089233398437 517.3229217529297 2259.448840332031 778.4254302978516 0.8274972098214286 2141.6298706054686 226.98977661132812 2346.7819946289064 362.2035827636719 0.7451404389880952 
71 2002.2997436523438 521.3675323486328 2259.0291137695312 782.7647308349609 0.8229166666666666 2140.538708496094 223.52552871704103 2350.589953613281 358.8919364929199 0.7548828125 
72 1997.6981201171875 517.3337493896485 2258.5518798828125 778.1874298095703 0.8191499255952381 2139.7702514648436 223.6943161010742 2349.3847778320314 358.7792251586914 0.7407924107142857 
73 1995.8340209960938 516.6827239990234 2262.632043457031 783.4806671142578 0.8226841517857143 2135.5339599609374 217.48015289306642 2346.1637939453126 362.5807907104492 0.7578590029761905 
74 1998.1010620117188 513.4138061523438 2255.0564086914064 779.7129028320312 0.8169875372023809 2121.5473876953124 233.81767730712892 2336.4555419921876 369.3032028198242 0.7533249627976191 
75 2006.0699157714844 516.6909851074219 2262.828643798828 778.1180969238281 0.8215448288690477 2117.5715942382812 228.5106071472168 2341.6517944335938 373.22921524047854 0.7712286086309523 
76 2009.8343383789063 505.6644256591797 2259.308972167969 773.6185943603516 0.8357514880952381 2115.5590209960938 231.13581924438478 2341.9338989257812 383.5924980163574 0.7786923363095238 
77 2011.72470703125 502.5742431640625 2269.68837890625 774.3573974609375 0.8366117931547619 2110.587158203125 240.535595703125 2340.911865234375 387.943408203125 0.7860863095238095 
78 2016.7773376464843 494.673876953125 2263.911749267578 769.2677734375 0.8372860863095238 2099.3313598632812 240.32256317138672 2332.7362670898438 400.5022964477539 0.7821335565476191 
79 2013.7653686523438 497.6156921386719 2273.1645629882814 770.6672668457031 0.8532133556547619 2087.454248046875 245.2180374145508 2314.997412109375 399.94727630615233 0.7577892485119048 
80 2010.9835876464845 502.2587127685547 2270.561944580078 770.9450836181641 0.8503534226190477 2081.745739746094 248.6356170654297 2304.892199707031 408.02582092285155 0.7632068452380952 
81 2010.3183959960938 511.5849670410156 2270.064172363281 775.8875671386719 0.8457263764880952 2078.146838378906 246.23077239990235 2296.879772949219 410.28067169189455 0.7475353422619048 
82 2011.5521911621095 520.2676544189453 2271.206719970703 779.9221038818359 0.8517020089285714 2067.2675537109376 249.92578582763673 2299.5898681640624 423.0287124633789 0.7548363095238095 
83 2007.1133422851562 528.9855438232422 2271.6915893554688 793.5637115478515 0.8518182663690477 2060.9764770507813 255.81039428710938 2284.4993530273437 424.5929870605469 0.7559058779761905 
84 2011.751885986328 528.3158660888672 2266.8383239746095 797.0676177978515 0.8556780133928571 2056.9526611328124 252.55628204345703 2284.7084716796876 421.0954818725586 0.7545572916666666 
85 2006.0825500488281 537.5760101318359 2269.0350036621094 795.9947296142578 0.8614211309523809 2047.5829467773438 257.5352279663086 2283.3333129882812 434.3480422973633 0.7918526785714286 
86 2006.6551330566406 532.0911315917969 2265.8174011230467 795.8002258300781 0.8605840773809523 2048.274853515625 260.337825012207 2280.157275390625 424.01932220458986 0.7957124255952381 
87 2003.4529113769531 532.6662292480469 2264.3233337402344 793.5366516113281 0.8643275669642857 2045.3470947265625 258.0658325195312 2278.7573974609377 427.402734375 0.8137555803571429 
88 1997.301007080078 531.3299377441406 2263.486956787109 797.5158874511719 0.8744652157738095 2043.3714599609375 261.0841827392578 2277.4317626953125 421.71360778808594 0.8110816592261905 
89 1997.281201171875 534.4634338378906 2258.546923828125 795.7293151855469 0.8708147321428571 2038.7099975585938 264.5591522216797 2277.057824707031 420.40196838378904 0.8084077380952381 
90 1998.053515625 539.8525756835937 2264.46845703125 801.6740356445313 0.8606770833333334 2029.500390625 259.65770263671874 2268.355078125 438.79871826171876 0.7967819940476191 
91 1997.2895385742188 539.0008422851563 2254.7146118164064 796.4259155273437 0.8729073660714286 2030.5774536132812 265.8708465576172 2265.8104858398438 434.52862854003905 0.8098260788690477 
92 1998.6040954589844 541.8482269287109 2259.050811767578 802.2950225830078 0.8635602678571429 2029.8859375 267.16649627685547 2262.91728515625 440.7977066040039 0.8054780505952381 
93 1994.8960021972657 542.994482421875 2261.261590576172 796.04189453125 0.8653273809523809 2017.9468139648438 271.6771072387695 2262.115441894531 449.25425872802737 0.8130115327380952 
94 1996.9128723144531 552.193960571289 2263.6358337402344 800.5222869873047 0.8700474330357143 2024.8586669921874 273.6205490112305 2263.9894775390626 452.9687759399414 0.8184523809523809 
95 1995.2026672363281 550.9964660644531 2262.6175231933594 800.5836120605469 0.8671409970238095 2014.9159301757813 281.0103393554688 2260.0462280273437 463.7438110351562 0.8107096354166666 
96 1997.9230163574218 551.1166442871094 2256.0902893066404 795.9303527832031 0.8709077380952381 2020.5212280273438 281.9927352905273 2260.8838012695314 455.58792266845705 0.8248697916666666 
97 1992.1862365722657 553.857943725586 2259.360516357422 798.0001495361328 0.8625372023809523 2020.7107849121094 281.36839294433594 2255.639923095703 461.02015686035156 0.8193591889880952 
98 1992.2785949707031 550.287319946289 2255.4849548339844 795.6493865966797 0.8693498883928571 2022.8200561523438 283.9922729492188 2259.2597778320314 457.9762939453125 0.8142671130952381 
99 1992.4287658691405 550.0320648193359 2255.783026123047 795.5317169189453 0.8693731398809523 2022.9876098632812 283.0726715087891 2259.5599975585938 461.6178802490234 0.8127092633928571 
100 1994.0443115234375 546.601171875 2252.4161376953125 796.0637451171875 0.8668387276785714 2024.02763671875 284.11717376708987 2260.126171875 462.30473175048826 0.7975260416666666 
101 1994.571112060547 547.500277709961 2261.4651428222655 801.0497100830078 0.8736281622023809 2021.6026977539063 286.4230667114258 2261.8072143554687 459.9042343139648 0.8178478422619048 
102 1995.9031982421875 554.5929931640625 2258.3629150390625 794.810205078125 0.8695126488095238 2022.4230102539063 285.1186218261719 2262.6402221679687 458.6087951660156 0.8123837425595238 
103 1994.6367431640624 551.1624084472656 2261.4941162109376 795.7815612792969 0.8762323288690477 2021.6646118164062 281.7392105102539 2261.8361206054688 459.644059753418 0.8306826636904762 
104 1993.2608581542968 556.1835845947265 2259.9111389160157 791.7245574951172 0.8730003720238095 2019.7549865722656 282.52528228759763 2264.1843444824217 460.29207000732424 0.8174990699404762 
105 1992.5314514160157 551.0705108642578 2262.911297607422 794.8558197021484 0.8772553943452381 2016.0574584960937 285.97535705566406 2259.8426879882813 463.2737274169922 0.8406110491071429 
106 1993.132635498047 551.0165496826172 2263.6194396972655 794.8981842041015 0.8744652157738095 2017.1798217773437 289.22755737304686 2256.627062988281 466.5959899902344 0.8327752976190477 
107 1993.2415771484375 551.1831359863281 2259.3004150390625 795.0704040527344 0.8697684151785714 2016.2658813476562 289.89964752197267 2260.1533081054686 462.83793182373046 0.8241257440476191 
108 1992.1512145996094 550.9816986083985 2258.875762939453 795.4790557861328 0.8726050967261905 2015.7461486816405 291.9513412475586 2255.798162841797 469.767561340332 0.8243350074404762 
109 1992.7151611328125 549.0653594970703 2259.5953857421873 793.705697631836 0.8703031994047619 2016.323712158203 292.79173431396487 2256.516009521484 475.1600173950195 0.8262416294642857 
110 1989.6566101074218 557.6141784667968 2257.4685119628907 789.7179748535157 0.8668852306547619 2016.7811584472656 292.5488845825195 2257.811981201172 471.09024505615236 0.8373790922619048 
111 1988.2324462890624 557.1551513671875 2260.2695068359376 789.0556640625 0.8720703125 2015.8477478027344 292.3219909667969 2256.667510986328 470.7070007324219 0.8327055431547619 
112 1985.878076171875 555.9484100341797 2262.234716796875 792.1887359619141 0.8768368675595238 2013.9936462402343 294.67818450927734 2254.691534423828 477.43018341064453 0.8306594122023809 
113 1988.6541687011718 552.8597198486328 2260.1731018066407 793.2207855224609 0.8652808779761905 2020.1545104980469 296.4060546875 2256.0643615722656 474.45130615234376 0.83056640625 
114 1990.6054382324219 561.0982696533204 2258.7042541503906 793.4504974365234 0.8647925967261905 2014.8373901367188 299.18643646240236 2251.6579711914064 477.91894073486327 0.8439592633928571 
115 1985.8147827148437 563.0902038574219 2261.5223754882813 789.8819641113281 0.8604213169642857 2014.3775268554687 298.4998153686523 2250.0631469726563 476.3757034301758 0.8346354166666666 
116 1987.8956909179688 555.6016662597656 2260.2212524414062 792.2122985839844 0.8674897693452381 2009.1871765136718 301.3052703857422 2245.7978088378904 479.8793609619141 0.8328450520833334 
117 1990.0241394042969 551.3865051269531 2262.3758850097656 796.9495544433594 0.8664899553571429 2007.8832702636719 304.44964599609375 2244.5167541503906 487.5057373046875 0.8213355654761905 
118 1990.173651123047 559.1220153808594 2261.6126037597655 798.3561340332031 0.853515625 2008.045458984375 311.7482421875 2247.279736328125 486.5731689453125 0.8412155877976191 
119 1994.7399475097657 560.9951965332032 2262.974285888672 796.8564880371093 0.8468424479166666 2005.0566833496093 314.8172836303711 2245.542559814453 495.18177032470703 0.8504696800595238 
120 1989.2800903320312 556.4641845703125 2257.1654663085938 793.096240234375 0.8615373883928571 2003.1894653320312 315.8825393676758 2239.8215209960936 494.47277679443357 0.8242420014880952 
121 1985.9101501464843 556.3336669921875 2257.635382080078 792.4226806640625 0.8607003348214286 2003.7281982421875 315.79014282226564 2239.8172119140627 498.42506713867186 0.8383324032738095 
122 1990.2360107421875 559.8468231201172 2256.9905517578127 791.0340972900391 0.8508649553571429 2000.1537841796876 323.18772888183594 2240.2329345703124 501.02406311035156 0.8341238839285714 
123 1991.2967163085937 553.7693237304687 2258.5555786132813 794.3023315429688 0.8616768973214286 1997.8068786621093 324.54339904785155 2238.339727783203 502.71600036621095 0.8474934895833334 
124 1989.8405212402345 554.324594116211 2262.304620361328 791.0555938720703 0.8626302083333334 2000.8354064941407 327.9012390136719 2237.566326904297 502.0994934082031 0.8453311011904762 
125 1989.9060668945312 559.5950714111328 2262.6347045898438 792.0850433349609 0.8539341517857143 2000.9115356445313 325.04151916503906 2237.8723999023437 503.87998962402344 0.8467261904761905 
126 1989.9960815429688 559.4799285888672 2263.3156860351564 792.473745727539 0.8516090029761905 2001.0253784179688 328.3817840576172 2238.4997680664064 503.1271270751953 0.84619140625 
127 1989.6766296386718 556.9392303466797 2262.5983947753907 794.0679107666016 0.8521205357142857 2001.2060180664062 326.1775466918945 2233.860632324219 505.14261322021486 0.8407970610119048 
128 1987.3736083984375 560.7218963623047 2259.6810791015623 792.852749633789 0.8458891369047619 1998.3621032714843 326.5306732177734 2234.956866455078 505.0928619384766 0.8386346726190477 
129 1990.3354431152343 560.6845001220703 2262.752569580078 792.908822631836 0.8472609747023809 1997.89296875 326.39896087646486 2234.58310546875 505.03307647705077 0.8394717261904762 
130 1989.7537841796875 560.8645202636719 2261.9508056640625 792.9013488769531 0.8560035342261905 2001.2526611328126 326.7682357788086 2233.2893310546874 505.25810089111326 0.8463541666666666 
131 1986.4898193359375 555.72724609375 2258.6830322265623 792.2228271484375 0.8533761160714286 1997.4737670898437 325.06678314208983 2233.969348144531 508.01619415283204 0.8323567708333334 
132 1990.6030517578124 556.3565521240234 2257.5239013671876 792.1366729736328 0.8538411458333334 1997.6182189941405 326.9071990966797 2233.398260498047 504.8544586181641 0.8400530133928571 
133 1987.0175415039062 556.06640625 2258.900671386719 792.2928466796875 0.8507486979166666 1997.9888122558593 326.18275299072263 2234.215411376953 504.46687469482424 0.8277529761904762 
134 1987.2056762695313 555.2291137695313 2258.770153808594 791.1784790039062 0.8563290550595238 1997.6505493164063 325.10133972167966 2238.0518432617187 507.62827453613284 0.8241722470238095 
135 1986.5761413574219 555.6440277099609 2257.9566955566406 791.4336700439453 0.8579566592261905 2001.462713623047 330.12096099853517 2232.8035217285155 503.6265670776367 0.8274042038690477 
136 1987.6737670898438 555.4596771240234 2254.4578247070312 791.1188751220703 0.8584216889880952 1997.5926025390625 329.5482772827148 2237.6984130859373 507.40432891845705 0.8256370907738095 
137 1987.704345703125 555.491357421875 2254.343994140625 791.023046875 0.8587937127976191 1998.1306396484374 325.77100982666013 2233.6623291015626 507.97480926513674 0.8249395461309523 
138 1986.712384033203 559.5123657226562 2257.620989990234 790.4508911132813 0.8549339657738095 1997.1319763183594 326.0116683959961 2236.9526184082033 508.0977981567383 0.8257533482142857 
139 1987.5556091308595 554.8144439697265 2258.578790283203 790.2935272216797 0.8607468377976191 1994.0491455078125 324.1201232910156 2238.4142333984373 515.1691833496094 0.8319149925595238 
140 1987.2100769042968 555.0524688720703 2258.3671936035157 790.6480316162109 0.8612351190476191 1997.6391723632812 324.7569519042969 2237.6799194335936 511.4553283691406 0.8288457961309523 
141 1987.1816284179688 553.9070983886719 2258.7302368164064 789.8426574707031 0.8534226190476191 1998.1394409179688 327.2172348022461 2234.075158691406 509.7334182739258 0.8232189360119048 
142 1986.5363037109375 555.0774658203125 2257.9309814453127 790.8795654296875 0.8542829241071429 1996.97451171875 328.5158981323242 2237.22568359375 510.9287734985352 0.8302873883928571 
143 1988.1275207519532 552.4431732177734 2260.2180603027346 793.3103057861329 0.8465401785714286 1995.1613830566407 325.30074920654295 2236.028436279297 512.6417861938477 0.82958984375 
144 1986.876531982422 549.2547302246094 2258.6773010253905 794.3210754394531 0.8407738095238095 2001.786114501953 327.32396240234374 2233.485247802734 505.55408935546876 0.8194289434523809 
145 1989.6081115722657 552.7910858154297 2260.889324951172 792.9418853759765 0.8404250372023809 1997.1341247558594 330.25826873779295 2232.837677001953 512.5949722290039 0.8324032738095238 
146 1987.7838195800782 557.6047821044922 2262.7092224121093 792.6215972900391 0.8518880208333334 1999.210546875 328.38661041259763 2234.22744140625 510.19209442138674 0.8377976190476191 
147 1987.10595703125 556.8518188476562 2258.1064453125 792.3111450195313 0.8516555059523809 1998.0417175292969 322.75945434570315 2233.5008850097656 513.7924865722656 0.8335890997023809 
148 1987.117608642578 557.474154663086 2257.6859802246095 792.5582550048828 0.8491675967261905 1998.035791015625 327.67863006591796 2233.119970703125 513.9716690063476 0.8383556547619048 
149 1987.60068359375 560.0113128662109 2257.6693359375 790.2337432861328 0.8510974702380952 1997.9880432128907 322.80725250244143 2237.065057373047 513.1835006713867 0.8321707589285714 
150 1985.9792114257812 557.2175872802734 2260.896520996094 792.2274200439454 0.8493071056547619 1997.4056884765625 327.4945922851563 2232.4156005859377 513.7287963867187 0.8324265252976191 
151 1986.455548095703 557.5743804931641 2260.626849365234 791.9464324951172 0.8510974702380952 1998.3613647460938 328.9850540161133 2228.311242675781 510.2917709350586 0.8400297619047619 
152 1989.367364501953 563.1406555175781 2263.9982360839845 789.0466003417969 0.8464471726190477 1997.3746337890625 329.2274917602539 2232.1395263671875 515.2676559448242 0.8361002604166666 
153 1989.7475646972657 561.3618896484375 2260.734246826172 792.366748046875 0.8491908482142857 1997.2654846191406 327.2814971923828 2232.7129089355467 513.8623626708984 0.8371233258928571 
154 1986.3647399902343 561.0002563476562 2262.285772705078 792.4177124023438 0.8459123883928571 1997.8329284667968 326.50177307128905 2233.7008850097654 513.4158905029296 0.8257068452380952 
155 1985.8248474121094 560.7870635986328 2262.2143371582033 792.5975189208984 0.8478422619047619 1997.3124877929688 325.89044494628905 2233.5808227539064 513.1219451904296 0.8314499627976191 
156 1986.5034973144532 553.409146118164 2258.6130798339846 794.2929412841797 0.8503534226190477 1997.4839660644532 326.2508377075195 2233.9070251464846 513.6049667358399 0.8272879464285714 
157 1987.0670227050782 554.6026611328125 2259.9421325683593 791.6907958984375 0.8508882068452381 1998.078387451172 326.289241027832 2235.166363525391 514.1703842163085 0.8206380208333334 
158 1984.482733154297 557.9119445800782 2262.0408264160155 790.7025573730468 0.8441220238095238 1995.5023010253906 325.9822692871094 2237.2466003417967 509.5287170410156 0.8158017113095238 
159 1988.4358520507812 557.6540893554687 2261.1073608398438 790.0954223632813 0.8462379092261905 1995.4847290039063 326.072265625 2236.866101074219 509.3433837890625 0.8183128720238095 
160 1987.583154296875 555.9967956542969 2260.499365234375 793.1206359863281 0.8524925595238095 1998.5962219238281 328.6814559936523 2235.7200622558594 507.6427932739258 0.8163829985119048 
161 1987.5026306152345 552.5797760009766 2260.506280517578 794.2551239013671 0.8546549479166666 1998.5192138671875 325.1915756225586 2235.7190673828127 508.685774230957 0.8158017113095238 
162 1990.9172729492188 551.9865539550781 2260.146447753906 794.2926208496094 0.8547014508928571 1998.5109252929688 327.9742233276367 2231.8428344726562 507.46019439697267 0.8131277901785714 
163 1991.2423828125 551.8827972412109 2260.3474609375 794.0772247314453 0.8538876488095238 1998.8325256347657 327.97369689941405 2232.057000732422 507.3769500732422 0.8126627604166666 
164 1987.3577819824218 551.5375305175781 2260.6159729003907 793.4382995605469 0.8493303571428571 1998.384698486328 327.38306579589846 2235.8056091308595 511.04845275878904 0.8097795758928571 
165 1991.5455078125 554.6896484375 2260.42080078125 792.19609375 0.8450055803571429 1999.1292053222655 325.97347259521484 2232.154364013672 514.1860427856445 0.8090355282738095 
166 1990.926953125 550.9421844482422 2258.97197265625 792.1828765869141 0.8455868675595238 1997.9716491699219 323.4474899291992 2234.7447814941406 511.07909088134767 0.8101283482142857 
167 1991.5685791015626 553.6771545410156 2259.8884521484374 790.6930847167969 0.8467494419642857 1995.1805908203125 325.43323211669923 2232.1963623046877 513.2571670532227 0.8096865699404762 
168 1988.714044189453 553.7700439453125 2260.0695251464845 793.9863037109375 0.84814453125 1991.7937316894531 323.8194213867188 2236.4585876464844 510.6542724609375 0.8179640997023809 
169 1990.0508605957032 553.9817199707031 2256.8474548339846 789.6519470214844 0.8467029389880952 1996.5498168945312 327.54676666259763 2236.6667358398436 509.857682800293 0.8326125372023809 
170 1989.130859375 553.9154479980468 2256.697265625 790.2658264160157 0.8456798735119048 1991.7036010742188 326.3124465942383 2236.9729125976564 513.6089706420898 0.8251023065476191 
171 1991.0488159179688 550.3281219482421 2258.7951782226564 795.7623931884766 0.8551199776785714 1997.5709289550782 324.11673431396486 2238.5427185058593 507.07677764892577 0.8164527529761905 
172 1987.2244445800782 554.0519165039062 2259.5434997558596 795.1213012695313 0.8540271577380952 1997.6982177734376 319.8506484985352 2238.7676025390624 507.3490280151367 0.8204287574404762 
173 1988.4060852050782 553.7639862060547 2259.2143981933596 793.4958404541015 0.8507254464285714 1999.334033203125 325.3015380859375 2234.626416015625 502.880712890625 0.8223353794642857 
174 1988.3146240234375 551.7426940917969 2259.9060791015627 792.1679504394531 0.8507486979166666 1999.2741760253907 322.6195343017578 2235.247186279297 500.7123138427734 0.8179873511904762 
175 1991.4912536621093 555.5909393310546 2259.462481689453 792.2987701416016 0.8521437872023809 1998.0187927246093 321.8032760620117 2239.192755126953 500.45072174072266 0.8222423735119048 
176 1990.8280456542968 551.7429656982422 2258.8976623535154 793.0058746337891 0.8568173363095238 1997.8734191894532 321.30604553222656 2234.6684509277343 504.4871063232422 0.8285667782738095 
177 1991.1559692382812 556.8240783691406 2258.982946777344 793.4045593261719 0.8577706473214286 1994.2462768554688 322.6471542358398 2235.2905883789062 505.66226348876955 0.8321940104166666 
178 1986.0909118652344 558.1329528808594 2262.540069580078 789.9936340332031 0.8520042782738095 1993.6365844726563 323.1853530883789 2234.414929199219 510.45743865966796 0.8383091517857143 
179 1987.497491455078 557.0140197753906 2259.6273864746095 793.4548522949219 0.8581194196428571 1995.047100830078 322.97545471191404 2231.487933349609 505.88245544433596 0.8358444940476191 
180 1989.5006896972657 560.9234649658204 2261.848309326172 793.0884368896484 0.8536783854166666 1997.0564208984374 322.7482284545898 2233.6862548828126 505.80142364501955 0.8486560639880952 
181 1989.5459106445312 557.2762817382812 2262.5246459960936 794.4545532226563 0.853515625 1997.6354736328126 323.0239990234375 2230.3386474609374 502.02647705078124 0.8394717261904762 
182 1986.9783874511718 557.0761688232421 2260.0588439941407 789.8659088134766 0.8570265997023809 1997.998095703125 321.70369110107424 2235.264599609375 505.2494644165039 0.8376348586309523 
183 1986.5376892089844 555.5204498291016 2260.339874267578 793.4141815185546 0.8589099702380952 1997.5864807128905 320.5614501953125 2235.480291748047 500.103955078125 0.8405412946428571 
184 1990.4006652832031 556.6303131103516 2259.2627868652344 789.6442840576171 0.8582124255952381 1997.4669860839845 321.0311981201172 2234.961846923828 504.7537139892578 0.8391927083333334 
185 1985.4034790039063 558.1022064208985 2263.2115112304687 791.1026885986328 0.8535853794642857 2000.913800048828 319.5869735717773 2233.914202880859 498.8180862426758 0.8276134672619048 
186 1988.3572631835937 558.8061920166016 2261.9701293945313 792.0499481201172 0.8534923735119048 1995.947979736328 320.0418472290039 2233.677386474609 499.4601364135742 0.8348214285714286 
187 1984.5693481445312 558.8184478759765 2262.4357788085936 791.8676483154297 0.8524228050595238 1996.6354553222657 319.7361145019531 2229.684735107422 503.4864807128906 0.8381928943452381 
188 1988.2959594726562 558.86279296875 2260.8786010742188 791.228271484375 0.8555850074404762 1999.8111572265625 317.0445358276367 2232.1766357421875 500.2557876586914 0.8309616815476191 
189 1986.3424255371094 556.177603149414 2259.6977355957033 789.2017303466797 0.8619791666666666 1997.8901977539062 317.6380950927734 2230.9142456054688 496.8874176025391 0.8258928571428571 
190 1987.221630859375 559.2685607910156 2260.839892578125 792.5168395996094 0.8619791666666666 1998.7806030273437 317.0492965698242 2232.0287231445313 496.4709976196289 0.8280552455357143 
191 1987.2512939453125 556.0766754150391 2260.7203857421873 789.1979217529297 0.8638392857142857 1998.8039001464845 313.47193450927733 2231.925225830078 497.2790725708008 0.8221958705357143 
192 1987.5034606933593 558.7008514404297 2260.241778564453 791.1992340087891 0.8592122395833334 1995.5858520507813 313.305029296875 2228.0843139648437 496.6210571289063 0.8246605282738095 
193 1987.93623046875 559.173226928711 2260.60234375 791.6100372314453 0.8564220610119048 1999.4549133300782 313.32667388916013 2231.8916442871096 501.06404266357424 0.8301478794642857 
194 1985.1896850585938 557.7245452880859 2258.0205200195314 790.3016387939454 0.8576078869047619 1996.7153381347657 312.24562377929686 2229.292352294922 495.6236999511719 0.8265438988095238 
195 1984.6438781738282 557.6203643798829 2257.9277770996096 790.5835540771484 0.8583286830357143 1995.6717895507813 311.73390197753906 2233.1150756835937 495.4164276123047 0.8291248139880952 
196 1987.6847290039063 561.6710632324218 2256.1236206054687 789.8440734863282 0.8533296130952381 1998.6976196289063 308.7190887451172 2231.344616699219 492.1523101806641 0.8209867931547619 
197 1985.61474609375 558.5949523925781 2258.46875 786.7187683105469 0.8574451264880952 1997.1413940429688 305.69746856689454 2229.738244628906 489.0911361694336 0.8314267113095238 
198 1985.3444580078126 555.4178649902344 2257.7649169921874 787.6451232910156 0.8583519345238095 1997.3680541992187 302.9221817016602 2225.129260253906 490.4903854370117 0.8175455729166666 
199 1985.4258728027344 554.3091369628906 2258.669464111328 791.7173522949219 0.8639322916666666 1998.0027587890625 301.56761932373047 2221.9728271484373 489.70243072509766 0.8225213913690477 
200 1985.2785217285157 552.0475219726562 2257.981610107422 788.9861694335938 0.8639787946428571 1997.3145446777344 299.2900695800781 2225.312042236328 491.5232849121094 0.8132905505952381 
201 1988.8702697753906 563.5692077636719 2267.428436279297 795.7009338378906 0.8510044642857143 1998.3340087890624 301.61735382080076 2225.8232177734376 482.68016204833987 0.8191499255952381 
202 1988.302716064453 561.3350952148437 2256.596087646484 792.6224243164063 0.8546316964285714 1995.597119140625 292.15218048095704 2231.510302734375 481.8078109741211 0.8100818452380952 
203 1987.4218872070312 553.5524841308594 2254.9733764648436 789.8895324707031 0.8621186755952381 1994.9682373046876 295.09104309082034 2226.8462158203124 482.37697448730466 0.8040132068452381 
204 1987.0030334472656 560.4578582763672 2254.7790710449217 788.067593383789 0.861328125 1994.5557556152344 289.9352767944336 2226.628448486328 481.84154815673827 0.8117792038690477 
205 1985.5766540527343 549.5001953125 2253.112432861328 794.741259765625 0.8654668898809523 2001.0114868164062 284.7084274291992 2223.9579956054686 476.4423599243164 0.8161969866071429 
206 1985.5968017578125 552.6722839355468 2253.0140380859375 788.8909484863282 0.8671875 1996.5677185058594 283.5407241821289 2228.329376220703 475.1898361206055 0.8132440476190477 
207 1984.558367919922 552.1829071044922 2252.902203369141 789.2198638916016 0.8628394717261905 1999.5237060546874 283.1511520385742 2227.6159423828126 466.5193496704102 0.7954566592261905 
208 1986.134344482422 556.2768432617188 2259.4522033691405 793.7496459960937 0.8692568824404762 1998.1976379394532 278.82313232421876 2226.7089782714843 471.48973388671874 0.8036411830357143 
209 1983.7379577636718 551.0826812744141 2252.4296447753904 792.9052947998047 0.8648158482142857 1998.722589111328 278.2571716308594 2227.1107849121095 466.3414001464844 0.7989443824404762 
210 1985.4250244140626 554.9781555175781 2253.5989013671874 791.8652282714844 0.8595842633928571 1996.4269775390626 274.7707290649414 2228.8445068359374 466.9620895385742 0.810546875 
211 1985.5286499023437 555.0167602539062 2254.0253051757813 792.1886840820313 0.8647925967261905 1997.0602416992188 273.95602264404295 2225.2822875976562 470.8534561157227 0.8206380208333334 
212 1984.7000610351563 552.2280517578125 2253.617565917969 789.7719482421875 0.8638160342261905 2000.214422607422 274.691389465332 2224.3125549316405 467.41563568115237 0.81640625 
213 1983.0899536132813 557.1293975830079 2252.128063964844 790.2957122802734 0.8675362723214286 1998.0939147949218 273.6046615600586 2226.7763244628904 452.963362121582 0.7949683779761905 
214 1982.5791870117187 555.8770538330078 2252.4151977539063 789.7349456787109 0.8650716145833334 1997.6277160644531 272.03039703369143 2226.9883728027344 447.42379608154295 0.7982235863095238 
215 1981.7497619628907 558.9228424072265 2255.275506591797 787.6083465576172 0.8669317336309523 1996.7540405273437 266.42614288330077 2229.923449707031 459.23941497802736 0.8207775297619048 
216 1992.2071044921875 561.5300537109375 2251.2225830078123 788.1686767578125 0.8629092261904762 2003.0586181640624 259.8194915771484 2229.6972412109376 449.4559600830078 0.8094773065476191 
217 1987.9109680175782 556.6009918212891 2256.6499450683596 792.9059051513672 0.86669921875 1999.8508911132812 260.0613952636719 2226.8890991210938 440.76520385742185 0.8098260788690477 
218 1991.0287658691407 556.482553100586 2254.127850341797 791.8868927001953 0.8611421130952381 1998.3075805664062 260.54068145751955 2229.095983886719 445.17150726318357 0.8048502604166666 
219 1990.96982421875 560.2211242675781 2254.043359375 795.6028503417969 0.8646298363095238 2002.330584716797 257.2071258544922 2228.481549072266 441.8202178955078 0.8136858258928571 
220 1992.2018249511718 561.3544189453125 2251.1054260253904 787.894970703125 0.8673502604166666 2002.5153747558593 253.1952163696289 2233.679083251953 438.126286315918 0.8195917038690477 
221 1987.7976989746094 546.3286315917969 2248.447540283203 789.0025451660156 0.8741629464285714 1997.822735595703 261.8263687133789 2231.508685302734 423.60896453857424 0.7893647693452381 
222 1984.559326171875 557.0563446044922 2253.281005859375 789.948599243164 0.8747674851190477 1998.5121704101562 257.6727584838867 2235.883093261719 427.8632217407227 0.7989211309523809 
223 1986.7973693847657 556.4189422607421 2255.778192138672 794.0186187744141 0.8765578497023809 2001.2810119628907 253.8155776977539 2234.397576904297 424.17004852294923 0.8015485491071429 
224 1986.7290100097657 555.9584014892578 2256.084344482422 793.888949584961 0.8741396949404762 2001.7507751464843 253.45164184570314 2230.702960205078 419.55409545898436 0.7984793526785714 
225 1987.4627319335937 552.5833740234375 2252.5570434570313 790.7188720703125 0.8740699404761905 1998.0042663574218 249.2975845336914 2231.6467346191407 420.03624725341797 0.7955729166666666 
226 1987.9964538574218 551.8513763427734 2253.2185119628907 790.1016876220704 0.8673037574404762 1999.0618286132812 252.91456756591796 2228.3217163085938 414.74500885009763 0.7941545758928571 
227 1985.0544189453126 554.4785797119141 2250.5178466796874 788.4462860107421 0.8702799479166666 2003.0519287109375 247.82858428955078 2232.5203369140627 409.8062118530273 0.7843889508928571 
228 1985.6091369628907 557.9609008789063 2256.411737060547 792.6562866210937 0.8600492931547619 2000.1908630371095 247.40599975585937 2234.886407470703 405.37409057617185 0.7771809895833334 
229 1987.7057495117188 554.7256378173828 2249.9893188476562 789.8762298583985 0.8643740699404762 2001.7939147949219 246.5252258300781 2232.4225158691406 409.3218200683594 0.7980143229166666 
230 1987.5698181152343 552.2419067382813 2253.607550048828 791.2251342773437 0.8753022693452381 2005.6061889648438 241.97993011474608 2235.5713012695314 404.30818634033204 0.80029296875 
231 1985.4044555664063 559.4234985351562 2256.0586791992187 789.4796997070313 0.8663504464285714 2007.9589477539062 242.09856567382812 2233.504187011719 395.4693664550781 0.7893647693452381 
232 1984.6330871582031 552.62646484375 2250.4039001464844 791.3697509765625 0.8734421502976191 2009.5815795898438 235.74583587646484 2239.315637207031 397.911116027832 0.7972237723214286 
233 1978.2105651855468 558.5280395507813 2272.0986389160157 831.9123901367187 0.6910807291666666 1985.0452270507812 206.0199447631836 2265.2640991210938 390.55436553955076 0.7317243303571429 
234 1987.4818176269532 556.1529479980469 2252.6826110839843 789.8890441894531 0.87158203125 2008.9192138671874 228.54201126098633 2238.1603759765626 394.85427474975586 0.8060360863095238 
235 1985.1483581542968 548.5163787841797 2254.2335998535154 790.6930328369141 0.8690011160714286 2009.9869873046875 226.13164749145508 2243.1941650390627 392.06749496459963 0.80615234375 
236 1984.456591796875 553.1626861572265 2253.785107421875 791.0694305419922 0.8665597098214286 2013.2886047363281 222.54479751586913 2242.2176208496094 393.1194328308105 0.8086635044642857 
237 1985.732373046875 548.6160095214843 2250.673388671875 791.1045715332032 0.8688151041666666 2010.0847717285155 221.84375 2243.592352294922 392.48382568359375 0.8070591517857143 
238 1990.5603454589843 552.4854095458984 2254.900714111328 789.9438507080079 0.8635835193452381 2007.4477600097657 219.04419631958007 2244.906121826172 389.2974021911621 0.8090587797619048 
239 1986.653985595703 553.3325500488281 2256.2511657714845 791.4767761230469 0.8659784226190477 2007.5650512695313 220.48373718261718 2245.709118652344 377.7487457275391 0.8055710565476191 
240 1989.522235107422 551.6750457763671 2250.375836181641 790.0412017822266 0.8672340029761905 2009.9338623046874 217.99702987670898 2243.8024658203126 379.9061225891113 0.7997116815476191 
241 1988.6315856933593 552.6145751953125 2253.723516845703 790.7478515625 0.8613513764880952 2005.5671691894531 215.2878303527832 2243.7002868652344 381.53185653686523 0.7943173363095238 
242 1985.716815185547 553.3210906982422 2255.108013916016 791.2832183837891 0.8640950520833334 2010.0656677246093 208.81125030517578 2248.027716064453 379.42565765380857 0.7998976934523809 
243 1986.6883850097656 557.7392395019531 2260.168426513672 790.8697692871094 0.8555617559523809 2007.5528869628906 206.31920166015624 2249.650115966797 376.6837890625 0.8055013020833334 
244 1987.6656005859375 552.4626312255859 2255.9105712890623 789.4123077392578 0.8623744419642857 2007.9559509277344 205.97958068847657 2249.3762023925783 375.8680145263672 0.8016880580357143 
245 1987.8411865234375 552.5249176025391 2252.2115478515625 790.0101776123047 0.8657924107142857 2012.1412475585937 206.8099021911621 2245.145617675781 363.6397590637207 0.8091285342261905 
246 1988.0888671875 551.5263488769531 2253.560546875 794.5005065917969 0.86572265625 2008.5098388671875 204.37094497680664 2246.9843017578123 366.35371017456055 0.8100120907738095 
247 1987.7988586425781 551.5199157714844 2252.9095153808594 794.1636779785156 0.8628162202380952 2008.1918640136719 205.35496520996094 2246.3424377441406 362.6240997314453 0.8013625372023809 
248 1988.2926513671875 552.6020233154297 2253.2952392578127 790.655239868164 0.8626069568452381 2008.677471923828 198.63177337646485 2246.730609130859 360.32827911376955 0.8018275669642857 
249 1987.4450134277345 553.7214324951171 2257.376397705078 792.1605865478516 0.8639090401785714 2007.8629638671875 199.17718582153321 2250.8010986328127 361.1359092712402 0.7916434151785714 
250 1986.3420776367188 549.0590362548828 2256.491662597656 792.1937103271484 0.8631649925595238 2007.2959411621093 197.69135589599608 2245.928302001953 364.28365020751954 0.7971075148809523 
251 1986.278582763672 550.3234802246094 2256.418804931641 788.9472717285156 0.8626302083333334 2006.7122375488282 194.98543395996094 2249.8384216308596 361.5718170166016 0.7839704241071429 
252 1987.3518005371093 551.7014862060547 2257.788458251953 795.094351196289 0.85986328125 2007.8079406738282 194.066552734375 2251.2007263183596 351.8212036132812 0.78076171875 
253 1987.8904113769531 552.5185974121093 2257.9585876464844 795.5800354003907 0.8574683779761905 2008.8380859375 187.926424407959 2247.3982421875 349.9673896789551 0.7913876488095238 
254 1992.9139587402344 555.8179016113281 2254.1706359863283 793.7478942871094 0.8671177455357143 2013.0106689453125 180.9794921875 2255.6060302734377 339.5994873046875 0.7847842261904762 
255 1984.9795776367187 546.2694580078125 2259.1192993164063 793.4446533203125 0.8528878348214286 2005.37578125 179.30928726196288 2252.5509765625 341.09670333862306 0.7693219866071429 
256 1986.0310119628907 550.3015563964843 2255.094354248047 792.4584533691407 0.8528878348214286 2010.3501831054687 183.0992904663086 2248.0226196289063 349.0215896606445 0.7805757068452381 
257 1990.939697265625 552.969580078125 2251.288818359375 790.0732666015625 0.8607235863095238 2010.9665405273438 179.43296279907227 2252.7192504882814 337.5020805358887 0.7837844122023809 
258 1988.6184875488282 553.1054565429688 2252.7363708496096 789.4213989257812 0.8603283110119048 2012.6777404785157 183.83955307006835 2253.627313232422 346.0171516418457 0.7864815848214286 
259 1989.3385314941406 550.6420867919921 2253.512908935547 787.9513580322266 0.8486793154761905 2005.182196044922 176.59586639404296 2251.4463439941405 342.2645767211914 0.7773670014880952 
260 1988.7843811035157 551.4623382568359 2252.746746826172 788.5811798095704 0.8578171502976191 2008.056640625 177.20001831054688 2254.12353515625 347.20977172851565 0.7851795014880952 
261 1990.0938720703125 551.7824584960938 2254.8514404296875 789.6154907226562 0.8614443824404762 2009.942041015625 180.88038482666016 2252.262548828125 342.42732391357424 0.7886672247023809 
262 1987.534979248047 549.0158050537109 2252.1248107910155 791.1826202392579 0.8563523065476191 2010.3029418945312 177.83136138916015 2256.954138183594 348.2450241088867 0.7958751860119048 
263 1990.1546142578125 546.50380859375 2254.0070068359373 787.995947265625 0.8530738467261905 2005.97890625 166.03329772949218 2251.94296875 335.9721954345703 0.7818545386904762 
264 1987.7701049804687 549.7513244628906 2250.5538696289063 785.8112976074219 0.8544224330357143 2006.4424682617187 162.4279022216797 2255.8644165039063 340.5863800048828 0.7936197916666666 
265 1989.7832458496093 548.1618133544922 2252.993731689453 789.0663970947265 0.8532598586309523 2012.4324584960937 164.67055969238282 2257.7982543945313 338.6571990966797 0.7988048735119048 
266 1989.0583374023438 551.8094757080078 2252.8183715820314 788.746615600586 0.8557012648809523 2011.7546997070312 160.1238639831543 2257.6327514648438 334.47380752563475 0.7975725446428571 
267 1987.6693359375 552.8999694824219 2251.1529296875 789.5886779785156 0.8593982514880952 2010.3420532226562 165.06028442382814 2255.9623901367186 339.22743530273436 0.8104538690476191 
268 1987.49482421875 553.0210968017578 2251.21708984375 789.9242767333984 0.8606305803571429 2009.6721923828125 160.36014709472656 2259.9850341796873 343.6248382568359 0.8140811011904762 
269 1987.0154235839843 552.7036590576172 2255.824542236328 790.1516265869141 0.8582821800595238 2010.277734375 159.6566131591797 2256.6861328125 338.86261291503905 0.8102911086309523 
270 1992.860205078125 548.1460571289062 2257.095361328125 789.9885864257812 0.8529808407738095 2008.7073791503906 155.7549186706543 2255.0283386230467 334.897501373291 0.8036876860119048 
271 1988.3479919433594 549.00751953125 2257.345001220703 791.1049072265625 0.8527715773809523 2012.1439514160156 156.72014770507812 2254.241180419922 331.5682434082031 0.8063616071428571 
272 1987.5036743164062 554.2508666992187 2252.6430541992186 787.9328491210938 0.8534923735119048 2010.3188903808593 153.0852424621582 2257.482501220703 328.34674911499025 0.8018740699404762 
273 1992.3686096191407 551.0534515380859 2257.086346435547 788.8505401611328 0.859375 2011.6961547851563 150.5258056640625 2258.466687011719 329.9953125 0.8052687872023809 
274 1989.2142639160156 550.5163726806641 2253.763153076172 788.1619110107422 0.8582821800595238 2012.4959655761718 153.6931297302246 2254.6252502441407 333.0482795715332 0.8023390997023809 
275 1989.484796142578 555.7279602050781 2254.4926208496095 789.2942565917969 0.8520740327380952 2015.7437744140625 147.33243255615236 2262.7850341796875 326.9988357543945 0.8151971726190477 
276 1989.4152893066407 552.8641540527344 2252.568963623047 784.7962463378906 0.8519810267857143 2011.5448913574219 140.46416091918945 2261.3180236816406 318.8734703063965 0.7884579613095238 
277 1990.2053100585938 548.3400512695313 2253.4511840820314 789.2767700195312 0.8578404017857143 2008.9105529785156 143.68983154296876 2258.770965576172 322.16148681640624 0.8020135788690477 
278 1988.6568725585937 552.0398498535156 2252.060168457031 788.6561950683594 0.8606305803571429 2006.858172607422 139.76423568725585 2261.332379150391 318.3425910949707 0.7982235863095238 
279 1993.0954223632812 551.9013061523438 2252.784704589844 789.2036743164062 0.8578636532738095 2015.3101989746094 142.3911117553711 2261.5673645019533 317.0098587036133 0.8042922247023809 
280 1991.6303161621095 551.2419891357422 2250.827813720703 788.0948638916016 0.8532133556547619 2013.2874755859375 134.6010269165039 2263.5469970703125 317.8267990112305 0.7998744419642857 
281 1991.3295349121095 550.8102874755859 2250.971368408203 788.0694122314453 0.8512137276785714 2013.0237121582031 140.85825424194337 2263.7124938964844 319.92172927856444 0.8006417410714286 
282 1986.935400390625 567.2062469482422 2289.173974609375 835.099478149414 0.7145647321428571 1953.646990966797 134.45558319091796 2269.623638916016 306.18202056884763 0.6856398809523809 
283 1992.4044921875 551.9665954589843 2252.4578125 785.1177551269532 0.8552362351190477 2010.1667114257812 136.88155975341797 2265.736364746094 320.7123428344727 0.7998744419642857 
284 1988.6632141113282 546.4206665039062 2253.1022888183593 788.4498168945313 0.8553524925595238 2010.3837829589843 133.04044876098632 2265.859014892578 312.32129135131834 0.7970842633928571 
285 1989.1775146484374 550.0024353027344 2252.8801025390626 791.3573059082031 0.8527483258928571 2010.8376098632812 124.02138595581054 2265.601110839844 302.80278701782225 0.8088727678571429 
286 1989.9390930175782 550.1066497802734 2253.5529724121093 791.3803497314453 0.8532366071428571 2003.6868957519532 119.80085983276368 2267.3007751464843 307.4581886291504 0.8065011160714286 
287 1992.3226318359375 552.5245483398437 2252.0211181640625 785.3575317382813 0.8533993675595238 2009.5440673828125 124.22896423339844 2269.2425537109375 307.80881652832034 0.8184291294642857 
288 1987.8651733398438 573.2563385009765 2283.1819458007812 834.2339569091797 0.7029389880952381 1938.7337585449218 116.28137512207032 2247.7863830566407 308.5806854248047 0.7141229538690477 
289 1980.8493591308593 573.4010284423828 2283.246466064453 827.689486694336 0.7118210565476191 1933.269384765625 121.39133987426757 2235.666650390625 306.9531883239746 0.6373000372023809 
290 1981.06171875 567.82568359375 2276.71904296875 822.2286376953125 0.7351190476190477 1943.2450256347656 131.4796127319336 2245.778289794922 317.12503204345705 0.6542503720238095 
291 1988.2680236816407 573.3463531494141 2276.910076904297 827.6262420654297 0.7001953125 1938.3107482910157 116.06554260253907 2247.569989013672 301.62110290527346 0.6921968005952381 
292 1982.1708129882813 573.9467529296875 2277.3777709960937 827.9621826171875 0.6980561755952381 1939.130859375 117.14150161743164 2241.203125 302.5041130065918 0.6618536086309523 
293 1987.9734680175782 551.4489227294922 2253.6338317871096 794.595816040039 0.8527018229166666 2009.2747131347655 118.84131927490235 2270.432684326172 298.95015411376954 0.8056408110119048 
294 1990.402813720703 551.8492584228516 2251.059954833984 790.0359344482422 0.8587472098214286 2012.181866455078 116.09553146362305 2263.850726318359 295.859073638916 0.8121047247023809 
295 1992.26181640625 551.1638763427734 2252.402734375 793.3640167236329 0.8602585565476191 2006.062353515625 109.37290573120117 2266.203271484375 293.26559829711914 0.7914806547619048 
296 1989.3089904785156 551.4256072998047 2253.724578857422 788.9516510009765 0.8521902901785714 2003.6156311035156 116.88054122924805 2263.549774169922 296.14547500610354 0.7983863467261905 
297 1985.4618408203125 554.6773162841797 2254.2349365234377 787.6140045166015 0.8578171502976191 1991.836572265625 112.92449264526367 2265.089208984375 292.10658950805663 0.7686011904761905 
298 2000.8092712402345 580.9490295410156 2271.927667236328 824.2605651855469 0.7333984375 1961.7723571777344 129.08477401733398 2246.7946594238283 302.8787422180176 0.6198614211309523 
299 1997.5279357910156 577.9954071044922 2279.3894226074217 832.3582916259766 0.7035202752976191 1947.5543701171875 128.23321151733398 2250.0398681640627 293.2253608703613 0.6060732886904762 
