0 2020.5667236328125 1153.021954345703 2182.5392333984373 1250.5538513183594 0.8698149181547619 1933.7526550292969 1099.7678955078125 2012.1263732910156 1206.0079833984375 0.8428664434523809 
1 2017.8621704101563 1157.0802795410157 2183.865124511719 1253.9152038574218 0.8597470238095238 1926.9464050292968 1098.2875610351562 2004.7602600097657 1208.9560913085938 0.8424246651785714 
2 2014.81904296875 1160.6414184570312 2181.14921875 1256.6671752929688 0.8690708705357143 1922.4205810546875 1101.0209838867188 1997.8694580078125 1210.7646606445312 0.8550502232142857 
3 2013.613427734375 1164.4379028320313 2180.866552734375 1260.0110717773437 0.8638160342261905 1915.4802001953126 1108.905615234375 1988.8667236328124 1207.892236328125 0.8289388020833334 
4 2013.6279357910157 1166.2569519042968 2178.691278076172 1264.9545959472657 0.8710239955357143 1905.112811279297 1103.4255310058593 1978.2852600097656 1202.1231750488282 0.8171270461309523 
5 2011.3044555664062 1169.9838623046876 2178.1503784179686 1268.7292724609374 0.8817196800595238 1894.8792114257812 1108.8244873046874 1969.7894897460938 1204.1650146484376 0.8296130952380952 
6 2006.0351867675781 1175.7196166992187 2177.4671325683594 1272.4683715820313 0.8599097842261905 1887.025 1112.1343872070313 1958.313623046875 1205.4884155273437 0.8382859002976191 
7 1999.6255981445313 1183.4788391113282 2176.019665527344 1278.4602478027343 0.8524693080357143 1879.985528564453 1116.2220764160156 1951.2216247558595 1206.1152038574219 0.8517252604166666 
8 2006.719219970703 1187.9176025390625 2172.370989990234 1280.8853759765625 0.8190104166666666 1875.0040405273437 1114.3885803222656 1942.6170532226563 1202.2853698730469 0.8396577380952381 
9 2005.9481506347656 1193.7190551757812 2168.699676513672 1287.6786499023438 0.8262416294642857 1866.880224609375 1111.6980590820312 1937.35 1200.6239624023438 0.8264043898809523 
10 1997.1275512695313 1198.955615234375 2168.570446777344 1291.400341796875 0.8070824032738095 1862.6626403808593 1111.6179992675782 1933.2566711425782 1199.0203063964843 0.8226376488095238 
11 1998.2814514160157 1200.8724548339844 2166.470379638672 1291.694561767578 0.8055245535714286 1858.1671875 1110.5032958984375 1928.8064453125 1199.6434326171875 0.8285202752976191 
12 1993.670751953125 1200.6044311523438 2164.068505859375 1300.1436157226562 0.8402855282738095 1855.9121643066405 1118.1958740234375 1926.770574951172 1200.8639404296875 0.8241954985119048 
13 1991.9873291015624 1202.1046264648437 2159.5292724609376 1300.9544555664063 0.8111979166666666 1850.9298950195312 1115.8205200195312 1922.9729370117188 1202.9424194335938 0.8453078497023809 
14 1987.5336120605468 1204.332012939453 2155.3800842285154 1301.6830017089844 0.8064313616071429 1849.8995849609375 1116.98740234375 1923.7520263671875 1199.232080078125 0.8411923363095238 
15 1981.9519470214843 1209.939471435547 2149.116046142578 1303.5513732910156 0.80810546875 1850.0207580566407 1116.6489624023438 1923.5731140136718 1205.2460571289062 0.8487955729166666 
16 1976.3626098632812 1208.4229858398437 2149.3314819335938 1302.4644653320313 0.7746233258928571 1847.895330810547 1118.579852294922 1925.1436096191405 1207.5833557128906 0.8467959449404762 
17 1971.8835998535155 1210.0131286621095 2145.120184326172 1304.200128173828 0.7902715773809523 1846.9048950195313 1119.8370666503906 1925.9544799804687 1210.6601257324219 0.8497721354166666 
18 1967.3126159667968 1215.1958251953124 2142.0869201660157 1305.9438232421876 0.7853887648809523 1847.801806640625 1117.6609741210937 1926.786328125 1213.4505981445313 0.8543526785714286 
19 1963.6379089355469 1215.1018127441407 2141.0160217285156 1307.9351745605468 0.8099190848214286 1851.9955200195313 1120.546875 1924.9361206054687 1215.0380859375 0.8535621279761905 
20 1960.0346740722657 1216.0945678710937 2136.917352294922 1309.5419067382813 0.8226841517857143 1849.8361877441407 1123.4814819335938 1924.9278503417968 1218.5976196289062 0.8547944568452381 
21 1958.3825622558593 1216.8704956054687 2136.352911376953 1310.0137817382813 0.8226609002976191 1850.0139221191407 1121.999853515625 1924.8611999511718 1216.80654296875 0.8492373511904762 
22 1960.3450927734375 1218.23203125 2136.9591064453125 1313.203759765625 0.8126162574404762 1848.8399536132813 1123.7731689453126 1925.4837768554687 1215.4123779296874 0.8508882068452381 
23 1958.1953430175781 1219.2919128417968 2135.8987731933594 1313.9562561035157 0.8284737723214286 1848.5200622558593 1123.8609436035156 1924.9158508300782 1215.203875732422 0.8577938988095238 
24 1956.836572265625 1218.9777038574218 2136.499365234375 1317.1269104003907 0.8389834449404762 1848.4502014160157 1123.7718688964844 1924.9732604980468 1215.266827392578 0.8517950148809523 
25 1957.1280578613282 1220.2963500976562 2134.9406677246093 1318.3425659179688 0.8434942336309523 1848.855419921875 1124.8067993164063 1923.6365234375 1219.5293823242187 0.8557477678571429 
26 1954.317529296875 1220.7195861816406 2133.434423828125 1316.912127685547 0.8355189732142857 1850.2791076660155 1124.3358093261718 1924.911199951172 1215.5527404785157 0.8453311011904762 
27 1953.3724670410156 1219.6869812011719 2132.926239013672 1317.7765197753906 0.8402157738095238 1850.5512634277343 1124.3470764160156 1923.7027648925782 1217.4489440917969 0.8560035342261905 
28 1953.9459899902345 1220.3529663085938 2132.153741455078 1320.2825317382812 0.8450985863095238 1850.941552734375 1126.5087585449219 1922.55771484375 1218.1109924316406 0.8498418898809523 
29 1952.0701110839843 1220.4832885742187 2132.056475830078 1320.4756958007813 0.8407505580357143 1850.2829956054688 1125.105975341797 1923.6108032226562 1218.4322326660156 0.8506091889880952 
30 1952.1596740722657 1220.3860595703125 2130.108758544922 1320.1705810546875 0.8411690848214286 1850.5842834472655 1125.2071044921875 1922.096502685547 1218.3392822265625 0.8473539806547619 
31 1949.7611511230468 1220.9270141601562 2125.8087951660154 1320.5766479492188 0.8389601934523809 1850.6864990234376 1124.5992065429687 1922.1020751953124 1217.6053833007813 0.84716796875 
32 1946.4600036621093 1220.4762145996094 2124.192950439453 1321.800518798828 0.8474934895833334 1850.1188354492188 1125.6044372558595 1921.5442504882812 1218.623468017578 0.8443545386904762 
33 1945.0345397949218 1218.8608154296876 2119.7199768066407 1322.0083251953124 0.8434709821428571 1847.7738159179687 1125.1193237304688 1922.6390258789063 1219.9485473632812 0.8527948288690477 
34 1942.291033935547 1219.6391662597657 2117.305279541016 1322.9810729980468 0.8404715401785714 1848.6935729980469 1125.7212829589844 1923.6998596191406 1220.7290344238281 0.8515159970238095 
35 1942.5774353027343 1218.3533569335937 2116.057452392578 1323.4422973632813 0.8322172619047619 1848.9083740234375 1127.1221801757813 1922.3037841796875 1222.2027709960937 0.8525390625 
36 1941.9776245117187 1219.345361328125 2115.1515258789063 1324.2486328125 0.8348214285714286 1848.281982421875 1124.624822998047 1923.212890625 1217.8723693847655 0.8561662946428571 
37 1944.598095703125 1219.4322448730468 2113.029345703125 1324.4934143066407 0.8331938244047619 1849.0937133789062 1122.90166015625 1922.4697631835938 1219.62470703125 0.8621186755952381 
38 1943.5247497558594 1220.0353393554688 2113.568145751953 1325.0620727539062 0.8388206845238095 1848.0515869140625 1125.2033569335938 1923.0707275390625 1218.5605590820312 0.8546781994047619 
39 1947.6726501464843 1219.0875610351563 2113.960772705078 1323.8489624023437 0.8321242559523809 1848.2195678710937 1127.0534423828126 1923.0492309570313 1220.1748291015624 0.8553989955357143 
40 1942.874755859375 1220.0341674804688 2118.209716796875 1324.2426879882812 0.8284970238095238 1847.445751953125 1125.7503723144532 1923.53447265625 1220.0341735839843 0.8574916294642857 
41 1948.162579345703 1222.3630004882812 2116.715228271484 1323.1640991210938 0.8322405133928571 1848.4419189453124 1125.438916015625 1922.8034423828126 1217.977587890625 0.8548177083333334 
42 1947.3807373046875 1222.7828002929687 2119.3736572265625 1323.6632446289063 0.8306361607142857 1849.2354736328125 1124.31953125 1923.6553955078125 1218.584765625 0.8560267857142857 
43 1944.7036865234375 1223.0341247558595 2118.4764892578123 1323.987725830078 0.8265904017857143 1849.4150634765624 1125.963153076172 1922.2341064453126 1218.6419494628906 0.8541899181547619 
44 1949.4873779296875 1222.5919372558594 2117.9598876953123 1323.344952392578 0.8349144345238095 1850.0048828125 1125.713885498047 1922.67919921875 1218.2085998535156 0.8527483258928571 
45 1947.3239685058593 1222.8960266113281 2119.187872314453 1323.7007751464844 0.8340076264880952 1849.4429626464844 1125.7776306152343 1922.1545715332031 1219.9722473144532 0.8625604538690477 
46 1943.4445434570312 1223.2778930664062 2119.078161621094 1324.3500366210938 0.8268694196428571 1848.044091796875 1124.6273315429687 1922.60556640625 1219.0718872070313 0.8554454985119048 
47 1941.8784790039062 1222.4158325195312 2119.3605346679688 1325.2557983398438 0.8342168898809523 1847.8424255371094 1126.5934753417969 1922.484356689453 1219.4811096191406 0.8524460565476191 
48 1947.2589721679688 1223.7269165039063 2117.6602172851562 1324.6441772460937 0.8375186011904762 1847.8051879882812 1125.4184143066407 1920.5978881835938 1218.0638854980468 0.8593052455357143 
49 1944.8478271484375 1223.8978332519532 2118.8250244140627 1324.9704528808593 0.8430757068452381 1848.172509765625 1125.6294250488281 1921.07724609375 1216.7603454589844 0.8530505952380952 
50 1944.5088745117187 1224.3039916992188 2118.7491821289063 1323.8698364257812 0.8342866443452381 1847.6873718261718 1126.7804565429688 1920.7023986816407 1219.7085571289062 0.8545851934523809 
51 1945.7112182617188 1223.9390930175782 2118.075158691406 1325.0371032714843 0.83203125 1847.5455078125 1125.4545776367188 1920.46865234375 1218.2658813476562 0.8545619419642857 
52 1949.3606201171874 1225.0875305175782 2115.0173095703126 1326.1379333496093 0.8429827008928571 1849.3934387207032 1127.0315979003906 1920.6257263183593 1216.486102294922 0.8576543898809523 
53 1948.2153869628905 1225.3639282226563 2115.497869873047 1326.3960815429687 0.8347981770833334 1848.2661926269532 1125.8606689453125 1921.1418884277343 1216.9552490234375 0.8690011160714286 
54 1951.2624755859374 1225.187188720703 2114.9386962890626 1326.0382751464845 0.8323567708333334 1848.5674133300781 1124.3996704101562 1921.3123474121094 1216.9843627929688 0.8727213541666666 
55 1953.0833435058594 1226.4171569824218 2115.109649658203 1325.6169006347657 0.8292875744047619 1848.9235534667969 1126.8994506835938 1921.6700744628906 1217.8324829101562 0.8657691592261905 
56 1952.9934387207031 1226.240966796875 2114.8594665527344 1326.994140625 0.8274507068452381 1848.936749267578 1125.5511474609375 1921.6112243652344 1218.0460205078125 0.8582124255952381 
57 1951.9583557128906 1225.9988342285155 2115.2329284667967 1326.602362060547 0.8337053571428571 1848.0564025878907 1124.1901916503907 1922.2720886230468 1216.5474792480468 0.8669782366071429 
58 1949.0133117675782 1224.2470642089843 2115.9269958496093 1326.7088684082032 0.8428896949404762 1847.8227111816407 1122.2300170898438 1922.1901062011718 1216.4289184570312 0.8652111235119048 
59 1951.09775390625 1224.811016845703 2115.94765625 1327.0179626464844 0.8301711309523809 1847.4325439453125 1124.6964599609375 1921.6150634765625 1215.3638427734375 0.8602585565476191 
60 1950.6750549316407 1227.1798828125 2113.434197998047 1324.177783203125 0.8138950892857143 1847.1011291503905 1125.502880859375 1921.082586669922 1215.924609375 0.8634905133928571 
61 1948.9865966796874 1225.844482421875 2115.0241455078126 1324.480712890625 0.8075241815476191 1846.8727600097657 1125.627490234375 1922.4938171386718 1216.044140625 0.8642810639880952 
62 1950.6705017089844 1226.0854797363281 2114.912139892578 1324.6304626464844 0.8108258928571429 1847.3878356933594 1125.9612548828125 1921.296612548828 1216.2941162109375 0.8630254836309523 
63 1949.426690673828 1225.19873046875 2116.7313903808595 1325.253662109375 0.7976422991071429 1847.9208618164062 1125.2069091796875 1921.7317260742188 1217.0606689453125 0.8626302083333334 
64 1947.0354431152343 1224.532244873047 2117.297198486328 1326.0342834472656 0.8022693452380952 1847.1704650878905 1123.6597717285156 1922.478582763672 1215.339129638672 0.8592354910714286 
65 1947.2013671875 1224.3372741699218 2119.51103515625 1324.4409240722657 0.8280319940476191 1847.4763793945312 1123.223614501953 1921.3234252929688 1213.4810974121094 0.8530040922619048 
66 1945.6134399414063 1223.8117248535157 2121.1162963867187 1323.8649108886718 0.8217540922619048 1847.5789489746094 1124.0109924316407 1921.3887023925781 1214.2227722167968 0.8558872767857143 
67 1946.312353515625 1221.9084045410157 2123.622705078125 1323.6976745605468 0.8255208333333334 1845.659686279297 1123.4657592773438 1921.1807678222656 1213.7627563476562 0.8644903273809523 
68 1947.3795104980468 1221.0845031738281 2126.2861389160157 1322.8477478027344 0.8186383928571429 1846.9419311523438 1119.7629821777343 1922.4438110351562 1213.3196594238282 0.8595145089285714 
69 1949.9272033691407 1222.5561889648438 2128.843670654297 1322.6838012695312 0.8048270089285714 1848.2213623046875 1117.441162109375 1923.7273681640625 1209.361572265625 0.8558175223214286 
70 1952.881280517578 1220.1859802246095 2131.4403747558595 1323.389825439453 0.82470703125 1850.3074157714843 1115.6588806152345 1924.0244934082032 1207.395684814453 0.8476097470238095 
71 1955.4769165039063 1221.4253051757812 2130.690319824219 1322.9506713867188 0.8133835565476191 1849.8576965332031 1115.6800231933594 1925.1829528808594 1205.7429504394531 0.8528180803571429 
72 1956.46767578125 1219.872802734375 2132.09970703125 1323.282470703125 0.8160574776785714 1848.9544616699218 1118.420391845703 1927.7426818847657 1203.7743103027344 0.8531901041666666 
73 1956.2404418945312 1220.8431762695313 2130.502966308594 1321.1263061523437 0.8202427455357143 1852.353338623047 1117.208984375 1929.6206604003905 1205.984130859375 0.8445870535714286 
74 1955.247735595703 1218.7899963378907 2131.2868103027345 1322.4391296386718 0.8205217633928571 1852.7374694824218 1116.5328979492188 1930.0631896972657 1207.0203247070312 0.83740234375 
75 1955.1686462402345 1217.1667175292969 2129.409112548828 1320.7247619628906 0.8301246279761905 1855.277392578125 1116.7697387695312 1930.89130859375 1213.7527221679688 0.8368908110119048 
76 1951.1790832519532 1213.6400390625 2129.0869079589843 1319.0669921875 0.8299851190476191 1857.2833068847656 1118.0969848632812 1926.469744873047 1216.9347534179688 0.8257300967261905 
77 1949.5916625976563 1211.3106262207032 2125.750866699219 1316.6768005371093 0.8146158854166666 1856.8262329101562 1123.4209411621093 1925.9728393554688 1222.2017395019532 0.8361932663690477 
78 1948.5651550292969 1205.9460510253907 2129.4027404785156 1312.8045593261718 0.8268461681547619 1857.766912841797 1123.0516235351563 1926.8140197753905 1224.9781616210937 0.8345656622023809 
79 1954.562841796875 1205.1569580078126 2133.625146484375 1310.2944580078124 0.8300316220238095 1857.323291015625 1125.9247314453125 1926.319775390625 1227.7766845703125 0.8182663690476191 
80 1958.178887939453 1203.0965270996094 2131.7995056152345 1307.9241027832031 0.8265904017857143 1858.3279846191406 1134.5553771972657 1925.483172607422 1232.8312194824218 0.8393322172619048 
81 1958.1922546386718 1204.5228393554687 2136.9846252441407 1311.1421997070313 0.8360305059523809 1857.6924560546875 1131.9080139160155 1923.3043701171875 1233.606512451172 0.8304501488095238 
82 1957.8036682128907 1206.5167358398437 2136.828045654297 1314.9166137695313 0.8338216145833334 1856.794580078125 1139.6195434570313 1925.77646484375 1236.5225463867187 0.8425409226190477 
83 1965.4361450195313 1211.083721923828 2136.345837402344 1317.9022399902344 0.8372395833333334 1855.6469421386719 1138.1436157226562 1926.3114318847656 1241.6754760742188 0.8513764880952381 
84 1966.6872253417969 1212.7549865722656 2137.9017639160156 1319.763934326172 0.8230096726190477 1856.512255859375 1140.9513000488282 1928.949169921875 1244.6677185058593 0.8517950148809523 
85 1965.29697265625 1214.867010498047 2138.15126953125 1320.2258850097655 0.8205915178571429 1856.5823913574218 1135.7845947265625 1929.0166076660157 1246.0821044921875 0.8650251116071429 
86 1959.227850341797 1215.8907592773437 2139.1653381347655 1321.5421020507813 0.8372395833333334 1856.0525817871094 1138.0491149902343 1928.6880187988281 1247.0020324707032 0.8694196428571429 
87 1960.871759033203 1216.5775207519532 2137.5519470214845 1322.2553649902343 0.8292410714285714 1854.3683044433594 1135.7949096679688 1930.324200439453 1248.0776489257812 0.8747442336309523 
88 1959.4082580566405 1217.1087646484375 2137.824530029297 1324.4888916015625 0.8307756696428571 1854.1249145507813 1134.8263366699218 1931.7691284179687 1250.4665100097657 0.8728143601190477 
89 1959.7964599609375 1219.3152160644531 2138.3300048828123 1326.7659606933594 0.8274507068452381 1855.9062133789062 1135.7070922851562 1931.9482788085938 1251.4232788085938 0.8755580357142857 
90 1959.5009765625 1220.6157348632812 2139.76806640625 1326.4606811523438 0.8291945684523809 1855.5643676757813 1136.9703247070313 1933.2942749023437 1251.0843627929687 0.8661411830357143 
91 1957.8725219726562 1221.6603271484375 2137.854284667969 1325.6863525390625 0.8310081845238095 1856.831231689453 1137.7662353515625 1932.7868103027345 1253.3507080078125 0.8643740699404762 
92 1957.5802917480469 1221.6384338378907 2140.9696350097656 1327.3765808105468 0.8301246279761905 1858.3238342285156 1139.3483642578126 1932.670916748047 1253.3471923828124 0.8587239583333334 
93 1958.4603271484375 1222.5928833007813 2139.0543212890625 1326.9727905273437 0.8233351934523809 1857.266650390625 1139.4967224121094 1931.823681640625 1257.131329345703 0.86865234375 
94 1955.3213623046875 1221.1059936523438 2138.9584228515623 1328.6413208007812 0.8165457589285714 1855.5488586425781 1137.5594177246094 1933.3052673339844 1263.2929992675781 0.8740234375 
95 1958.5386840820313 1223.2843017578125 2137.230603027344 1329.1759033203125 0.82568359375 1857.1016784667968 1138.2655944824219 1933.2111877441407 1264.0118713378906 0.8757905505952381 
96 1957.9306945800781 1223.5750732421875 2139.2078552246094 1327.3973388671875 0.8209867931547619 1856.009765625 1140.1621459960938 1931.816650390625 1263.7602172851562 0.8714425223214286 
97 1957.6484313964843 1223.6683044433594 2140.633428955078 1327.5246887207031 0.8161969866071429 1855.88447265625 1139.8477355957032 1931.71611328125 1266.7832458496093 0.8805571056547619 
98 1957.5903930664062 1222.6422790527345 2140.7789916992188 1328.264581298828 0.8182896205357143 1855.71298828125 1137.0780212402344 1931.629052734375 1269.105938720703 0.8794642857142857 
99 1958.0452575683594 1223.576885986328 2139.660430908203 1327.5929138183594 0.8230096726190477 1854.6642272949218 1137.9764343261718 1930.6125061035157 1268.4091857910157 0.8857421875 
100 1956.5043701171876 1223.1665466308593 2139.5498291015624 1327.0572082519532 0.8188244047619048 1854.7067932128907 1140.5866577148438 1930.5633483886718 1267.5642211914062 0.8815569196428571 
101 1957.4164672851562 1223.8938537597655 2140.318151855469 1327.702947998047 0.8190104166666666 1855.8890075683594 1139.921484375 1930.0383605957031 1268.446923828125 0.87939453125 
102 1957.6352966308593 1223.07353515625 2138.922930908203 1328.55 0.8210565476190477 1855.8986450195312 1140.7335083007813 1930.0618041992188 1267.6348999023437 0.8798595610119048 
103 1956.0474792480468 1224.6384887695312 2138.9975646972657 1328.4750366210938 0.8203590029761905 1854.3027648925781 1140.4535705566407 1930.1199645996094 1270.6612976074218 0.88671875 
104 1955.3241271972656 1225.1173522949218 2139.632293701172 1327.1449768066407 0.8281017485119048 1855.1953002929688 1140.8750366210938 1930.8933227539062 1270.8778930664062 0.8826032366071429 
105 1955.121826171875 1224.9188354492187 2139.451416015625 1326.9583618164063 0.8261486235119048 1856.2472717285157 1142.3122619628907 1931.9540222167968 1269.0389343261718 0.8761858258928571 
106 1953.0281188964843 1225.0422424316407 2137.762530517578 1328.9554382324218 0.8203125 1856.093310546875 1143.7135131835937 1935.265087890625 1270.7183715820313 0.86767578125 
107 1953.134765625 1225.9148254394531 2137.8388671875 1329.8108825683594 0.8255673363095238 1856.0256042480469 1143.7113464355468 1936.8336486816406 1267.3971740722657 0.8642113095238095 
108 1951.7163452148438 1226.2799072265625 2137.949914550781 1328.4613037109375 0.8111281622023809 1855.9372436523438 1142.8614807128906 1938.3415649414062 1264.8197937011719 0.8615141369047619 
109 1957.0685668945312 1227.0400146484376 2134.987341308594 1327.5310302734374 0.8067568824404762 1856.5774658203125 1141.8190002441406 1938.9471923828125 1267.0209655761719 0.8698614211309523 
110 1954.9404541015624 1227.0063842773438 2136.3647216796876 1329.2636352539062 0.8109886532738095 1857.25048828125 1141.876531982422 1939.716064453125 1267.2241760253905 0.8686290922619048 
111 1954.1483520507813 1225.5807556152345 2135.7640014648437 1329.597100830078 0.8114304315476191 1856.3551818847657 1143.2822509765624 1938.9078796386718 1267.1110595703126 0.8666527157738095 
112 1953.648907470703 1227.1558837890625 2136.813861083984 1329.4642333984375 0.8069893973214286 1857.3700134277344 1143.443377685547 1939.876690673828 1267.2034729003906 0.8660016741071429 
113 1956.540478515625 1226.8586730957031 2136.429248046875 1329.1805114746094 0.8088727678571429 1857.328955078125 1142.944403076172 1939.84658203125 1268.3713928222655 0.8685128348214286 
114 1955.7943969726562 1227.1281433105469 2135.763464355469 1329.4960021972656 0.8083147321428571 1856.3476684570312 1143.17646484375 1940.5534545898438 1268.65947265625 0.8696056547619048 
115 1955.4054565429688 1227.5671020507812 2138.4004516601562 1329.7805541992188 0.8101515997023809 1856.2989196777344 1142.6640319824219 1942.0263977050781 1266.3092346191406 0.8779296875 
116 1955.60263671875 1225.9881103515625 2138.543359375 1329.8192626953125 0.8118489583333334 1856.5256225585938 1143.835986328125 1942.2275512695312 1267.44453125 0.8706984747023809 
117 1955.934228515625 1226.5252807617187 2138.681982421875 1330.2469360351563 0.8142671130952381 1856.96171875 1144.4596618652345 1942.573193359375 1267.937921142578 0.8748604910714286 
118 1953.5056640625 1226.491436767578 2138.270703125 1330.4217712402344 0.8157319568452381 1857.0624572753907 1145.3395446777345 1942.8461120605468 1270.715753173828 0.8753952752976191 
119 1956.4219543457032 1226.5297790527343 2139.3152282714846 1330.3341125488282 0.8090355282738095 1857.3704528808594 1145.0959899902343 1943.0503234863281 1273.6155578613282 0.8736281622023809 
120 1948.6283569335938 1226.9677490234376 2141.4749145507812 1329.1599365234374 0.8048967633928571 1856.83310546875 1148.0415161132812 1944.1908203125 1274.9575073242188 0.8768136160714286 
121 1951.0181823730468 1226.7719848632812 2137.6181701660157 1329.1542846679688 0.8095935639880952 1858.4803405761718 1150.4299072265626 1944.3493713378907 1275.9306884765624 0.8749302455357143 
122 1951.3325805664062 1226.9205200195313 2137.7902221679688 1329.2247436523437 0.8114769345238095 1858.674951171875 1150.4462341308595 1946.128515625 1277.501397705078 0.8807198660714286 
123 1949.709716796875 1227.4989501953125 2139.422119140625 1328.1289794921875 0.8101050967261905 1858.723876953125 1151.0430419921875 1946.156494140625 1276.4181396484375 0.8794875372023809 
124 1951.3734130859375 1227.594549560547 2137.8453369140625 1329.9065490722655 0.8142206101190477 1858.5183166503907 1152.5741088867187 1947.6287780761718 1277.9888793945313 0.8753720238095238 
125 1953.1619750976563 1226.7253784179688 2136.519421386719 1329.1413208007812 0.8166852678571429 1859.831365966797 1154.3607360839844 1949.0322814941405 1278.250958251953 0.8769996279761905 
126 1952.1318786621093 1227.0538818359375 2137.234454345703 1329.5215576171875 0.8161504836309523 1860.2161804199218 1154.6528381347657 1949.4621643066407 1278.6055847167968 0.8765811011904762 
127 1949.4794555664062 1227.871240234375 2137.592565917969 1330.1783203125 0.8125697544642857 1859.3579223632812 1155.7739685058593 1948.4640991210938 1277.8824035644532 0.8805106026785714 
128 1951.1192199707032 1227.1793640136718 2137.6052673339846 1329.4989807128907 0.8111049107142857 1859.5265808105469 1154.8827209472656 1948.6437072753906 1278.6564636230469 0.8764183407738095 
129 1950.4874145507813 1227.7471435546875 2138.484997558594 1329.9913818359375 0.8035481770833334 1859.1526916503906 1155.5038269042968 1948.204119873047 1279.1864807128907 0.8787667410714286 
130 1950.407177734375 1227.161199951172 2138.357470703125 1331.0283752441405 0.8051990327380952 1860.5538940429688 1153.6679138183595 1947.9341430664062 1278.967950439453 0.8734886532738095 
131 1952.2071105957032 1226.7997253417968 2140.0388610839846 1330.6015197753907 0.8078264508928571 1859.875555419922 1153.3527954101562 1947.2007385253905 1278.5739624023438 0.8730933779761905 
132 1950.6927612304687 1228.576708984375 2138.933459472656 1329.301953125 0.8063151041666666 1860.5100036621093 1154.7793334960938 1949.6766418457032 1278.6217895507812 0.8793015252976191 
133 1950.808056640625 1227.6248046875 2137.158740234375 1329.8703125 0.8084309895833334 1860.550390625 1153.92177734375 1949.6029296875 1279.25498046875 0.8773484002976191 
134 1951.6262512207031 1227.5372497558594 2138.3052673339844 1329.962872314453 0.8051292782738095 1859.938653564453 1153.7042724609375 1949.1481384277345 1279.2583740234375 0.8772786458333334 
135 1950.319189453125 1227.3947326660157 2138.484033203125 1329.7299011230468 0.8083379836309523 1858.7127502441406 1155.0870849609375 1949.493914794922 1278.8797119140625 0.8776274181547619 
136 1950.5188842773437 1227.2492736816407 2138.5272583007813 1329.4993835449218 0.8067568824404762 1858.9885375976562 1156.4606384277345 1949.6943237304688 1278.501153564453 0.8746512276785714 
137 1950.2899291992187 1227.4092834472656 2138.429064941406 1329.730487060547 0.8076404389880952 1860.155810546875 1155.1114868164063 1949.274365234375 1278.8872924804687 0.8749069940476191 
138 1951.666729736328 1227.2976196289062 2138.341937255859 1329.7211791992188 0.8044084821428571 1859.9812316894531 1156.3890319824218 1949.1888122558594 1278.6364807128907 0.8726515997023809 
139 1949.0208984375 1227.6858703613282 2138.706640625 1329.9512145996093 0.8085472470238095 1860.395196533203 1155.4276550292968 1949.4650329589845 1279.1356994628907 0.8763253348214286 
140 1951.229913330078 1227.3531555175782 2139.3549255371095 1329.6667419433593 0.7998279389880952 1859.833233642578 1153.410577392578 1948.9449645996094 1280.4774841308595 0.8706519717261905 
141 1949.451397705078 1227.4483947753906 2139.160784912109 1331.3761901855469 0.8078497023809523 1859.5456481933593 1153.912158203125 1948.6265930175782 1279.2853515625 0.8722795758928571 
142 1949.957745361328 1227.040234375 2138.181781005859 1331.058642578125 0.8024088541666666 1859.7830139160155 1154.9003479003907 1948.941717529297 1278.7318542480468 0.8721168154761905 
143 1949.955126953125 1228.3523376464843 2137.881298828125 1330.5576965332032 0.8035946800595238 1861.38134765625 1154.6781860351562 1948.75048828125 1279.9621948242188 0.8696521577380952 
144 1953.402197265625 1227.906231689453 2137.999658203125 1330.0941345214844 0.8024786086309523 1860.4696472167968 1157.1608764648438 1949.4718811035157 1279.1269653320312 0.8587472098214286 
145 1952.9153930664063 1227.9388732910156 2137.485241699219 1330.1115417480469 0.8050362723214286 1861.454412841797 1155.9364013671875 1948.7954650878905 1277.8843994140625 0.8628394717261905 
146 1950.2670837402343 1226.733953857422 2138.044561767578 1330.5059143066405 0.8046642485119048 1861.7632141113281 1157.299334716797 1949.0633239746094 1280.8372619628906 0.8625139508928571 
147 1953.2827880859375 1227.7150146484375 2137.9672119140623 1329.9510009765625 0.8043852306547619 1860.30634765625 1156.745947265625 1949.350634765625 1280.418603515625 0.8642113095238095 
148 1951.919744873047 1227.321337890625 2138.0969787597655 1329.471630859375 0.7986421130952381 1860.66875 1156.221612548828 1947.99091796875 1281.4381774902345 0.8610491071428571 
149 1951.9123901367188 1227.9428344726562 2138.088830566406 1330.0928100585938 0.8051292782738095 1860.471728515625 1155.5761779785157 1949.44111328125 1280.7921081542968 0.8645600818452381 
150 1952.2424621582031 1227.0469482421875 2138.2232360839844 1330.7352783203125 0.7988048735119048 1861.0878540039062 1156.21220703125 1948.3176635742188 1281.29658203125 0.8586309523809523 
151 1950.95869140625 1226.6905639648437 2138.553515625 1330.3614379882813 0.8038271949404762 1861.2752075195312 1157.1337280273438 1948.4904174804688 1282.1968383789062 0.8588169642857143 
152 1952.5033142089844 1227.3716369628905 2138.2165344238283 1330.910955810547 0.7967819940476191 1861.4797607421874 1156.4490905761718 1948.5842041015626 1282.9970764160157 0.8601655505952381 
153 1950.8922058105468 1227.7625427246094 2138.3173889160157 1329.6955871582031 0.7993396577380952 1861.2898193359374 1156.6244262695313 1948.4260009765626 1283.2185913085937 0.8575613839285714 
154 1952.228094482422 1227.7822631835938 2137.9927307128905 1329.7062622070312 0.8003859747023809 1861.1792297363281 1155.196142578125 1948.3079528808594 1283.4232421875 0.8605143229166666 
155 1952.3570251464844 1227.638916015625 2138.041046142578 1329.518798828125 0.8028971354166666 1861.3477905273437 1156.5379272460937 1948.4385864257813 1283.0660766601563 0.8667224702380952 
156 1952.0436767578126 1226.1204833984375 2136.7014404296874 1329.9903564453125 0.8082682291666666 1860.5392150878906 1156.4298400878906 1947.9218444824219 1281.7333679199219 0.8667224702380952 
157 1952.6832214355468 1227.9272521972657 2135.5507873535157 1330.0694519042968 0.8053617931547619 1861.0591857910156 1156.643017578125 1948.374530029297 1283.497119140625 0.8682105654761905 
158 1951.0752502441405 1227.3352111816407 2137.388006591797 1329.5599304199218 0.8058733258928571 1861.026171875 1156.1837585449218 1948.41181640625 1281.4914123535157 0.8676990327380952 
159 1950.980975341797 1227.1730102539063 2137.046490478516 1329.2620483398437 0.8081752232142857 1861.0515197753907 1156.1158935546875 1948.3211608886718 1281.2573974609375 0.8713030133928571 
160 1952.161309814453 1226.8659545898438 2139.4484313964845 1330.3667114257812 0.8009672619047619 1861.361181640625 1154.5165466308595 1948.433251953125 1282.660333251953 0.8729538690476191 
161 1952.262353515625 1227.1101806640625 2139.535986328125 1328.9608642578125 0.8008045014880952 1861.4687072753907 1154.7659973144532 1948.5345886230468 1281.2578063964843 0.8711867559523809 
162 1951.906787109375 1227.562030029297 2139.426708984375 1329.5464904785156 0.7954334077380952 1860.9938354492188 1154.9328552246093 1948.1741333007812 1283.2359680175782 0.8669782366071429 
163 1952.2627014160157 1227.1954650878906 2139.498406982422 1329.0253601074219 0.8016648065476191 1861.4874633789063 1153.2235534667968 1948.5357299804687 1282.9745666503907 0.8683268229166666 
164 1951.9830688476563 1227.7578247070312 2139.1021362304687 1329.5244018554688 0.7964564732142857 1861.26435546875 1154.021258544922 1948.258349609375 1282.0501525878906 0.8730003720238095 
165 1950.0205505371093 1226.531024169922 2139.033282470703 1330.0770080566406 0.8014787946428571 1860.6347412109376 1152.6959106445313 1947.7448974609374 1282.5394409179687 0.8653273809523809 
166 1952.9287414550781 1226.8729614257813 2138.8587341308594 1330.5330444335937 0.79931640625 1860.5333312988282 1154.4121215820312 1947.7394958496093 1282.7531616210938 0.8645833333333334 
167 1951.6224975585938 1227.109765625 2138.8894653320312 1328.956640625 0.8058268229166666 1860.8321105957032 1153.125341796875 1947.8948181152343 1282.898095703125 0.8717680431547619 
168 1954.597344970703 1227.3208129882812 2138.6915954589845 1329.2302124023438 0.8003162202380952 1860.8431701660156 1153.4807556152343 1947.9591979980469 1281.6892883300782 0.8692103794642857 
169 1953.7125244140625 1226.2331909179688 2139.1243896484375 1329.6044555664062 0.8000837053571429 1860.3123413085937 1153.9743896484374 1947.2755493164063 1281.9577392578126 0.8636067708333334 
170 1950.7966003417969 1226.8359680175781 2138.1722717285156 1328.7420349121094 0.7985723586309523 1861.2180114746093 1154.2626037597656 1948.3311828613282 1282.4670104980469 0.86572265625 
171 1949.1288940429688 1226.6579528808593 2138.2595336914064 1330.2686828613282 0.8021763392857143 1860.9521911621093 1154.231671142578 1948.1167785644532 1282.5116149902344 0.86572265625 
172 1953.1016235351562 1227.5046325683593 2139.6608276367188 1328.9666809082032 0.7990606398809523 1861.5844177246095 1153.7998413085938 1946.681573486328 1283.0822387695312 0.8583519345238095 
173 1952.115869140625 1227.6333312988281 2139.281591796875 1329.4251403808594 0.8066871279761905 1860.3011596679687 1152.2366149902343 1945.6749145507813 1283.5808898925782 0.8629324776785714 
174 1950.756329345703 1227.600164794922 2139.545306396484 1329.3821350097655 0.8014787946428571 1860.4028198242188 1152.2108764648438 1945.7683227539062 1283.5422973632812 0.8603980654761905 
175 1950.3832153320313 1226.7606262207032 2137.6927124023437 1330.2739196777343 0.8047572544642857 1859.5721313476563 1152.9490844726563 1946.6546752929687 1282.7513549804687 0.8619559151785714 
176 1950.0381958007813 1226.489013671875 2138.714978027344 1329.85107421875 0.8036876860119048 1859.5490966796874 1152.7852966308594 1946.5043701171876 1282.397930908203 0.8606073288690477 
177 1952.183740234375 1226.4860534667969 2137.959326171875 1330.0599670410156 0.8009905133928571 1859.865185546875 1152.8209289550782 1946.998828125 1281.0551696777343 0.8576311383928571 
178 1950.4489440917969 1226.9079345703126 2137.6595764160156 1330.3664794921874 0.8019903273809523 1859.68583984375 1154.5880004882813 1946.72236328125 1282.6795776367187 0.8618861607142857 
179 1950.6780090332031 1226.8999572753905 2137.8394470214844 1330.331365966797 0.8054780505952381 1858.4863403320312 1153.14658203125 1947.1418334960938 1282.846337890625 0.8641415550595238 
180 1951.6056579589845 1226.838067626953 2136.903741455078 1330.1456970214845 0.8114071800595238 1859.5243225097656 1151.7223388671875 1946.4340515136719 1282.9068115234375 0.8668387276785714 
181 1954.8610595703126 1226.3526000976562 2137.2844482421874 1328.2467651367188 0.8085239955357143 1859.8568054199218 1153.7879028320312 1945.3164123535157 1281.9772338867188 0.8645600818452381 
182 1956.561700439453 1226.22646484375 2137.3043884277345 1329.7427734375 0.8078962053571429 1860.3130737304687 1154.0558654785157 1944.1119750976563 1280.5756042480468 0.8670014880952381 
183 1951.425714111328 1227.5749877929688 2136.6815856933595 1329.2196899414062 0.8075939360119048 1859.365496826172 1153.9267639160157 1946.2552307128906 1281.8023620605468 0.8717447916666666 
184 1951.7987670898438 1227.521551513672 2138.3801879882812 1328.9956604003905 0.8031063988095238 1859.0117126464843 1152.7379150390625 1944.1190246582032 1280.3988037109375 0.8689546130952381 
185 1951.6430725097657 1227.6398559570312 2138.358270263672 1329.1868041992188 0.8030831473214286 1858.7893310546874 1152.6136840820313 1943.9577392578126 1282.0039916992187 0.8680478050595238 
186 1953.595458984375 1227.9821350097657 2135.785888671875 1329.7460144042968 0.8003394717261905 1857.2605834960937 1152.7953735351562 1944.2523559570313 1282.4624389648438 0.8696521577380952 
187 1953.363720703125 1227.36572265625 2136.210498046875 1331.1435546875 0.8190104166666666 1856.871759033203 1152.0981567382812 1942.5297302246095 1282.2324096679688 0.8603050595238095 
188 1952.1830993652343 1226.691583251953 2136.653448486328 1330.4562438964845 0.8213355654761905 1855.8933898925782 1151.24365234375 1941.5405700683593 1283.00830078125 0.8628394717261905 
189 1953.1589477539062 1227.2532287597655 2137.1498901367186 1330.748114013672 0.8111746651785714 1855.8559875488281 1152.1909973144532 1941.2803649902344 1281.9702575683593 0.8551432291666666 
190 1953.2009765625 1227.2679260253906 2137.204296875 1330.769793701172 0.8107561383928571 1856.08115234375 1152.3901611328124 1939.868310546875 1280.5353759765626 0.85595703125 
191 1954.2278442382812 1227.5058532714843 2136.4515991210938 1329.2884582519532 0.8029203869047619 1855.7285217285157 1152.4948852539062 1939.4529968261718 1280.5439331054688 0.8640252976190477 
192 1953.4841735839843 1227.1158386230468 2137.698077392578 1330.7360900878907 0.8189639136904762 1854.7981506347655 1151.9625061035156 1940.325994873047 1281.899188232422 0.8660249255952381 
193 1952.7322326660155 1227.960137939453 2137.089910888672 1331.6613220214845 0.8274739583333334 1855.4253234863281 1151.4820556640625 1939.3738708496094 1281.5201416015625 0.8628162202380952 
194 1956.963671875 1227.2854614257812 2136.282421875 1330.9284057617188 0.8195219494047619 1853.8901062011719 1152.1158447265625 1939.4366760253906 1282.0809326171875 0.8546781994047619 
195 1954.5901489257812 1227.3901428222657 2136.8646850585938 1330.8431335449218 0.8128720238095238 1853.3476318359376 1150.9055114746093 1938.7375732421874 1282.2745422363282 0.8583286830357143 
196 1954.1951477050782 1228.3411560058594 2138.0913513183596 1330.1408996582031 0.8141276041666666 1851.8902526855468 1151.8650695800782 1937.2705139160157 1281.5776794433593 0.8634440104166666 
197 1956.7086181640625 1227.5402221679688 2136.9852294921875 1330.7896118164062 0.8127790178571429 1851.6943115234376 1151.5845581054687 1936.9160400390624 1279.4171508789063 0.8602120535714286 
198 1955.6905456542968 1227.1560363769531 2137.5805725097657 1332.0296325683594 0.8167782738095238 1850.8800109863282 1151.2109069824219 1936.0898376464843 1280.6642150878906 0.8600260416666666 
199 1954.3614379882813 1227.4300231933594 2136.754040527344 1330.9499816894531 0.8189406622023809 1850.525341796875 1149.631903076172 1935.9705078125 1281.0859924316405 0.8616303943452381 
200 1955.585382080078 1227.425311279297 2136.7025817871095 1332.8025939941406 0.8262183779761905 1850.2712951660155 1146.5557189941405 1934.243963623047 1283.217108154297 0.8565383184523809 
201 1955.011376953125 1227.376708984375 2137.556005859375 1330.983154296875 0.8156389508928571 1847.2934692382812 1146.6041076660156 1932.8100463867188 1281.457049560547 0.8619094122023809 
202 1960.877911376953 1227.8990173339844 2135.213275146484 1333.1582336425781 0.8092680431547619 1846.0671020507812 1149.3342895507812 1929.9453491210938 1277.6188354492188 0.8670479910714286 
203 1959.1159606933593 1228.5750671386718 2135.105841064453 1332.1953186035157 0.8255440848214286 1844.488427734375 1147.2857360839844 1928.371435546875 1275.5774230957031 0.8729538690476191 
204 1958.0104064941406 1229.5749450683593 2135.469451904297 1331.4495910644532 0.8193591889880952 1843.8753173828125 1146.343505859375 1926.0323974609375 1279.43798828125 0.8798363095238095 
205 1959.2044250488282 1229.2618591308594 2134.9819763183596 1332.757061767578 0.8191266741071429 1843.6411987304687 1146.617333984375 1925.7801879882813 1276.3970703125 0.8812081473214286 
206 1959.3945861816405 1228.6265502929687 2135.367010498047 1332.2364868164063 0.8154064360119048 1842.4380615234375 1145.7006469726562 1924.6681396484375 1277.2688354492188 0.8811616443452381 
207 1956.8967590332031 1229.2176879882813 2134.8921813964844 1334.6963745117187 0.8257300967261905 1840.9588928222656 1143.9599243164062 1925.0121765136719 1274.1601928710938 0.8908807663690477 
208 1957.19150390625 1228.3898498535157 2133.7591796875 1334.0004089355468 0.8261951264880952 1841.1085815429688 1143.02548828125 1923.6170043945312 1273.38857421875 0.8760695684523809 
209 1954.7423278808594 1228.1749694824218 2134.9838684082033 1332.3512756347657 0.8160109747023809 1841.7255432128907 1143.5237915039063 1921.0980651855468 1275.8111694335937 0.8688151041666666 
210 1957.398974609375 1228.887188720703 2133.829541015625 1332.7667419433594 0.8179873511904762 1838.8697814941406 1141.7502014160157 1921.3139343261719 1275.3094909667968 0.8879510788690477 
211 1957.5613708496094 1229.2364868164063 2134.028594970703 1333.1377807617187 0.8202892485119048 1839.1976318359375 1142.4617919921875 1920.0096435546875 1272.7506103515625 0.8867885044642857 
212 1958.3301696777344 1229.6516235351562 2134.454620361328 1333.3510620117188 0.8171735491071429 1837.4743103027345 1142.8557678222655 1919.775323486328 1274.537420654297 0.8834867931547619 
213 1958.8680114746094 1228.8430725097655 2133.589630126953 1332.687078857422 0.8195219494047619 1836.3852478027343 1142.1161865234376 1918.8011535644532 1272.3332763671874 0.8883463541666666 
214 1957.367431640625 1228.3014343261718 2134.333740234375 1334.1503479003907 0.8259626116071429 1836.1246337890625 1141.4721313476562 1917.1651611328125 1272.1294311523438 0.8725120907738095 
215 1959.9965026855468 1227.9890563964843 2134.2160217285154 1332.5208312988282 0.8139880952380952 1835.6177673339844 1139.2201293945313 1915.2610168457031 1271.9588256835937 0.8731863839285714 
216 1958.3961242675782 1228.5574035644531 2134.3107849121093 1333.1104431152344 0.8140345982142857 1834.1833862304688 1138.6851013183593 1913.8429809570312 1269.7913391113282 0.8701171875 
217 1956.5183166503907 1228.3007873535157 2135.590936279297 1332.7598815917968 0.8167085193452381 1832.6087524414063 1138.31806640625 1913.8546264648437 1270.964404296875 0.8750232514880952 
218 1953.0032897949218 1227.6433410644531 2136.7976135253907 1332.9073181152344 0.8008975074404762 1831.2879028320312 1138.4452697753907 1911.4889526367188 1270.4430358886718 0.8834867931547619 
219 1958.3129577636719 1227.2413940429688 2134.6500549316406 1333.7090454101562 0.8105003720238095 1829.5793212890626 1138.6249694824219 1912.7571044921874 1270.0460510253906 0.8708844866071429 
220 1953.124530029297 1227.08623046875 2136.790631103516 1333.946484375 0.7983863467261905 1828.7322998046875 1136.8584594726562 1910.5472412109375 1268.7643432617188 0.8749534970238095 
221 1955.2670654296876 1226.43740234375 2134.6689697265624 1333.74326171875 0.8008975074404762 1827.1966125488282 1137.1234008789063 1909.3525817871093 1269.5789916992187 0.8864164806547619 
222 1960.8181213378907 1228.5192626953126 2135.364862060547 1331.5017333984374 0.8175223214285714 1822.7919799804688 1140.1717895507813 1913.5561645507812 1264.0999389648437 0.8753255208333334 
223 1960.231201171875 1229.6847839355469 2133.242919921875 1334.8487854003906 0.8009207589285714 1827.2756225585938 1136.915966796875 1908.6928833007812 1265.826708984375 0.8707682291666666 
224 1956.567529296875 1228.9784362792968 2135.417822265625 1334.9638244628907 0.8356584821428571 1826.4426635742188 1138.4069763183593 1907.5876098632812 1267.5765441894532 0.8840448288690477 
225 1953.937939453125 1228.1098388671876 2136.270556640625 1333.4948974609374 0.8125465029761905 1825.4557312011718 1137.715643310547 1905.7489807128907 1268.1921936035155 0.8803943452380952 
226 1952.8766235351563 1227.3382751464844 2137.2725463867187 1334.623028564453 0.8085239955357143 1824.3153381347656 1138.815362548828 1904.7790222167969 1264.5397399902345 0.8773251488095238 
227 1953.3607238769532 1228.626971435547 2136.5878845214843 1333.5662658691406 0.8191034226190477 1824.14072265625 1137.7181640625 1905.76015625 1264.311376953125 0.8572591145833334 
228 1956.5175659179688 1226.2392700195312 2136.6345336914064 1333.9726440429688 0.8049665178571429 1823.145684814453 1137.1518920898438 1902.2623962402345 1265.0854125976562 0.8815801711309523 
229 1957.7111572265626 1227.6924133300781 2135.6213623046874 1334.4385681152344 0.7971075148809523 1821.378466796875 1135.6092407226563 1904.403271484375 1260.9935424804687 0.8731166294642857 
230 1964.9539916992187 1229.1888732910156 2133.720080566406 1333.1960144042969 0.8283807663690477 1819.208319091797 1138.3148071289063 1903.5913635253905 1258.0211303710937 0.8720005580357143 
231 1952.041796875 1229.4189697265624 2134.75654296875 1329.7328857421876 0.82861328125 1819.6907470703125 1138.7505676269532 1907.4655029296875 1260.5603454589843 0.8542131696428571 
232 1960.7250610351562 1229.2806823730468 2133.756140136719 1327.3315002441407 0.8282412574404762 1817.3460083007812 1134.4833435058595 1900.0162963867188 1259.450128173828 0.8741396949404762 
233 1963.4159240722656 1228.4061401367187 2134.838348388672 1328.7064086914063 0.8064313616071429 1819.2078674316406 1137.7149169921875 1903.095477294922 1258.0753662109375 0.8620954241071429 
234 1958.9043395996093 1232.3773071289063 2133.730059814453 1329.0892456054687 0.8147088913690477 1817.9853210449219 1135.1645568847657 1899.8185119628906 1256.0545593261718 0.8801385788690477 
235 1959.52470703125 1231.3360412597656 2134.62861328125 1328.404559326172 0.8303106398809523 1816.5572937011718 1132.8767028808593 1898.3993713378907 1258.4947570800782 0.8922991071428571 
236 1962.9938842773438 1227.9446350097655 2137.2519653320314 1334.914862060547 0.8106398809523809 1814.0848754882813 1131.9234375 1898.6258178710937 1254.42177734375 0.8890671502976191 
237 1955.8874816894531 1226.8043395996094 2135.9014587402344 1333.793927001953 0.7959914434523809 1815.7168884277344 1130.2003356933594 1897.2326965332031 1259.267071533203 0.8840448288690477 
238 1961.7778015136719 1228.5734619140626 2136.9913635253906 1331.9494873046874 0.8150111607142857 1811.70087890625 1130.4541015625 1897.55546875 1254.85546875 0.8887416294642857 
239 1958.9409301757812 1231.3252502441405 2135.3908569335936 1328.935858154297 0.8194754464285714 1812.3807495117187 1129.8882629394532 1894.9742309570313 1255.6558044433593 0.8751395089285714 
240 1956.5034973144532 1230.034356689453 2136.4006774902346 1329.3524841308595 0.8272414434523809 1810.625506591797 1128.9863647460938 1893.0782287597656 1254.5395141601562 0.8748837425595238 
241 1955.696112060547 1230.7446594238281 2135.7732482910155 1329.1372985839844 0.8185918898809523 1811.3916381835938 1129.2103576660156 1893.0761352539062 1253.5934753417969 0.8661179315476191 
242 1959.6883850097656 1229.152783203125 2132.919891357422 1329.2419921875 0.8096168154761905 1810.442919921875 1130.2480590820312 1891.284130859375 1253.4348022460938 0.8740699404761905 
243 1964.632586669922 1230.8034729003907 2135.781109619141 1326.7217956542968 0.8149879092261905 1808.6748046875 1126.0599365234375 1889.547119140625 1252.0704345703125 0.8786039806547619 
244 1953.2243530273438 1229.283465576172 2135.4487426757814 1329.0272033691406 0.8285202752976191 1808.3301879882813 1129.2445007324218 1890.8106811523437 1252.0061096191407 0.8742559523809523 
245 1958.3239868164062 1228.5421020507813 2135.0912963867186 1326.9488647460937 0.8265438988095238 1806.2282470703126 1125.8599792480468 1891.8784423828124 1251.6018127441407 0.8849516369047619 
246 1953.0363159179688 1227.068377685547 2137.2500610351562 1328.2054260253906 0.8236374627976191 1807.7214599609374 1123.9170715332032 1890.7983154296876 1252.1443298339843 0.8861607142857143 
247 1958.8281616210938 1226.8719116210937 2138.631555175781 1331.6117309570313 0.8203357514880952 1806.2839721679688 1127.4361877441406 1888.3302856445312 1244.3957214355469 0.8833705357142857 
248 1955.2568054199219 1227.210711669922 2139.1983947753906 1333.0640686035156 0.8197312127976191 1805.7541748046874 1127.0307067871095 1885.5778564453126 1245.030938720703 0.8794642857142857 
249 1956.5306762695313 1227.7831298828125 2135.7532592773437 1332.9041259765625 0.8078497023809523 1804.8143371582032 1125.4459228515625 1885.8093200683593 1244.3533935546875 0.8683035714285714 
250 1958.4555725097657 1226.9403991699219 2135.738153076172 1331.9330139160156 0.8129185267857143 1805.600653076172 1124.331005859375 1884.7754455566405 1246.53544921875 0.8689081101190477 
251 1958.9449340820313 1226.9407531738282 2136.081677246094 1333.5669372558593 0.8076869419642857 1804.892724609375 1123.0928955078125 1884.002294921875 1246.9166259765625 0.8723028273809523 
252 1959.7832336425781 1227.0159912109375 2136.4393005371094 1332.6632080078125 0.8188011532738095 1801.379132080078 1125.8985229492187 1884.5113708496094 1241.9371704101563 0.8736049107142857 
253 1960.626806640625 1227.3628784179687 2139.149560546875 1331.3568481445313 0.8239629836309523 1801.1694030761719 1123.1023315429688 1882.6312561035156 1240.9621215820312 0.8736979166666666 
254 1958.4955139160156 1226.94736328125 2138.182586669922 1334.068505859375 0.8150344122023809 1801.468505859375 1121.6867248535157 1879.2177734375 1242.6300476074218 0.8771856398809523 
255 1959.0101989746095 1225.5662841796875 2136.735528564453 1332.5465087890625 0.8126860119047619 1800.4645751953126 1121.7716369628906 1879.8369384765624 1242.5556335449219 0.8822079613095238 
256 1959.946923828125 1226.7617614746093 2137.711767578125 1333.7659484863282 0.8075939360119048 1800.0382080078125 1120.2887878417969 1879.4283447265625 1241.0997619628906 0.8786504836309523 
257 1961.2877319335937 1227.402081298828 2137.264758300781 1332.6432067871094 0.8123837425595238 1798.5818359375 1121.1654541015625 1877.94404296875 1238.4834716796875 0.8790457589285714 
258 1956.9778259277343 1226.2535034179687 2136.551593017578 1333.3070434570313 0.8068731398809523 1798.5224853515624 1121.2586608886718 1877.9494384765626 1240.3989318847657 0.8722330729166666 
259 1959.021795654297 1225.5655700683594 2136.6677795410155 1332.498028564453 0.8102678571428571 1799.419122314453 1120.6893676757813 1877.0314392089845 1239.6949096679687 0.8663271949404762 
260 1958.932061767578 1226.3394592285156 2137.3324645996095 1333.726092529297 0.8133603050595238 1797.1193603515626 1118.553076171875 1876.7932373046874 1236.33193359375 0.8769298735119048 
261 1961.201434326172 1226.0534118652345 2137.244000244141 1331.678887939453 0.8322172619047619 1796.1277587890625 1118.8029174804688 1877.1073486328125 1238.5117797851562 0.8875093005952381 
262 1961.2489624023438 1227.520196533203 2136.1506958007812 1329.0758728027345 0.8337286086309523 1796.8355651855468 1120.1777465820312 1879.5847229003907 1236.7787963867188 0.8739769345238095 
263 1961.577099609375 1228.8678405761718 2137.987353515625 1327.5058166503907 0.8413783482142857 1797.4237487792968 1115.1278747558595 1878.9897033691407 1238.425225830078 0.8698614211309523 
264 1961.3599487304687 1228.3461059570313 2138.0123657226563 1326.8994995117187 0.8227074032738095 1794.5058471679688 1117.2768615722657 1880.0427368164062 1236.2847839355468 0.8862072172619048 
265 1962.3300354003907 1226.102557373047 2140.053143310547 1329.1819885253906 0.8235212053571429 1795.6803955078126 1115.6408081054688 1877.4331298828124 1240.0469360351562 0.8829985119047619 
266 1960.0338439941406 1227.7794128417968 2139.479705810547 1333.3356994628907 0.8177083333333334 1792.5646728515626 1116.5392578125 1875.2505126953124 1236.1697265625 0.8932291666666666 
267 1957.9733459472657 1225.9349792480468 2137.670574951172 1328.3625061035157 0.8328450520833334 1792.0297912597657 1114.038836669922 1876.4874206542968 1239.8270080566406 0.8949962797619048 
268 1962.2205932617187 1228.429705810547 2136.763049316406 1326.2501037597656 0.8407273065476191 1794.3177612304687 1111.9452026367187 1876.7938110351563 1234.7003051757813 0.8664434523809523 
269 1966.8528442382812 1226.407647705078 2136.1210327148438 1326.8524841308595 0.8254743303571429 1792.147509765625 1112.0120361328125 1875.851513671875 1236.6381103515625 0.8826497395833334 
270 1959.58359375 1228.4616760253907 2136.07509765625 1327.9727722167968 0.8340773809523809 1791.1077697753906 1113.2077880859374 1875.598406982422 1235.2497314453126 0.8730933779761905 
271 1956.4689086914063 1228.0209045410156 2138.1416870117187 1324.6552429199219 0.8475167410714286 1792.6364624023438 1112.3569580078124 1873.8093383789062 1232.1835693359376 0.85546875 
272 1972.567626953125 1225.9217895507813 2134.420166015625 1328.5598999023437 0.8327287946428571 1792.1158447265625 1113.0350158691406 1873.0421142578125 1233.437518310547 0.8566545758928571 
273 1963.5961853027343 1226.2131958007812 2136.005987548828 1329.2626342773438 0.8410760788690477 1791.1864501953125 1112.874005126953 1872.4370849609375 1233.7589294433594 0.8585379464285714 
274 1965.9003356933595 1225.9093994140626 2134.745294189453 1329.2029052734374 0.8307756696428571 1791.325213623047 1112.5311218261718 1870.7818420410156 1231.7158264160157 0.86572265625 
275 1974.0127746582032 1226.3113525390625 2134.4543884277346 1329.3109619140625 0.8274274553571429 1789.6497497558594 1113.2557983398438 1870.8608703613281 1232.1013793945312 0.8562825520833334 
276 1960.2191162109375 1228.6737365722656 2136.9473876953125 1327.2695007324219 0.8244047619047619 1786.352850341797 1106.4665100097657 1870.0662170410155 1234.8270690917968 0.8780459449404762 
277 1954.6897766113282 1224.880224609375 2139.5444763183596 1327.37392578125 0.8329613095238095 1786.5184265136718 1110.7011413574219 1867.0490783691407 1238.8182678222656 0.8730701264880952 
278 1956.5292419433595 1228.7679809570313 2137.714044189453 1327.7657104492187 0.8221726190476191 1785.2586547851563 1107.9301879882812 1869.3133666992187 1233.0783569335938 0.8803013392857143 
279 1961.029962158203 1228.6519897460937 2136.4660095214845 1328.6317016601563 0.8274274553571429 1785.956787109375 1109.9533752441407 1868.958740234375 1232.5699401855468 0.8753022693452381 
280 1960.89306640625 1228.3834838867188 2136.06298828125 1328.2114868164062 0.8211263020833334 1786.0853210449218 1108.1986694335938 1868.9614318847657 1232.5127563476562 0.8794875372023809 
281 1967.5546325683595 1226.8616333007812 2135.041192626953 1329.3239135742188 0.8340308779761905 1788.3213684082032 1107.6504821777344 1867.1384704589843 1231.7876281738281 0.8597470238095238 
282 1964.0703857421875 1227.212384033203 2136.0531494140623 1330.0064880371094 0.8404947916666666 1786.0053405761719 1105.8666076660156 1867.0545959472656 1232.3825378417969 0.8603980654761905 
283 1966.6811401367188 1225.9819763183593 2135.0549438476564 1328.9871398925782 0.8393322172619048 1786.4980102539062 1108.1200866699219 1865.7329467773438 1228.9532775878906 0.8581659226190477 
284 1967.9509399414062 1226.4966247558593 2134.9301635742186 1327.8767883300782 0.8400297619047619 1785.1455017089843 1106.2318969726562 1866.6473449707032 1229.4783081054688 0.8716285342261905 
285 1964.7831298828125 1227.7254577636718 2133.8980224609377 1329.9809631347657 0.8321475074404762 1786.1384216308593 1107.2423828125 1864.7965148925782 1231.128955078125 0.8486793154761905 
286 1958.4104370117188 1227.617724609375 2139.070764160156 1326.505322265625 0.8336356026785714 1782.35810546875 1106.2754333496093 1866.032275390625 1229.8850891113282 0.8659319196428571 
287 1958.9952392578125 1227.4374633789062 2137.3358154296875 1329.3462280273438 0.8435174851190477 1783.3682373046875 1105.629168701172 1863.7194091796875 1231.0555236816406 0.8547479538690477 
288 1955.6381469726562 1229.6585754394532 2138.076452636719 1326.7004333496093 0.83447265625 1780.2164733886718 1103.6536193847655 1865.6132385253907 1231.748846435547 0.8617466517857143 
289 1955.9665100097657 1226.2689697265625 2137.917156982422 1329.1905029296875 0.8287062872023809 1777.7624084472657 1106.3822875976562 1862.3050964355468 1231.3584350585938 0.8737909226190477 
290 1952.1930725097657 1226.210626220703 2137.926922607422 1328.1820739746095 0.8366117931547619 1779.275567626953 1106.0297912597657 1861.2169860839845 1229.8524108886718 0.8826264880952381 
291 1954.501171875 1226.6863098144531 2137.61455078125 1329.0144958496094 0.8336821056547619 1778.2924072265625 1104.058282470703 1860.8728759765625 1227.9291442871095 0.8853236607142857 
292 1952.8794738769532 1228.45830078125 2138.7878845214846 1327.222119140625 0.8520275297619048 1778.5160278320313 1103.6256958007812 1861.7874389648437 1225.6279663085938 0.8737444196428571 
293 1956.665106201172 1227.7035583496095 2134.8950744628905 1327.590753173828 0.8229864211309523 1777.6816345214843 1100.9989440917968 1861.9002746582032 1228.3061096191407 0.8727213541666666 
294 1957.1530151367188 1229.2450439453125 2135.8887329101562 1326.3838623046875 0.8455171130952381 1776.8482604980468 1102.0677673339844 1860.3877014160157 1226.405499267578 0.8770693824404762 
295 1958.8435852050782 1228.737890625 2138.1504333496096 1327.067529296875 0.8342168898809523 1777.1635986328124 1100.8203369140624 1860.0690673828126 1228.0705322265626 0.8708844866071429 
296 1958.9615478515625 1229.3727294921875 2136.2103271484375 1326.7622802734375 0.8434244791666666 1776.4687805175781 1100.3692626953125 1860.2237243652344 1225.0277099609375 0.8822312127976191 
297 1953.485791015625 1228.7633056640625 2137.119677734375 1330.3480224609375 0.8427036830357143 1775.86298828125 1099.37822265625 1857.912158203125 1228.312451171875 0.8704659598214286 
298 1959.6482788085937 1228.2965393066406 2135.1073364257813 1330.8119812011719 0.8436569940476191 1776.2276672363282 1097.7259094238282 1859.0285583496093 1227.8415954589843 0.8630254836309523 
299 1954.3442321777343 1229.7834838867188 2138.503546142578 1328.6479125976562 0.8424944196428571 1773.3909484863282 1098.4116760253905 1858.6858337402343 1224.415350341797 0.8813244047619048 
