0 1682.983447265625 753.3779998779297 1808.17255859375 891.298208618164 0.8201497395833334 1473.4100341796875 713.0629119873047 1590.1116943359375 846.7393951416016 0.7830868675595238 
1 1691.7831298828125 759.1733551025391 1805.8067138671875 896.8623504638672 0.8102678571428571 1469.527850341797 719.7035736083984 1587.8543518066406 855.2411895751953 0.8031761532738095 
2 1691.4551147460938 767.6394287109375 1806.5917602539062 902.327490234375 0.8372860863095238 1465.6103454589843 727.0325225830078 1582.9193176269532 866.065316772461 0.7879696800595238 
3 1691.0108520507813 767.3142333984375 1806.4102905273437 911.019140625 0.7999441964285714 1459.6258239746094 734.3190826416015 1577.2026672363281 873.6692596435547 0.8008045014880952 
4 1687.5701232910155 769.9561126708984 1805.436102294922 916.1971466064454 0.7996419270833334 1454.4407592773437 740.489614868164 1570.1239379882813 880.1825653076172 0.8179175967261905 
5 1690.6384521484374 773.3661529541016 1804.9806884765626 927.2883270263671 0.7872488839285714 1447.3230895996094 742.2433807373047 1559.4663391113281 887.370083618164 0.8018740699404762 
6 1692.1368408203125 776.9378692626954 1801.1864013671875 938.3312347412109 0.7515811011904762 1443.1682250976562 749.2560241699218 1543.4938842773438 888.8395568847657 0.8010602678571429 
7 1691.0382934570312 787.3382751464844 1800.7419799804688 943.1175354003906 0.794921875 1435.5128540039063 750.2920989990234 1536.4402709960937 890.7129669189453 0.8120349702380952 
8 1692.0254150390624 793.9778076171875 1797.1286376953126 947.2533935546875 0.7963634672619048 1431.962158203125 753.132357788086 1528.306884765625 895.4597442626953 0.8207542782738095 
9 1685.3147583007812 801.7322265625 1801.0055541992188 952.3484619140625 0.8058965773809523 1431.4332397460937 755.7245544433594 1520.9297973632813 897.6094299316406 0.7870628720238095 
10 1683.9552185058594 807.126904296875 1803.227520751953 961.0966064453125 0.8165457589285714 1421.7228881835938 757.3327453613281 1514.9721801757812 909.1339294433594 0.7935267857142857 
11 1684.5345703125 812.3128234863282 1802.3775390625 965.0721862792968 0.8369373139880952 1416.7861206054688 760.0221466064453 1512.8061645507812 914.963754272461 0.7884347098214286 
12 1684.356982421875 819.0856018066406 1800.224560546875 969.9320983886719 0.8184756324404762 1418.0634033203125 766.7013977050781 1509.8828857421875 919.7340270996094 0.7961774553571429 
13 1685.9988403320312 822.5093292236328 1797.4779663085938 975.519662475586 0.80224609375 1417.8104370117187 770.3849395751953 1507.4307739257813 923.3952728271485 0.8229399181547619 
14 1686.2371765136718 830.4446228027343 1792.8789123535157 978.4372131347657 0.7955031622023809 1418.712060546875 774.9474090576172 1507.94296875 925.1163726806641 0.8245210193452381 
15 1682.4466369628906 833.3515930175781 1793.140399169922 980.9433288574219 0.7977353050595238 1413.4758850097655 777.7542907714844 1511.146795654297 929.6868713378906 0.8392392113095238 
16 1675.7750061035156 835.8109527587891 1792.645037841797 985.1450408935547 0.7973865327380952 1417.145733642578 780.8720581054688 1510.2088806152344 930.2060668945312 0.8285202752976191 
17 1673.222637939453 840.3743621826172 1789.6070739746094 986.9324615478515 0.7996419270833334 1420.6420166015625 785.6637908935547 1513.3184326171875 932.221890258789 0.8338913690476191 
18 1668.2241455078124 846.0857391357422 1786.1559814453126 994.0365142822266 0.8048502604166666 1420.4849243164062 785.0580902099609 1512.6862182617188 933.0088653564453 0.8210797991071429 
19 1664.647216796875 849.6679046630859 1784.675048828125 997.5593292236329 0.7951311383928571 1422.2010009765625 785.1200653076172 1514.3651611328125 935.1547760009765 0.8126860119047619 
20 1663.5014038085938 851.2770172119141 1783.1817016601562 998.7401336669922 0.7689267113095238 1421.5105834960937 785.2719879150391 1515.5450805664063 934.8723602294922 0.8195219494047619 
21 1664.5619506835938 854.3119293212891 1781.8428344726562 999.3137420654297 0.7749488467261905 1423.3569458007812 786.5678283691407 1512.9169799804688 935.8343933105468 0.8310081845238095 
22 1664.2882080078125 858.2594116210937 1781.7071533203125 1001.2968627929688 0.7688569568452381 1423.0459716796875 789.0397430419922 1510.5763427734375 934.2121490478515 0.8196614583333334 
23 1662.7067138671875 856.7618469238281 1782.1956298828125 1001.8554626464844 0.8052222842261905 1425.3702819824218 791.3547821044922 1510.7194396972657 934.3147125244141 0.8233119419642857 
24 1661.6594482421874 857.4821472167969 1783.4316162109376 1000.6178283691406 0.7965029761904762 1425.921044921875 791.5016326904297 1511.37509765625 936.7736968994141 0.8162667410714286 
25 1659.4516540527343 856.2513092041015 1785.6632141113282 1001.7155487060547 0.8146158854166666 1423.6482238769531 790.430386352539 1511.3545837402344 935.8946258544922 0.8220098586309523 
26 1655.8372863769532 859.277294921875 1784.4492126464843 1002.8939697265625 0.8291480654761905 1421.2029357910155 791.4262664794921 1511.231268310547 937.1864654541016 0.8210797991071429 
27 1656.2443298339845 860.9068267822265 1784.238946533203 1001.7007781982422 0.8352864583333334 1424.8695861816407 791.0020751953125 1510.1993835449218 940.3291015625 0.8236607142857143 
28 1655.2596374511718 861.0009979248047 1782.5915588378907 1001.0660797119141 0.8241489955357143 1421.3281860351562 793.3355499267578 1510.4603881835938 939.7671722412109 0.8225911458333334 
29 1652.5319519042969 862.33359375 1784.2323303222656 1002.5307861328125 0.8322405133928571 1424.0170593261719 791.0911682128906 1511.1092834472656 939.7851745605469 0.8244977678571429 
30 1660.9634155273438 861.1763000488281 1782.0890747070312 1001.4269714355469 0.8338913690476191 1422.7171325683594 793.4211883544922 1511.9675598144531 940.0468902587891 0.8255440848214286 
31 1657.8650146484374 860.4792633056641 1781.5065673828126 1003.3066864013672 0.8302176339285714 1424.2740600585937 793.0011199951172 1511.6758911132813 937.9602447509766 0.8272181919642857 
32 1654.6229309082032 859.6583892822266 1778.0805603027343 1004.4018524169921 0.8056408110119048 1420.8885559082032 794.1637084960937 1512.4174743652343 938.9070922851563 0.8223586309523809 
33 1655.8998596191407 861.9148468017578 1776.9447448730468 1006.3193450927735 0.8056175595238095 1420.8341918945312 793.0613555908203 1512.1487182617188 939.5894622802734 0.8168712797619048 
34 1653.437646484375 864.2558380126953 1774.66708984375 1006.7535003662109 0.8365420386904762 1423.6582275390624 791.7800567626953 1508.7314208984376 938.531283569336 0.8163132440476191 
35 1654.8754028320313 865.9017547607422 1771.5672241210937 1008.0536285400391 0.8049897693452381 1415.5347290039062 790.3376770019531 1513.1315307617188 936.7328796386719 0.79443359375 
36 1651.2471801757813 865.9833221435547 1770.4203002929687 1008.5655670166016 0.8211728050595238 1422.2314880371093 792.0729736328125 1511.6114074707032 936.783349609375 0.8028971354166666 
37 1647.6670959472656 866.7560668945313 1769.037615966797 1007.2903198242187 0.8216378348214286 1422.0423645019532 790.674267578125 1511.4733825683593 937.596484375 0.8088030133928571 
38 1649.5715393066407 865.3150177001953 1770.7789245605468 1005.6605072021484 0.8040132068452381 1422.8595886230469 790.971224975586 1510.0438537597656 937.6959503173828 0.8159412202380952 
39 1651.9306274414062 866.5999114990234 1768.6516479492188 1004.5429718017579 0.8060825892857143 1423.7940979003906 792.4044860839844 1508.6820983886719 936.7141662597656 0.8133835565476191 
40 1647.9480773925782 865.8982574462891 1770.8845642089843 1003.6719940185546 0.7967819940476191 1422.2110900878906 791.5493835449219 1509.1144714355469 937.8014465332031 0.8193359375 
41 1645.60869140625 863.8061340332031 1772.873486328125 1003.7975036621094 0.8107096354166666 1425.5872131347655 791.2814422607422 1508.309393310547 937.636099243164 0.8106398809523809 
42 1648.4010681152345 864.3665161132812 1773.529718017578 1002.2201538085938 0.7982468377976191 1421.1465698242187 791.8505828857421 1508.1002563476563 936.0667144775391 0.8042922247023809 
43 1649.0454833984375 862.9398162841796 1774.0746337890625 1002.8030426025391 0.7948753720238095 1423.8461975097657 792.3561828613281 1508.6116882324218 936.4576599121094 0.8086170014880952 
44 1646.3087036132813 864.7871398925781 1773.0990112304687 1002.1432800292969 0.8045014880952381 1421.7436828613281 792.5329559326171 1508.3836364746094 936.2285797119141 0.8087565104166666 
45 1647.1117248535156 864.734423828125 1774.0116882324219 1002.209423828125 0.8127325148809523 1420.7253784179688 794.288705444336 1507.4403930664062 935.9937042236328 0.8074311755952381 
46 1648.0518981933594 863.0234802246093 1773.033917236328 1002.8339416503907 0.8120582217261905 1417.071142578125 792.4663879394532 1510.27822265625 936.5135925292968 0.8096168154761905 
47 1647.2698486328125 863.1395568847656 1772.5021240234375 1003.2299499511719 0.8204520089285714 1416.0717529296876 790.5636322021485 1507.3427978515624 937.0217559814453 0.8118722098214286 
48 1646.7114685058593 862.1631866455078 1771.6731750488282 1004.0689300537109 0.8083844866071429 1417.6421203613281 793.4912536621093 1508.7159118652344 937.5149719238282 0.8149646577380952 
49 1642.38984375 864.2016784667969 1771.640185546875 1006.1652648925781 0.8107096354166666 1418.6055908203125 791.9974426269531 1509.7166748046875 938.1987243652344 0.8182198660714286 
50 1647.7368225097657 862.4463745117188 1772.8575378417968 1004.5326293945312 0.8213588169642857 1416.744580078125 791.8110443115235 1507.934375 938.1387237548828 0.8134533110119048 
51 1648.59365234375 862.7770782470703 1771.378271484375 1004.6145843505859 0.8205450148809523 1416.1331176757812 792.5097442626953 1507.1632690429688 936.4641937255859 0.8122674851190477 
52 1645.2079162597656 863.7497039794922 1772.2983093261719 1005.667349243164 0.8185686383928571 1420.111260986328 793.4426818847656 1506.9562438964845 937.4784606933594 0.8104771205357143 
53 1646.7590393066407 863.082730102539 1771.6956726074218 1007.0774871826172 0.8373093377976191 1417.9799926757812 793.0399963378907 1506.9179565429688 937.0348327636718 0.8120349702380952 
54 1652.5933471679687 864.3345672607422 1771.2757934570313 1004.210171508789 0.8257068452380952 1414.0059326171875 791.8698059082031 1509.3756591796875 938.1034606933594 0.8257533482142857 
55 1651.5390991210938 863.7097320556641 1770.0019165039062 1005.4421844482422 0.822265625 1419.0067016601563 791.8671936035156 1507.8538940429687 935.7150817871094 0.8279157366071429 
56 1646.5151733398438 864.6273956298828 1771.4430786132812 1006.4947357177734 0.8132207961309523 1419.3807312011718 788.9701782226563 1508.3125061035157 937.1898559570312 0.8181733630952381 
57 1648.5013732910156 862.934439086914 1771.2531433105469 1006.8501678466797 0.8168247767857143 1419.8479858398437 789.4299163818359 1506.6207641601563 935.4621124267578 0.8143368675595238 
58 1648.6461547851563 864.580679321289 1771.3174682617187 1006.2874237060547 0.8149181547619048 1420.1419982910156 789.0092041015625 1506.8581237792969 937.060986328125 0.8148251488095238 
59 1643.9691101074218 862.2855926513672 1773.0085510253907 1006.132925415039 0.8210565476190477 1421.2825134277343 788.8161102294922 1505.8985168457032 934.7787994384765 0.8013392857142857 
60 1650.918194580078 864.1064331054688 1771.2699157714844 1005.5725219726562 0.8079892113095238 1423.2891662597656 790.5310363769531 1503.523699951172 936.2200622558594 0.8094540550595238 
61 1646.7769165039062 862.336181640625 1771.4274291992188 1006.0010986328125 0.8144066220238095 1418.7657043457032 790.5849578857421 1505.3872497558593 936.3626129150391 0.8039202008928571 
62 1650.7914001464844 862.7602142333984 1771.390362548828 1004.5169464111328 0.8209402901785714 1420.5791320800781 792.7769989013672 1505.2100524902344 934.5337310791016 0.8107328869047619 
63 1648.2881469726562 863.4648071289063 1772.7926635742188 1004.8512329101562 0.8264508928571429 1420.3005310058593 791.797607421875 1508.9307922363282 935.2943115234375 0.8207775297619048 
64 1649.1942810058595 862.2980651855469 1773.919854736328 1003.9356994628906 0.8119187127976191 1419.1754333496094 790.259619140625 1507.963116455078 936.1252685546875 0.8148018973214286 
65 1647.8322387695312 863.1163482666016 1772.6147827148438 1004.8186492919922 0.8095935639880952 1423.0770263671875 787.7912445068359 1507.6754150390625 933.7234649658203 0.8086170014880952 
66 1645.5687744140625 862.0833557128906 1776.4199951171875 1003.4870788574219 0.8040829613095238 1416.6603698730469 788.7839874267578 1505.3014221191406 932.298226928711 0.7991536458333334 
67 1651.3555114746093 863.3717163085937 1775.7459289550782 1004.6286499023438 0.7880394345238095 1418.7112548828125 786.4182800292969 1507.2604248046875 934.0001770019531 0.8145228794642857 
68 1647.787255859375 864.1423492431641 1778.376318359375 1003.1564178466797 0.7920154389880952 1419.5804931640625 785.4000732421875 1505.9378173828125 932.839306640625 0.8046409970238095 
69 1653.3580383300782 865.0064178466797 1777.5583435058593 1003.942251586914 0.7707635788690477 1422.688787841797 780.7218566894531 1511.1025939941405 934.3933776855469 0.8106166294642857 
70 1655.3113342285155 864.4645599365234 1779.753485107422 1003.6711212158203 0.7829241071428571 1424.6795959472656 781.88173828125 1509.0470886230469 933.7433837890625 0.7968052455357143 
71 1658.4763488769531 862.3190856933594 1780.8282165527344 1005.7661193847656 0.76611328125 1423.5900817871093 779.7235321044922 1514.2992004394532 935.8275543212891 0.8162899925595238 
72 1655.4623657226562 863.5221099853516 1782.4443725585938 1007.4349822998047 0.7716238839285714 1423.313232421875 780.9023742675781 1516.433349609375 935.3971862792969 0.8172898065476191 
73 1657.7094299316407 864.7748077392578 1782.4327819824218 1006.4098236083985 0.7696010044642857 1429.3208801269532 781.517431640625 1518.1069763183593 940.064111328125 0.7951543898809523 
74 1657.489453125 862.4793579101563 1782.53447265625 1002.3601196289062 0.7591843377976191 1433.64765625 793.0280181884766 1520.54326171875 941.3864715576171 0.7820870535714286 
75 1660.9668212890624 861.1003601074219 1783.6435302734376 1002.8132141113281 0.7579985119047619 1436.6016723632813 797.1587646484375 1529.6668823242187 943.10185546875 0.7938290550595238 
76 1659.8577880859375 859.2783935546875 1780.6759033203125 1003.41240234375 0.7829241071428571 1439.6619506835937 800.0921020507812 1532.9252075195313 948.4653930664062 0.7984561011904762 
77 1657.6002563476563 860.6971588134766 1778.9607788085937 1005.4780731201172 0.7367234002976191 1440.8382629394532 804.7665496826172 1538.7783142089843 951.676626586914 0.7929454985119048 
78 1657.8356689453126 859.8499725341796 1783.9077392578124 1000.8795806884766 0.7803664434523809 1444.3188354492188 810.0457641601563 1540.4753540039062 955.3490112304687 0.7962704613095238 
79 1656.5930969238282 858.848779296875 1789.6604431152343 1002.647314453125 0.8145693824404762 1447.5817749023438 812.1266906738281 1546.3090942382812 960.2176696777344 0.7884812127976191 
80 1659.8798706054688 858.5314697265625 1793.5383422851562 1002.968896484375 0.8377743675595238 1449.6911254882812 818.4837188720703 1551.0127319335938 965.0768890380859 0.8004557291666666 
81 1658.5228149414063 861.360400390625 1799.0018432617187 1004.0008056640625 0.8555850074404762 1451.1289672851562 820.7128723144531 1559.1898803710938 969.8369323730469 0.8082217261904762 
82 1662.7366943359375 858.9789215087891 1801.6900634765625 1004.4457000732422 0.8663271949404762 1451.968487548828 823.4054931640625 1564.8680603027344 973.2146240234375 0.8170107886904762 
83 1664.8594909667968 860.596890258789 1801.7002014160157 1003.9537078857422 0.8753487723214286 1453.7506408691406 822.8362091064453 1566.6984558105469 974.881381225586 0.8053850446428571 
84 1663.7426452636719 861.3947875976562 1802.5301818847656 1004.5195190429688 0.8724888392857143 1456.562158203125 827.0315582275391 1569.327001953125 978.8304412841796 0.7957589285714286 
85 1662.2172790527343 861.8803344726563 1804.8121398925782 1006.6357788085937 0.8866257440476191 1457.2161987304687 829.0568359375 1576.0452758789063 984.6150390625 0.8167782738095238 
86 1660.0757263183593 862.2804168701172 1804.5279113769532 1004.5766998291016 0.8827659970238095 1463.1329345703125 832.5939575195313 1575.2452392578125 987.8262084960937 0.8114304315476191 
87 1662.77802734375 862.7640319824219 1802.5623046875 1004.6987365722656 0.8742792038690477 1463.6889404296876 836.2133544921875 1579.8174072265624 993.2016845703125 0.8380998883928571 
88 1665.8134643554688 863.2195129394531 1802.9599731445312 1006.7947692871094 0.8750697544642857 1467.6763305664062 840.5540740966796 1579.1078491210938 994.8439361572266 0.8328915550595238 
89 1667.2718444824218 861.9956146240235 1803.9570373535157 1007.2235626220703 0.8560500372023809 1471.6904907226562 842.9385528564453 1580.6115112304688 996.7093353271484 0.8402157738095238 
90 1666.8991333007812 861.8764221191407 1805.4560913085938 1006.8281677246093 0.8620489211309523 1477.5929077148437 843.1015563964844 1579.9117309570313 994.4482482910156 0.8201032366071429 
91 1668.8411071777343 861.9953430175781 1805.2635070800782 1006.9442321777344 0.8613513764880952 1479.538555908203 845.1065277099609 1579.7237731933594 994.3185821533203 0.8253115699404762 
92 1666.772967529297 863.086215209961 1804.9644592285156 1007.6559112548828 0.8614908854166666 1479.6010681152343 847.6316589355469 1581.6502746582032 998.5794006347656 0.8230329241071429 
93 1662.1265502929687 865.956201171875 1804.2445434570313 1008.0741943359375 0.8814871651785714 1480.767022705078 848.4158020019531 1582.5829528808595 1001.1396179199219 0.8238467261904762 
94 1662.852587890625 864.2448760986329 1804.9328125 1008.4456146240234 0.8897879464285714 1478.931573486328 852.3368682861328 1589.2025817871095 1000.7787933349609 0.8361235119047619 
95 1661.2832824707032 864.2090148925781 1803.2056091308593 1010.3677673339844 0.8936941964285714 1478.7069946289062 854.1881164550781 1593.0920776367188 1002.4650817871094 0.8439127604166666 
96 1660.7717834472655 865.7387786865235 1802.641424560547 1009.7257598876953 0.8855329241071429 1477.7747619628906 853.8483917236329 1596.352313232422 1002.0703704833984 0.8563755580357143 
97 1660.1080810546875 865.8942932128906 1804.0799072265625 1009.8659606933594 0.8817661830357143 1479.247821044922 855.8781433105469 1595.6954162597656 1001.9670715332031 0.8454241071428571 
98 1663.5828979492187 865.2302947998047 1803.2322875976563 1006.9955963134765 0.8640252976190477 1476.9767150878906 856.6038757324219 1597.5829772949219 1002.6010803222656 0.8535853794642857 
99 1666.0931213378906 866.2965393066406 1803.431170654297 1005.7474060058594 0.8692336309523809 1478.37080078125 855.8133209228515 1594.5798828125 1001.6028778076172 0.8512137276785714 
100 1666.0734619140626 866.7700927734375 1803.6570068359374 1006.470263671875 0.8836495535714286 1478.2597595214843 856.5124053955078 1592.5599426269532 1000.4459075927734 0.8321940104166666 
101 1666.2765075683594 864.7323333740235 1801.801983642578 1006.6106231689453 0.8768136160714286 1476.5083374023438 856.0991394042969 1590.8578735351562 1002.2125061035156 0.8304036458333334 
102 1663.9270141601562 865.5704833984375 1801.6086303710938 1005.3703125 0.8700474330357143 1477.8530334472657 855.0610198974609 1590.1165710449218 1001.2154083251953 0.8327520461309523 
103 1664.2232727050782 863.0299499511718 1802.0234313964843 1007.1901428222657 0.8761858258928571 1477.744610595703 856.5068786621093 1592.2247497558594 1000.6670715332032 0.8386579241071429 
104 1662.0977478027344 864.4001892089843 1799.6316223144531 1006.1657287597657 0.88671875 1475.7354736328125 855.7737701416015 1592.1102294921875 1001.7712127685547 0.8273111979166666 
105 1664.139422607422 862.4382995605469 1797.3956115722656 1006.2703186035156 0.8841610863095238 1479.4683410644532 855.686068725586 1591.5725524902343 1001.6332061767578 0.8244977678571429 
106 1662.4956115722657 862.0885772705078 1797.9788757324218 1006.0395355224609 0.8918108258928571 1481.1728393554688 855.3307037353516 1593.3698852539062 1001.3986053466797 0.82275390625 
107 1660.3507751464845 862.0833465576172 1797.844659423828 1005.923062133789 0.8922758556547619 1480.7952026367188 857.2019470214843 1595.0209594726562 1001.0415832519532 0.8292410714285714 
108 1661.1801513671876 864.5303253173828 1796.6054931640624 1006.3037200927735 0.8866024925595238 1481.07421875 857.531216430664 1597.455322265625 1003.5365936279297 0.83642578125 
109 1660.5230895996094 862.1653594970703 1797.927471923828 1008.0253753662109 0.8888811383928571 1482.4666320800782 855.4171112060546 1598.7317321777343 1003.3910552978516 0.8334728422619048 
110 1662.3944458007813 863.8826080322266 1797.7166381835937 1007.6624969482422 0.8863467261904762 1482.1817749023437 859.2471923828125 1600.5887329101563 1000.91259765625 0.837890625 
111 1664.530255126953 864.5394104003906 1797.9168884277344 1008.5123474121094 0.8918108258928571 1482.4467895507812 858.0247619628906 1598.8954956054688 1001.9976989746094 0.8355887276785714 
112 1664.5589721679687 864.0650634765625 1797.9940063476563 1008.0902099609375 0.8878813244047619 1482.165057373047 861.2953521728516 1600.7740295410156 1001.0844696044921 0.8152901785714286 
113 1665.517803955078 864.2878967285156 1798.7965270996094 1008.1443542480469 0.8854399181547619 1481.710272216797 861.5214630126953 1600.1802307128905 1001.1468109130859 0.8215215773809523 
114 1665.4074279785157 863.0505889892578 1798.6778991699218 1009.0134368896485 0.8916480654761905 1481.3674438476562 860.284310913086 1601.9453002929688 1002.0162872314453 0.8410760788690477 
115 1667.4373718261718 863.5231567382813 1798.4287170410157 1009.3037475585937 0.8790457589285714 1482.0018798828125 862.3855377197266 1600.3164794921875 1003.9405731201172 0.8212890625 
116 1667.3713684082031 864.4853881835937 1798.1910095214844 1010.0749145507813 0.8810918898809523 1479.8255126953125 865.2157684326172 1604.3151123046875 1004.4753326416015 0.8425409226190477 
117 1667.1264221191407 865.3731628417969 1799.8097351074218 1008.5869201660156 0.8785109747023809 1481.7911010742187 867.7222442626953 1606.0499633789063 1004.6177825927734 0.8385881696428571 
118 1666.3 865.0165374755859 1801.345751953125 1008.5026885986329 0.8688151041666666 1480.6120178222657 868.749755859375 1607.2174499511718 1008.0157470703125 0.8424479166666666 
119 1666.3710083007813 865.7576721191406 1801.2520385742187 1009.0688659667969 0.8600260416666666 1482.044366455078 869.2432250976562 1612.7103942871095 1010.4468383789062 0.8519810267857143 
120 1665.9421508789062 865.7425903320312 1800.6435424804688 1008.8628784179688 0.8563523065476191 1483.237127685547 872.7042999267578 1615.8337951660155 1011.6152191162109 0.8451915922619048 
121 1666.2661376953124 863.6861114501953 1801.0224365234376 1008.9700775146484 0.8546084449404762 1485.3495788574219 874.3759338378907 1615.8946838378906 1011.2375915527343 0.8408203125 
122 1665.7597961425781 865.7046752929688 1800.5245056152344 1008.8922485351562 0.8614676339285714 1484.1026306152344 874.0465240478516 1620.9731750488281 1015.1283416748047 0.8387044270833334 
123 1666.895770263672 865.9913452148437 1801.5103576660156 1009.0192749023438 0.8468656994047619 1485.683856201172 874.56650390625 1620.2984436035156 1013.387841796875 0.8415643601190477 
124 1665.45546875 865.2670471191407 1799.9419921875 1008.1589782714843 0.8466564360119048 1485.7899230957032 873.8341369628906 1622.3776794433593 1012.5232849121094 0.8440987723214286 
125 1665.8957275390626 867.2787841796875 1798.2392822265624 1008.025048828125 0.8673735119047619 1487.9026184082031 875.8431457519531 1622.3467712402344 1012.3880554199219 0.8415178571428571 
126 1665.9449462890625 867.1766998291016 1798.3031005859375 1007.9385955810546 0.8688383556547619 1487.931884765625 877.6004638671875 1622.39111328125 1012.0596923828125 0.8332635788690477 
127 1665.9957214355468 867.4453186035156 1798.2788146972657 1008.1273132324219 0.8682803199404762 1489.9414184570312 877.8632568359375 1622.2243530273438 1012.24599609375 0.8358677455357143 
128 1667.2572998046876 865.3760803222656 1799.4294677734374 1010.1361267089844 0.8506091889880952 1489.2523986816407 876.0273620605469 1625.6205261230468 1012.3954895019531 0.8304501488095238 
129 1667.378662109375 866.5330474853515 1799.58447265625 1009.2312957763672 0.8454938616071429 1487.7144714355468 876.9448089599609 1624.1171936035157 1013.3476104736328 0.8439127604166666 
130 1665.6389282226562 865.58076171875 1800.0546752929688 1008.3976318359375 0.8480050223214286 1489.7834716796874 877.8591247558594 1622.0990966796876 1012.2750305175781 0.8374953497023809 
131 1666.187921142578 866.6421844482422 1798.4440368652345 1009.3948638916015 0.8542131696428571 1488.3122680664062 877.3001831054687 1622.6677124023438 1011.6556274414063 0.8397042410714286 
132 1665.2862243652344 866.858920288086 1799.6430969238281 1009.6131866455078 0.8449590773809523 1487.6507080078125 877.2748199462891 1622.0077392578125 1013.7311004638672 0.8423316592261905 
133 1665.4709106445312 868.0386993408204 1799.8542846679688 1008.7212493896484 0.8485630580357143 1489.6580200195312 878.6989135742188 1621.9415893554688 1010.9824829101562 0.8280552455357143 
134 1667.9475463867188 865.8196624755859 1800.3307739257812 1008.7094512939453 0.8442150297619048 1488.042218017578 876.2454040527343 1624.6280700683594 1012.8312561035157 0.8115001860119048 
135 1667.4761779785156 865.1987884521484 1799.786883544922 1008.0105010986329 0.8530505952380952 1489.2846069335938 875.6188873291015 1625.7957153320312 1012.1300750732422 0.8093377976190477 
136 1667.5112426757812 866.3308197021485 1799.8068725585938 1009.1260284423828 0.8402390252976191 1489.3403747558593 876.7497375488281 1625.8357727050782 1013.2451354980469 0.8018275669642857 
137 1665.4916015625 865.2269744873047 1799.809912109375 1010.0388336181641 0.8330310639880952 1487.4230590820312 877.7386199951172 1625.9387573242188 1012.056851196289 0.8212425595238095 
138 1666.7597717285157 866.5695648193359 1801.0623718261718 1009.2660675048828 0.8284040178571429 1487.097637939453 876.9811950683594 1625.5973083496094 1013.3823303222656 0.81640625 
139 1665.2205444335937 866.6726440429687 1801.6351684570313 1009.3835083007813 0.8350771949404762 1487.1547912597657 877.0853942871094 1627.7669616699218 1013.5001770019531 0.8220563616071429 
140 1665.4184692382812 865.4902587890625 1801.8464233398438 1010.3139404296875 0.8461681547619048 1487.0931518554687 875.9039886474609 1629.8179809570313 1014.4310333251954 0.806640625 
141 1667.0383728027343 864.6726745605469 1801.4104797363282 1009.5425354003906 0.8367047991071429 1487.2834899902343 876.9469940185547 1625.8545715332032 1013.418667602539 0.8134068080357143 
142 1665.1857116699218 865.4876220703125 1801.7668029785157 1010.4738037109375 0.8469354538690477 1488.76162109375 878.0143341064453 1627.4439453125 1012.494271850586 0.8094773065476191 
143 1667.92529296875 865.489224243164 1800.048583984375 1008.0986053466797 0.8272414434523809 1487.6471313476563 877.5077850341797 1630.2564331054687 1013.8255279541015 0.7918061755952381 
144 1667.4308227539063 867.470101928711 1799.8267456054687 1008.2721466064453 0.8521902901785714 1488.8821960449218 877.8968933105468 1627.5827697753907 1012.3943664550782 0.8102213541666666 
145 1667.3743896484375 866.3122161865234 1799.6722412109375 1009.1099639892578 0.8641648065476191 1490.8156860351562 878.3466217041016 1627.3134643554688 1014.8444793701171 0.8194056919642857 
146 1666.0952209472657 866.0346710205079 1800.2676940917968 1010.6892669677734 0.8436104910714286 1487.9783203125 878.2908386230469 1628.439892578125 1014.5596252441406 0.7937593005952381 
147 1668.5794921875 864.9180297851562 1800.8443359375 1009.7794799804688 0.8385881696428571 1488.5928955078125 879.0489318847656 1627.1558837890625 1013.4131042480469 0.8153599330357143 
148 1666.8837768554688 864.6333984375 1801.2976196289062 1009.548486328125 0.8332403273809523 1488.4459411621094 878.7695098876953 1629.160626220703 1013.1834320068359 0.8078729538690477 
149 1666.6364013671875 864.8801788330078 1801.0169189453125 1009.759164428711 0.8376581101190477 1490.1005981445312 879.012744140625 1628.6804077148438 1013.39326171875 0.8118489583333334 
150 1667.3591735839843 865.7343872070312 1799.7571594238282 1008.6401245117188 0.8530040922619048 1490.666925048828 879.6369506835938 1627.2680114746095 1014.1364868164062 0.8123837425595238 
151 1664.5796325683593 865.774057006836 1800.8116027832032 1010.3894561767578 0.8361235119047619 1488.1230712890624 878.0268463134765 1630.6425537109376 1014.2587371826172 0.7896670386904762 
152 1664.6295471191406 866.6571960449219 1800.8923034667969 1009.2088928222656 0.8382393973214286 1488.3750305175781 878.6708770751953 1628.8304138183594 1014.9335540771484 0.7904808407738095 
153 1665.9586303710937 867.8665710449219 1799.9998657226563 1010.2852844238281 0.8520275297619048 1489.8684936523437 878.2579925537109 1628.0985473632813 1014.3935577392579 0.7981538318452381 
154 1669.3261962890624 866.7103820800781 1799.5343994140626 1009.5194763183594 0.8644670758928571 1491.1377990722656 880.8458892822266 1625.546405029297 1013.1542938232421 0.8180338541666666 
155 1669.403387451172 866.7465515136719 1799.5593811035155 1009.4981994628906 0.8621186755952381 1491.286865234375 879.0193481445312 1625.641357421875 1013.3738403320312 0.8141043526785714 
156 1669.4264099121094 866.0943298339844 1799.784893798828 1009.0681457519531 0.8540736607142857 1488.930126953125 878.1436096191406 1627.698779296875 1014.8097595214844 0.8272879464285714 
157 1667.2158325195312 866.5092163085938 1799.5908081054688 1009.3901977539062 0.8609793526785714 1488.69541015625 878.550634765625 1627.37392578125 1015.128076171875 0.8302641369047619 
158 1667.7055114746095 866.094384765625 1800.210137939453 1009.11533203125 0.8613746279761905 1489.2528503417968 878.3903137207031 1625.9640686035157 1012.9982360839844 0.8348911830357143 
159 1667.3109191894532 866.2041320800781 1799.5822692871093 1008.9732360839844 0.8543294270833334 1489.1724731445313 878.2361328125 1625.6429565429687 1014.7066162109375 0.8261486235119048 
160 1665.7599060058594 867.1078430175781 1800.247540283203 1010.0010437011719 0.8712332589285714 1489.325665283203 877.2914489746094 1625.9146911621094 1015.9818664550781 0.8162667410714286 
161 1667.598388671875 865.9787139892578 1799.832763671875 1008.7077484130859 0.85986328125 1489.7522094726562 878.2495239257812 1624.0854370117188 1012.5827514648438 0.82861328125 
162 1669.3592529296875 865.47392578125 1799.4354248046875 1008.138134765625 0.8600260416666666 1489.4959350585937 879.5950744628906 1625.8661254882813 1011.7693054199219 0.8229166666666666 
163 1667.6472229003907 865.8612762451172 1799.8677917480468 1008.575552368164 0.8608630952380952 1489.8194946289063 877.8886596679688 1624.1387573242187 1014.3067749023437 0.8290550595238095 
164 1666.2465698242188 865.6066253662109 1800.5620239257812 1008.3167755126954 0.8582821800595238 1489.7960693359375 879.4902221679688 1628.3089111328125 1013.8056762695312 0.8225213913690477 
165 1666.6018615722655 864.048779296875 1801.047918701172 1008.9984619140625 0.8409133184523809 1488.3637756347657 879.8041931152344 1627.0113464355468 1014.2502502441406 0.8216610863095238 
166 1664.8007202148438 863.1017852783203 1801.4006958007812 1010.2094329833984 0.8456798735119048 1488.3524230957032 877.2467742919922 1627.0539489746093 1013.8466705322265 0.8234514508928571 
167 1664.7600219726562 865.0041381835938 1801.2228881835938 1009.8646362304687 0.8489815848214286 1488.4889831542969 877.2777313232422 1627.0511779785156 1013.7405181884766 0.8238699776785714 
168 1665.6422241210937 863.5647796630859 1801.8797485351563 1010.2822052001953 0.8503766741071429 1487.807684326172 877.6721832275391 1628.2373596191405 1013.9097869873046 0.7987118675595238 
169 1665.497869873047 863.7878173828125 1801.6460510253905 1010.408837890625 0.8588169642857143 1488.0220764160156 877.8859405517578 1626.264666748047 1014.0340423583984 0.7970377604166666 
170 1665.2207458496093 864.2989135742188 1801.2781555175782 1008.7290405273437 0.8601422991071429 1487.6216064453124 876.5359924316406 1627.8654541015626 1012.5934020996094 0.8060360863095238 
171 1665.20693359375 864.28427734375 1801.201025390625 1008.647119140625 0.8589797247023809 1487.9318359375 878.1250244140625 1626.018115234375 1014.1191162109375 0.8041294642857143 
172 1667.390771484375 864.4710113525391 1801.401220703125 1008.9510467529296 0.8532831101190477 1488.3610778808593 878.5646514892578 1624.4654602050782 1012.5751800537109 0.8133835565476191 
173 1667.4717041015624 865.0035888671875 1801.4758056640626 1009.4768798828125 0.8502604166666666 1486.5982482910156 879.0965728759766 1624.790057373047 1013.1007537841797 0.8196382068452381 
174 1665.3937072753906 863.8187316894531 1801.4438171386719 1010.3342224121094 0.8494931175595238 1486.4353942871094 877.9067687988281 1624.5786437988281 1013.9568786621094 0.8085472470238095 
175 1665.4316711425781 864.0063171386719 1801.4595642089844 1008.4051818847656 0.8464936755952381 1488.3539123535156 877.8506164550781 1624.3818054199219 1013.8785095214844 0.80712890625 
176 1665.4618591308595 863.5742340087891 1801.533868408203 1010.1134490966797 0.8467494419642857 1486.4747009277344 877.6645477294921 1624.6401672363281 1013.7366363525391 0.8104771205357143 
177 1665.6364990234374 863.2475280761719 1801.6147216796876 1009.6855773925781 0.8486328125 1486.7727966308594 879.1786590576172 1624.8430480957031 1013.0649322509765 0.8239629836309523 
178 1664.7066223144532 863.64765625 1800.8779724121093 1010.29375 0.8626302083333334 1487.4420776367188 877.7482482910157 1623.6135864257812 1013.9195983886718 0.8271484375 
179 1664.5971435546876 863.4861236572266 1800.7461181640624 1010.1081756591797 0.8530970982142857 1487.3616516113282 877.5844482421875 1623.5107849121093 1013.7334228515625 0.8219168526785714 
180 1662.9315185546875 862.8352752685547 1801.2882080078125 1011.673452758789 0.8557942708333334 1485.5511474609375 877.1869598388672 1623.9078369140625 1013.4472564697265 0.8232654389880952 
181 1664.3661804199219 862.9912322998047 1800.6114807128906 1011.8129058837891 0.8539574032738095 1485.1513122558595 877.3412780761719 1623.492608642578 1013.5865783691406 0.8231259300595238 
182 1664.6778442382813 864.22841796875 1801.1197631835937 1011.165869140625 0.857421875 1485.4465209960938 878.3570526123046 1621.8884399414062 1014.7988922119141 0.8385416666666666 
183 1664.5006164550782 864.1686950683594 1800.9360290527343 1011.0990051269531 0.8576543898809523 1485.277978515625 878.2965850830078 1621.713232421875 1014.7319183349609 0.8358212425595238 
184 1663.5680297851563 864.9496185302735 1800.0201049804687 1011.8980987548828 0.8633510044642857 1486.1801147460938 879.3214721679688 1620.5330200195312 1013.6743774414062 0.8354259672619048 
185 1664.906719970703 864.7435791015625 1801.3307067871094 1009.5628173828125 0.8669317336309523 1486.1831665039062 878.8702697753906 1618.4096069335938 1013.1954040527344 0.8338681175595238 
186 1664.6409973144532 864.5900238037109 1801.0478454589843 1011.4896270751954 0.8770926339285714 1484.0837158203126 878.7149810791016 1618.3918701171874 1015.1217498779297 0.8339611235119048 
187 1665.179376220703 866.496435546875 1799.5683044433595 1011.3845458984375 0.8744419642857143 1482.4136535644532 878.530062866211 1618.9023864746093 1017.1186798095703 0.8365187872023809 
188 1664.9407531738282 866.3798522949219 1799.3220642089843 1009.1600646972656 0.8723260788690477 1482.4276916503907 878.4128326416015 1616.8090026855468 1014.8938690185547 0.83544921875 
189 1666.3852661132812 864.7135864257813 1798.6745483398438 1011.7018188476562 0.8790225074404762 1482.0038024902344 878.8470184326172 1616.393048095703 1015.336148071289 0.8320545014880952 
190 1666.5038818359376 865.0711456298828 1798.8664794921874 1010.0396331787109 0.8815104166666666 1480.1619812011718 878.9700347900391 1616.7265686035157 1015.5345428466796 0.8441220238095238 
191 1666.3959655761719 866.4795349121093 1798.6358947753906 1009.2146789550782 0.8721400669642857 1480.2267639160157 880.3655639648438 1616.6647155761718 1014.7045043945312 0.8438430059523809 
192 1665.958026123047 866.4911926269531 1798.3287170410156 1009.3675720214844 0.8869745163690477 1479.846923828125 878.2897857666015 1614.31884765625 1016.9639373779297 0.8560500372023809 
193 1665.9524475097655 866.6200927734375 1798.462469482422 1009.6467529296875 0.8774181547619048 1478.2703186035155 880.5344665527343 1610.780340576172 1015.1477844238282 0.8526785714285714 
194 1665.15517578125 865.3256866455079 1797.746923828125 1010.5452239990234 0.8857421875 1478.7334899902344 879.2486602783204 1613.4299621582031 1016.0496185302734 0.8492140997023809 
195 1664.8626281738282 865.4389221191407 1797.7458923339843 1010.9778259277343 0.8804408482142857 1478.030987548828 879.3925415039063 1613.0235778808594 1016.4942993164062 0.8478422619047619 
196 1665.7470642089843 867.0049468994141 1798.7537902832032 1010.5677459716796 0.8884858630952381 1477.6051696777345 879.3474639892578 1608.500665283203 1014.4653411865235 0.8447498139880952 
197 1663.5512939453124 866.9399871826172 1798.7170166015626 1010.5537261962891 0.8904854910714286 1477.2109069824219 879.0431854248047 1608.1527404785156 1016.321011352539 0.8470749627976191 
198 1663.4719543457031 867.176626586914 1798.6143493652344 1010.7654510498047 0.8881370907738095 1475.2959350585938 879.2777526855468 1608.3266235351562 1016.5316955566407 0.8537481398809523 
199 1663.7316955566407 867.1511047363281 1796.8345886230468 1010.8177673339844 0.8886021205357143 1474.0722778320312 877.6336059570312 1602.9496948242188 1014.9619750976562 0.8593284970238095 
200 1666.104425048828 866.7408874511718 1797.1322692871095 1010.4488098144532 0.8827659970238095 1473.1391235351562 877.2263977050782 1599.9402221679688 1014.5942810058593 0.8689778645833334 
201 1666.4002319335937 865.5958984375 1799.3077758789063 1011.1613037109375 0.8760463169642857 1467.9314575195312 877.6857788085938 1605.0582885742188 1016.9222534179687 0.8587239583333334 
202 1664.3163330078125 866.7324371337891 1799.4173095703125 1010.2771453857422 0.8602120535714286 1466.211737060547 878.8298553466797 1601.3125549316405 1016.0416656494141 0.8524693080357143 
203 1664.8378173828125 869.1527374267578 1798.3169677734375 1011.106723022461 0.8906947544642857 1466.7378540039062 877.7906005859375 1593.8607788085938 1015.50712890625 0.8589564732142857 
204 1664.2554260253905 866.6080963134766 1797.781072998047 1010.7310760498046 0.8809523809523809 1464.2114379882812 878.9987854003906 1593.4982788085938 1014.6439147949219 0.8559105282738095 
205 1664.1167846679687 866.6539337158204 1797.9130004882813 1011.0689056396484 0.8850446428571429 1461.788836669922 879.0696716308594 1593.4612854003906 1014.9896545410156 0.8522135416666666 
206 1663.8387512207032 867.30078125 1797.6811462402343 1011.7655029296875 0.8892066592261905 1459.80693359375 878.0866088867188 1591.524609375 1014.0534057617188 0.8620024181547619 
207 1663.892645263672 865.7622772216797 1799.6536193847655 1012.1296295166015 0.8738606770833334 1458.2928955078125 878.1635040283203 1594.0540283203125 1016.045785522461 0.8489583333333334 
208 1663.7484985351562 866.0111480712891 1799.4426635742188 1010.1861785888672 0.8688151041666666 1458.4945922851562 879.7925476074219 1592.0686401367188 1017.6069885253906 0.8527018229166666 
209 1663.7025939941407 866.3786346435547 1799.3470886230468 1010.5008209228515 0.8784877232142857 1456.8938049316407 878.5246368408203 1590.4188171386718 1016.2885345458984 0.8491908482142857 
210 1663.812548828125 866.6419372558594 1799.580029296875 1010.8948059082031 0.8839750744047619 1455.429052734375 876.9223724365235 1586.953759765625 1016.9325469970703 0.8596307663690477 
211 1663.902392578125 867.3713256835938 1799.66669921875 1011.6208618164062 0.8673037574404762 1453.647149658203 877.6515686035157 1587.2902282714845 1017.6584899902343 0.8591889880952381 
212 1663.7971557617188 867.2416381835938 1799.6430297851562 1011.5778198242188 0.8636997767857143 1453.6606384277343 875.4054565429688 1585.2613586425782 1019.7416381835938 0.8543991815476191 
213 1664.1365844726563 866.579052734375 1797.8870971679687 1010.9447509765625 0.8562825520833334 1449.9559387207032 876.6226043701172 1585.8295837402343 1018.8652496337891 0.8549339657738095 
214 1662.8906372070312 868.0036254882813 1797.0493041992188 1010.6802124023437 0.8828822544642857 1450.1862915039062 876.4397033691406 1582.2153198242188 1016.9868103027344 0.8423084077380952 
215 1663.0788940429688 868.2134796142578 1797.4362426757812 1011.1015228271484 0.8892996651785714 1446.2860473632813 874.7754913330078 1582.7762084960937 1017.6635345458984 0.8542131696428571 
216 1662.3927307128906 868.7860229492187 1796.8622741699219 1011.7933227539063 0.8920200892857143 1443.77705078125 873.7116821289062 1580.38115234375 1016.7189819335938 0.8505161830357143 
217 1659.8690673828125 867.8358459472656 1798.6104248046875 1012.9805603027344 0.8832310267857143 1441.4953063964845 873.2541381835938 1580.236505126953 1014.1298950195312 0.8443545386904762 
218 1663.20830078125 866.3170654296875 1795.652783203125 1013.7150390625 0.8892764136904762 1441.1253784179687 873.6294647216797 1575.7061645507813 1014.618765258789 0.8402157738095238 
219 1662.6517578125 868.1645538330079 1797.230322265625 1011.2877777099609 0.8838355654761905 1438.9294494628907 875.2303344726563 1575.6441589355468 1014.0811889648437 0.8500511532738095 
220 1660.5060791015626 868.2502288818359 1799.4131103515624 1013.5683135986328 0.8895321800595238 1439.32333984375 875.5654052734375 1571.81923828125 1014.4724365234375 0.8492606026785714 
221 1660.121112060547 867.0793304443359 1799.0584533691406 1012.4291534423828 0.8929966517857143 1434.8617126464844 874.1495025634765 1573.799053955078 1015.2243377685547 0.8528645833333334 
222 1660.1412170410156 867.094692993164 1799.129656982422 1014.6362030029297 0.8941592261904762 1435.2927673339843 876.3057861328125 1570.0044738769532 1015.2940673828125 0.8477260044642857 
223 1660.4412231445312 867.7395690917969 1799.5993041992188 1013.3203674316406 0.8900669642857143 1434.1651733398437 875.0680541992188 1564.7596313476563 1014.2261352539062 0.8464704241071429 
224 1661.772119140625 866.8942260742188 1798.937353515625 1014.7755737304688 0.8844401041666666 1430.9651123046874 873.9832946777344 1568.1303466796876 1017.5782287597656 0.8292875744047619 
225 1658.4192626953125 865.4468353271484 1800.0824462890625 1013.5493194580079 0.8776274181547619 1429.4134826660156 874.4452545166016 1566.7839050292969 1016.1085174560546 0.8395647321428571 
226 1661.372412109375 865.8796752929687 1798.762353515625 1011.8564086914063 0.8855794270833334 1428.5362487792968 874.6316589355469 1565.9260314941407 1016.3149963378906 0.8315197172619048 
227 1658.9150024414062 866.8230010986329 1798.5574096679688 1012.9105804443359 0.8835565476190477 1428.0504089355468 873.929067993164 1563.3962463378907 1015.7199188232422 0.8376813616071429 
228 1658.1215515136719 865.406396484375 1800.2035217285156 1013.946630859375 0.8860677083333334 1426.7830078125 872.527099609375 1564.559521484375 1016.76171875 0.8397274925595238 
229 1661.1988098144532 868.7600891113282 1798.4429138183593 1012.4375427246093 0.8760230654761905 1427.207470703125 873.9561889648437 1562.307177734375 1015.4892456054688 0.8516090029761905 
230 1663.4169067382813 868.3263732910157 1799.0660034179687 1014.7412536621093 0.8840680803571429 1426.5692504882813 873.7920684814453 1562.2183471679687 1015.9006195068359 0.8471214657738095 
231 1659.3162963867187 866.6208190917969 1799.2354614257813 1015.1504211425781 0.8771856398809523 1424.434307861328 870.180908203125 1562.2008239746094 1016.557861328125 0.8353562127976191 
232 1659.4755920410157 864.6759246826172 1799.4212585449218 1017.5394683837891 0.8850678943452381 1422.8932189941406 870.3896362304688 1560.6857604980469 1016.7942016601562 0.8311011904761905 
233 1659.5174194335937 864.487255859375 1799.5819458007813 1015.3259765625 0.8779994419642857 1420.8274780273437 869.957241821289 1560.8920043945313 1016.4863006591797 0.8338681175595238 
234 1661.71318359375 865.6938903808593 1799.667431640625 1014.4259826660157 0.8815104166666666 1417.2254333496094 869.0101135253906 1561.6465148925781 1017.7422058105469 0.8593982514880952 
235 1657.9408386230468 865.6319396972656 1800.2252990722657 1016.5396911621094 0.8732096354166666 1417.7320678710937 867.2902648925781 1557.8607055664063 1018.1980163574219 0.8373325892857143 
236 1659.4915893554687 865.6571868896484 1799.6202270507813 1014.4090362548828 0.8882533482142857 1413.5618408203125 867.3155120849609 1558.0021240234375 1016.0673614501953 0.8474702380952381 
237 1659.663232421875 865.0414855957031 1799.8912109375 1013.8989440917969 0.8937639508928571 1411.8992553710937 866.7009704589843 1556.4420532226563 1015.5584289550782 0.8567708333333334 
238 1659.8049072265626 866.2763671875 1800.1274658203124 1013.075439453125 0.8850678943452381 1408.303466796875 866.0272705078125 1555.1025390625 1014.9851806640625 0.8554920014880952 
239 1661.4671752929687 865.4739166259766 1799.5486938476563 1014.3430389404297 0.8763253348214286 1408.4560607910157 865.2249755859375 1553.0101257324218 1016.2515869140625 0.8452845982142857 
240 1661.5768676757812 865.0418701171875 1799.6767944335938 1013.930908203125 0.8690243675595238 1405.2121276855469 866.9506988525391 1549.7855529785156 1013.6819305419922 0.8460518973214286 
241 1659.2120849609375 864.6487487792969 1801.7906005859375 1013.7080627441406 0.8676990327380952 1405.2129333496093 866.5597534179688 1545.6311828613282 1013.4588012695312 0.8548642113095238 
242 1659.2973999023438 866.3281433105469 1801.8971801757812 1013.2492492675781 0.8600725446428571 1403.5983337402345 867.990200805664 1544.037530517578 1014.9112274169922 0.8493303571428571 
243 1659.2603942871094 864.8545532226562 1801.777813720703 1013.8499145507812 0.8695591517857143 1402.0483825683593 866.7647857666016 1542.4063293457032 1013.6007537841797 0.8440522693452381 
244 1658.0013793945313 865.9881134033203 1800.7725463867187 1015.2488861083984 0.8873232886904762 1400.3311889648437 866.2377136230468 1540.9390747070313 1013.3352844238282 0.8449590773809523 
245 1660.7681579589844 865.9664276123046 1799.2192687988281 1013.0707427978516 0.8909040178571429 1399.5082702636719 865.9664276123046 1537.9593811035156 1013.0707427978516 0.8506324404761905 
246 1663.7683654785155 864.8605743408203 1800.232977294922 1014.3216156005859 0.8733723958333334 1398.3374755859375 866.7767028808594 1539.1342041015625 1014.0716857910156 0.8369838169642857 
247 1663.737060546875 865.7678039550781 1800.138671875 1015.1600524902344 0.8771158854166666 1396.5131042480468 865.7678039550781 1539.4101135253907 1015.1600524902344 0.8363792782738095 
248 1663.1481628417969 864.3494445800782 1801.6468811035156 1013.6683776855468 0.8750697544642857 1396.3050109863282 866.2637481689453 1539.1318786621093 1013.4186859130859 0.8491675967261905 
249 1659.082745361328 865.2792938232421 1801.9876892089844 1014.6798736572266 0.8709077380952381 1394.508721923828 865.2792938232421 1535.2484802246095 1014.6798736572266 0.8494931175595238 
250 1660.5779113769531 864.5215728759765 1801.3094177246094 1013.9134246826172 0.8750465029761905 1394.353985595703 866.4368591308594 1532.9203063964844 1013.6636047363281 0.8542829241071429 
251 1658.7755065917968 864.8919738769531 1801.5544494628907 1014.1607604980469 0.87109375 1393.2700805664062 865.1415832519531 1529.5590209960938 1012.2470886230469 0.8600027901785714 
252 1660.01552734375 864.3094787597656 1800.487890625 1013.4262390136719 0.8868815104166666 1390.9568969726563 864.5588409423829 1529.2682006835937 1011.5144622802734 0.8444475446428571 
253 1658.1897705078125 864.6087951660156 1800.8717529296875 1013.7763366699219 0.8583984375 1389.0395568847657 864.6087951660156 1529.5596862792968 1013.7763366699219 0.8566080729166666 
254 1659.7311218261718 866.2789611816406 1800.5429260253907 1013.5898132324219 0.8629557291666666 1386.4394958496093 864.8625457763671 1527.2513000488282 1010.0070220947266 0.8503999255952381 
255 1662.403741455078 866.1661682128906 1801.2582458496095 1013.6991882324219 0.8780226934523809 1385.1117553710938 862.5780059814454 1526.1360473632812 1012.2805755615234 0.8455171130952381 
256 1661.5611694335937 864.2642272949219 1800.5726196289063 1014.1360412597656 0.8845796130952381 1385.8771911621093 862.5933898925781 1524.8888000488282 1012.4652038574219 0.8368210565476191 
257 1660.3786926269531 865.5555877685547 1801.4244079589844 1013.1112213134766 0.8737211681547619 1383.5449462890624 863.636019897461 1522.4208740234376 1013.3615997314453 0.8439360119047619 
258 1660.3371948242188 866.8580139160156 1799.3188110351562 1012.3543884277344 0.8678385416666666 1383.0422729492188 863.016000366211 1522.0238891601562 1012.8555206298828 0.8509812127976191 
259 1657.8896362304688 864.93896484375 1801.4123657226562 1012.810791015625 0.8709077380952381 1382.637255859375 863.0153259277344 1519.636181640625 1013.0617004394531 0.8429594494047619 
260 1659.0918212890624 864.8261840820312 1802.7031005859376 1012.7894165039063 0.8811383928571429 1380.0706359863282 861.2275238037109 1519.3301208496093 1011.3666534423828 0.8393089657738095 
261 1663.3971130371094 865.6362335205079 1800.499981689453 1013.6201751708984 0.8896949404761905 1378.5615478515624 860.1119262695313 1517.8405517578126 1012.4483764648437 0.8406343005952381 
262 1659.5048034667968 865.7642150878906 1800.9481994628907 1011.5598815917969 0.8594215029761905 1378.5426025390625 860.240380859375 1517.8101806640625 1010.3881591796875 0.8503069196428571 
263 1659.0418518066406 866.3686065673828 1802.552996826172 1012.0540618896484 0.8662574404761905 1376.619403076172 862.7724304199219 1517.9561584472656 1010.6323547363281 0.8633742559523809 
264 1660.3860961914063 866.1747192382812 1799.7098510742187 1012.0292602539063 0.8552129836309523 1375.45888671875 860.6485992431641 1516.9595703125 1010.8570770263672 0.8580961681547619 
265 1659.8845581054688 864.8852691650391 1801.2148071289062 1012.7384490966797 0.8668852306547619 1373.6279296875 857.4423675537109 1517.132568359375 1011.8185577392578 0.8590959821428571 
266 1659.9804748535157 864.6010925292969 1801.4527526855468 1012.6028869628906 0.8666527157738095 1371.7619384765626 857.1507171630859 1515.4106689453124 1011.6821075439453 0.8552827380952381 
267 1658.3389526367187 863.5977813720704 1801.8788208007813 1013.6621673583984 0.8716982886904762 1372.5139709472655 858.0770385742187 1513.878973388672 1012.4910766601563 0.8511904761904762 
268 1662.6916870117188 866.1757568359375 1799.6960083007812 1014.05361328125 0.8651646205357143 1371.1180358886718 857.0588562011719 1512.4719299316407 1011.4606750488281 0.8409365699404762 
269 1653.2059143066406 866.3326110839844 1800.985858154297 1016.2856750488281 0.8549339657738095 1369.5154235839843 857.4724426269531 1512.9488098144532 1011.7720642089844 0.8581659226190477 
270 1662.9903259277344 866.2348449707031 1800.1496887207031 1012.1025573730469 0.8636067708333334 1371.3386291503907 858.7823059082032 1510.6749206542968 1011.1814392089843 0.8581891741071429 
271 1663.8242553710938 866.4817291259766 1800.9079223632812 1012.2690643310547 0.8785574776785714 1368.7347229003906 859.033334350586 1510.170184326172 1011.3484405517578 0.8509812127976191 
272 1662.6790954589844 865.5786712646484 1801.832257080078 1013.4288360595704 0.8688151041666666 1368.3167907714844 858.3869140625 1507.469952392578 1010.5856201171875 0.8327752976190477 
273 1658.7452087402344 865.9388275146484 1802.3506164550781 1013.8959503173828 0.8619326636904762 1367.7684814453125 858.741830444336 1509.1980712890625 1011.0505889892578 0.8474469866071429 
274 1660.4091674804688 865.306039428711 1799.7900512695312 1013.3983673095703 0.8706752232142857 1367.2399597167969 860.0289978027344 1506.6210021972656 1010.2991271972656 0.8423316592261905 
275 1656.282940673828 864.6270538330078 1802.0221130371094 1014.7165130615234 0.8420293898809523 1365.892352294922 859.6073394775391 1505.1058166503906 1009.6967987060547 0.8483072916666666 
276 1658.8434143066406 864.7132141113282 1802.5107116699219 1012.7340515136718 0.8785342261904762 1364.8947631835938 857.7642944335937 1502.0317504882812 1007.9619018554688 0.8341238839285714 
277 1664.6065246582032 866.2590942382812 1799.7939880371093 1012.3488159179688 0.8814639136904762 1364.3760375976562 859.2983825683593 1499.5636596679688 1007.5686828613282 0.8358212425595238 
278 1661.8548828125 866.0663635253907 1801.22275390625 1011.9670837402343 0.8612583705357143 1364.1907897949218 856.9370849609375 1499.2033752441407 1009.370654296875 0.8256138392857143 
279 1661.6427978515626 865.2858001708985 1801.4004150390624 1013.7783477783203 0.8685360863095238 1363.1458679199218 856.3830108642578 1498.5361389160157 1009.2429046630859 0.8334495907738095 
280 1661.6035705566405 865.9571472167969 1801.149969482422 1012.0448059082031 0.8599330357142857 1361.8805297851563 858.9965667724609 1497.0662475585937 1007.2647247314453 0.8434244791666666 
281 1663.8018737792968 864.6529144287109 1801.2868713378907 1013.0492950439453 0.8676292782738095 1361.8891479492188 857.6863250732422 1497.1916625976562 1008.2650299072266 0.8414481026785714 
282 1664.0872497558594 866.3335784912109 1799.4121398925781 1012.5717559814453 0.8704659598214286 1361.8727722167969 855.5041870117187 1497.1976623535156 1008.2903686523438 0.8390299479166666 
283 1661.8411071777343 864.9459411621094 1799.4632141113282 1013.4904602050781 0.8635370163690477 1359.3749206542968 854.1075561523437 1496.9970275878907 1009.2055541992188 0.8470749627976191 
284 1659.0517028808595 865.1210052490235 1802.845635986328 1013.2723663330078 0.8522600446428571 1357.8888244628906 856.2385864257812 1497.3254089355469 1008.7473754882812 0.8390764508928571 
285 1659.0089721679688 864.9686981201172 1802.9690551757812 1013.291128540039 0.8529808407738095 1357.7498474121094 856.076058959961 1495.1662902832031 1008.7609161376953 0.8526553199404762 
286 1661.2976806640625 865.9509887695312 1801.1962158203125 1012.4072875976562 0.8629557291666666 1357.2033325195312 854.8533081054687 1494.9160522460938 1010.0531860351563 0.8403552827380952 
287 1660.9718017578125 866.0862670898438 1800.9979248046875 1012.6761840820312 0.8563523065476191 1356.5999816894532 855.2308319091796 1494.4382263183593 1008.3844635009766 0.8431687127976191 
288 1656.7242797851563 866.1773742675781 1801.3108764648437 1012.9547058105469 0.8552594866071429 1354.1541015625 853.3702026367188 1492.16865234375 1008.9103149414062 0.8265671502976191 
289 1658.194268798828 865.3016723632812 1800.6098083496095 1014.2903686523438 0.8546781994047619 1354.1494567871093 854.9365020751953 1487.8011047363282 1006.1161712646484 0.8372628348214286 
290 1657.7632873535156 866.0812561035157 1800.096942138672 1012.7944763183593 0.8492606026785714 1353.6406555175781 853.5323089599609 1489.4051208496094 1006.8147979736328 0.8210332961309523 
291 1659.1410217285156 866.8975860595704 1801.3007507324219 1011.2443206787109 0.8520972842261905 1352.278009033203 854.11162109375 1485.6893981933595 1007.2066162109375 0.8328450520833334 
292 1657.8132080078126 865.1465148925781 1800.0781494140624 1013.9776306152344 0.8482375372023809 1350.217578125 854.5397430419922 1488.10517578125 1007.7482818603515 0.8346121651785714 
293 1661.2042419433594 865.7265167236328 1801.169903564453 1012.2530364990234 0.8510974702380952 1350.4871154785155 854.8757965087891 1486.078924560547 1007.9632537841796 0.8178245907738095 
294 1658.4698852539063 867.1281829833985 1798.5623413085937 1013.7875274658203 0.8447265625 1348.9023742675781 854.5837829589843 1486.8059997558594 1007.8100158691407 0.8224516369047619 
295 1661.511181640625 868.4954467773438 1801.49541015625 1012.8541625976562 0.8494698660714286 1347.6403747558593 852.0910491943359 1481.0628723144532 1007.3860626220703 0.8353562127976191 
296 1659.9661804199218 866.2406158447266 1800.0061096191407 1012.8448944091797 0.8527948288690477 1345.7180969238282 851.5128479003906 1481.3816345214843 1009.0577087402344 0.8312872023809523 
297 1660.4744201660155 866.2577941894531 1800.442938232422 1012.7872497558594 0.8499116443452381 1344.7043518066407 853.7245697021484 1480.2986999511718 1006.8150421142578 0.8335658482142857 
298 1660.9023376464843 866.8430328369141 1798.8316711425782 1013.5298309326172 0.8461681547619048 1344.5405700683593 852.3596649169922 1480.2805969238282 1007.8038482666016 0.8348214285714286 
299 1660.4597778320312 866.3969085693359 1800.6620483398438 1013.1711456298829 0.8439360119047619 1344.4151123046875 853.8427764892579 1478.0453369140625 1007.1889007568359 0.8437732514880952 
