0 0.0 0.0 0.0 0.0 0.23330543154761904 0.0 0.0 0.0 0.0 0.23330543154761904 
1 0.0 0.0 0.0 0.0 0.23330543154761904 0.0 0.0 0.0 0.0 0.23330543154761904 
2 0.0 0.0 0.0 0.0 0.23330543154761904 0.0 0.0 0.0 0.0 0.23330543154761904 
3 0.0 0.0 0.0 0.0 0.24073428199404762 0.0 0.0 0.0 0.0 0.24073428199404762 
4 0.0 0.0 0.0 0.0 0.24073428199404762 0.0 0.0 0.0 0.0 0.24073428199404762 
5 0.0 0.0 0.0 0.0 0.24073428199404762 0.0 0.0 0.0 0.0 0.24073428199404762 
6 0.0 0.0 0.0 0.0 0.24073428199404762 0.0 0.0 0.0 0.0 0.24073428199404762 
7 0.0 0.0 0.0 0.0 0.23330543154761904 0.0 0.0 0.0 0.0 0.23330543154761904 
8 1627.174609375 912.0532897949219 1717.26435546875 949.5906311035156 0.3022344680059524 1684.0583068847657 945.5481658935547 1744.1180847167968 1005.608023071289 0.7666480654761905 
9 0.0 0.0 0.0 0.0 0.23330543154761904 0.0 0.0 0.0 0.0 0.23330543154761904 
10 0.0 0.0 0.0 0.0 0.24073428199404762 0.0 0.0 0.0 0.0 0.24073428199404762 
11 0.0 0.0 0.0 0.0 0.24073428199404762 0.0 0.0 0.0 0.0 0.24073428199404762 
12 0.0 0.0 0.0 0.0 0.2414608909970238 0.0 0.0 0.0 0.0 0.2414608909970238 
13 1622.4486694335938 917.0476959228515 1712.5298461914062 950.8280975341797 0.2802036830357143 1691.4531799316405 934.3709899902344 1759.013983154297 1005.6851623535156 0.7531156994047619 
14 1622.016046142578 901.5374908447266 1722.6703552246095 937.6211395263672 0.2974330357142857 1694.6215454101562 935.5759124755859 1761.0913452148438 1005.8440704345703 0.7796921502976191 
15 1622.3026794433595 909.9471252441406 1719.260430908203 936.5630065917969 0.34493582589285715 1699.3716674804687 934.8080688476563 1762.1090454101563 999.4465698242187 0.7487909226190477 
16 1626.8502563476563 911.4081970214844 1720.4175659179687 947.6893371582031 0.40651739211309523 1701.3222106933595 942.7686157226562 1760.517755126953 1000.0546264648438 0.7550920758928571 
17 1630.9564208984375 913.0954681396485 1716.5006103515625 956.8180450439453 0.3859165736607143 1694.5662414550782 938.4662475585938 1761.1006286621093 1003.0996704101562 0.7869698660714286 
18 1630.0223571777344 910.1292236328125 1713.525616455078 959.4720947265625 0.29648553757440477 1692.8688049316406 938.5962463378906 1763.0873718261719 1006.9171813964844 0.8178013392857143 
19 1628.97548828125 911.1344299316406 1712.76328125 962.5496520996094 0.3325079055059524 1695.1854309082032 938.8928192138671 1763.7390075683593 1003.6378814697266 0.7816220238095238 
20 1640.4025146484375 909.1534301757813 1716.0862548828125 960.2400024414062 0.33412388392857145 1693.2356506347655 939.6452941894531 1765.135076904297 1003.9764099121094 0.8009440104166666 
21 1638.5825500488281 910.1474517822265 1711.9178161621094 966.5591522216797 0.2840459914434524 1690.6549560546875 936.111279296875 1763.9900634765625 1005.6857177734375 0.8050362723214286 
22 1622.6382873535156 911.3476654052735 1707.281268310547 943.3239044189453 0.3187895275297619 1688.833447265625 935.29365234375 1764.07158203125 1010.531787109375 0.7915736607142857 
23 1623.4045288085938 906.8473327636718 1700.5339477539062 957.6398498535157 0.34323846726190477 1693.5156860351562 938.3936706542969 1765.0014038085938 1004.2358459472656 0.7779947916666666 
24 1615.4103942871093 896.0859069824219 1673.4227355957032 929.7705383300781 0.2964971633184524 1693.2880310058595 939.2713317871094 1762.528741455078 1010.3833312988281 0.7841099330357143 
25 1625.1254516601562 904.56484375 1685.3364624023438 933.7580322265625 0.3967401413690476 1694.0383056640626 937.6177734375 1765.1968017578124 1008.77626953125 0.7553245907738095 
26 1632.3198669433593 907.6827972412109 1680.8462707519532 943.1445343017579 0.45291573660714285 1698.074688720703 941.780551147461 1761.5323669433594 1005.2383087158203 0.7689499627976191 
27 1627.1311767578125 906.5703094482421 1675.7186767578125 942.0764801025391 0.40427362351190477 1700.1561950683595 940.2796234130859 1763.693536376953 1007.5545440673828 0.7685546875 
28 1629.8409484863282 907.6626007080079 1684.3154235839843 947.1095550537109 0.3473539806547619 1696.2361267089843 940.7518188476563 1763.8594543457032 1006.4967163085937 0.7572544642857143 
29 1628.4132934570312 903.7070281982421 1684.8950561523438 937.5961334228516 0.3440522693452381 1699.9569458007813 941.5788482666015 1763.9695678710937 1011.2396942138672 0.7872023809523809 
30 1631.86953125 903.7082641601562 1682.86533203125 949.0378295898438 0.35702659970238093 1698.410986328125 939.0856170654297 1764.516748046875 1005.1912994384766 0.7501162574404762 
31 1634.2720336914062 910.9293151855469 1696.1886596679688 959.7121643066406 0.2752278645833333 1698.7866760253905 939.0732940673828 1764.455877685547 1006.618783569336 0.7603934151785714 
32 1635.9110473632813 904.6996704101563 1686.3777709960937 949.5588745117187 0.40563383556547616 1698.8865051269531 939.0629272460938 1764.3062438964844 1010.0900268554688 0.7652994791666666 
33 1633.0894348144532 912.3128723144531 1686.7571228027343 958.5782409667969 0.3537481398809524 1693.8037414550781 942.919189453125 1764.1270446777344 1007.690673828125 0.8139183407738095 
34 1623.5267150878906 910.7004150390625 1690.894549560547 942.5129638671875 0.2824590773809524 1698.59580078125 939.9219116210937 1764.0921875 1005.4182983398438 0.7752278645833334 
35 1634.2348693847657 909.059912109375 1683.0408874511718 948.480126953125 0.3709309895833333 1695.3868835449218 937.3615966796875 1764.8415100097657 1006.8163818359375 0.7556036086309523 
36 1625.9421142578126 903.6427520751953 1684.2973876953124 929.996713256836 0.37902250744047616 1697.47431640625 940.6397003173828 1763.3591796875 1010.289437866211 0.7910853794642857 
37 1631.47587890625 910.8545837402344 1690.027294921875 942.9634094238281 0.35444568452380953 1697.4370361328124 941.3652465820312 1763.5434326171876 1011.2491333007813 0.7810407366071429 
38 1629.8277282714844 907.1614685058594 1692.1704406738281 937.3882141113281 0.3864164806547619 1697.910662841797 941.8204833984375 1762.1424377441406 1011.719921875 0.7800874255952381 
39 1628.5584655761718 903.7243194580078 1683.1367248535157 935.7184906005859 0.4162481398809524 1694.863104248047 936.8042755126953 1764.4973693847655 1008.3205413818359 0.7626488095238095 
40 1634.3558288574218 906.2152435302735 1685.3127502441407 940.1865509033203 0.34508696056547616 1693.152294921875 938.3718475341797 1762.9822265625 1008.2016998291016 0.7589053199404762 
41 1640.2248413085938 909.1544250488281 1689.4213989257812 946.9980407714844 0.36308361235119047 1694.5885925292969 938.7015045166015 1764.5992736816406 1010.6043426513672 0.7631370907738095 
42 1646.155810546875 907.9031585693359 1682.157177734375 957.1681915283203 0.37560453869047616 1694.473486328125 939.0217742919922 1766.476220703125 1009.1296539306641 0.7474423363095238 
43 1636.10166015625 911.3243469238281 1702.375634765625 956.7692810058594 0.2601957775297619 1698.7341064453126 940.5285278320313 1765.0080810546874 1010.5895141601562 0.7508603050595238 
44 1639.3341857910157 911.5953643798828 1701.8028991699218 943.776156616211 0.3688267299107143 1699.0362121582032 937.5875305175781 1761.5049255371093 1009.5212341308594 0.7674851190476191 
45 1633.3511047363281 904.2859344482422 1693.7879333496094 942.0588531494141 0.41678292410714285 1698.2916198730468 936.4655548095703 1762.5056213378907 1010.1228851318359 0.7834123883928571 
46 1635.6912109375 904.7918426513672 1709.165966796875 946.2391021728515 0.33517020089285715 1695.97822265625 939.21044921875 1761.917041015625 1008.917236328125 0.7933640252976191 
47 1634.157647705078 904.8386108398438 1717.0988220214845 938.7690551757812 0.28455171130952384 1699.9160766601562 938.1890563964844 1765.8920288085938 1009.8199768066406 0.7867838541666666 
48 1630.808367919922 903.2209289550781 1696.2557189941406 931.2697937011719 0.3026529947916667 1701.7217041015624 939.9721160888672 1763.4291748046876 1011.0292877197265 0.7898995535714286 
49 1639.5805053710938 911.8843048095703 1725.9070434570312 962.554232788086 0.23704310825892858 1698.2623596191406 941.2613677978516 1763.9455261230469 1012.5745086669922 0.8015252976190477 
50 1633.6620971679688 913.535122680664 1721.9284790039062 960.4853240966797 0.2875279017857143 1698.5978942871093 941.2718322753906 1762.4500793457032 1010.7581970214844 0.7942010788690477 
51 1630.210205078125 911.6306793212891 1711.0126953125 947.3341033935546 0.2819010416666667 1700.3160522460937 941.190805053711 1762.3272583007813 1008.8392852783203 0.7912016369047619 
52 1632.9912231445312 906.9633514404297 1702.4990112304688 942.656460571289 0.29870024181547616 1698.4528198242188 938.9715545654296 1764.2034301757812 1010.3578521728516 0.7869698660714286 
53 1629.2521728515626 898.8473205566406 1698.5508056640624 934.4330749511719 0.3422154017857143 1697.3981201171875 941.060400390625 1762.9510009765625 1010.359033203125 0.7968982514880952 
54 1626.6906005859375 897.3407318115235 1697.7913330078125 931.0200469970703 0.35672433035714285 1699.0866149902345 936.20146484375 1766.445245361328 1007.302197265625 0.7861560639880952 
55 1628.1087341308594 894.7277313232422 1695.1867980957031 930.1301177978515 0.39097377232142855 1699.9883911132813 937.9415649414062 1765.2032592773437 1008.7461791992188 0.7975027901785714 
56 1628.1635314941407 911.3190979003906 1710.4528015136718 941.2424255371094 0.24583798363095238 1697.289453125 939.8757476806641 1766.487158203125 1009.0735321044922 0.8136160714285714 
57 1624.7708374023437 905.5081848144531 1710.6993774414063 937.2643981933594 0.28515043712797616 1697.120379638672 938.5576263427735 1766.2366760253906 1007.6740020751953 0.8113374255952381 
58 1631.4344848632813 908.8231323242187 1704.7242065429687 942.6491577148438 0.30970982142857145 1697.1350158691407 939.6134887695313 1764.7872253417968 1007.2655395507812 0.8092215401785714 
59 1633.5609375 909.4496551513672 1710.686865234375 937.6664947509765 0.27627999441964285 1695.4208435058595 939.1858337402343 1763.141290283203 1010.6685363769532 0.8061755952380952 
60 1635.7222229003905 917.750454711914 1724.331854248047 961.1126434326172 0.22445242745535715 1697.7924865722657 939.3590667724609 1763.7784362792968 1009.1156036376954 0.7938058035714286 
61 1622.2416687011719 902.7576873779296 1694.0550842285156 929.2152740478516 0.28989955357142855 1695.363458251953 939.90009765625 1763.3971618652345 1009.8236572265625 0.7935500372023809 
62 1619.8070190429687 902.1071105957031 1702.9749633789063 932.3500427246094 0.29773530505952384 1694.0330383300782 938.2387268066407 1763.9697692871093 1008.1754577636718 0.7956194196428571 
63 1624.4380798339844 908.6182708740234 1696.6577453613281 944.7281036376953 0.2966889880952381 1698.1927429199218 936.833627319336 1764.7109436035157 1007.1528839111328 0.8035946800595238 
64 1641.4730346679687 915.2402618408203 1707.9942504882813 957.0536224365235 0.30117652529761907 1697.0291870117187 936.8048797607422 1763.5504028320313 1007.127310180664 0.7941313244047619 
65 1622.313037109375 907.0916381835938 1709.971630859375 939.4872192382812 0.24005417596726192 1696.339093017578 936.628775024414 1764.9415466308594 1005.2311492919922 0.7961077008928571 
66 1633.9511413574219 916.1402740478516 1718.0536193847656 956.2800750732422 0.29123651413690477 1694.528515625 934.666372680664 1763.3396484375 1005.3888641357422 0.7724144345238095 
67 1632.8590148925782 910.8650054931641 1705.1227966308593 939.3901824951172 0.34548223586309523 1696.638446044922 934.0508544921875 1761.2955139160156 1002.511279296875 0.7617652529761905 
68 1637.9938110351563 908.017300415039 1693.0943237304687 944.1177703857422 0.41386486235119047 1692.217462158203 930.8175506591797 1758.7182067871095 997.3183746337891 0.7092401413690477 
69 1636.1200561523438 907.8066619873047 1704.5715942382812 942.0325103759766 0.4546595982142857 1686.8736267089844 920.7510314941406 1759.1282043457031 994.9070495605469 0.7239350818452381 
70 1636.0666809082031 904.2974151611328 1693.3106384277344 936.7356048583985 0.3973911830357143 1686.9257446289062 918.5349975585938 1761.3428100585938 992.9520629882812 0.7216331845238095 
71 1629.3584411621093 907.2150848388671 1701.7869445800782 937.7113677978516 0.3959844680059524 1690.1309997558594 918.944467163086 1756.841534423828 987.5609649658203 0.7159365699404762 
72 1634.2074645996095 907.5228790283203 1699.382501220703 943.944223022461 0.44711449032738093 1683.8997436523437 910.4719757080078 1752.9086059570313 985.231576538086 0.6888950892857143 
73 1633.0183654785155 907.0187225341797 1700.077703857422 937.6743316650391 0.41172572544642855 1682.0232238769531 910.5558776855469 1758.6624450683594 987.1950988769531 0.7137044270833334 
74 0.0 0.0 0.0 0.0 0.2414608909970238 0.0 0.0 0.0 0.0 0.2414608909970238 
75 1642.5419799804688 903.1963073730469 1694.2744262695312 937.6845520019531 0.40318080357142855 1681.1571228027344 912.0394500732422 1755.881573486328 984.8479400634766 0.7163550967261905 
76 1633.1020080566407 903.7955108642578 1694.4503601074218 934.4696868896484 0.41794549851190477 1686.5606750488282 914.7821655273438 1757.4946228027343 978.0476684570312 0.7079148065476191 
77 1641.1735229492188 902.5452911376954 1690.9819946289062 938.9437835693359 0.47985258556547616 1675.3615783691407 913.155404663086 1748.1585632324218 972.5424102783203 0.6832682291666666 
78 1640.1046508789063 902.9475494384766 1697.2713256835937 935.3419403076172 0.38789295014880953 1687.377130126953 912.4020568847657 1754.0714782714845 977.1908386230468 0.7531389508928571 
79 1647.4753356933593 905.5008361816406 1685.6702941894532 932.2373229980469 0.39937918526785715 1683.3933349609374 912.0380554199219 1754.0541748046876 971.2402648925781 0.7097051711309523 
80 1644.3643920898437 905.7907287597657 1697.6666137695313 934.3455017089843 0.3845912388392857 1682.1445373535157 912.3070770263672 1750.6758972167968 973.2238677978515 0.6896856398809523 
81 1658.104296875 903.7853607177734 1704.07783203125 953.5899444580078 0.4977213541666667 1680.0596252441405 908.1322174072266 1752.850897216797 971.3457489013672 0.7008696056547619 
82 1648.7378662109375 902.5777008056641 1696.4843017578125 950.3242156982421 0.4603678385416667 1674.8147827148437 905.4424682617188 1751.2091430664063 966.5580200195312 0.7015671502976191 
83 1655.337579345703 904.7237365722656 1691.7567810058595 935.3925964355469 0.41589936755952384 1671.998956298828 902.8806121826171 1742.9208435058595 962.3015777587891 0.6895228794642857 
84 1651.1094970703125 905.0348815917969 1702.9603271484375 937.6816711425781 0.48745582217261907 1675.926904296875 906.585986328125 1743.140966796875 964.19794921875 0.6745721726190477 
85 1660.0447265625 902.0021026611328 1688.914501953125 948.1937591552735 0.5073823474702381 1669.149884033203 902.1501831054687 1734.5880310058594 959.8897338867188 0.6718052455357143 
86 1656.9285949707032 900.1412719726562 1685.8315368652343 950.2398315429688 0.4794805617559524 1669.6013488769531 901.994027709961 1742.8223571777344 961.7269805908203 0.6447637648809523 
87 1644.9170227050781 898.0997009277344 1681.3343200683594 934.5169982910156 0.4287923177083333 1658.62880859375 891.8336120605469 1729.546728515625 957.0013488769531 0.7091936383928571 
88 1635.0523498535156 889.773794555664 1696.269305419922 916.5562225341797 0.3759881882440476 1666.322930908203 892.9376251220704 1737.1051696777345 956.0676849365234 0.7024274553571429 
89 1642.50185546875 899.7907318115234 1696.198583984375 926.6390167236328 0.38024321056547616 1672.9643432617188 895.1439086914063 1743.9206665039062 962.2646606445312 0.67578125 
90 1647.7321044921875 898.9407897949219 1697.4697998046875 925.7226623535156 0.37951078869047616 1675.6175109863282 894.5261901855469 1738.7463806152343 959.5679260253906 0.7108444940476191 
91 1652.7380615234374 895.1709808349609 1685.2939208984376 933.4720245361328 0.45341564360119047 1682.2740539550782 895.0236694335938 1739.7255798339843 960.1353881835937 0.6955450148809523 
92 1651.96533203125 899.0363464355469 1682.583251953125 935.3949279785156 0.44735863095238093 1675.9591796875 894.4730682373047 1741.022021484375 957.6223297119141 0.7021251860119048 
93 1662.5510559082031 900.252572631836 1681.6741638183594 936.5864776611328 0.42331659226190477 1677.6288818359376 895.6924468994141 1744.5598388671874 958.7987030029296 0.6884068080357143 
94 1660.9448974609375 899.1419555664063 1687.7155029296875 937.3856323242187 0.4310942150297619 1678.375262451172 897.9652709960938 1745.3016174316406 959.1550903320312 0.7100771949404762 
95 1644.8157897949218 897.0588165283203 1702.2758850097657 923.8736175537109 0.3336704799107143 1680.9861389160155 892.6388061523437 1744.192449951172 957.7603637695313 0.7277948288690477 
96 1645.6454467773438 898.3290954589844 1709.0696411132812 925.2363342285156 0.35527111235119047 1677.7271789550782 894.115591430664 1744.9953552246093 957.5398651123047 0.6798967633928571 
97 1647.6413940429688 900.3859344482422 1707.2646118164062 923.465933227539 0.36733863467261907 1677.8229125976563 892.544644165039 1745.1394897460937 957.9379608154297 0.7141229538690477 
98 1643.0637756347655 897.4094787597656 1695.025213623047 920.5033630371094 0.376220703125 1672.153302001953 891.0438171386719 1741.4349548339844 956.4765686035156 0.7165411086309523 
99 1643.1268981933595 898.6382446289062 1706.603936767578 927.4915161132812 0.31888253348214285 1678.4165344238281 892.719677734375 1743.8172302246094 960.0438720703125 0.7148204985119048 
100 1643.5617370605469 896.3528900146484 1697.4620666503906 921.3781280517578 0.4044828869047619 1668.2167175292968 893.1691986083985 1739.4423400878907 958.6198028564453 0.6811058407738095 
101 1644.7996643066406 896.3590789794922 1694.825701904297 925.2202056884765 0.43558175223214285 1665.816583251953 893.8429443359375 1738.9315856933595 957.33759765625 0.6894298735119048 
102 1648.605615234375 900.5094696044922 1690.816259765625 935.0454010009765 0.41896856398809523 1670.3750793457032 895.2700561523437 1741.3655212402343 962.4231811523438 0.6948707217261905 
103 1642.0691711425782 896.0832702636719 1705.2456481933593 924.7999084472656 0.34981863839285715 1673.804669189453 891.4444396972656 1742.7245056152344 960.3642761230469 0.7232375372023809 
104 1657.8033264160156 905.532763671875 1690.363787841797 928.5166748046875 0.42714146205357145 1677.3984619140624 899.8604614257813 1744.4347900390626 959.2354858398437 0.6977074032738095 
105 1647.9289245605469 900.008447265625 1697.7064514160156 926.8117431640625 0.40572684151785715 1676.646728515625 897.5048461914063 1745.569580078125 958.7695678710937 0.7221912202380952 
106 1650.6989685058593 901.5563415527344 1690.8521789550782 932.1493469238281 0.4381510416666667 1673.423114013672 896.3349395751953 1746.0814025878906 959.4329437255859 0.7333984375 
107 1649.2797729492188 900.8429962158203 1706.6298950195312 925.6947845458984 0.37991768973214285 1682.881085205078 902.9752593994141 1742.1429626464844 960.3254608154297 0.7002650669642857 
108 1638.489324951172 896.081332397461 1690.1628967285155 919.0473907470703 0.4332682291666667 1676.9132751464845 901.3811706542969 1740.069757080078 954.9685607910156 0.6597842261904762 
109 1635.7926879882812 890.4002319335938 1698.8315795898438 920.9645141601562 0.4152715773809524 1675.0266662597655 897.6004913330078 1741.886053466797 954.908480834961 0.6919177827380952 
110 1638.69208984375 893.5425994873046 1692.07841796875 918.3291656494141 0.44582403273809523 1672.1319274902344 895.4492614746093 1740.7715148925781 954.5556213378907 0.7054966517857143 
111 1639.9365295410157 892.1826599121093 1691.2308288574218 916.8799621582032 0.46755254836309523 1680.7819519042969 898.0281951904296 1745.3749084472656 960.7213775634766 0.69189453125 
112 1649.6898681640625 897.9245147705078 1689.7378662109375 924.6231536865234 0.5158923921130952 1677.6354370117188 901.2984924316406 1742.4751586914062 962.3240661621094 0.6816638764880952 
113 1650.31826171875 899.1855590820312 1696.112158203125 922.0825073242188 0.4241303943452381 1684.22333984375 904.9097900390625 1741.465869140625 954.5198974609375 0.6559477306547619 
114 1648.300146484375 898.1126922607422 1694.04580078125 922.8916412353516 0.48043387276785715 1678.1374938964843 900.0188018798829 1744.8499328613282 959.1069915771484 0.7011253720238095 
115 1650.4438415527343 896.2158966064453 1697.8905090332032 922.7859954833984 0.4008672805059524 1677.8899780273437 898.5517456054688 1740.5194458007813 955.4876831054687 0.7156110491071429 
116 1634.8706665039062 890.6987365722656 1706.6356811523438 922.8040710449219 0.3876371837797619 1680.5590759277343 895.9285491943359 1746.6583312988282 958.2507110595703 0.7100074404761905 
117 1633.85810546875 886.1789978027343 1696.2517578125 916.4304992675782 0.45545014880952384 1675.381121826172 892.65107421875 1743.4468811035156 955.0447265625 0.6963123139880952 
118 1636.334423828125 888.7987701416016 1703.114306640625 921.2347381591796 0.32783435639880953 1677.2096130371094 890.9268859863281 1745.897442626953 955.7988220214844 0.7317010788690477 
119 1634.2759948730468 888.9891815185547 1699.2675842285157 919.5733795166016 0.35184151785714285 1676.4763549804688 892.3710968017579 1745.2909790039062 957.3626068115234 0.7475818452380952 
120 1637.6877746582031 891.930908203125 1710.4295349121094 926.3875732421875 0.3595610119047619 1678.1079650878905 893.2561218261719 1745.107000732422 954.5124328613281 0.7435360863095238 
121 1636.0331420898438 888.8199279785156 1708.3789672851562 921.1851989746094 0.3364955357142857 1676.233416748047 891.3827972412109 1742.8677795410156 952.3056182861328 0.7378859747023809 
122 1636.6389465332031 884.0419982910156 1709.0125427246094 920.2288757324219 0.31980096726190477 1676.8545959472656 891.4405120849609 1743.514666748047 952.3868194580078 0.7274228050595238 
123 1635.9941040039062 885.9247802734375 1710.4397338867188 920.284326171875 0.32235863095238093 1676.5207641601562 891.6513580322265 1743.3307983398438 952.7349334716797 0.7260277157738095 
124 1639.6747009277344 892.2953338623047 1714.218243408203 928.6114654541016 0.31174432663690477 1679.2253662109374 892.5893615722656 1742.3007568359376 951.8420349121094 0.7393740699404762 
125 1641.1968566894532 890.792724609375 1709.8386657714843 927.0203857421875 0.3189290364583333 1675.1511108398438 892.3328002929687 1741.8862426757812 953.3477416992188 0.7486514136904762 
126 1639.8922119140625 884.9789154052735 1697.3321533203125 921.3575714111328 0.39358956473214285 1681.9412353515625 898.9707427978516 1745.1251708984375 954.4959930419922 0.7266090029761905 
127 1635.633154296875 887.2399749755859 1698.984033203125 923.7147979736328 0.38146391369047616 1678.2362182617187 898.315316772461 1743.5069458007813 953.9873565673828 0.7278413318452381 
128 1648.9338623046874 889.8528656005859 1694.7658447265626 922.3172393798828 0.4425455729166667 1678.2399475097657 899.7684906005859 1737.4396179199218 960.8779327392579 0.6769903273809523 
129 1647.7844848632812 897.383349609375 1697.7484741210938 926.20869140625 0.41420200892857145 1680.896826171875 899.5267700195312 1738.547509765625 961.0209594726563 0.7061941964285714 
130 1660.8768798828125 893.3994598388672 1699.0713623046875 923.9550933837891 0.41768973214285715 1676.081298828125 897.2189025878906 1735.28271484375 958.3301696777344 0.7036830357142857 
131 1652.2876586914062 897.271615600586 1696.4213256835938 929.8921417236328 0.3611653645833333 1678.5612243652345 897.7882354736328 1738.045587158203 951.516146850586 0.7329566592261905 
132 1634.5252624511718 884.2710327148437 1701.3418029785157 918.6337524414063 0.3512486049107143 1675.8634765625 889.7778961181641 1740.77080078125 952.7762420654296 0.7465122767857143 
133 1640.5870483398437 886.3948669433594 1701.7984497070313 922.7391662597656 0.44814918154761907 1682.0078369140624 895.5177154541016 1741.3063720703126 954.8163299560547 0.7371419270833334 
134 1640.2388793945313 886.065283203125 1705.1617553710937 926.164697265625 0.2995489211309524 1679.8977111816407 896.0534057617188 1744.8204284667968 951.4287719726562 0.7368629092261905 
135 1635.1602783203125 883.6511077880859 1696.1358642578125 923.6663360595703 0.38976469494047616 1679.133056640625 896.3299255371094 1740.108642578125 953.4945373535156 0.7405133928571429 
136 1645.6427734375 890.4994018554687 1706.80498046875 924.9030639648438 0.3327752976190476 1684.0896423339843 899.6149230957031 1743.3404113769532 956.9544128417969 0.7079613095238095 
137 1635.1109008789062 877.759130859375 1697.6432495117188 915.6574951171875 0.4135160900297619 1675.4873474121093 892.408334350586 1741.8094055175782 954.9406036376953 0.7074962797619048 
138 1636.2768615722657 883.7836883544921 1698.9652038574218 921.7765533447266 0.3704194568452381 1678.8727661132812 896.2043975830078 1739.6614135742188 953.193734741211 0.7272135416666666 
139 1634.6007263183594 880.7459838867187 1697.543927001953 922.7081176757813 0.36025855654761907 1678.616961669922 896.5917785644531 1741.5601623535156 953.8128845214844 0.7281668526785714 
140 1635.3298034667969 882.8102294921875 1713.4337463378906 924.719677734375 0.2895391555059524 1677.6789123535157 893.580679321289 1744.3529479980468 956.4447723388672 0.7237955729166666 
141 1640.1004699707032 882.6221252441406 1709.9711853027343 916.6133483886719 0.32357933407738093 1675.3990539550782 889.0863006591796 1741.4929138183593 955.1802398681641 0.7086123511904762 
142 1640.532537841797 881.9543853759766 1699.3345275878905 916.0975555419922 0.38706752232142855 1674.6756286621094 890.1253814697266 1741.0649719238281 954.6179656982422 0.6840122767857143 
143 1634.7904663085938 883.9196563720703 1699.4016723632812 916.2251800537109 0.3818243117559524 1672.1392700195313 890.4245788574219 1742.4513061523437 955.0356262207031 0.7290504092261905 
144 1639.9469482421875 884.5957305908203 1702.4402587890625 922.4703704833985 0.4072265625 1675.9278991699218 893.1903625488281 1742.2086975097657 957.5773376464844 0.73193359375 
145 1638.7126953125 887.1085662841797 1695.70576171875 923.2041168212891 0.4405110677083333 1677.2925598144532 894.2692108154297 1741.8845642089843 956.9614410400391 0.7488839285714286 
146 1638.7197326660157 886.7457946777344 1699.5894714355468 924.7893615722656 0.41052827380952384 1675.8853759765625 892.4523345947266 1744.3638916015625 957.1264617919921 0.7489769345238095 
147 1647.3708618164062 892.7341156005859 1692.9828979492188 923.1421661376953 0.4275483630952381 1676.0976989746093 896.7544219970703 1738.8142883300782 955.669955444336 0.7057756696428571 
148 1643.1889709472657 890.3022094726563 1700.2818542480468 922.6549438476562 0.4226655505952381 1679.3477966308594 899.1589935302734 1740.247052001953 956.2519561767579 0.7190987723214286 
149 1640.0927001953125 888.7532501220703 1700.6341064453125 928.4836273193359 0.3505278087797619 1673.9289245605469 893.1919738769532 1743.9300842285156 957.5173767089843 0.7679501488095238 
150 1638.8884643554688 890.4422882080078 1708.6647583007812 930.0450775146485 0.29948497953869047 1678.4912719726562 896.7526336669922 1744.4957885742188 957.099722290039 0.7721121651785714 
151 1637.3962036132812 885.8041381835938 1696.1186889648438 921.7953491210938 0.37855747767857145 1676.0830322265624 894.4012664794922 1740.4882568359376 956.9122711181641 0.7603469122023809 
152 1634.3649841308593 882.9067291259765 1695.0052551269532 922.7018524169922 0.34907459077380953 1672.8481506347657 891.7257781982422 1741.0684753417968 956.1559967041015 0.7493024553571429 
153 1637.387060546875 884.8177307128906 1711.35439453125 924.6462585449219 0.3064778645833333 1674.5166076660157 892.4041412353515 1742.7940612792968 954.9917938232422 0.7586030505952381 
154 1634.1228393554688 883.8169189453125 1702.7597290039062 923.855078125 0.3519926525297619 1675.4076416015625 891.2232147216797 1742.1380126953125 956.046987915039 0.7463262648809523 
155 1636.4720581054687 886.7269592285156 1702.9266235351563 920.9035339355469 0.37942940848214285 1674.4460571289062 891.9849151611328 1740.9006225585938 956.540658569336 0.7303059895833334 
156 1642.4361938476563 885.8244354248047 1699.0474487304687 917.9041412353515 0.45681036086309523 1679.523828125 898.9611572265625 1741.796240234375 955.572412109375 0.6363699776785714 
157 1634.1524291992187 883.5492706298828 1694.7538208007813 919.5313568115234 0.4475911458333333 1672.6109985351563 891.925668334961 1740.7876831054687 956.3146270751953 0.7180292038690477 
158 1637.2068786621094 885.7239379882812 1702.0950012207031 921.9849243164062 0.40100678943452384 1674.935888671875 894.3854553222657 1743.641015625 957.3651550292968 0.7177036830357143 
159 1633.6305725097657 884.8645080566406 1702.4882019042968 925.0313659667969 0.34414527529761907 1673.3560363769532 890.6026214599609 1742.2136657714843 957.5474639892578 0.7424897693452381 
160 1644.9712158203124 890.5336822509765 1704.3459228515626 923.0940643310547 0.32776460193452384 1681.3621032714843 897.5319549560547 1744.5674621582032 958.821987915039 0.7141229538690477 
161 1645.2211364746095 892.7037872314453 1702.591729736328 919.476693725586 0.35542224702380953 1679.8642272949219 897.9995178222656 1742.9718322753906 955.3701110839844 0.7065197172619048 
162 1634.2162780761719 883.2020568847656 1699.2789611816406 919.5606384277344 0.36208379836309523 1673.7396118164063 890.4148590087891 1740.7159545898437 953.5639617919921 0.7360723586309523 
163 1633.5530029296874 885.8941253662109 1702.5602783203126 922.3146759033203 0.3476678757440476 1675.2817260742188 891.6446838378906 1740.4553344726562 954.9014587402344 0.73583984375 
164 1642.804736328125 888.3600952148438 1700.4611328125 921.0321166992187 0.4459867931547619 1679.3204467773437 897.3042388916016 1740.8206665039063 954.9607147216797 0.7278645833333334 
165 1644.0751220703125 886.0147094726562 1692.0703857421875 920.5713500976562 0.4692499069940476 1677.1549987792969 892.2171691894531 1732.8294982910156 949.8115173339844 0.6935918898809523 
166 1645.6889953613281 885.7572784423828 1701.5174255371094 922.3344573974609 0.4749348958333333 1680.3411437988282 898.5666473388671 1743.8699157714843 952.4699127197266 0.6797340029761905 
167 1649.1989624023438 888.2605712890625 1700.9441040039062 920.840869140625 0.4900716145833333 1683.032373046875 900.3491485595703 1748.19296875 955.9274017333985 0.6606212797619048 
168 1637.1236633300782 889.5546630859375 1702.4177185058593 924.1220947265625 0.35787527901785715 1675.3102722167969 893.838623046875 1742.5248107910156 955.2918701171875 0.7375372023809523 
169 1641.7585083007812 888.170523071289 1703.2200073242188 924.6632781982422 0.38612583705357145 1679.9503479003906 897.7738800048828 1743.3324890136719 953.4733734130859 0.7165876116071429 
170 1635.608935546875 888.4175872802734 1706.6017578125 924.8733673095703 0.3193359375 1675.902166748047 892.6977966308593 1743.0576721191405 956.0158264160157 0.7335611979166666 
171 1652.3790710449218 892.2632690429688 1698.5473205566407 921.1184448242187 0.3615606398809524 1672.5776794433593 892.3372192382812 1736.0591613769532 946.2002563476562 0.6934291294642857 
172 1652.5870971679688 897.7884857177735 1696.8921508789062 924.7567413330078 0.34120396205357145 1675.9991638183594 895.9362426757813 1735.714581298828 951.7991088867187 0.6995907738095238 
173 1651.365057373047 886.2336151123047 1688.0105529785155 917.092984008789 0.42403738839285715 1670.503839111328 888.8299743652344 1734.1513122558595 948.6199768066406 0.7137974330357143 
174 1656.0099060058594 895.4456665039063 1690.779034423828 926.3514526367187 0.4196661086309524 1681.56669921875 899.9775024414063 1739.515087890625 955.9942993164062 0.7050548735119048 
175 1652.5857360839843 895.5485961914062 1700.8169738769532 926.4166137695313 0.3413783482142857 1680.9307556152344 898.8134826660156 1740.7375793457031 952.8325134277344 0.7302827380952381 
176 1655.6302795410156 893.2745300292969 1692.3332214355469 918.3869689941406 0.3991001674107143 1674.7989807128906 894.1660827636719 1738.5461120605469 950.1862121582031 0.6737583705357143 
177 1654.655908203125 892.98349609375 1689.357275390625 919.9734130859375 0.4309779575892857 1668.6700134277344 891.5005523681641 1736.1448059082031 957.0474822998046 0.7186104910714286 
178 1655.2990600585938 898.125732421875 1695.7866333007812 923.189453125 0.4326288132440476 1678.0640563964844 898.1257110595703 1739.7593078613281 961.7489837646484 0.7078683035714286 
179 1654.8934997558595 895.3991271972657 1699.241876220703 924.3220642089843 0.3972981770833333 1684.7062927246093 899.0330383300782 1740.6239074707032 960.7352722167968 0.6941266741071429 
180 0.0 0.0 0.0 0.0 0.2414608909970238 0.0 0.0 0.0 0.0 0.2414608909970238 
181 1645.906231689453 890.001351928711 1709.6876403808594 924.7911895751953 0.37710425967261907 1682.8519287109375 899.4421356201171 1748.5660400390625 955.4924957275391 0.7168898809523809 
182 1636.6655700683593 888.284912109375 1704.2571594238282 924.9775390625 0.3386811755952381 1678.4832580566406 897.7180755615234 1744.143572998047 955.6536895751954 0.7373279389880952 
183 1642.88486328125 894.6895111083984 1702.112939453125 925.2587921142579 0.38049897693452384 1672.6459045410156 890.7213775634766 1741.4267272949219 955.6811492919921 0.7495814732142857 
184 1644.1525268554688 889.4654327392578 1712.9880981445312 923.8831390380859 0.34866768973214285 1679.6734619140625 895.4222900390625 1746.5968017578125 954.6973388671875 0.75 
185 1643.1900451660156 887.6139129638672 1704.495867919922 922.0984283447266 0.3618280319940476 1671.5587829589845 890.4139221191406 1742.443536376953 951.7197448730469 0.7276785714285714 
186 1641.8787109375 888.1947540283203 1701.1251953125 922.5959564208985 0.3713495163690476 1672.8986083984375 890.7674987792968 1743.6121337890625 953.8363830566407 0.7324451264880952 
187 1650.1882690429688 894.3855285644531 1702.1689086914062 921.3384704589844 0.45975167410714285 1682.6946838378906 899.9390502929688 1748.151873779297 955.7701782226562 0.7226329985119048 
188 1654.4182434082031 895.4498626708985 1700.6141052246094 920.4725616455078 0.40156482514880953 1678.8487915039063 896.1161315917968 1744.2928100585937 953.8609191894532 0.7044270833333334 
189 1659.7373901367187 897.8156066894531 1702.1146606445313 922.8566345214844 0.38904389880952384 1678.629345703125 900.6308654785156 1749.9001953125 952.6392761230469 0.6312081473214286 
190 1649.4366821289063 892.83466796875 1707.0254760742187 923.5487548828125 0.38559105282738093 1684.2115234375 898.3720916748047 1747.559228515625 957.8806549072266 0.7586030505952381 
191 1650.302264404297 895.0699676513672 1698.2205627441406 923.8209625244141 0.44698660714285715 1681.7808471679687 899.3457794189453 1750.7833618164063 954.9310150146484 0.6826636904761905 
192 1651.4529174804688 895.5616729736328 1707.1405883789062 922.445346069336 0.4121907552083333 1682.6202026367187 896.2264068603515 1749.8295043945313 955.7544891357422 0.7554873511904762 
193 1653.4200500488282 893.4520294189454 1703.2829528808593 922.2190521240234 0.4069940476190476 1680.4905578613282 893.6732849121094 1751.4492614746093 958.8784729003906 0.7571847098214286 
194 1649.9321533203124 899.1624267578125 1701.6611083984376 927.9008056640625 0.41379510788690477 1675.501904296875 892.014697265625 1748.305712890625 957.15498046875 0.7804129464285714 
195 1643.0540588378906 895.0726043701172 1704.121844482422 929.4231842041015 0.37691824776785715 1681.808642578125 896.3937194824218 1750.5099609375 957.4615051269532 0.7732049851190477 
196 1645.6349548339845 902.1726684570312 1706.630059814453 930.7640991210938 0.4544154575892857 1679.2849975585937 895.2813507080078 1753.6227172851563 958.1825775146484 0.7844354538690477 
197 1642.367254638672 895.9429595947265 1705.1746154785155 928.2983123779297 0.41294642857142855 1679.55390625 893.8933166503906 1749.974169921875 956.7006774902344 0.7724144345238095 
198 1656.6124694824218 897.3591796875 1702.3141662597657 927.8269775390625 0.3998907180059524 1675.0688598632812 888.5703674316406 1751.2385131835938 957.1229919433594 0.7575799851190477 
199 1669.1158386230468 897.6329803466797 1711.0590881347657 930.0437164306641 0.36618768601190477 1682.168035888672 892.6467193603515 1750.8025451660155 955.5615936279297 0.7693452380952381 
200 1661.4386840820312 901.9756896972656 1701.3530639648438 928.5852233886719 0.4024018787202381 1682.5655212402344 896.5660827636718 1754.7915344238281 957.3878967285157 0.7646484375 
201 1666.5615478515624 900.7901428222656 1706.2902587890626 927.2758972167969 0.38115001860119047 1684.4613403320313 896.6426483154297 1758.2430053710937 959.073355102539 0.77734375 
202 1665.6796752929688 904.436962890625 1707.4336059570312 929.10966796875 0.3823823474702381 1690.3524963378907 900.7141540527343 1758.6769226074218 957.6512023925782 0.7829241071428571 
203 1668.6135131835938 904.5317810058593 1711.8781860351562 930.8667785644532 0.36015392485119047 1687.4966247558593 901.4931274414063 1755.2151672363282 954.1631225585937 0.7206566220238095 
204 1666.2324462890624 907.0587982177734 1711.8581298828126 933.6738067626953 0.37211681547619047 1686.5593200683593 895.5792419433594 1758.7999328613282 958.3145568847656 0.7904110863095238 
205 1671.5735412597655 907.012661743164 1721.157781982422 931.8047821044922 0.32890392485119047 1692.844873046875 898.430810546875 1761.499853515625 959.4574951171875 0.7810639880952381 
206 1660.4341613769532 898.4996154785156 1710.0996520996093 932.8834411621094 0.3640950520833333 1687.1770751953125 896.8833160400391 1759.7650634765625 958.0100555419922 0.7715541294642857 
207 1662.0350341796875 900.6187774658204 1703.9613037109375 929.2048919677734 0.3992513020833333 1689.5216796875 896.8805969238281 1760.033984375 957.8642761230469 0.7655784970238095 
208 1661.817205810547 899.8357147216797 1709.4314514160155 928.4042144775391 0.34322684151785715 1688.0417602539062 895.880078125 1762.3198120117188 958.73076171875 0.7725074404761905 
209 1661.961669921875 900.7506500244141 1713.53955078125 931.3153289794922 0.33785574776785715 1691.8650634765625 898.6934478759765 1764.4562255859375 959.8227264404297 0.7787155877976191 
210 1667.6905395507813 904.3771728515625 1711.5741088867187 932.9968505859375 0.3599330357142857 1695.2094360351562 899.1668762207031 1767.7126831054688 960.2222839355469 0.7929454985119048 
211 1676.7762878417968 909.1845062255859 1724.3791076660157 935.8420440673829 0.30086844308035715 1704.092999267578 904.4241973876954 1768.8329040527344 959.6434906005859 0.7786923363095238 
212 1658.822900390625 902.49306640625 1714.10654296875 931.08798828125 0.39830961681547616 1697.9027221679687 900.4401184082031 1770.3431274414063 959.5363220214844 0.7883184523809523 
213 1663.2024169921874 901.7634429931641 1710.8276123046876 928.4335174560547 0.3457728794642857 1697.19951171875 901.1773040771484 1767.684521484375 958.3273956298829 0.76708984375 
214 1661.21279296875 901.130258178711 1714.11923828125 931.3624786376953 0.3427734375 1700.3839111328125 902.8744140625 1766.5169677734375 955.780859375 0.7714146205357143 
215 1680.958056640625 910.3588653564453 1726.284130859375 936.7991546630859 0.4248860677083333 1703.2578857421875 904.6204681396484 1769.3585693359375 955.6123809814453 0.7531854538690477 
216 1681.63916015625 910.8371307373047 1723.57177734375 935.615444946289 0.38607933407738093 1703.705059814453 902.9198211669922 1770.4159118652344 958.1944976806641 0.7962937127976191 
217 1658.43837890625 906.1823638916015 1719.603125 938.6760955810547 0.35646856398809523 1698.5041015625 899.93349609375 1769.22587890625 961.0982421875 0.7848772321428571 
218 1681.5973693847657 909.3326812744141 1735.1254089355468 941.8318084716797 0.2289980933779762 1703.1409484863282 900.1417449951172 1773.8743103027343 961.3165679931641 0.8135695684523809 
219 1659.0602478027345 902.8673858642578 1722.067559814453 941.0536956787109 0.2922247023809524 1702.0197387695312 900.2237182617188 1774.5737670898438 961.3218139648437 0.7926199776785714 
220 1685.5512756347657 906.975961303711 1737.1058288574218 939.4362091064453 0.2515752883184524 1708.7582214355468 902.42275390625 1775.5880920410157 961.6149658203125 0.8024786086309523 
221 1649.0407836914062 906.6379211425781 1721.6494018554688 937.2099792480469 0.30422247023809523 1705.1140441894531 900.1708099365235 1775.8118591308594 961.3148468017578 0.7907133556547619 
222 1685.3923950195312 906.3432891845703 1740.6408081054688 942.540560913086 0.24250139508928573 1708.7667358398437 902.239990234375 1777.3509399414063 961.298583984375 0.8006649925595238 
223 1666.5372253417968 905.236572265625 1731.3193420410157 939.532958984375 0.27548944382440477 1705.2305969238282 902.3785430908204 1777.6340270996093 961.4445159912109 0.8005487351190477 
224 1680.0407836914062 909.8953216552734 1719.9780151367188 944.1272003173829 0.19191778273809523 1705.5683288574219 904.336328125 1777.8356018066406 961.3893798828125 0.7766694568452381 
225 1682.1117370605468 911.4703338623046 1739.1344787597657 941.8825103759766 0.2247372581845238 1708.3567810058594 905.6949432373046 1778.6848449707031 960.8169586181641 0.7774135044642857 
226 1655.6561462402344 904.7125579833985 1717.428204345703 934.6626251220703 0.31481352306547616 1702.8850402832031 903.128695678711 1779.6321716308594 959.2850616455078 0.73974609375 
227 1712.2748779296876 919.3602081298828 1729.3545166015624 942.1331390380859 0.16800362723214285 1710.5230773925782 905.4190032958984 1780.7397399902343 960.4537384033204 0.7894112723214286 
228 1713.5679138183593 916.3356109619141 1732.6919738769532 941.1969207763672 0.18038504464285715 1713.715106201172 905.449609375 1782.5616271972656 960.9093994140625 0.7696940104166666 
229 1719.536199951172 920.0717041015625 1731.0037170410155 921.9829833984375 0.16661725725446427 1716.0813415527343 908.4572479248047 1782.9746887207032 960.060757446289 0.7764136904761905 
230 1718.7021606445312 912.1511444091797 1747.3500854492188 944.6186920166016 0.18474469866071427 1713.8540588378905 906.7888610839843 1784.518865966797 960.2648498535157 0.7744605654761905 
231 1682.01728515625 912.0375579833984 1748.914599609375 944.5304962158203 0.19301641555059523 1715.613037109375 906.6710601806641 1784.421630859375 960.1888641357422 0.7836216517857143 
232 1685.5759826660155 910.2666564941406 1752.210028076172 944.5355895996094 0.24818057105654762 1713.1815063476563 909.9737518310546 1781.7193725585937 959.4733306884766 0.7637881324404762 
233 1721.6326110839843 915.9369171142578 1750.0401184082032 929.1937591552735 0.18037341889880953 1718.7190002441407 908.6528839111328 1785.0032897949218 959.786508178711 0.7940150669642857 
234 1695.1705078125 909.7957733154296 1761.158837890625 941.8472320556641 0.21429734002976192 1719.8255554199218 909.0706604003906 1785.8137268066407 959.9758483886719 0.7946893601190477 
235 1689.560284423828 909.6269104003907 1746.3370544433594 943.6930358886718 0.22012765066964285 1717.366387939453 905.5506317138672 1785.4984802246095 962.3274810791015 0.8116861979166666 
236 1688.2197998046875 911.9575897216797 1762.0138427734375 944.1242584228515 0.22019159226190477 1716.5293090820312 908.1005004882812 1784.6469604492188 961.0808959960938 0.78515625 
237 1663.3760314941405 907.753466796875 1768.143621826172 942.040966796875 0.25267973400297616 1722.2069946289062 910.3909362792969 1786.9724487304688 959.9174133300781 0.7618815104166666 
238 1665.8763427734375 905.1513153076172 1761.2244873046875 941.383657836914 0.26701427641369047 1720.5181457519532 907.5716979980468 1787.2620056152343 960.9667541503907 0.7717633928571429 
239 1663.0893432617188 905.7123840332031 1771.4587524414062 941.8354675292969 0.24994768415178573 1723.9283630371094 909.80732421875 1786.668438720703 961.140185546875 0.7672991071428571 
240 1690.7960021972656 908.3694213867187 1761.696307373047 944.7776733398438 0.23321823846726192 1722.4136474609375 907.8534942626953 1787.5653564453125 961.5077728271484 0.7859700520833334 
241 1689.4969970703125 909.4596557617188 1769.7796142578125 938.1320190429688 0.2650262741815476 1726.7710693359375 906.1513061523438 1789.8502685546875 963.4960327148438 0.7774832589285714 
242 1677.5591125488281 907.0401977539062 1756.3692321777344 939.7176147460938 0.29197474888392855 1721.99140625 909.2581298828125 1787.346240234375 961.15751953125 0.7498139880952381 
243 1677.9197998046875 908.8109497070312 1761.7279052734375 935.4771362304688 0.30301339285714285 1728.6881713867188 908.4446594238282 1791.5442504882812 963.6818054199218 0.7751116071428571 
244 1676.3627990722657 910.470556640625 1775.6771179199218 935.2990966796875 0.2667643229166667 1727.3421813964844 910.3236328125 1792.278546142578 961.89072265625 0.7984328497023809 
245 1681.178759765625 913.0391448974609 1769.08173828125 939.7922149658203 0.31946382068452384 1731.3039916992188 909.9522521972656 1792.4538208007812 963.4583923339844 0.7764136904761905 
246 1676.8279724121094 911.2126770019531 1755.5349426269531 945.7669372558594 0.30067661830357145 1722.2357788085938 910.6958465576172 1791.3442993164062 962.5272369384766 0.7497674851190477 
247 1681.9865234375 909.9745910644531 1777.556201171875 938.6455261230469 0.3010835193452381 1731.5356689453124 909.8275695800781 1792.7004150390626 965.2580017089844 0.8055710565476191 
248 1669.5463562011719 905.7385192871094 1753.6012268066406 938.2142395019531 0.2814301990327381 1729.0607604980469 908.9713623046875 1794.0123596191406 964.3711669921875 0.8000372023809523 
249 1665.3555297851562 905.6121398925782 1774.4701538085938 930.4979675292968 0.27169363839285715 1729.337139892578 909.6616088867188 1794.4229919433594 963.2618530273437 0.7960844494047619 
250 1690.4224792480468 908.2920501708984 1759.5495666503907 937.0950958251954 0.2680780319940476 1732.8882995605468 909.6214721679687 1792.4145568847657 965.3072387695313 0.7846214657738095 
251 1681.7725952148437 906.5864166259765 1741.7144653320313 939.4578338623047 0.2993047805059524 1722.0809204101563 906.8839141845704 1793.6244018554687 962.9585540771484 0.7390020461309523 
252 1668.578173828125 906.7923583984375 1755.195751953125 939.5145263671875 0.3337983630952381 1728.766357421875 907.0884368896484 1794.210693359375 962.9086944580079 0.7797386532738095 
253 1661.7178833007813 906.0500610351562 1744.3062866210937 940.6219360351563 0.30366443452380953 1728.4977600097657 904.8681701660156 1795.7208679199218 962.4879089355469 0.7709263392857143 
254 1669.8733337402343 907.3339874267579 1758.6375305175782 942.0678070068359 0.2682466052827381 1730.2122863769532 906.1465240478516 1797.7502380371093 964.0362762451172 0.7792503720238095 
255 1663.7540771484375 902.5741943359375 1754.0532958984375 940.9994140625 0.24382672991071427 1731.6631958007813 906.4906005859375 1796.9859741210937 962.2071533203125 0.7965959821428571 
256 1650.5778198242188 899.6052490234375 1738.9895629882812 939.967138671875 0.27762276785714285 1729.897021484375 906.4800537109375 1797.166943359375 964.13994140625 0.7932245163690477 
257 1683.3040710449218 907.9263793945313 1752.8247131347657 940.7555053710937 0.2918701171875 1729.5768188476563 905.0296875 1797.1663452148437 962.9634765625 0.7670200892857143 
258 1683.2100830078125 909.5820739746093 1750.8189697265625 940.4889709472657 0.29752022879464285 1729.273175048828 904.9756927490234 1796.8822204589844 962.9262237548828 0.7744373139880952 
259 1685.53740234375 903.528353881836 1762.769970703125 942.1445587158203 0.26611328125 1734.6246215820313 905.7561798095703 1798.3414428710937 963.6805267333984 0.8014322916666666 
260 1685.14921875 905.3578582763672 1760.458447265625 940.1159576416015 0.26875232514880953 1730.3792907714844 905.4321136474609 1799.895489501953 965.2932891845703 0.7940615699404762 
261 1680.745587158203 904.5956390380859 1750.3446228027344 941.3284942626954 0.27025785900297616 1733.4653381347657 906.8263793945313 1797.2645202636718 962.8923706054687 0.7852027529761905 
262 1670.9089904785155 904.831576538086 1757.963446044922 941.5879180908203 0.26967075892857145 1732.6655700683593 905.352392578125 1800.3745910644532 963.3886962890625 0.7820638020833334 
263 1674.759942626953 905.2973846435547 1764.8612731933595 934.0531402587891 0.27296665736607145 1738.317529296875 909.5739044189453 1801.58017578125 965.168344116211 0.8187779017857143 
264 1674.639208984375 910.532861328125 1791.614453125 935.46201171875 0.21126883370535715 1738.363427734375 906.7713623046875 1801.6451171875 964.3001708984375 0.8121279761904762 
265 1694.1105529785157 913.6200347900391 1791.7992370605468 936.6056121826172 0.19916643415178573 1737.6505187988282 906.694857788086 1802.7763610839843 964.1588409423828 0.8179640997023809 
266 1669.5736450195313 908.4096374511719 1778.9720092773437 937.1986389160156 0.2598760695684524 1738.1506103515626 908.0405090332031 1803.4057861328124 965.6186706542969 0.80419921875 
267 1671.3130187988281 906.4394165039063 1784.3560485839844 939.0111450195312 0.25350516183035715 1737.0459350585938 907.9869567871094 1804.1054321289062 965.4664123535156 0.8045247395833334 
268 1665.2774291992187 908.3054809570312 1804.7389282226563 936.9619750976562 0.23997860863095238 1736.8450988769532 908.1585510253906 1803.7101989746093 963.5610534667969 0.7763206845238095 
269 1660.2137756347656 910.9670867919922 1759.7236022949219 933.9309234619141 0.18819173177083334 1739.262255859375 906.7717742919922 1804.3263671875 966.0949859619141 0.8036644345238095 
270 1658.1713073730468 909.303335571289 1796.1330139160157 930.3808074951172 0.20038713727678573 1740.2703369140625 908.2715423583984 1805.4188720703125 963.8394805908204 0.8022693452380952 
271 1659.7105285644532 912.6948120117188 1780.5300720214843 933.7902954101562 0.19287109375 1741.5845581054687 908.4904632568359 1804.8710083007813 966.0236358642578 0.8167550223214286 
272 1726.8434020996094 916.7423095703125 1788.085430908203 928.2252197265625 0.18343680245535715 1744.509295654297 908.4981872558594 1805.7513244628906 965.9125793457031 0.8189639136904762 
273 1670.7677856445312 904.3943054199219 1699.4912475585938 935.0326965332031 0.27872140066964285 1741.6927734375 910.1390167236328 1806.7994140625 967.5860198974609 0.7918294270833334 
274 1660.3000549316407 906.644775390625 1799.7696472167968 935.3028564453125 0.22120303199404762 1744.0699829101563 910.9067199707031 1807.1177612304687 966.3123962402344 0.7962472098214286 
275 1667.2018005371094 904.9635711669922 1699.958721923828 930.0129302978515 0.19271995907738096 1741.979425048828 908.1503356933594 1807.4931091308595 969.8103576660156 0.7988048735119048 
276 1680.3740783691405 906.3849945068359 1764.429266357422 938.8607940673828 0.22002301897321427 1742.827587890625 906.0175964355469 1807.779345703125 967.1485412597656 0.8123139880952381 
277 1705.4405700683594 904.79013671875 1772.551007080078 937.38662109375 0.20710681733630953 1745.485546875 909.0674896240234 1810.678515625 968.5081329345703 0.8209170386904762 
278 1696.9279296875 905.884912109375 1767.90361328125 942.331884765625 0.21952892485119047 1745.032049560547 907.6556243896484 1808.3345275878905 967.1216583251953 0.8053152901785714 
279 1701.097344970703 905.8752288818359 1768.1535095214845 942.2770538330078 0.22135997953869047 1744.057421875 907.6437255859375 1809.197705078125 967.0362060546875 0.8171968005952381 
280 1633.5832641601562 902.5747283935547 1762.0195190429688 940.9138580322266 0.20625813802083334 1746.0202697753907 909.2103240966796 1807.3629089355468 966.7190582275391 0.8029203869047619 
281 1704.7751892089843 906.2017547607422 1770.0498840332032 942.6787994384765 0.2113095238095238 1746.790216064453 909.6721893310547 1806.3053649902345 967.2675689697265 0.8028041294642857 
282 1684.541162109375 901.0299499511718 1766.90390625 939.3382141113282 0.20046851748511904 1745.6870361328124 907.439242553711 1808.8957275390626 966.8170440673828 0.8101050967261905 
283 1645.7812805175781 905.5299652099609 1774.3157653808594 938.1431915283204 0.22930617559523808 1744.8015502929688 908.5551574707031 1808.1095825195312 966.1079284667969 0.7833193824404762 
284 1643.885760498047 905.83798828125 1739.9891174316406 942.35732421875 0.19548688616071427 1746.9381591796875 909.09072265625 1808.4444091796875 968.67490234375 0.8053850446428571 
285 1645.2732482910155 907.4679473876953 1767.560369873047 941.861215209961 0.22476632254464285 1747.644549560547 907.3209503173828 1810.6988342285156 968.4645111083985 0.8066871279761905 
286 1724.5298583984375 908.8947814941406 1768.7692138671875 945.4403015136719 0.19609142485119047 1747.4633239746095 909.1906463623047 1810.937188720703 968.817593383789 0.8089425223214286 
287 1715.873193359375 912.372021484375 1777.47275390625 945.096728515625 0.19829450334821427 1748.2277282714845 909.2624328613281 1811.752374267578 968.9369079589844 0.8046177455357143 
288 1639.0006530761718 905.8716461181641 1778.7714416503907 940.3356903076171 0.20513044084821427 1747.7685180664062 908.8909423828125 1812.8672241210938 968.245654296875 0.7883649553571429 
289 1706.6633361816407 910.2450897216797 1791.1019226074218 942.869107055664 0.24783179873511904 1747.0374267578125 910.0974700927734 1814.2045166015625 969.5882598876954 0.7693684895833334 
290 1747.4303894042969 911.3648254394532 1776.2384338378906 944.0138366699218 0.18819754464285715 1750.8283386230469 909.5181945800781 1814.2057189941406 970.9750915527344 0.7951776413690477 
291 1717.0695373535157 911.8810211181641 1789.9166687011718 944.4706024169922 0.2247314453125 1748.921728515625 910.0377563476562 1814.100732421875 971.3827758789063 0.7885277157738095 
292 1720.8110961914062 914.0757263183593 1772.4159545898438 942.7450744628907 0.18251836867559523 1750.1420043945313 908.6358428955078 1815.1258178710937 971.7084564208984 0.7976888020833334 
293 1748.6566589355468 916.5408233642578 1752.4796936035157 941.3903900146485 0.16697474888392858 1750.2006225585938 911.1003784179687 1817.1033325195312 970.3570190429688 0.8071986607142857 
294 1746.552392578125 914.7417541503906 1777.134130859375 943.4120544433594 0.17864699590773808 1751.4043029785157 909.5222747802734 1816.3904968261718 970.6856719970704 0.8033621651785714 
295 1710.1088989257812 912.9602416992187 1759.8881713867188 939.7644897460938 0.18196614583333334 1749.1370727539063 908.9837951660156 1818.0621459960937 970.2505798339844 0.8074544270833334 
296 1714.467596435547 910.0824676513672 1762.2310119628905 940.6511138916015 0.17699032738095238 1750.473809814453 907.5840911865234 1817.3427185058595 972.5424346923828 0.8098958333333334 
297 1747.6011535644532 908.4375366210937 1774.3389099121093 942.8145385742188 0.18919735863095238 1751.5678405761719 907.8499359130859 1820.3216857910156 972.7841583251953 0.8000604538690477 
298 1713.9751037597657 911.8311950683594 1725.4410339355468 938.5848205566406 0.18282645089285715 1751.6801818847657 909.1117126464844 1818.5643249511718 972.1739318847656 0.8021995907738095 
299 1716.4548400878907 914.7852081298828 1779.4764343261718 941.521615600586 0.18898228236607142 1752.7400939941406 910.5984558105469 1819.581072998047 973.6200500488281 0.8008510044642857 
