0 1962.76484375 600.7209869384766 2193.3904296875 827.5028289794922 0.7503255208333334 2187.9204833984377 392.4187210083008 2414.7025634765623 553.8566390991211 0.7280970982142857 
1 1954.5965270996094 601.3883636474609 2185.748809814453 820.9829132080079 0.7723446800595238 2183.2296508789063 389.6469757080078 2410.5293823242187 543.7484710693359 0.7337704613095238 
2 1935.614208984375 606.7700958251953 2183.035693359375 819.3979339599609 0.7686476934523809 2176.641979980469 375.55594329833986 2397.001818847656 530.1943313598633 0.7210751488095238 
3 1932.7496459960937 609.9043579101562 2176.157824707031 817.9789428710938 0.7604864211309523 2170.5707763671876 366.0433624267578 2394.3491455078124 515.2289154052735 0.7218656994047619 
4 1927.7982360839844 616.9028961181641 2171.0275695800783 820.9017303466796 0.7765066964285714 2158.051306152344 347.26832580566406 2393.434777832031 508.1135711669922 0.7212844122023809 
5 1919.4334899902344 617.807095336914 2166.7824523925783 818.0420867919922 0.7651134672619048 2155.909948730469 329.38414306640624 2395.406701660156 490.357373046875 0.6908249627976191 
6 1916.081475830078 619.8107055664062 2154.5814880371095 819.2124877929688 0.7746000744047619 2156.3860473632812 317.0990463256836 2371.4271850585938 481.312239074707 0.7114025297619048 
7 1911.9500061035155 631.6009979248047 2150.396063232422 823.1395416259766 0.7697870163690477 2147.840124511719 311.3678604125977 2374.559045410156 463.81686248779295 0.7162853422619048 
8 1905.451727294922 644.1343353271484 2144.0479064941405 824.0592071533204 0.7555106026785714 2145.401818847656 290.90386352539065 2364.440710449219 455.1831115722656 0.7149367559523809 
9 1899.6859924316407 634.188363647461 2134.975994873047 818.4988311767578 0.7736002604166666 2139.3499267578127 290.45377960205076 2362.8756591796873 447.3137680053711 0.7135881696428571 
10 1894.2597351074219 635.0494262695313 2128.8175354003906 826.6048706054687 0.7593470982142857 2136.1848388671874 285.16746826171874 2359.0148681640626 433.72071533203126 0.7286551339285714 
11 1887.0712951660157 632.7891174316406 2122.257196044922 828.7772888183594 0.7576032366071429 2123.1618041992188 271.56785583496094 2350.5078735351562 436.19789123535156 0.7384672619047619 
12 1885.1145080566407 635.6957763671875 2113.616326904297 828.740380859375 0.7789015997023809 2121.950048828125 274.4568786621094 2346.512353515625 420.2252502441406 0.7615792410714286 
13 1877.3116088867187 633.1252624511719 2106.3575805664063 822.6804016113281 0.7791108630952381 2118.2046508789062 273.1527297973633 2339.3522338867188 423.2172348022461 0.7387230282738095 
14 1865.1137573242188 643.044873046875 2098.8811157226564 821.3419677734375 0.7665085565476191 2112.901159667969 278.37395629882815 2338.744104003906 421.01166381835935 0.7549990699404762 
15 1856.3006591796875 634.891357421875 2098.1114501953125 813.2763671875 0.7529296875 2111.680908203125 279.64599609375 2333.671142578125 418.389892578125 0.7520228794642857 
16 1849.4452026367187 628.310546875 2090.485705566406 810.078857421875 0.7567196800595238 2110.091357421875 277.23628387451174 2331.374462890625 419.48975982666013 0.7671363467261905 
17 1854.8257995605468 625.1906982421875 2092.3466857910157 811.2487548828125 0.7507672991071429 2109.3995849609373 286.1142852783203 2331.0857666015627 428.6268646240234 0.76025390625 
18 1845.4409240722657 616.5074401855469 2086.682489013672 806.3367980957031 0.7531156994047619 2106.3042114257814 293.88876190185545 2327.7717163085936 432.30603179931643 0.7688802083333334 
19 1844.2788818359375 612.104623413086 2081.5282470703123 801.9042266845703 0.7538132440476191 2108.1428833007812 292.1220336914063 2325.6215209960938 434.4717163085937 0.7676013764880952 
20 1848.1167419433593 609.4624114990235 2072.184405517578 802.0819610595703 0.7620442708333334 2109.0754150390626 291.80653076171876 2325.2810302734374 433.3229248046875 0.7814592633928571 
21 1849.1735229492188 602.8673400878906 2068.3818969726562 802.5035095214844 0.7663225446428571 2108.580285644531 296.93920135498047 2323.874060058594 433.9444351196289 0.7752743675595238 
22 1846.2963500976562 615.7133911132812 2072.235144042969 802.6972534179688 0.7553245907738095 2108.7930297851562 297.93078460693357 2319.1495971679688 434.2731643676758 0.7673223586309523 
23 1848.6109008789062 612.4267395019531 2073.1893920898438 806.0288269042969 0.75732421875 2109.5270385742188 300.87623901367186 2318.6172485351562 432.5256774902344 0.7635556175595238 
24 1849.3116027832032 616.7845123291015 2068.2817810058596 801.1805145263672 0.7566499255952381 2106.4021606445312 297.4898193359375 2325.3724975585938 431.9452392578125 0.7759254092261905 
25 1859.3368225097656 609.4070770263672 2069.254608154297 807.874722290039 0.7675548735119048 2105.5131713867186 296.4388595581055 2319.2473266601564 433.8395523071289 0.7846447172619048 
26 1860.0167724609375 603.7476623535156 2068.9885986328127 808.9199401855469 0.7693684895833334 2104.645361328125 295.98924560546874 2321.215966796875 432.77076416015626 0.7889694940476191 
27 1854.3030639648437 616.719580078125 2073.6180786132813 805.7842041015625 0.7404436383928571 2104.886340332031 300.3999908447266 2320.420056152344 432.7452117919922 0.7786690848214286 
28 1857.701153564453 605.5997955322266 2076.558978271484 809.3637664794921 0.7594401041666666 2104.859338378906 297.051123046875 2319.943640136719 432.8938232421875 0.7928757440476191 
29 1861.049658203125 601.2147369384766 2074.839990234375 811.2543182373047 0.7777157738095238 2103.403173828125 301.15808258056643 2317.193505859375 436.18356170654295 0.7897135416666666 
30 1869.4388793945313 599.0660522460937 2071.6653686523437 808.7824584960938 0.7778785342261905 2107.242138671875 299.4712799072266 2320.703662109375 434.2889129638672 0.7842029389880952 
31 1874.4754638671875 599.6767578125 2072.4049072265625 808.809814453125 0.7849469866071429 2108.7447509765625 298.04259338378904 2317.8778076171875 432.48523864746096 0.7913876488095238 
32 1868.098095703125 596.2917663574219 2077.579638671875 809.5141418457031 0.7914109002976191 2106.4984741210938 300.7730010986328 2319.7210083007812 431.6990447998047 0.7791573660714286 
33 1867.7200256347655 587.5872863769531 2069.375067138672 800.4453063964844 0.7932942708333334 2107.7238647460936 297.88783264160156 2320.5820434570314 432.32444763183594 0.7873651413690477 
34 1868.3981811523438 595.9037200927735 2070.3891723632814 790.4136016845703 0.7835751488095238 2105.924658203125 303.56345520019534 2319.137353515625 438.22414245605466 0.7785528273809523 
35 1862.8765991210937 592.5038299560547 2068.389270019531 786.8067779541016 0.7843424479166666 2106.3299560546875 306.6543533325195 2319.3160400390625 437.4351547241211 0.7783435639880952 
36 1861.7388854980468 589.6621002197265 2067.1279357910157 783.8480926513672 0.78173828125 2107.4876342773437 298.2396072387695 2324.0795043945313 428.9416976928711 0.7854120163690477 
37 1860.4654418945313 590.0207489013671 2065.138317871094 783.5296051025391 0.7867140997023809 2104.4984619140623 295.89295959472656 2327.7779052734377 433.5819549560547 0.7903878348214286 
38 1874.2277038574218 589.1536529541015 2067.6869689941404 790.0535614013672 0.7800409226190477 2107.1801879882814 305.40392913818357 2315.5207397460936 435.61685333251955 0.7724841889880952 
39 1876.0111267089844 601.6833343505859 2069.0400207519533 791.0001983642578 0.7730189732142857 2107.5886474609374 303.0024353027344 2322.8903564453126 432.9257873535156 0.7826218377976191 
40 1879.338037109375 598.3548217773438 2075.663427734375 794.6802124023437 0.7784133184523809 2107.577038574219 300.73233489990236 2326.127795410156 434.08544464111327 0.7889229910714286 
41 1878.50380859375 597.5344543457031 2074.4166015625 797.1436462402344 0.7853190104166666 2109.106591796875 298.547119140625 2327.198095703125 427.9234619140625 0.7947126116071429 
42 1876.9038330078124 593.9468048095703 2076.2157958984376 800.6405364990235 0.7889229910714286 2107.163049316406 298.24424743652344 2328.620397949219 434.80970764160156 0.7925037202380952 
43 1877.1783203125 599.4723449707031 2079.93642578125 802.2302917480469 0.7744140625 2107.585205078125 301.290510559082 2328.775634765625 434.0048080444336 0.7887137276785714 
44 1886.8131286621094 607.4132354736328 2078.4360168457033 799.0360443115235 0.7685546875 2106.92421875 302.4041580200195 2331.7125 435.0660873413086 0.7816685267857143 
45 1883.5761474609376 597.270132446289 2078.8789306640624 799.9429412841797 0.7815522693452381 2107.3666870117186 301.62291259765624 2328.4641235351564 437.96644287109376 0.7816452752976191 
46 1884.5665222167968 596.2833465576172 2075.9780334472657 798.7379547119141 0.7854817708333334 2107.6912353515627 300.95458221435547 2328.5509521484373 437.15128326416016 0.7807384672619048 
47 1887.35087890625 599.5751373291016 2078.67939453125 798.2625701904296 0.7897135416666666 2107.973034667969 304.3742446899414 2325.057482910156 436.8325729370117 0.7842029389880952 
48 1888.012762451172 606.8085296630859 2079.2109924316405 798.0068389892579 0.7820172991071429 2108.484729003906 305.30364379882815 2325.421276855469 437.6716369628906 0.7777622767857143 
49 1889.654718017578 604.3000518798829 2084.6034606933595 799.2487152099609 0.7814825148809523 2108.2290649414062 305.93536682128905 2321.5690307617188 438.3532684326172 0.7783900669642857 
50 1882.9595703125 610.3272338867188 2085.0892578125 797.7563842773437 0.7728562127976191 2104.17138671875 302.4684310913086 2324.67626953125 438.44645538330076 0.7769019717261905 
51 1883.6304809570313 607.31591796875 2085.491345214844 798.1661376953125 0.7802269345238095 2104.971728515625 303.11296997070315 2321.513134765625 438.9102844238281 0.7822730654761905 
52 1883.9206909179688 607.3662475585937 2085.623498535156 798.0669799804688 0.7821800595238095 2105.0884521484377 303.82482757568357 2321.4603759765623 435.84842071533205 0.7750186011904762 
53 1882.0778869628907 603.847314453125 2083.697381591797 798.135107421875 0.7908993675595238 2106.3969604492186 300.00835876464845 2319.0139282226564 439.30902404785155 0.7813662574404762 
54 1884.2603149414062 604.3845703125 2082.2326049804688 795.024365234375 0.7847377232142857 2104.5115600585937 300.09407196044924 2324.4803833007813 439.4077896118164 0.7709030877976191 
55 1882.286767578125 604.7913208007812 2079.900732421875 795.0861206054688 0.7878766741071429 2108.191357421875 301.0514770507813 2324.103076171875 440.1130737304687 0.7716006324404762 
56 1885.2162475585938 608.4345153808594 2079.2815551757812 795.1766906738281 0.7853655133928571 2108.011096191406 301.28170013427734 2324.046276855469 440.4229202270508 0.7758556547619048 
57 1888.7255859375 608.8582641601563 2078.97119140625 795.4450805664062 0.7873418898809523 2107.676867675781 301.9608856201172 2327.190563964844 440.9863800048828 0.7785993303571429 
58 1889.0457336425782 612.2689056396484 2079.1753356933596 795.0857696533203 0.7848539806547619 2107.863391113281 302.7458755493164 2327.243786621094 438.030339050293 0.7814825148809523 
59 1891.4322631835937 612.1668762207031 2078.168566894531 795.2416931152344 0.7905040922619048 2107.3199096679687 295.7290740966797 2327.0094360351563 438.52745666503904 0.7868071056547619 
60 1891.1681701660157 611.8002319335938 2077.790692138672 794.7634887695312 0.7935965401785714 2106.0795043945313 295.5553451538086 2332.9539428710937 438.26664581298826 0.7868536086309523 
61 1887.6763793945313 606.6692749023438 2077.984509277344 793.3176635742187 0.7939453125 2106.6997314453124 300.0928985595703 2326.2861083984376 435.5045135498047 0.7850167410714286 
62 1890.5885620117188 612.490576171875 2077.4746704101562 792.047998046875 0.7914574032738095 2106.2265747070314 298.61751861572264 2329.7570678710936 437.86609344482423 0.7882719494047619 
63 1887.400653076172 606.6127410888672 2077.934918212891 793.4829010009765 0.7957589285714286 2106.68427734375 299.672053527832 2326.53154296875 435.24454193115236 0.7864118303571429 
64 1879.5176940917968 600.3155364990234 2077.7465881347657 798.5445098876953 0.7741350446428571 2105.7019897460937 296.9010208129883 2325.9564575195313 432.7245590209961 0.7697405133928571 
65 1886.1104125976562 608.9526458740235 2073.5646362304688 796.4067901611328 0.7789015997023809 2105.6550415039064 295.3981628417969 2326.1894409179686 431.3943176269531 0.7582310267857143 
66 1878.1196166992188 601.9710571289063 2076.9558227539064 800.8072631835937 0.7829706101190477 2104.147253417969 291.53734283447267 2332.440393066406 431.4590866088867 0.7722516741071429 
67 1869.6303955078124 602.24287109375 2072.6176513671876 801.539599609375 0.7680199032738095 2105.5498779296877 288.6770477294922 2330.6815673828123 425.23219299316406 0.7587890625 
68 1860.131610107422 610.3155517578125 2074.234722900391 805.96142578125 0.7418154761904762 2102.630419921875 284.04990844726564 2331.498974609375 428.0157043457031 0.7570684523809523 
69 1861.5659301757812 609.3080505371094 2065.5170776367186 802.1344543457031 0.7445824032738095 2098.6055297851562 288.12081451416014 2324.8058471679688 421.616032409668 0.7487211681547619 
70 1860.7140808105469 619.2731658935547 2065.3585510253906 805.313687133789 0.7335146949404762 2096.1267700195312 287.54869232177737 2319.3754272460938 421.49784698486326 0.7398856026785714 
71 1856.1770751953125 619.9776336669922 2064.9191162109373 802.626919555664 0.7292829241071429 2094.882775878906 280.62841339111327 2322.262487792969 422.27481536865236 0.7609514508928571 
72 1844.570379638672 622.7617553710937 2072.9309631347655 813.6862426757813 0.7137741815476191 2084.017687988281 289.86790771484374 2308.634899902344 420.894482421875 0.7430943080357143 
73 1841.4328186035157 619.8389129638672 2066.074627685547 807.0404205322266 0.7187034970238095 2080.0428466796875 285.1802719116211 2308.4283447265625 427.4534255981445 0.7374674479166666 
74 1848.3692749023437 617.6973815917969 2064.663439941406 804.1577209472656 0.7162620907738095 2069.9703857421873 287.23217315673827 2304.9104736328127 428.94205169677736 0.7682524181547619 
75 1857.1549499511718 615.2074920654297 2065.7438537597654 805.1724517822265 0.7326078869047619 2068.3227416992186 288.42759857177737 2284.3610961914064 429.97013702392576 0.7607654389880952 
76 1856.3895202636718 597.6021759033204 2069.9067443847657 811.1193206787109 0.7310035342261905 2056.7959838867187 294.6152770996094 2281.5509399414063 436.9600402832031 0.7638578869047619 
77 1858.8480651855468 583.0920135498047 2054.4687072753904 797.522427368164 0.7640904017857143 2052.153845214844 299.0657501220703 2277.869836425781 442.0193328857422 0.7763671875 
78 1852.16708984375 582.2011810302735 2051.941796875 797.0533966064453 0.7648111979166666 2047.1577392578124 303.85021820068357 2265.7792724609376 443.3156448364258 0.7828543526785714 
79 1842.3155883789063 574.8890716552735 2046.0655151367187 797.5047882080078 0.7825520833333334 2043.7435424804687 305.83461608886716 2262.586291503906 445.4410797119141 0.7750651041666666 
80 1841.0089538574218 576.8494476318359 2045.7797424316407 804.3725372314453 0.7885509672619048 2034.6951782226563 306.0094696044922 2254.634167480469 453.8994659423828 0.7638811383928571 
81 1844.7416137695313 581.8692108154297 2045.4637084960937 812.8889068603515 0.7969447544642857 2032.7910034179688 311.8121826171875 2244.8747680664064 459.5132568359375 0.7565104166666666 
82 1848.793438720703 594.5553649902344 2045.8280212402344 818.1139465332031 0.7697637648809523 2024.8421020507812 314.3056610107422 2237.0331420898438 465.87079162597655 0.7519996279761905 
83 1834.5709655761718 592.4255249023438 2046.8224670410157 816.0477416992187 0.7710658482142857 2018.250146484375 318.36441802978516 2230.501806640625 466.18248748779297 0.7340494791666666 
84 1847.8052734375 602.0451538085938 2051.918603515625 821.2779663085937 0.7511160714285714 2005.1062866210937 321.6073471069336 2231.8988403320313 476.58231964111326 0.7563709077380952 
85 1852.8980285644532 605.2326049804688 2052.5903747558596 819.9960327148438 0.7627418154761905 1993.465264892578 320.62036895751953 2230.8353942871095 490.1704330444336 0.7634393601190477 
86 1839.99228515625 600.9174652099609 2050.916650390625 819.3748321533203 0.7746698288690477 1991.811376953125 330.1637130737305 2217.801904296875 484.5904067993164 0.7565336681547619 
87 1843.0294982910157 610.1784912109375 2051.135662841797 822.0683349609375 0.7572079613095238 1979.6810363769532 331.49083099365237 2214.2734313964843 486.624494934082 0.7672061011904762 
88 1839.8378601074219 607.4828674316407 2051.4647521972656 822.8888366699218 0.7699265252976191 1977.1919250488281 340.0422607421875 2207.7142028808594 479.8671630859375 0.7728562127976191 
89 1843.9498291015625 606.9156463623046 2048.9442138671875 819.5023834228516 0.7700892857142857 1969.3701232910157 339.86815338134767 2200.937860107422 487.9196578979492 0.7799944196428571 
90 1840.20888671875 610.5768676757813 2048.64560546875 819.0135864257812 0.7676943824404762 1959.5862854003906 340.6294372558594 2194.5512878417967 488.4300109863281 0.7542550223214286 
91 1854.7390380859374 616.7902069091797 2045.8053955078126 819.5545806884766 0.7521623883928571 1957.7708740234375 345.4880035400391 2191.7296142578125 481.9639617919922 0.7869698660714286 
92 1849.7128356933595 614.6493225097656 2049.143975830078 817.8433532714844 0.7638113839285714 1952.0334899902343 349.9472396850586 2192.855792236328 489.17272491455077 0.7668340773809523 
93 1854.2275756835938 611.1192291259765 2049.303430175781 821.2010223388672 0.7588588169642857 1946.282647705078 353.85570526123047 2193.8788513183595 492.65970611572266 0.7685314360119048 
94 1854.7781982421875 611.2321380615234 2049.7210693359375 821.1706329345703 0.7648111979166666 1943.8867065429688 359.9114532470703 2191.3142211914064 498.62083435058594 0.7681594122023809 
95 1852.198468017578 611.185400390625 2047.0399353027344 821.014794921875 0.7672991071428571 1941.2606689453125 362.44534759521486 2188.5596435546877 504.82958526611327 0.7623465401785714 
96 1856.1868957519532 614.3220611572266 2047.2565856933593 824.1239227294922 0.7729027157738095 1941.491064453125 358.55393981933594 2192.504052734375 512.1588897705078 0.7853190104166666 
97 1855.9769226074218 617.6235565185547 2046.9536193847657 823.5788970947266 0.7768787202380952 1941.239501953125 359.09920806884764 2192.130615234375 508.88489227294923 0.7835984002976191 
98 1851.4389709472657 617.1231414794922 2049.967156982422 823.1429107666015 0.7795991443452381 1943.3555969238282 361.3993438720703 2194.3249450683593 511.2318817138672 0.7694382440476191 
99 1852.5626403808594 616.8611389160156 2054.9638488769533 826.7586120605469 0.7686941964285714 1945.4019348144532 358.09331970214845 2192.7810485839846 511.76825256347655 0.7787620907738095 
100 1849.8553894042968 620.3011596679687 2056.1400939941404 822.8351928710938 0.7669503348214286 1949.8241638183595 361.3634338378906 2189.864434814453 507.6380310058594 0.7621605282738095 
101 1851.045965576172 616.4876159667969 2053.4573303222655 826.3955627441406 0.7686709449404762 1950.0891052246093 358.1393112182617 2193.732305908203 508.07360992431643 0.7664620535714286 
102 1862.2738037109375 611.7354400634765 2053.0970458984375 825.0085174560547 0.7752278645833334 1947.8997009277343 363.34862518310547 2194.847491455078 509.2723159790039 0.7824823288690477 
103 1866.6115600585938 617.8710144042968 2054.0219848632814 824.0224182128907 0.77294921875 1951.9554565429687 359.10048217773436 2199.337268066406 509.02879028320314 0.7875046502976191 
104 1872.3355407714844 612.0440643310546 2055.718536376953 825.3671295166016 0.7794363839285714 1948.9129699707032 363.59888610839846 2192.1762634277343 509.5568145751953 0.7885277157738095 
105 1872.542742919922 611.4457183837891 2056.097760009766 824.9688934326172 0.7824823288690477 1949.6242980957031 362.335302734375 2189.3697204589844 512.176171875 0.7889694940476191 
106 1868.8070922851562 614.7074127197266 2052.292761230469 820.6606903076172 0.7745768229166666 1948.7399963378907 354.88941192626953 2188.394647216797 515.9074325561523 0.7844122023809523 
107 1865.2662536621094 614.9228149414063 2056.1528137207033 820.7807983398437 0.7714378720238095 1948.9051208496094 364.2942626953125 2188.449005126953 521.494921875 0.7798084077380952 
108 1867.1732116699218 611.6131072998047 2058.2324279785157 825.149771118164 0.7787620907738095 1948.0059814453125 368.2504119873047 2187.7664794921875 518.1007232666016 0.7707403273809523 
109 1860.8754760742188 608.1705535888672 2055.7475708007814 825.5278717041016 0.7831333705357143 1947.9336486816405 370.48997192382814 2187.776190185547 524.1391174316407 0.7736932663690477 
110 1860.7007446289062 611.5265350341797 2055.5595092773438 825.1215972900391 0.7838774181547619 1948.1854248046875 367.2324844360352 2184.2642822265625 524.618376159668 0.7712518601190477 
111 1857.5713928222656 614.2447204589844 2052.7175476074217 824.4021301269531 0.7794363839285714 1944.752001953125 369.1572296142578 2184.932080078125 526.7753265380859 0.7693684895833334 
112 1853.9194702148438 616.9923675537109 2052.730920410156 823.3060333251954 0.7731352306547619 1948.13134765625 368.69454193115234 2180.703125 526.2431716918945 0.7601609002976191 
113 1850.551708984375 614.2298736572266 2052.987353515625 824.1631317138672 0.7849702380952381 1950.904364013672 373.58519439697267 2183.3306213378905 519.788737487793 0.7664620535714286 
114 1856.0233764648438 614.8971099853516 2054.6336059570312 824.7494354248047 0.7826683407738095 1947.257257080078 367.2828765869141 2179.5936950683595 524.6721405029297 0.7752976190476191 
115 1853.0853088378906 614.5215362548828 2055.5344421386717 824.4687591552735 0.7862723214285714 1948.1095886230469 373.4282852172852 2176.8021545410156 523.390592956543 0.7784598214285714 
116 1856.1245056152343 614.6781433105468 2054.708868408203 824.5032531738282 0.7805757068452381 1941.149676513672 372.86049499511716 2177.202984619141 530.2292877197266 0.7805989583333334 
117 1853.6841674804687 614.9073150634765 2055.6891235351563 824.3940155029297 0.7795061383928571 1942.3131225585937 373.47965240478516 2174.244738769531 530.5946578979492 0.77685546875 
118 1856.0331909179688 613.8295227050781 2054.4060180664064 827.1737731933594 0.7776460193452381 1935.209619140625 376.01249237060546 2171.011083984375 529.4706924438476 0.7726236979166666 
119 1851.6021606445313 614.1202453613281 2053.920056152344 823.9313903808594 0.7757161458333334 1937.0540954589844 374.76845092773436 2173.0915344238283 535.8733947753906 0.7655784970238095 
120 1850.7430053710937 610.4977844238281 2053.1478637695313 824.1473571777344 0.7769717261904762 1936.231689453125 376.37697448730466 2172.370849609375 545.0477691650391 0.7733909970238095 
121 1848.830096435547 611.037631225586 2050.863140869141 820.5533721923828 0.7781110491071429 1930.8521545410156 379.36149444580076 2170.2986022949217 551.4637924194336 0.7660900297619048 
122 1858.9101989746093 608.3223571777344 2049.649493408203 825.2416076660156 0.7814127604166666 1930.5452880859375 376.73083648681643 2173.6446533203125 556.250212097168 0.7662760416666666 
123 1858.718896484375 608.2454071044922 2053.266943359375 825.2412261962891 0.7787853422619048 1927.93310546875 376.1404739379883 2171.1181640625 559.4644760131836 0.7642531622023809 
124 1855.124932861328 608.434927368164 2053.3078063964845 821.5750213623047 0.7765764508928571 1927.6097778320313 385.94659118652345 2170.6643920898437 557.9543487548829 0.7483956473214286 
125 1857.7401306152344 613.5289733886718 2051.7878234863283 822.5034973144532 0.7665318080357143 1932.9479064941406 398.0957717895508 2171.776092529297 558.5583724975586 0.7486514136904762 
126 1850.7530212402344 614.0594696044922 2052.179229736328 822.9458404541016 0.7720191592261905 1932.5286437988282 399.14750518798826 2171.2559020996096 555.8123031616211 0.7457682291666666 
127 1854.196112060547 614.1798156738281 2051.8752990722655 823.0483337402344 0.7669038318452381 1935.964776611328 399.2862243652344 2170.9418395996095 555.9376525878906 0.7488839285714286 
128 1850.5952575683593 614.4241638183594 2055.743731689453 823.3025207519531 0.7686476934523809 1936.0977722167968 399.0900390625 2171.0859436035157 559.47880859375 0.7504185267857143 
129 1853.7722900390625 614.7058837890625 2055.0685302734373 823.4574462890625 0.7716238839285714 1935.9252502441407 396.2048400878906 2170.770916748047 560.2239929199219 0.7566034226190477 
130 1850.4151733398437 614.5314361572266 2055.524768066406 823.3703582763671 0.7718563988095238 1935.9014831542968 396.3692932128906 2170.8452209472657 556.7277526855469 0.7529529389880952 
131 1850.9089050292969 616.9043243408203 2052.0431213378906 825.488070678711 0.7734142485119048 1932.5659790039062 392.8486663818359 2170.9474487304688 556.7358673095703 0.7560686383928571 
132 1846.5414794921876 611.1610717773438 2055.1679931640624 827.2384643554688 0.7721586681547619 1935.2362915039062 396.94637908935545 2169.941198730469 557.1416641235352 0.7572312127976191 
133 1846.063623046875 615.2187744140625 2050.837744140625 819.9928955078125 0.7692522321428571 1934.2740600585937 396.9839370727539 2168.833605957031 557.0801193237305 0.7454892113095238 
134 1846.1338012695312 612.382080078125 2047.2031127929688 817.1749267578125 0.7704845610119048 1933.922589111328 400.71502075195315 2168.503558349609 553.3788513183594 0.7430943080357143 
135 1850.3445129394531 611.7194580078125 2051.2200622558594 823.7546630859375 0.7741117931547619 1935.1872253417969 397.82437591552736 2169.5419006347656 554.0607864379883 0.7546270461309523 
136 1853.9902587890624 617.909390258789 2054.5400146484376 825.8869354248047 0.7656947544642857 1936.2671264648438 401.0757064819336 2166.528039550781 557.0588455200195 0.7527436755952381 
137 1860.5781188964843 615.5307769775391 2050.082159423828 823.6136932373047 0.7685779389880952 1935.4650634765626 404.7324157714844 2169.5583740234374 557.0788635253906 0.7542085193452381 
138 1863.5969360351562 615.4896820068359 2049.4604370117186 823.6568634033204 0.7723446800595238 1935.2258422851562 405.03491973876953 2169.4140502929686 553.7257919311523 0.7550223214285714 
139 1860.4244018554687 615.2144439697265 2050.0609497070313 823.4427215576172 0.7714378720238095 1935.3636840820313 400.97951049804686 2169.6204467773437 557.1507385253906 0.7562081473214286 
140 1860.3538940429687 615.4020416259766 2049.914904785156 823.5474822998046 0.7730189732142857 1931.9753295898438 404.54042663574216 2169.8559692382814 556.9326568603516 0.7521391369047619 
141 1860.2893432617188 615.4314239501953 2053.613244628906 823.6263763427735 0.7695079985119048 1936.0745727539063 404.0906707763672 2166.576062011719 560.2369049072265 0.7482096354166666 
142 1851.3119201660156 617.7411651611328 2055.704071044922 825.8494720458984 0.7581845238095238 1933.640478515625 399.91355895996094 2167.762353515625 563.4272003173828 0.7488374255952381 
143 1851.3762939453125 614.9430541992188 2055.7162353515623 826.7135620117188 0.76416015625 1933.6838806152343 404.17273712158203 2167.745928955078 560.2141952514648 0.7460472470238095 
144 1857.913555908203 612.6576080322266 2051.136370849609 820.7436981201172 0.7749720982142857 1932.8016662597656 404.2856384277344 2170.614227294922 560.3502258300781 0.7484886532738095 
145 1861.2085266113281 612.4936279296875 2050.8772888183594 824.47646484375 0.78076171875 1933.2998840332032 404.37289276123045 2167.5964782714846 560.5707412719727 0.7548595610119048 
146 1860.5514099121094 612.110317993164 2050.0954406738283 823.9535858154297 0.7761114211309523 1932.1664001464844 404.1265441894531 2170.0256164550783 560.2216003417968 0.7455822172619048 
147 1854.4690795898437 611.6271759033203 2051.3038696289063 823.3174652099609 0.7729957217261905 1933.0315002441407 407.0789398193359 2167.004998779297 559.3473907470703 0.7397228422619048 
148 1854.3455444335937 614.7194213867188 2047.7938598632813 819.3281860351562 0.7779947916666666 1932.6119445800782 402.8133239746094 2166.9821716308593 559.0600891113281 0.7530459449404762 
149 1854.3923828125 614.3845428466797 2047.9044921875 822.7821441650391 0.7794596354166666 1935.5472778320313 402.83815307617186 2169.9944702148437 559.1363342285156 0.7512788318452381 
150 1854.5318298339844 614.8242614746093 2047.7632141113281 822.9196350097657 0.7761811755952381 1932.7105224609375 406.8717788696289 2166.8177978515623 559.227311706543 0.7475120907738095 
151 1851.4273193359375 614.6771209716796 2051.9364501953123 822.6126129150391 0.7668805803571429 1933.2589782714845 402.7429443359375 2167.186456298828 566.1208251953125 0.7472330729166666 
152 1851.5814331054687 614.8207611083984 2052.104846191406 822.7708526611328 0.7668805803571429 1930.1340270996093 402.87156066894534 2167.791387939453 566.2609466552734 0.7449079241071429 
153 1851.7222778320313 615.269076538086 2052.107312011719 823.0757110595703 0.7734142485119048 1930.2207275390624 400.1835693359375 2167.7138427734376 567.171044921875 0.7472098214285714 
154 1854.8078063964845 615.3785430908204 2051.569757080078 823.2780120849609 0.7736002604166666 1930.0570922851562 403.90946807861326 2167.656530761719 563.5465560913086 0.7452334449404762 
155 1860.3780944824218 615.387890625 2049.8129455566404 819.680224609375 0.7758556547619048 1932.38046875 400.952294921875 2166.3880859375 556.957373046875 0.7543480282738095 
156 1865.4958190917969 621.4053619384765 2051.3893127441406 822.1703826904297 0.77685546875 1930.9875732421874 400.19207153320315 2168.9313720703126 560.0604919433594 0.7537667410714286 
157 1865.7690856933593 617.7022247314453 2051.598468017578 825.8311614990234 0.7754371279761905 1931.6669616699219 396.9940185546875 2165.8121643066406 560.52392578125 0.7517903645833334 
158 1868.8750244140624 618.924349975586 2047.4079345703126 819.7739532470703 0.7797619047619048 1931.1040344238281 400.9082092285156 2165.4285583496094 557.1245056152344 0.74853515625 
159 1868.760675048828 615.6928680419921 2047.5641540527345 820.5719635009766 0.7785760788690477 1931.0839477539062 401.0713226318359 2165.763464355469 553.7993438720703 0.7514415922619048 
160 1868.5856567382812 619.4589416503907 2051.081091308594 820.5763366699218 0.7770414806547619 1931.3273803710938 398.2871917724609 2165.9643676757814 554.7117706298828 0.7516973586309523 
161 1866.4648742675781 613.2658325195313 2048.8719177246094 821.7311157226562 0.7834821428571429 1929.1761840820313 391.3419616699219 2163.6995483398437 562.5812561035157 0.7557431175595238 
162 1866.0572692871094 618.7718994140625 2052.1640441894533 823.489208984375 0.7792736235119048 1929.1903991699219 394.01231842041017 2163.6847229003906 561.5082809448243 0.7538364955357143 
163 1865.7897888183593 615.2159057617188 2052.231085205078 824.0303100585937 0.7794363839285714 1929.0363647460938 393.35069885253904 2163.9526489257814 561.1478973388672 0.7551618303571429 
164 1865.700439453125 615.2204376220703 2052.26123046875 824.1685394287109 0.7762974330357143 1929.41806640625 393.2132064819336 2160.7533203125 561.1178787231445 0.7518833705357143 
165 1869.3812927246095 619.2533172607422 2048.757012939453 821.0509429931641 0.7780877976190477 1929.4605651855468 392.73400421142577 2161.1543029785157 564.6357162475585 0.7527669270833334 
166 1869.130841064453 619.3426940917968 2048.604632568359 821.2506896972657 0.7779947916666666 1929.2431091308595 396.43858642578124 2161.063165283203 560.9561889648437 0.7503255208333334 
167 1866.4851440429688 616.5323883056641 2049.563928222656 822.0289520263672 0.7818545386904762 1929.8586120605469 396.6655014038086 2161.5091857910156 564.7990066528321 0.7603004092261905 
168 1869.6241882324218 616.3581970214843 2049.1281311035154 822.0398742675782 0.7828776041666666 1933.054736328125 399.1698394775391 2161.174267578125 567.4548553466797 0.7634161086309523 
169 1872.8882568359375 617.4378387451172 2048.4669677734373 819.1665924072265 0.7836216517857143 1932.9471374511718 393.43848876953126 2160.8259338378907 569.0171997070313 0.7645321800595238 
170 1869.53203125 616.2549987792969 2048.930126953125 821.8154357910156 0.7822033110119048 1929.1876037597656 396.3196853637695 2164.6477233886717 564.5054794311524 0.7582310267857143 
171 1869.7557312011718 617.0801483154297 2049.1320861816407 818.8784088134765 0.7843424479166666 1933.1412170410156 399.61524353027346 2161.0984069824217 567.7804473876953 0.7679966517857143 
172 1869.687353515625 616.4004577636719 2048.92421875 821.7761779785156 0.7846447172619048 1932.5925842285155 399.5352813720703 2164.107000732422 567.5698822021484 0.7665550595238095 
173 1866.4064514160157 619.259732055664 2049.217205810547 820.7245819091797 0.7810407366071429 1932.556903076172 399.7146789550781 2163.868511962891 563.8712585449218 0.7689267113095238 
174 1870.006787109375 617.0493988037109 2048.94658203125 818.3566680908203 0.7818080357142857 1929.5099304199218 397.2458831787109 2164.3686096191404 565.0019805908203 0.7595331101190477 
175 1872.4626342773438 625.5527282714844 2051.2434204101564 822.9564270019531 0.7689964657738095 1932.3427185058595 393.62490234375 2163.267755126953 564.956396484375 0.7478143601190477 
176 1875.6263610839844 624.9381774902344 2050.3581359863283 821.9762512207031 0.7723679315476191 1928.8179443359375 397.58662567138674 2163.0331298828123 557.4477066040039 0.7413736979166666 
177 1870.1575439453125 617.944790649414 2048.6561767578123 818.7558319091797 0.7805059523809523 1929.5140197753906 389.2433624267578 2163.7934753417967 564.0233001708984 0.7483258928571429 
178 1873.4374267578125 618.2827575683593 2048.1223876953127 818.9846984863282 0.7811802455357143 1929.4739135742188 386.8466064453125 2163.625939941406 561.5315673828125 0.7496279761904762 
179 1870.1244140625 616.6517150878906 2048.44150390625 820.9734069824219 0.7804594494047619 1929.4205322265625 392.3265182495117 2163.4617919921875 559.4988296508789 0.7501162574404762 
180 1873.5314697265626 619.5092742919921 2048.2583251953124 820.2592193603516 0.7782040550595238 1929.5813049316407 388.875553894043 2163.789666748047 556.1672012329102 0.7590448288690477 
181 1866.94619140625 618.6420837402344 2049.265478515625 819.5655578613281 0.7730654761904762 1932.9187866210937 396.82494354248047 2163.6088012695313 560.5403213500977 0.7606491815476191 
182 1870.5474487304687 621.2188751220704 2049.2152465820313 822.2200286865234 0.7726934523809523 1933.252978515625 399.7453247070313 2164.032177734375 559.8017944335937 0.7643926711309523 
183 1876.7887390136718 622.0497894287109 2051.8556701660154 826.9152374267578 0.7811104910714286 1930.5122131347657 394.26234130859376 2161.451531982422 561.8795043945313 0.7698800223214286 
184 1876.7237060546875 621.8265319824219 2051.7850830078123 826.6855529785156 0.7777622767857143 1930.4454284667968 391.18107147216796 2161.3774475097657 558.7929580688476 0.7692057291666666 
185 1873.7517028808593 615.5158538818359 2044.7618469238282 819.9845733642578 0.7770182291666666 1929.3729064941406 393.88890686035154 2163.5825378417967 561.1814666748047 0.7538132440476191 
186 1876.592352294922 616.517611694336 2043.7964416503905 817.1625030517578 0.7811802455357143 1932.1840759277343 392.1497116088867 2162.554327392578 555.6381607055664 0.7532319568452381 
187 1873.7470825195312 616.8331268310546 2044.1762573242188 816.9022857666016 0.7785528273809523 1929.1793151855468 386.981672668457 2162.5932678222657 553.7059188842774 0.75537109375 
188 1874.1812805175782 619.841586303711 2040.9965759277343 816.3128936767578 0.7784133184523809 1929.6437377929688 389.86469116210935 2159.4780883789062 552.9729553222656 0.7556036086309523 
189 1873.7101745605469 615.7644622802734 2044.1185607910156 819.5136749267579 0.7816220238095238 1929.135595703125 388.7907409667969 2162.521142578125 559.1991271972656 0.7581612723214286 
190 1870.3395202636718 612.2729888916016 2044.6225158691407 819.9293426513672 0.7813197544642857 1932.3797119140625 392.06597900390625 2162.2848388671873 555.2245483398438 0.7582775297619048 
191 1870.299462890625 615.5677276611328 2044.420751953125 819.3266204833984 0.7850399925595238 1929.4322570800782 382.88360900878905 2159.1242614746093 553.3001678466796 0.7548363095238095 
192 1866.0413024902343 618.139437866211 2047.7891418457032 822.1422393798828 0.7791108630952381 1932.2351318359374 375.7612579345703 2158.4928955078126 553.800082397461 0.7602771577380952 
193 1865.5973205566406 615.0982940673828 2050.806854248047 822.5331146240235 0.7779947916666666 1931.7028015136718 376.32031097412107 2161.3627502441404 554.121614074707 0.7638113839285714 
194 1861.3899841308594 623.9177978515625 2054.034210205078 823.971484375 0.7693452380952381 1931.209326171875 378.98033905029297 2160.900537109375 553.1011123657227 0.7629743303571429 
195 1865.6043884277344 615.3283264160157 2050.5463684082033 822.4632995605468 0.7801339285714286 1931.6143981933594 370.7781280517578 2160.9423645019533 552.0212493896485 0.767578125 
196 1866.2999755859375 609.2182250976563 2047.4151123046875 823.5995239257812 0.7858305431547619 1935.1066833496093 375.07627563476564 2160.576544189453 548.7990905761719 0.7604631696428571 
197 1866.3994934082032 617.072021484375 2047.7344177246093 816.9105224609375 0.7775530133928571 1935.2897155761718 379.37231597900393 2161.0331604003904 542.2037033081054 0.7486514136904762 
198 1866.4835327148437 613.0856018066406 2047.5386840820313 820.0057067871094 0.7813662574404762 1935.2673889160155 376.6054382324219 2160.662664794922 539.1855773925781 0.7586960565476191 
199 1873.74482421875 616.7718109130859 2043.620166015625 816.1906524658203 0.7807849702380952 1938.7974731445313 376.7304916381836 2160.374157714844 539.2199783325195 0.7654389880952381 
200 1869.8948913574218 619.1888549804687 2047.2209533691407 818.6807739257813 0.7761579241071429 1938.239306640625 372.9498565673828 2163.591259765625 539.193148803711 0.7726934523809523 
201 1861.9483337402344 619.1229064941406 2050.644317626953 818.9187194824219 0.7727864583333334 1937.3698486328126 375.7819137573242 2163.0652099609374 538.5784683227539 0.7703218005952381 
202 1858.5030639648437 619.4083923339844 2050.806262207031 819.1077209472656 0.7729957217261905 1937.159649658203 363.5258041381836 2162.745989990234 537.3382400512695 0.7648809523809523 
203 1858.5666931152343 622.2008422851562 2051.222979736328 818.5620971679688 0.7718563988095238 1936.940203857422 362.57078552246094 2166.645855712891 536.7024688720703 0.7771344866071429 
204 1864.3266174316407 623.7759948730469 2053.624676513672 824.2091125488281 0.7647879464285714 1943.70048828125 361.67113342285154 2162.69208984375 532.4104705810547 0.7725539434523809 
205 1862.2672912597657 623.8635528564453 2050.784588623047 823.4701263427735 0.7626488095238095 1940.8871826171876 366.9624771118164 2162.6723876953124 525.908464050293 0.7659505208333334 
206 1862.6552368164062 626.9105163574219 2051.574499511719 823.2382873535156 0.7601143973214286 1941.4429016113281 366.61246490478516 2163.7005310058594 522.1929244995117 0.7606026785714286 
207 1859.4656982421875 623.5438079833984 2052.4249267578125 823.9246368408203 0.7595563616071429 1941.673193359375 367.35887756347654 2164.318505859375 512.0783782958985 0.7479538690476191 
208 1863.4113159179688 624.4108306884766 2048.6724243164062 820.7877166748046 0.7637416294642857 1945.068701171875 364.9026275634766 2163.676904296875 513.1115936279297 0.7633696056547619 
209 1863.0370239257813 624.7666748046875 2048.7786499023437 817.9379150390625 0.7620907738095238 1944.906268310547 361.29932403564453 2164.081158447266 509.8926010131836 0.7640438988095238 
210 1863.1458129882812 621.4473541259765 2049.1559448242188 818.6180145263672 0.7656482514880952 1945.1333557128905 357.5992233276367 2164.625311279297 510.1274917602539 0.7752046130952381 
211 1859.7709655761719 622.029086303711 2048.8954162597656 818.5702178955078 0.7606724330357143 1947.6297424316406 357.0265655517578 2166.4209167480467 501.6511688232422 0.7624860491071429 
212 1859.4948608398438 621.6484130859375 2048.7334106445314 818.3080078125 0.7629278273809523 1947.4065002441407 356.91424560546875 2166.329705810547 497.91552734375 0.7609514508928571 
213 1865.5618469238282 624.0686981201172 2051.1306579589846 820.771694946289 0.7598586309523809 1950.2098083496094 352.7099212646484 2169.180938720703 501.16501770019534 0.7615094866071429 
214 1859.8056579589843 621.7194244384766 2049.144659423828 818.4835174560546 0.76123046875 1947.7640869140625 346.5639343261719 2166.8032958984377 502.4901428222656 0.7654854910714286 
215 1868.0792419433594 624.2433380126953 2053.3544738769533 820.635140991211 0.7521158854166666 1949.3153747558595 343.0525497436523 2171.645684814453 506.09475860595705 0.7706705729166666 
216 1857.285467529297 621.5240631103516 2057.0562072753905 821.2947235107422 0.7470935639880952 1951.479443359375 342.4997360229492 2173.446826171875 494.1774185180664 0.7826683407738095 
217 1854.6319763183594 625.5058959960937 2054.8718078613283 814.6213012695313 0.7495814732142857 1952.3273803710938 338.4097900390625 2171.1079223632814 494.15191650390625 0.7778087797619048 
218 1856.4194030761719 616.8436218261719 2049.6127014160156 813.7522033691406 0.7698800223214286 1953.4447387695313 334.91279754638674 2172.6448608398437 498.3841079711914 0.7746000744047619 
219 1855.9572875976562 619.6797607421875 2049.3491088867186 813.07158203125 0.7595331101190477 1953.5114379882812 335.02757720947267 2169.217810058594 491.22867889404296 0.7746930803571429 
220 1853.2139465332032 616.7506378173828 2049.4563415527346 812.992953491211 0.7630673363095238 1956.4619384765624 331.3590942382813 2171.2177490234376 483.1691650390625 0.7752511160714286 
221 1855.9779846191407 617.0748962402344 2048.865643310547 813.6718078613281 0.7669038318452381 1958.9845336914063 327.03021240234375 2174.1285034179687 490.24273681640625 0.7740187872023809 
222 1863.2185485839843 617.688101196289 2048.435382080078 814.0180145263672 0.7756696428571429 1959.5313415527344 322.765803527832 2174.382843017578 482.0523422241211 0.7897832961309523 
223 1865.87646484375 617.6618865966797 2050.9423828125 817.5329986572266 0.7725771949404762 1962.1107421875 316.8587127685547 2176.78720703125 483.41795959472654 0.7968982514880952 
224 1855.9741271972657 613.3968292236328 2051.864862060547 816.6796478271484 0.7741117931547619 1961.8802429199218 316.2911712646484 2176.2512268066407 482.6134918212891 0.7956426711309523 
225 1858.6023864746094 613.9673004150391 2054.261749267578 817.0101776123047 0.7811104910714286 1961.543603515625 314.3726379394531 2175.661474609375 480.4985778808594 0.7985258556547619 
226 1858.8110717773438 614.1250091552735 2054.369348144531 817.0626739501953 0.7796688988095238 1962.124822998047 315.53696594238284 2172.4421936035155 474.1973480224609 0.7865048363095238 
227 1855.838604736328 610.2907531738281 2052.006732177734 817.5625183105469 0.7837844122023809 1962.321728515625 314.0457305908203 2173.294970703125 473.20091247558594 0.7964099702380952 
228 1858.8221313476563 613.1677917480469 2051.390026855469 816.8455139160156 0.7854120163690477 1965.3612426757813 313.91822662353513 2172.7420288085937 469.45393524169924 0.7927827380952381 
229 1864.0064697265625 623.918408203125 2056.3436279296875 823.653125 0.7516276041666666 1963.8737548828126 305.39564361572263 2178.4035888671874 479.238786315918 0.7943405877976191 
230 1864.4276428222656 620.5782684326172 2056.727508544922 823.9723297119141 0.7570452008928571 1964.2756652832031 305.3886001586914 2178.7637634277344 479.1981002807617 0.7932012648809523 
231 1861.4514404296874 621.262060546875 2057.3801025390626 820.88759765625 0.7623930431547619 1964.5343811035157 303.33979949951174 2178.946942138672 473.39124908447263 0.7909691220238095 
232 1861.3266479492188 615.4381286621094 2057.0842407226564 822.2763488769531 0.7739722842261905 1967.5869201660157 301.48732299804686 2178.118524169922 471.39011840820314 0.7938523065476191 
233 1856.4525512695313 610.1334838867188 2049.2210327148437 817.7304077148438 0.783203125 1968.3780517578125 302.4451599121094 2179.6820068359375 458.1428527832031 0.7948521205357143 
234 1859.8011352539063 610.4724761962891 2048.636608886719 817.8212860107421 0.7869001116071429 1967.8902404785156 299.02200775146486 2182.6443054199217 465.64159698486327 0.7973167782738095 
235 1859.9983947753906 610.1470947265625 2048.8286315917967 817.4901123046875 0.7861793154761905 1968.51162109375 299.98709564208986 2179.5572265625 455.494319152832 0.8004324776785714 
236 1859.8194396972656 610.5029846191406 2048.5861999511717 814.0750183105469 0.7806454613095238 1971.1434631347656 296.74585876464846 2182.118133544922 455.9021514892578 0.7970842633928571 
237 1856.2990783691407 609.806527709961 2048.850946044922 817.1700958251953 0.7788550967261905 1970.9471923828125 297.19452514648435 2182.0137451171877 449.0142761230469 0.7936430431547619 
238 1856.4095520019532 610.517724609375 2048.9455505371093 817.8642333984375 0.7793666294642857 1971.0481872558594 294.6560394287109 2182.097442626953 450.1659210205078 0.7882254464285714 
239 1859.6531982421875 609.4433074951172 2048.3594970703125 820.350454711914 0.7789946056547619 1970.9415466308594 290.94786376953124 2181.8486145019533 450.0532958984375 0.7859002976190477 
240 1858.3620544433593 613.1674713134765 2054.283575439453 820.1789031982422 0.7828078497023809 1973.2420959472656 290.13856811523436 2183.950164794922 438.00388793945314 0.7771577380952381 
241 1861.6913452148438 608.6546417236328 2054.0776977539062 823.2394622802734 0.7855282738095238 1973.3948974609375 284.9275390625 2184.2799072265625 444.01630859375 0.7892485119047619 
242 1866.4914489746093 613.8052001953125 2047.6737121582032 820.8708251953125 0.7857840401785714 1974.0062683105468 284.15001678466797 2184.7692443847654 439.4491958618164 0.7860863095238095 
243 1864.8743774414063 617.2811309814454 2053.494030761719 820.6943939208984 0.7822730654761905 1976.5384338378906 281.43588104248045 2183.6499206542967 436.76965484619143 0.7917596726190477 
244 1858.2234924316406 617.1626403808593 2054.4836608886717 820.8289367675782 0.7798084077380952 1976.1504943847656 278.05119171142576 2187.2229187011717 433.5781723022461 0.7919224330357143 
245 1863.5916015625 613.8489562988282 2048.727978515625 817.4990661621093 0.7832263764880952 1977.3792419433594 277.18556518554686 2188.434844970703 436.4028747558594 0.7992001488095238 
246 1863.066912841797 612.9313110351562 2052.544293212891 820.9849487304688 0.7805524553571429 1978.0965942382813 275.5586196899414 2186.1502319335937 435.31409149169923 0.7977585565476191 
247 1866.5534545898438 613.3018524169922 2052.5197875976564 817.8648345947265 0.7781343005952381 1978.4193115234375 272.26818695068357 2186.7017822265625 432.19925079345705 0.7980143229166666 
248 1863.6399291992188 613.5089691162109 2049.476770019531 817.9294464111329 0.78076171875 1977.8581481933593 269.42490844726564 2189.712286376953 432.96132202148436 0.7987118675595238 
249 1863.4219482421875 613.9210998535157 2053.1337158203123 818.5122497558593 0.7860398065476191 1978.1646545410156 269.9790557861328 2190.1955749511717 429.93213806152346 0.7947591145833334 
250 1863.5137451171875 612.2873291015625 2049.7406494140623 820.861474609375 0.7834356398809523 1977.9716735839843 268.3406646728516 2190.270147705078 428.4957611083984 0.7864350818452381 
251 1856.5059997558594 605.2435577392578 2050.2204406738283 821.309603881836 0.7943870907738095 1980.8729431152344 268.24918975830076 2189.4885070800783 424.7108627319336 0.7807849702380952 
252 1860.6275512695313 609.4861999511719 2053.744519042969 821.1721252441406 0.7858305431547619 1978.4690063476562 267.38903045654297 2190.1547729492186 423.36820220947266 0.7849934895833334 
253 1860.6854064941406 611.8042022705079 2054.0542175292967 823.7661712646484 0.7822265625 1978.2513244628906 262.6817916870117 2193.9321472167967 426.30163726806643 0.7799711681547619 
254 1860.9631408691407 610.1957214355468 2050.601434326172 818.4259826660157 0.7897367931547619 1981.3820434570312 261.0954025268555 2193.330603027344 420.9864761352539 0.7833891369047619 
255 1860.4192138671874 611.0162567138672 2050.0351318359376 819.2218414306641 0.7932245163690477 1983.6838684082031 262.8152572631836 2195.6075134277344 415.2514846801758 0.7850864955357143 
256 1860.4047607421876 610.8545654296875 2053.7429443359374 819.064990234375 0.7949683779761905 1980.8121643066406 259.35635833740236 2196.458709716797 415.5142166137695 0.7865745907738095 
257 1853.8790771484375 614.7551452636719 2058.0711181640627 822.6597717285156 0.7704380580357143 1983.9622375488282 254.77738342285156 2199.2920349121096 414.41847839355466 0.7676943824404762 
258 1860.1702819824218 611.6618103027344 2053.2163146972657 819.5575500488281 0.7855515252976191 1982.8230285644531 254.55514831542968 2201.8560485839844 414.1894195556641 0.7761811755952381 
259 1856.8516235351562 616.0154327392578 2053.7860717773438 820.381478881836 0.7667178199404762 1985.7594177246094 252.01529693603516 2204.9882629394533 415.5081100463867 0.7702752976190477 
260 1862.9976867675782 614.6697296142578 2052.6677185058593 822.9348236083985 0.7762044270833334 1982.1494384765624 247.4880157470703 2205.2905029296876 414.84389343261716 0.7775530133928571 
261 1860.4900146484374 617.7251129150391 2050.1694091796876 818.5621795654297 0.7764601934523809 1982.5085083007812 246.80596313476562 2205.660681152344 414.1701721191406 0.76953125 
262 1856.6152038574219 614.8239074707031 2058.0890197753906 823.7597106933594 0.7719959077380952 1983.182110595703 243.58973846435546 2207.041888427734 411.4845718383789 0.7763904389880952 
263 1850.8736877441406 610.70859375 2055.773651123047 823.0595947265625 0.7764136904761905 1983.4139526367187 243.75124816894532 2206.941271972656 407.6712982177734 0.7791108630952381 
264 1850.7659851074218 610.9748596191406 2055.2282775878907 819.1546569824219 0.7834588913690477 1986.7406311035156 248.51910095214845 2202.355438232422 400.9364044189453 0.7743675595238095 
265 1854.2879577636718 609.5675994873047 2054.7385314941407 821.154263305664 0.7921084449404762 1986.3512268066406 248.0713317871094 2205.362030029297 400.26527709960936 0.7783900669642857 
266 1854.264141845703 609.9213134765625 2054.536029052734 821.31953125 0.7897832961309523 1985.7817687988281 245.46629791259767 2208.3059997558594 401.2333786010742 0.7805059523809523 
267 1848.08515625 610.9190948486328 2052.168017578125 818.7125579833985 0.7861560639880952 1988.6597473144532 243.42709197998047 2211.2956970214846 395.56164703369143 0.7862723214285714 
268 1853.9733154296875 610.7247894287109 2054.7122314453127 818.8983184814454 0.7881324404761905 1991.9455139160157 242.56063842773438 2211.271160888672 394.9734191894531 0.7834123883928571 
269 1857.456317138672 610.6011413574219 2050.250347900391 818.2255187988281 0.7949683779761905 1991.3568603515625 240.12854461669923 2210.1040771484377 395.8468276977539 0.7813895089285714 
270 1853.737811279297 609.6642150878906 2050.537213134766 817.6031188964844 0.7920619419642857 1987.8412292480468 238.6304443359375 2210.6330139160154 394.58458251953124 0.7806919642857143 
271 1853.6934753417968 609.1791595458984 2050.9480041503907 817.5989776611328 0.7864350818452381 1990.9700256347655 237.7166519165039 2214.276922607422 390.3097457885742 0.7769949776785714 
272 1853.7856018066407 609.3583740234375 2050.900799560547 817.631005859375 0.7898530505952381 1987.6751708984375 231.14899444580078 2214.5435791015625 394.7917709350586 0.7820172991071429 
273 1853.7347106933594 609.5937377929688 2050.654083251953 817.6594360351562 0.7924572172619048 1990.7779479980468 232.1889793395996 2213.7055725097657 391.9536750793457 0.7761811755952381 
274 1850.4232482910156 609.6162292480469 2051.305145263672 817.9382141113281 0.7908993675595238 1990.4969665527344 228.45558319091796 2217.4191711425783 392.1371597290039 0.7759486607142857 
275 1858.9198364257813 612.601611328125 2052.3072143554687 817.145947265625 0.7850167410714286 1989.5135009765625 228.2585578918457 2216.3717529296873 391.8940147399902 0.7723911830357143 
276 1855.4811218261718 611.5453552246094 2052.3173400878904 823.2369934082031 0.7888997395833334 1985.895751953125 225.30094299316406 2216.156982421875 392.42592468261716 0.7835518973214286 
277 1855.395037841797 608.3714569091796 2052.527691650391 820.3821441650391 0.7808547247023809 1982.2867065429687 224.4061134338379 2220.3336547851563 391.78295822143554 0.7768322172619048 
278 1852.7014404296874 609.4873504638672 2053.4606689453126 817.6821441650391 0.7801339285714286 1982.8231994628907 221.55287475585936 2220.760174560547 396.28782348632814 0.7848074776785714 
279 1853.7334777832032 609.3188934326172 2050.5185974121096 820.9557037353516 0.7881091889880952 1983.2574829101563 222.3176696777344 2220.8848510742187 396.82521362304686 0.7923177083333334 
280 1850.1068176269532 605.963168334961 2050.9677673339843 817.9830596923828 0.7852027529761905 1986.8753051757812 221.9810592651367 2217.4935913085938 389.36522369384767 0.7890392485119048 
281 1859.8181396484374 609.7429321289062 2049.8371337890626 818.3913452148438 0.7834588913690477 1983.6314208984375 218.0973793029785 2218.3607666015623 393.21296920776365 0.7760416666666666 
282 1856.6154052734375 609.5363739013671 2050.1846435546877 817.9955474853516 0.7826683407738095 1983.6094665527344 219.10493927001954 2218.126007080078 386.6167709350586 0.7870396205357143 
283 1854.9662658691407 612.8688507080078 2055.629803466797 820.9644622802734 0.7847609747023809 1988.3131286621094 217.4013572692871 2222.4208801269533 384.6210578918457 0.8013392857142857 
284 1852.4144470214844 612.6997131347656 2052.8700988769533 820.5795837402344 0.7810407366071429 1988.4787353515626 217.64230880737304 2222.3435302734374 384.6886390686035 0.7871558779761905 
285 1853.9799194335938 610.000619506836 2050.7874145507812 817.9481719970703 0.7780180431547619 1983.0902038574218 210.24446716308594 2224.4577697753907 392.1985260009766 0.7879464285714286 
286 1853.739239501953 609.5530090332031 2050.586566162109 817.5426940917969 0.7802501860119048 1982.8755432128905 206.85878829956056 2224.292303466797 388.8497230529785 0.7889462425595238 
287 1850.612042236328 609.6573364257813 2050.969622802734 821.1460083007812 0.7792038690476191 1982.4713562011718 204.5181854248047 2227.3529846191404 390.0345489501953 0.7865048363095238 
288 1857.0360534667968 610.2709289550781 2050.0763732910154 821.8727478027344 0.7841099330357143 1978.6857360839845 198.3469581604004 2231.122979736328 391.3872184753418 0.7654854910714286 
289 1853.9928039550782 606.8593902587891 2050.5690856933593 818.2716522216797 0.7809012276785714 1982.5234252929688 194.8765754699707 2227.3166625976564 391.45287704467773 0.7725771949404762 
290 1852.6906494140626 609.366342163086 2053.2175537109374 821.0336212158203 0.7769717261904762 1985.0898498535157 197.74355545043946 2226.464715576172 387.13002548217776 0.7751581101190477 
291 1856.8782775878906 610.3844268798828 2049.8249694824217 818.173129272461 0.7791341145833334 1985.4617858886718 195.8060401916504 2226.6452697753907 385.0421501159668 0.7862490699404762 
292 1857.0389770507813 610.4577606201171 2049.8360229492187 818.0853912353516 0.7824590773809523 1982.2429443359374 192.92093505859376 2226.9469970703126 385.7179809570313 0.7718098958333334 
293 1853.8003051757812 610.3113861083984 2050.3024780273436 817.9364776611328 0.7796688988095238 1985.1345275878907 190.35549087524413 2229.835565185547 379.4425895690918 0.7714611235119048 
294 1853.4538635253907 610.08984375 2049.779412841797 817.528076171875 0.7769484747023809 1990.7962280273437 190.93923950195312 2231.5726684570313 376.1519470214844 0.7863188244047619 
295 1850.6367553710938 607.2621002197266 2050.946252441406 818.6997528076172 0.7842029389880952 1995.1621154785157 190.37880859375 2228.856317138672 379.559912109375 0.7951078869047619 
296 1849.8462768554687 606.6786346435547 2050.0675415039063 818.0234527587891 0.7791108630952381 1990.6001708984375 187.12647094726563 2231.6073486328123 376.22442016601565 0.7828078497023809 
297 1850.1644592285156 606.1457336425781 2050.141815185547 820.9362976074219 0.7792503720238095 1990.3195434570312 184.68329620361328 2234.736364746094 373.55086517333984 0.7905738467261905 
298 1850.2477661132812 610.5834197998047 2049.977087402344 817.7102203369141 0.7818777901785714 1987.3838134765624 183.52667007446288 2231.4975341796876 368.4612907409668 0.7858072916666666 
299 1852.5521240234375 610.6419097900391 2051.9796142578125 821.1486785888671 0.7736932663690477 1983.373046875 184.6568244934082 2230.81103515625 369.31191024780276 0.7937825520833334 
