0 1872.107403564453 509.64037170410154 2095.808489990234 621.4909149169922 0.7737165178571429 1949.0773864746093 784.8483764648438 2130.456427001953 990.4115112304687 0.8555617559523809 
1 1880.2209777832031 505.5675933837891 2107.6202087402344 616.1943084716797 0.765625 1961.181622314453 790.4077758789062 2142.486712646484 993.2233276367188 0.8463309151785714 
2 1885.040478515625 506.73109436035156 2111.793994140625 612.3422088623047 0.7595331101190477 1970.9391784667969 796.68388671875 2157.3119201660156 998.58759765625 0.8609328497023809 
3 1895.3025268554688 498.6082244873047 2124.293908691406 619.2929595947265 0.7995256696428571 1981.2337829589844 803.8905212402344 2166.9025695800783 1001.9372375488281 0.8494466145833334 
4 1899.2441833496093 496.35955810546875 2133.115802001953 639.8007202148438 0.7839239211309523 1985.476788330078 808.548095703125 2178.810687255859 1011.2366943359375 0.8376813616071429 
5 1909.6004150390625 500.41148376464844 2136.8077880859373 642.4160919189453 0.7733677455357143 1994.681817626953 816.3413940429688 2199.7995056152345 1018.3035034179687 0.8443545386904762 
6 1909.0235290527344 500.75750427246095 2148.427764892578 653.9761993408204 0.7792038690476191 2007.117919921875 825.3649536132813 2205.025146484375 1016.8883422851562 0.8505394345238095 
7 1910.8662841796875 505.7419738769531 2156.7103759765623 657.7770690917969 0.7781575520833334 2012.76220703125 826.4836578369141 2216.5537109375 1023.8057098388672 0.8464471726190477 
8 1924.6039794921876 513.2067993164062 2156.1074462890624 653.4131958007813 0.7789248511904762 2020.4158996582032 832.8723205566406 2225.8344665527343 1028.5091491699218 0.8494698660714286 
9 1935.7162170410156 512.5082824707031 2165.302215576172 643.7002136230469 0.7674386160714286 2031.3348754882813 844.5248626708984 2241.2420288085937 1028.1935821533202 0.8552129836309523 
10 1941.03017578125 508.3784606933594 2169.112890625 643.9058410644532 0.7763671875 2039.5609985351562 842.2387329101563 2251.116003417969 1037.2660278320313 0.8644670758928571 
11 1959.3274475097655 511.149560546875 2172.725653076172 647.857763671875 0.7762044270833334 2044.3534423828125 845.7383270263672 2254.4170654296877 1039.130386352539 0.8637462797619048 
12 1957.8430480957031 505.8224182128906 2182.1890563964844 639.7603454589844 0.7622767857142857 2049.15263671875 840.667138671875 2263.4533203125 1041.5739501953126 0.8708147321428571 
13 1974.481378173828 513.0251007080078 2189.4506286621095 644.0220794677734 0.7546502976190477 2054.9657592773438 838.1920837402344 2266.5759887695312 1039.7258850097655 0.8722330729166666 
14 1977.3710510253907 512.0669342041016 2196.023846435547 649.9863494873047 0.7577659970238095 2060.5625244140624 838.8815979003906 2275.8515380859376 1037.3510681152343 0.8760463169642857 
15 1986.9011291503907 513.5797241210937 2209.220330810547 655.0556518554688 0.7396298363095238 2060.2303466796875 835.6576934814453 2275.8126220703125 1037.766195678711 0.8861142113095238 
16 1998.0763732910157 519.4456024169922 2229.995770263672 657.2528228759766 0.7287248883928571 2065.040905761719 835.2645568847656 2276.793322753906 1036.9335632324219 0.8730933779761905 
17 2011.8228515625 518.7806884765625 2220.1732421875 659.9214599609375 0.7598586309523809 2065.7199829101564 834.9255310058594 2277.4311401367186 1036.5551818847657 0.8769763764880952 
18 2010.4254028320313 524.0880554199218 2238.641735839844 654.9768859863282 0.7592308407738095 2064.3814331054687 839.047314453125 2272.4610961914063 1037.058642578125 0.8754650297619048 
19 2017.2413818359375 520.9853332519531 2238.5276611328127 665.1566345214844 0.7751116071428571 2065.2124267578124 839.3743499755859 2273.0873779296876 1040.5435577392577 0.8823474702380952 
20 2015.2279663085938 529.1663696289063 2235.6614379882812 659.4224975585937 0.7831333705357143 2065.1980590820312 842.6033111572266 2275.6117553710938 1039.6574920654298 0.8817894345238095 
21 2021.6810180664063 534.4268310546875 2238.058972167969 667.582568359375 0.7785760788690477 2065.212756347656 842.0934692382813 2281.590710449219 1038.4982055664063 0.8880208333333334 
22 2025.6127075195313 527.5152893066406 2234.2757202148437 659.9996032714844 0.8043619791666666 2065.9949340820312 840.8917388916016 2277.9701538085938 1039.6182098388672 0.8961356026785714 
23 2028.0149291992188 532.6454040527344 2237.277795410156 672.1540344238281 0.7945265997023809 2065.5747924804687 842.9627044677734 2281.4811157226563 1038.9392120361329 0.8880208333333334 
24 2024.2818969726563 534.5305480957031 2235.8330932617187 673.3609313964844 0.7967819940476191 2070.0502075195313 846.2632537841797 2281.6014038085937 1037.9814361572267 0.8880440848214286 
25 2025.4527465820313 536.3601623535156 2233.654919433594 671.8567565917969 0.8092912946428571 2070.8302368164063 842.1808013916016 2282.3369995117187 1037.1637420654297 0.9013904389880952 
26 2032.257763671875 536.1110534667969 2236.527880859375 674.4875793457031 0.7968982514880952 2069.5130981445313 843.5298614501953 2280.3723999023437 1041.2105560302734 0.8891136532738095 
27 2026.3985229492187 538.4194122314453 2240.4513305664063 680.0236419677734 0.8022693452380952 2072.375390625 846.4529571533203 2283.1353515625 1040.7471771240234 0.8925548735119048 
28 2026.7629760742188 540.6922576904296 2237.390588378906 685.4987213134766 0.8049897693452381 2071.951611328125 846.3807250976563 2285.870166015625 1040.5529907226562 0.8868117559523809 
29 2030.1266235351563 547.2257781982422 2240.1670776367187 691.628530883789 0.7995489211309523 2073.0436157226563 844.1097900390625 2283.0840698242187 1041.02265625 0.89208984375 
30 2027.965478515625 554.3870819091796 2237.474951171875 688.6040679931641 0.7981538318452381 2073.291857910156 847.2471496582032 2282.801647949219 1040.3887145996093 0.8914853050595238 
31 2025.2551025390626 557.2177978515625 2241.3210693359374 678.3456787109375 0.7810407366071429 2075.997839355469 846.0612518310547 2288.790002441406 1039.211148071289 0.8812779017857143 
32 2029.7293823242187 558.0140625 2249.003771972656 685.65146484375 0.7861328125 2073.2822265625 847.9046051025391 2286.01123046875 1037.7243621826171 0.8862537202380952 
33 2032.5113159179687 559.4650268554688 2251.5851196289063 690.2553100585938 0.7907598586309523 2073.5090576171874 849.4672668457031 2286.0431884765626 1039.1131774902344 0.8892299107142857 
34 2025.8333251953125 572.3144897460937 2257.8585693359373 683.4251342773438 0.7932477678571429 2073.344592285156 849.8395874023438 2285.761608886719 1039.3812377929687 0.8857421875 
35 2033.4263671875 568.7194763183594 2259.01064453125 686.4156555175781 0.79833984375 2072.658447265625 849.6310791015625 2285.165283203125 1039.2527099609374 0.8873697916666666 
36 2029.3759399414062 568.6926971435547 2265.071081542969 689.813833618164 0.7972935267857143 2069.413684082031 847.4476196289063 2285.467907714844 1040.5868041992187 0.8819754464285714 
37 2037.1009765625 569.3671936035156 2256.11923828125 690.3174987792969 0.8053385416666666 2070.544543457031 850.6206604003906 2283.025036621094 1040.218328857422 0.8836030505952381 
38 2033.44423828125 569.9166473388672 2265.12607421875 697.1785064697266 0.7885277157738095 2070.844677734375 845.6507110595703 2282.947802734375 1041.438217163086 0.8951357886904762 
39 2027.444384765625 572.8797241210938 2261.733837890625 690.0244506835937 0.7999209449404762 2075.128308105469 847.0935455322266 2286.639514160156 1039.0807098388673 0.88525390625 
40 2022.9476318359375 575.3999114990235 2256.7730712890625 692.3125518798828 0.7911783854166666 2072.6605834960938 846.1975860595703 2287.0003051757812 1041.051986694336 0.8748372395833334 
41 2029.1488525390625 566.2375762939453 2251.1905029296877 690.3197357177735 0.8010602678571429 2073.732873535156 849.6924560546875 2279.448034667969 1042.3463623046875 0.8987397693452381 
42 2027.5532836914062 571.0923004150391 2255.0421752929688 691.3363494873047 0.8029436383928571 2071.9260131835936 847.4536315917969 2283.1655395507814 1042.4439514160156 0.8843936011904762 
43 2027.0958251953125 572.0499267578125 2251.0950927734375 695.411865234375 0.8013857886904762 2070.6719360351562 851.3622619628907 2284.9323120117188 1042.8978698730468 0.8839750744047619 
44 2028.375830078125 575.9417205810547 2249.757958984375 696.399526977539 0.8117792038690477 2075.707629394531 851.0413360595703 2277.555798339844 1039.8670501708984 0.8916015625 
45 2031.7233276367188 576.2521209716797 2255.9209594726562 693.2247467041016 0.8018973214285714 2073.213720703125 847.1887268066406 2284.414208984375 1042.1431823730468 0.8859747023809523 
46 2027.4904663085938 573.0790618896484 2253.8755004882814 699.2078643798828 0.8073614211309523 2074.1358154296877 849.219091796875 2284.3505126953123 1040.0293212890624 0.8780226934523809 
47 2027.1770263671874 577.3776794433594 2256.8815673828126 697.0828918457031 0.8148949032738095 2070.9778686523437 847.5232604980469 2287.7411254882813 1041.639825439453 0.8831612723214286 
48 2028.21982421875 575.630581665039 2254.33095703125 704.8368865966797 0.8168247767857143 2071.57841796875 846.4669555664062 2287.99921875 1040.2764526367187 0.8855096726190477 
49 2026.081787109375 579.223681640625 2251.671142578125 701.686474609375 0.7868303571428571 2072.5631103515625 839.3951416015625 2282.0389404296875 1048.8709716796875 0.8832077752976191 
50 2030.6298583984376 579.6011993408204 2255.6206298828124 701.7390716552734 0.7996186755952381 2071.3012817382814 842.2965698242188 2286.6496459960936 1044.7883911132812 0.8896251860119048 
51 2024.717138671875 576.636099243164 2252.929345703125 705.2063690185547 0.7898530505952381 2073.919921875 839.3397918701172 2282.8466796875 1048.2664703369142 0.8872302827380952 
52 2025.0064086914062 576.20126953125 2253.3331909179688 704.8362060546875 0.7941778273809523 2071.01796875 841.8818389892579 2286.48154296875 1047.697689819336 0.8863234747023809 
53 2026.4970703125 580.1372955322265 2255.98388671875 706.1935760498047 0.7968052455357143 2073.488391113281 842.1950439453125 2283.582165527344 1045.824365234375 0.8871605282738095 
54 2029.7063598632812 575.9189239501953 2257.8427124023438 698.0199798583984 0.7852492559523809 2071.477746582031 837.4227569580078 2280.334997558594 1049.492953491211 0.8841378348214286 
55 2029.8841186523437 580.9860717773438 2256.3465942382813 700.6876342773437 0.7844122023809523 2071.9415283203125 842.5376190185547 2278.9925537109375 1046.3537994384765 0.8788364955357143 
56 2031.3790893554688 582.3191589355469 2264.1714477539062 705.1816955566406 0.7883649553571429 2070.923876953125 841.9719451904297 2284.316845703125 1042.431802368164 0.8823009672619048 
57 2031.1367065429688 575.2278015136719 2259.3689086914064 697.3803527832031 0.7879231770833334 2072.9256103515627 837.5837493896485 2281.8707763671873 1043.3143829345704 0.8647228422619048 
58 2026.3089233398437 581.9765441894531 2265.8221801757813 701.7331726074219 0.7759021577380952 2071.6223022460936 841.532339477539 2285.2421997070314 1042.2056365966796 0.8826264880952381 
59 2026.3024169921875 581.994677734375 2262.4358642578127 701.6787841796875 0.7955264136904762 2071.5883666992186 841.3931671142578 2281.8440063476564 1041.944906616211 0.8820684523809523 
60 2023.0007568359374 580.5490875244141 2265.5846923828126 696.9893035888672 0.7861793154761905 2068.6562377929686 844.9031433105469 2282.1301391601564 1042.2046447753905 0.8867420014880952 
61 2022.4495727539063 582.0779541015625 2260.009655761719 704.0681640625 0.7925734747023809 2069.8628662109377 841.6157958984375 2281.7406494140623 1047.0729248046875 0.8821614583333334 
62 2018.7820434570312 581.5555908203125 2265.8788452148438 703.499462890625 0.7942010788690477 2069.7564086914062 843.8336242675781 2281.5538940429688 1046.0037780761718 0.8797200520833334 
63 2023.1319580078125 579.2968933105469 2257.3255615234375 697.9979064941406 0.7793666294642857 2070.5134521484374 837.9218475341797 2279.0422119140626 1046.4505279541015 0.8683965773809523 
64 2022.5270385742188 567.7275634765625 2260.0420532226562 696.1139892578125 0.7729027157738095 2073.1408935546874 834.9936370849609 2278.5593017578126 1043.6216583251953 0.8745814732142857 
65 2017.6391479492188 570.3171173095703 2252.3205688476564 692.4800628662109 0.7680199032738095 2070.0654052734376 837.2704223632812 2279.0283447265624 1046.2333618164062 0.8731166294642857 
66 2015.0687744140625 569.0868225097656 2246.7080810546877 688.1236267089844 0.7899693080357143 2072.1123657226562 830.9183959960938 2281.2311401367188 1040.0371704101562 0.8657691592261905 
67 2022.465802001953 560.1884948730469 2241.006243896484 682.3140686035156 0.7962007068452381 2070.549609375 823.8460968017578 2279.4484375 1039.172640991211 0.8606770833333334 
68 2019.5613220214843 558.2887512207031 2238.465167236328 674.1790222167969 0.7966657366071429 2069.8299560546875 822.3848663330078 2282.2955322265625 1031.6313079833985 0.8482375372023809 
69 2028.1503662109376 548.0685668945313 2240.7885986328124 680.1620239257812 0.7829008556547619 2070.653210449219 813.8664306640625 2280.069689941406 1026.5046630859374 0.8475399925595238 
70 2017.9692138671876 548.4186248779297 2240.5415283203124 680.6716461181641 0.7778087797619048 2069.456201171875 806.7214324951171 2275.899755859375 1022.8422271728516 0.8527948288690477 
71 2027.527001953125 542.6951293945312 2237.480810546875 684.8175659179688 0.7549060639880952 2069.7662963867188 794.639453125 2279.7197875976562 1014.2832763671875 0.8489815848214286 
72 2018.4807922363282 541.4512298583984 2238.1841247558596 680.3813507080079 0.77587890625 2071.7911987304688 790.978646850586 2281.8018188476562 1007.4511016845703 0.8484468005952381 
73 2025.1712646484375 543.8712036132813 2238.6397705078125 682.9489868164062 0.7764834449404762 2078.165234375 784.4584289550781 2285.16484375 994.6923278808594 0.8440522693452381 
74 2022.9994323730468 542.0967346191406 2236.8727600097654 681.4384216308594 0.7734607514880952 2083.9457397460938 781.0216064453125 2288.0974731445312 988.413818359375 0.8303803943452381 
75 2023.95888671875 542.0671875 2238.5591796875 662.3733642578125 0.7846912202380952 2082.2360717773436 777.4271301269531 2290.3335083007814 982.2728210449219 0.8440755208333334 
76 2024.2613647460937 538.1833648681641 2239.441516113281 658.8146209716797 0.7969215029761905 2088.0881958007812 779.571240234375 2293.4872436523438 981.7101318359375 0.8390066964285714 
77 2024.9933349609375 533.2013793945313 2237.3357666015627 650.8063110351562 0.8196847098214286 2093.9733154296873 780.8502136230469 2296.5149658203127 973.5915588378906 0.8419596354166666 
78 2023.949853515625 526.2515655517578 2237.528173828125 637.9694427490234 0.7908296130952381 2100.5347900390625 768.7703430175782 2307.5413818359375 969.2053649902343 0.845703125 
79 2021.8680725097656 515.4590606689453 2236.359344482422 634.2542572021484 0.8041527157738095 2110.4566650390625 765.2334991455078 2305.1488037109375 963.2255462646484 0.8397274925595238 
80 2023.8473022460937 508.79262084960936 2235.453723144531 637.7403381347656 0.8012927827380952 2119.8588256835938 763.1274139404297 2314.9334106445312 958.2022369384765 0.8412155877976191 
81 2028.4515502929687 509.3289306640625 2233.792834472656 638.495166015625 0.7929920014880952 2124.2435791015623 756.0695587158203 2316.3369873046877 954.7868255615234 0.8438197544642857 
82 2012.6965393066407 514.3014770507813 2235.872674560547 637.5478881835937 0.8004557291666666 2129.6654418945313 749.6483337402344 2316.2005249023437 942.8454406738281 0.8310779389880952 
83 2017.59267578125 515.9001983642578 2231.88193359375 646.4826751708985 0.7707170758928571 2131.04755859375 739.9765930175781 2321.89873046875 937.5243835449219 0.8351004464285714 
84 2022.3886108398438 525.0660461425781 2230.0632934570312 645.6513610839844 0.8020600818452381 2135.888220214844 737.7651214599609 2320.115930175781 935.3910675048828 0.8334495907738095 
85 2021.9349975585938 525.4906494140625 2233.3167114257812 649.6355712890625 0.7750186011904762 2138.5948974609373 730.8071807861328 2323.1345947265627 932.123178100586 0.8371233258928571 
86 2019.4187561035155 524.2614501953125 2234.867254638672 642.0847412109375 0.7767159598214286 2139.0546264648438 724.3021392822266 2327.5720825195312 926.2849578857422 0.8286830357142857 
87 2018.688232421875 520.7405883789063 2238.114013671875 642.2686889648437 0.7908063616071429 2138.6583618164063 721.3398010253907 2331.0777221679687 927.2623718261718 0.8416341145833334 
88 2022.1253967285156 522.5515533447266 2238.178192138672 644.0813201904297 0.7737630208333334 2138.3316284179687 715.3631622314454 2337.5055297851563 921.2885101318359 0.8430059523809523 
89 2025.1021850585937 518.5080413818359 2237.571887207031 639.9192657470703 0.7672526041666666 2144.56787109375 711.131625366211 2333.4296875 916.8562286376953 0.8264043898809523 
90 2026.0552856445313 523.1811614990235 2242.160290527344 644.7402862548828 0.7744373139880952 2143.0689453125 707.4679595947266 2335.5375 920.1964080810546 0.8340308779761905 
91 2021.4019287109375 524.3522186279297 2241.1063720703123 642.6546783447266 0.7750418526785714 2143.7342529296875 705.4459167480469 2339.7784423828125 921.7703918457031 0.8340541294642857 
92 2019.329296875 531.3141876220703 2238.897265625 649.5431732177734 0.7750418526785714 2147.1725341796873 707.4882781982421 2339.7166259765627 920.3003570556641 0.8367047991071429 
93 2017.0413818359375 535.1760040283203 2243.5543212890625 660.2652191162109 0.7662992931547619 2148.3722290039063 707.4663269042969 2341.0772338867187 917.0752990722656 0.8380301339285714 
94 2025.3342895507812 532.3507873535157 2238.0902709960938 653.9257019042968 0.7714378720238095 2153.1437255859373 713.0245819091797 2338.8831298828127 912.2723541259766 0.8400995163690477 
95 2020.0079528808594 536.364501953125 2242.4677551269533 657.706298828125 0.7707868303571429 2156.90625 711.5062957763672 2338.9189453125 910.371939086914 0.8503301711309523 
96 2022.1291870117188 540.5831817626953 2238.260217285156 655.4028411865235 0.7629045758928571 2158.899560546875 707.0976257324219 2337.883154296875 909.7203674316406 0.8422386532738095 
97 2022.9984313964844 541.8709228515625 2239.3835266113283 660.2064697265625 0.7571149553571429 2160.3196044921874 705.9802490234375 2336.1325439453126 912.222265625 0.8386346726190477 
98 2022.6147155761719 537.7988037109375 2238.7770080566406 656.0124755859375 0.77001953125 2163.1722045898437 703.9474426269531 2332.0487426757813 913.3545593261719 0.8359142485119048 
99 2025.2560668945312 538.6184265136719 2237.769567871094 656.6815002441406 0.7709728422619048 2162.6504028320314 710.9126708984375 2331.3117553710936 909.9332763671875 0.8416341145833334 
100 2019.8944091796875 535.4270538330078 2241.9385986328125 656.5420013427735 0.7698102678571429 2159.5131713867186 712.4411987304687 2337.8210571289064 914.2995239257813 0.8423316592261905 
101 2024.8120849609375 543.8245330810547 2239.9335205078123 658.1076568603515 0.7553245907738095 2158.7456909179687 714.7321258544922 2333.5318969726563 916.4081939697265 0.8335890997023809 
102 2018.9442932128907 542.2735809326172 2240.536053466797 663.1417633056641 0.7652529761904762 2155.695935058594 716.7318389892578 2333.640734863281 914.821322631836 0.8447963169642857 
103 2013.7284118652344 545.0572113037109 2242.1296203613283 662.6166778564453 0.7604166666666666 2159.8380126953125 716.6165802001954 2331.1390380859375 914.7882659912109 0.8348214285714286 
104 2012.3679748535155 550.7122528076172 2244.555242919922 668.488491821289 0.7689034598214286 2158.7470581054686 720.3876220703125 2333.7287719726564 915.5596435546875 0.8305199032738095 
105 2017.3430786132812 551.0687530517578 2246.1332397460938 672.192904663086 0.7521391369047619 2157.7486206054687 718.9085357666015 2336.0704711914063 910.6884490966797 0.8282877604166666 
106 2014.6785522460937 549.8769348144531 2243.6102661132813 671.0760681152344 0.7779250372023809 2158.1492553710937 724.1654296875 2333.2147583007813 905.964208984375 0.8231956845238095 
107 2024.4571899414063 553.9515594482422 2246.4693237304687 668.3213287353516 0.7640206473214286 2159.26875 725.1181091308594 2334.1873046875 903.4004455566406 0.8366117931547619 
108 2022.7345825195312 552.1978424072265 2244.344274902344 669.7181121826172 0.7490931919642857 2160.6595458984375 729.3822723388672 2328.5455322265625 900.626089477539 0.8394717261904762 
109 2012.9550048828125 551.016748046875 2247.7300537109377 668.4042724609375 0.7716238839285714 2160.0119750976564 730.580923461914 2327.7084838867186 901.6312957763672 0.8397972470238095 
110 2013.2357360839844 550.1399536132812 2248.0734680175783 670.9136352539062 0.7704845610119048 2160.3317626953126 724.2037353515625 2328.0730224609374 902.009521484375 0.8331473214285714 
111 2013.0085693359374 548.7662322998046 2251.1427978515626 669.5103179931641 0.7653459821428571 2160.06865234375 722.7873229980469 2331.12275390625 900.5494689941406 0.8257765997023809 
112 2013.5796813964844 549.5042083740234 2248.350128173828 663.5356475830079 0.7691359747023809 2160.633679199219 722.7442291259765 2328.327014160156 900.4989959716797 0.8359840029761905 
113 2022.854248046875 543.4290802001954 2251.033447265625 674.2965667724609 0.7530924479166666 2158.4968872070312 712.3694488525391 2329.6312866210938 900.2817352294921 0.8408900669642857 
114 2017.3519348144532 544.7808349609375 2252.4013610839843 665.66337890625 0.7573009672619048 2162.3851318359375 712.6732543945312 2326.9195556640625 900.7127319335938 0.8492373511904762 
115 2024.6548461914062 543.3084106445312 2249.8014526367188 667.6431274414062 0.7530226934523809 2166.8253540039063 715.0764190673829 2324.7642456054687 896.5378997802734 0.8371698288690477 
116 2021.2973510742188 544.3730255126953 2249.3962524414064 661.7768157958984 0.7489536830357143 2168.761755371094 705.7709747314453 2326.418176269531 900.3257659912109 0.8365652901785714 
117 2018.85947265625 540.1339416503906 2250.562890625 661.0226745605469 0.7624162946428571 2169.453759765625 716.9465972900391 2327.280615234375 894.9216278076171 0.8510974702380952 
118 2035.4768920898437 545.4699035644531 2243.8421997070313 669.8168395996094 0.7614862351190477 2173.525341796875 715.0574157714843 2328.118701171875 893.1759826660157 0.8496791294642857 
119 2018.1873779296875 545.5523986816406 2246.7886962890625 663.2149353027344 0.7569056919642857 2177.0963134765625 714.805419921875 2328.3768310546875 889.6182861328125 0.8328450520833334 
120 2024.0224365234376 547.9578979492187 2249.5781494140624 665.7856323242188 0.7473260788690477 2177.586706542969 718.2253784179687 2329.079553222656 886.5506225585938 0.8405645461309523 
121 2028.4408935546876 546.8732269287109 2246.9697509765624 667.9045440673829 0.7608816964285714 2178.437121582031 719.8859405517578 2329.726208496094 887.9849700927734 0.8430292038690477 
122 2013.0259704589844 543.6876617431641 2248.151885986328 664.6096405029297 0.7588355654761905 2174.7721313476563 722.0992614746094 2329.2832885742187 886.6874816894531 0.8380068824404762 
123 2015.7377685546876 542.336557006836 2247.1079345703124 666.4045928955078 0.7665783110119048 2174.6272827148437 723.7957916259766 2325.5209106445313 884.7489471435547 0.8421921502976191 
124 2017.884539794922 547.2778686523437 2252.585797119141 667.9814086914063 0.7568126860119048 2174.5668823242186 725.7540832519531 2325.4465454101564 886.6920837402344 0.8267299107142857 
125 2017.3541564941406 549.3572875976563 2251.942108154297 663.2999389648437 0.7504185267857143 2173.5744018554688 724.3959197998047 2327.7319946289062 885.2562408447266 0.8373325892857143 
126 2011.6011047363281 546.6621124267579 2249.2454528808594 663.8107269287109 0.7722284226190477 2173.1633056640626 730.7528198242187 2327.1301513671874 881.3725463867188 0.8255905877976191 
127 2030.02255859375 545.9757476806641 2251.01748046875 666.5184539794922 0.7519996279761905 2177.610241699219 721.2520782470704 2324.940295410156 885.3241546630859 0.8342866443452381 
128 2016.9583251953125 547.877001953125 2257.8575927734373 664.9807861328125 0.7551153273809523 2174.0832397460936 723.0179931640625 2324.6455200195314 883.6175048828125 0.8348679315476191 
129 2014.4603271484375 549.1619903564454 2251.8975830078125 669.5526702880859 0.7669270833333334 2173.3092041015625 727.5614318847656 2327.1414794921875 884.7381286621094 0.8314732142857143 
130 2021.8930053710938 547.7482482910157 2249.4168090820312 664.8559997558593 0.7649507068452381 2174.905163574219 725.468960571289 2325.472521972656 886.0739471435547 0.8223353794642857 
131 2032.8473266601563 544.7599029541016 2253.7867065429687 678.6625213623047 0.7536504836309523 2175.2475830078124 724.1121429443359 2322.5405029296876 888.1428009033203 0.8280552455357143 
132 2020.9512084960938 545.768685913086 2251.377160644531 669.3304962158203 0.7674618675595238 2174.0547729492187 726.4875366210938 2324.3326782226563 886.7839477539062 0.8255440848214286 
133 2021.0334716796874 546.2747375488282 2251.7345947265626 669.9840515136718 0.7664620535714286 2174.319970703125 730.5527069091797 2324.777197265625 884.353482055664 0.8314964657738095 
134 2027.0731323242187 545.5146667480469 2254.364611816406 665.8454406738281 0.7532319568452381 2174.4012451171875 726.3964996337891 2328.1573486328125 883.4950408935547 0.8360072544642857 
135 2022.2077026367188 547.815625 2253.0513305664062 664.910205078125 0.7537899925595238 2175.5887817382813 728.4758544921875 2326.1390014648437 885.717138671875 0.8314964657738095 
136 2028.9697631835938 543.875927734375 2249.747277832031 674.335498046875 0.7604399181547619 2176.0261474609374 729.4012084960938 2326.5563720703126 879.9314331054687 0.8333565848214286 
137 2027.9743041992188 547.8407257080078 2254.9458618164062 674.677767944336 0.7546735491071429 2175.4800659179687 719.9950286865235 2325.6817993164063 890.2235382080078 0.8259858630952381 
138 2031.1640502929688 546.8454345703125 2251.6013305664064 677.1037841796875 0.7540225074404762 2178.3792358398437 722.8355041503906 2325.3373168945313 886.4934753417969 0.8299851190476191 
139 2036.7600463867188 547.9343658447266 2253.652795410156 678.0699676513672 0.7486514136904762 2178.3178100585938 723.7585235595703 2325.1375122070312 887.2621673583984 0.8254278273809523 
140 2030.9585205078124 548.9754302978515 2251.2621826171876 669.1410858154297 0.7584170386904762 2177.699169921875 727.4265838623047 2327.906298828125 880.971548461914 0.82958984375 
141 2024.3852661132812 546.1545318603515 2254.5807983398436 669.5927215576172 0.7566731770833334 2174.3844360351563 727.0774444580078 2327.8482299804687 883.877328491211 0.8310314360119048 
142 2024.8628662109375 547.4471771240235 2255.4154541015623 667.7355010986328 0.7545805431547619 2175.4803100585937 725.6949523925781 2325.8407348632813 882.7380310058594 0.8259626116071429 
143 2019.677508544922 546.7985290527344 2250.233746337891 667.0886779785156 0.7637183779761905 2175.0522705078124 728.00478515625 2328.7563232421876 881.708837890625 0.8309384300595238 
144 2023.2083984375 539.6703704833984 2250.52939453125 676.7314239501953 0.7457217261904762 2176.084265136719 716.5896942138672 2326.517053222656 880.3943756103515 0.8272879464285714 
145 2035.2585693359374 540.5864654541016 2245.9010986328126 681.0147918701172 0.7457682291666666 2178.9018432617186 717.5364471435547 2326.0173461914064 884.713003540039 0.8266136532738095 
146 2023.3368286132813 541.0015106201172 2247.3484741210937 671.3962554931641 0.7586960565476191 2178.4217163085937 722.7054809570312 2328.8773559570313 883.1913696289063 0.8295433407738095 
147 2025.9174194335938 538.9773223876953 2253.1174926757812 669.2833587646485 0.7608816964285714 2175.7565307617188 729.4245727539062 2329.4507446289062 879.7776977539063 0.8380301339285714 
148 2022.4585327148438 540.2120544433594 2249.609094238281 670.4896057128906 0.7566499255952381 2177.789404296875 721.367153930664 2328.109521484375 885.0491668701172 0.8316592261904762 
149 2018.8917846679688 547.8976043701172 2252.5220336914062 664.7128082275391 0.7666248139880952 2177.426623535156 731.8493804931641 2327.617565917969 878.7028045654297 0.8318684895833334 
150 2023.7897705078126 543.7907287597657 2247.5998779296874 667.3873718261718 0.7604631696428571 2175.7801879882813 728.2863342285157 2329.4407592773437 878.6066101074218 0.8437034970238095 
151 2024.7118041992187 543.2180847167969 2251.863635253906 670.1558166503906 0.7545805431547619 2174.9042846679686 721.4190643310546 2325.2253540039064 885.1018707275391 0.8421456473214286 
152 2019.3599792480468 543.5737670898437 2249.8032287597657 667.1448608398438 0.7621140252976191 2175.0442138671874 724.6915161132813 2325.3332275390626 881.6601684570312 0.8373093377976191 
153 2020.1215393066407 546.6097045898438 2247.464276123047 663.6243041992187 0.7623465401785714 2175.198034667969 724.5747894287109 2328.988732910156 881.7087188720703 0.8449590773809523 
154 2017.4340698242188 540.1674407958984 2247.9831665039064 663.7952667236328 0.7555338541666666 2178.33017578125 720.9827239990234 2328.68837890625 881.3647491455079 0.8407970610119048 
155 2027.4757934570312 543.3714630126954 2255.236364746094 670.6493499755859 0.7520461309523809 2178.070947265625 728.7488647460938 2328.794775390625 879.4726928710937 0.8354957217261905 
156 2023.0444946289062 544.7945068359375 2253.6818237304688 671.812060546875 0.7560918898809523 2176.2883911132812 726.4502075195312 2326.7040405273438 883.5508911132813 0.8312174479166666 
157 2011.980859375 544.8747100830078 2249.39462890625 668.5972747802734 0.7684616815476191 2175.958386230469 723.2564361572265 2329.775744628906 883.7614471435547 0.8380533854166666 
158 2031.7942016601562 547.0396606445313 2249.0468627929686 674.0489624023437 0.7632765997023809 2172.429833984375 729.4547576904297 2329.520361328125 879.8604888916016 0.8440290178571429 
159 2033.5870361328125 541.3552520751953 2251.1624755859375 675.2477142333985 0.7536039806547619 2174.818005371094 729.9633575439453 2328.794055175781 880.5923675537109 0.8218470982142857 
160 2017.7658264160157 545.2820281982422 2252.084637451172 665.7887115478516 0.7574404761904762 2174.1929565429687 726.8145874023437 2324.8263305664063 880.7953979492188 0.8259161086309523 
161 2019.3778747558595 542.4136383056641 2250.175958251953 666.1749237060546 0.7664620535714286 2174.9157470703126 729.7280181884765 2328.7810302734374 880.2484832763672 0.8334728422619048 
162 2019.4426391601562 546.2561096191406 2250.1967651367186 666.6494079589844 0.7658575148809523 2174.5650146484377 730.9621185302734 2331.7450439453123 878.1095977783203 0.8405412946428571 
163 2016.0305297851562 545.7780059814453 2249.9457885742186 666.077279663086 0.7639973958333334 2173.9876342773437 729.9541381835937 2331.0448364257813 880.3282104492188 0.8364722842261905 
164 2024.7687133789063 546.2848327636718 2248.6914916992187 669.9436828613282 0.7608584449404762 2177.221325683594 728.3024597167969 2327.617297363281 878.6982727050781 0.8351934523809523 
165 2019.3528381347655 545.8543762207031 2250.149969482422 669.6151062011719 0.7607189360119048 2174.5039916992187 730.980923461914 2331.7135375976563 878.1558563232422 0.8404715401785714 
166 2019.4562866210938 544.16083984375 2246.9267700195314 667.9315673828125 0.7702520461309523 2177.579150390625 728.9163269042969 2328.111279296875 879.4482971191406 0.8346586681547619 
167 2011.4577880859374 542.5822265625 2249.1921142578126 666.47197265625 0.7695545014880952 2175.656848144531 730.4773773193359 2329.681774902344 877.8057647705078 0.8392159598214286 
168 2027.6774658203126 540.045034790039 2248.8723388671874 667.3997283935547 0.7615559895833334 2177.589733886719 728.1123962402344 2328.404650878906 878.9271545410156 0.8331938244047619 
169 2023.4596069335937 550.8452362060547 2248.523059082031 668.4158111572266 0.7659040178571429 2176.688830566406 728.2346923828125 2327.850964355469 876.037646484375 0.8271019345238095 
170 2025.111767578125 545.5016235351562 2249.922900390625 666.2956176757813 0.7661830357142857 2178.169079589844 730.8223083496093 2329.161730957031 878.4594299316407 0.8390764508928571 
171 2026.2270874023438 541.5399322509766 2247.626672363281 672.3671112060547 0.7673688616071429 2179.2455810546876 730.1684875488281 2326.8457275390624 881.1228942871094 0.8264043898809523 
172 2028.9413696289062 546.3942138671875 2250.290808105469 667.1304443359375 0.7690894717261905 2176.3786010742188 728.2724487304688 2327.2988891601562 882.5465209960937 0.8270554315476191 
173 2020.269061279297 546.6592956542969 2254.868756103516 670.6618713378906 0.7672293526785714 2176.883544921875 729.1828521728515 2327.697509765625 879.9968963623047 0.8371000744047619 
174 2014.2489868164062 545.7686889648437 2252.324499511719 666.4830200195313 0.7591145833333334 2176.4911254882813 730.5803070068359 2327.3841186523437 881.4732208251953 0.82421875 
175 2023.2495361328124 543.9424865722656 2247.9330810546876 671.3750183105469 0.7641834077380952 2178.7995727539064 720.6454620361328 2329.7065307617186 881.6128997802734 0.8293573288690477 
176 2017.6510375976563 545.5742858886719 2248.9942260742187 662.9222961425781 0.7657180059523809 2179.101220703125 730.3652313232421 2329.977392578125 877.8884918212891 0.8340308779761905 
177 2017.0853942871095 544.4998077392578 2251.685723876953 665.1513763427735 0.7700427827380952 2178.8563720703123 729.2153289794921 2329.6709716796877 880.0298492431641 0.8297061011904762 
178 2020.4693969726563 545.0303771972656 2251.6665893554687 665.6550476074219 0.7666713169642857 2179.2404174804688 727.1271789550781 2330.0210571289062 877.9079772949219 0.8314034598214286 
179 2020.7133056640625 546.8095855712891 2248.3980224609377 660.6520233154297 0.7725306919642857 2179.371533203125 730.9664245605469 2326.696826171875 878.2918762207031 0.8296595982142857 
180 2020.4226013183593 547.1422943115234 2247.961798095703 667.6042266845703 0.7720191592261905 2178.5932006835938 731.9535491943359 2329.1707153320312 879.1848175048829 0.8347749255952381 
181 2026.9378051757812 548.0090942382812 2247.7045288085938 668.4273071289062 0.7677873883928571 2176.559948730469 732.7532379150391 2327.082873535156 879.9310272216796 0.8244280133928571 
182 2024.2371215820312 546.5927978515625 2248.3998413085938 667.0383056640625 0.75927734375 2176.8531494140625 731.3788391113281 2327.4100341796875 878.5900329589844 0.8182663690476191 
183 2017.8390075683594 547.6703491210938 2251.7880676269533 667.9869995117188 0.7815290178571429 2176.2043579101564 735.2151458740234 2329.9423706054686 878.9266387939454 0.8326822916666666 
184 2019.3392028808594 545.1750457763671 2246.765411376953 662.2327301025391 0.7632533482142857 2180.00390625 729.1228912353515 2330.5068359375 879.6255828857422 0.8252185639880952 
185 2018.4919677734374 545.3441619873047 2249.5358642578126 672.5857086181641 0.7614164806547619 2181.9227294921875 724.7444091796875 2335.9517822265625 882.12216796875 0.8303338913690477 
186 2029.514599609375 541.696142578125 2250.282275390625 672.1496826171875 0.7603469122023809 2181.710546875 735.703890991211 2332.2337890625 879.5372589111328 0.8313337053571429 
187 2023.0923828125 544.8106811523437 2251.12685546875 662.1813842773438 0.7645089285714286 2184.1869995117186 731.8298828125 2335.0920532226564 882.7349365234375 0.8414946056547619 
188 2026.6394653320312 548.3904541015625 2251.3163452148438 672.465869140625 0.7583937872023809 2184.764685058594 736.9541931152344 2335.667199707031 881.1499328613281 0.8350074404761905 
189 2020.7393981933594 547.5373229980469 2252.1303527832033 664.9094543457031 0.76513671875 2181.835974121094 734.5589019775391 2336.096398925781 885.4659393310546 0.8345424107142857 
190 2018.7170043945312 548.2729888916016 2250.121130371094 662.2982391357422 0.76513671875 2182.4025756835936 731.9516906738281 2336.6718872070314 886.2211608886719 0.8401692708333334 
191 2021.6756225585937 549.6022399902344 2249.6805786132813 656.8987365722656 0.7442801339285714 2185.3286376953124 729.50439453125 2336.2143310546876 887.0960693359375 0.8399600074404762 
192 2023.5598510742188 547.0408569335938 2248.545861816406 671.2870239257812 0.7646949404761905 2184.0981201171876 732.1185241699219 2338.5664306640624 886.5866760253906 0.8333798363095238 
193 2022.10439453125 543.1661956787109 2247.19736328125 667.4713165283204 0.7758091517857143 2188.275183105469 733.8879669189453 2339.456994628906 885.069857788086 0.8282645089285714 
194 2022.3119873046876 541.8230499267578 2247.5947509765624 672.9577728271485 0.7618582589285714 2186.036340332031 733.481478881836 2337.345739746094 884.7907989501953 0.8170107886904762 
195 2017.7723510742187 543.3531921386718 2249.951525878906 674.5847961425782 0.7546735491071429 2184.9826782226564 735.1532104492187 2336.4037963867186 886.5743286132813 0.8251720610119048 
196 2016.7416687011719 544.9303680419922 2249.3443908691406 676.4013580322265 0.75634765625 2180.8860107421874 727.7451019287109 2339.3254150390626 892.9265899658203 0.8188011532738095 
197 2022.150732421875 544.6488861083984 2252.127587890625 679.9294219970703 0.7515578497023809 2183.8367919921875 731.4401153564453 2342.7916259765625 893.776742553711 0.8222191220238095 
198 2018.9627014160155 542.4484100341797 2252.171942138672 681.0221099853516 0.7699497767857143 2183.925048828125 726.1300384521485 2339.398193359375 895.1223419189453 0.8212890625 
199 2020.437255859375 543.033236694336 2247.791259765625 678.7669952392578 0.7867838541666666 2181.882116699219 735.6707000732422 2344.762658691406 898.5511627197266 0.8346819196428571 
200 2022.7012084960938 543.2509857177735 2246.379602050781 682.2026885986328 0.7661365327380952 2183.1605224609375 738.6436645507813 2349.2247314453125 901.3188598632812 0.8281715029761905 
201 2024.254443359375 541.7142517089844 2248.311474609375 677.5063293457031 0.7542317708333334 2184.98525390625 739.6573669433594 2351.3306640625 902.6078918457031 0.8211495535714286 
202 2018.7611083984375 542.0822479248047 2253.2720947265625 681.429409790039 0.7532784598214286 2186.4744873046875 746.6584411621094 2349.6124267578125 902.9991516113281 0.8310081845238095 
203 2022.12060546875 542.266714477539 2249.8681640625 671.4368377685547 0.7663690476190477 2189.46669921875 748.3113555908203 2349.22958984375 904.6751556396484 0.8307059151785714 
204 2022.4754028320312 540.1750793457031 2249.9579467773438 682.7759704589844 0.7587658110119048 2189.6267944335937 747.5471130371094 2349.2040161132813 903.7291320800781 0.8234979538690477 
205 2023.2483032226562 543.9882263183594 2251.0825073242186 669.8071838378906 0.7615792410714286 2190.6581176757813 749.3268890380859 2350.4822631835937 909.1509552001953 0.8226376488095238 
206 2024.4728149414063 541.0449890136719 2249.0049682617187 677.1249328613281 0.7613699776785714 2188.1613647460936 747.2584442138672 2354.8593872070314 910.5543609619141 0.8214750744047619 
207 2024.7986450195312 541.5275573730469 2249.4882202148438 677.7030334472656 0.7586728050595238 2188.6022338867188 747.88583984375 2355.4170532226562 911.2964111328125 0.8265438988095238 
208 2029.3065185546875 545.2261047363281 2247.6246337890625 674.8523864746094 0.7662062872023809 2190.4210693359373 759.8704467773438 2354.1594970703127 916.7864135742187 0.8338681175595238 
209 2023.7244262695312 546.1298004150391 2248.8519897460938 672.3377899169922 0.7645554315476191 2193.4882934570314 757.3509948730468 2357.2175170898436 917.6691467285157 0.8336356026785714 
210 2021.991796875 545.0328674316406 2250.8197265625 678.2312927246094 0.7544642857142857 2192.3647338867186 760.3309509277344 2356.3015258789064 917.4368713378906 0.8367280505952381 
211 2025.2545532226563 545.1999938964843 2254.2300659179687 681.9016906738282 0.7487444196428571 2192.7143798828124 755.3788696289063 2360.1738037109376 916.0034545898437 0.8285202752976191 
212 2027.5609252929687 548.5164947509766 2250.136096191406 678.6374969482422 0.7532319568452381 2194.953173828125 761.7411163330078 2359.316845703125 915.831820678711 0.8252883184523809 
213 2030.9435302734375 549.6201019287109 2246.6629150390627 676.3125762939453 0.7645786830357143 2194.9059814453126 761.6521697998047 2359.2639404296874 922.585806274414 0.8304268973214286 
214 2027.7908569335937 548.3739044189454 2254.1136840820313 675.2518890380859 0.75244140625 2195.818408203125 766.3877685546875 2360.416943359375 924.127978515625 0.8346354166666666 
215 2035.2123168945313 547.5633148193359 2247.7981811523437 677.8577667236328 0.7456287202380952 2196.366174316406 763.3140350341797 2360.948522949219 921.038931274414 0.8314964657738095 
216 2027.9091430664062 545.5726257324219 2244.237585449219 679.4902404785156 0.7690894717261905 2197.6173706054688 769.95732421875 2362.4390258789062 927.9114501953125 0.8304501488095238 
217 2027.9384887695312 547.9991149902344 2251.4435913085936 682.1020812988281 0.7621605282738095 2198.6750244140626 773.0910705566406 2363.7248779296874 927.8251892089844 0.8341238839285714 
218 2024.9024536132813 548.0623504638672 2248.288220214844 675.220425415039 0.7697870163690477 2198.5880493164063 768.8044982910156 2360.1133666992187 930.3296569824219 0.8475167410714286 
219 2028.8076782226562 548.7688385009766 2245.2643432617188 672.4583953857422 0.7827613467261905 2199.0127685546877 771.7006530761719 2360.4965087890623 933.1842346191406 0.8521670386904762 
220 2026.6250244140624 544.3044982910156 2246.6303466796876 674.9324401855469 0.7728562127976191 2202.602893066406 770.3914031982422 2364.168835449219 935.3951568603516 0.8533296130952381 
221 2031.0328491210937 542.6119995117188 2247.818957519531 683.6950073242188 0.7724376860119048 2204.5411376953125 770.1182189941406 2362.8294677734375 935.2885192871094 0.8449125744047619 
222 2034.2063842773437 539.5404296875 2247.5038208007813 680.5920166015625 0.7638346354166666 2204.2356689453127 778.3753601074219 2365.9288818359373 936.6283020019531 0.8510044642857143 
223 2028.8611206054688 546.0610290527344 2252.787072753906 676.9714416503906 0.7787155877976191 2206.0142578125 778.731787109375 2364.484765625 937.202294921875 0.8424944196428571 
224 2037.5491821289063 545.9346588134765 2254.612683105469 687.1983367919922 0.7579055059523809 2205.9786743164063 776.7801879882812 2364.4698120117187 938.7165161132813 0.8407273065476191 
225 2032.6047119140626 544.059927368164 2249.8703857421874 675.1089569091797 0.7723214285714286 2206.496875 779.2319274902344 2365.1349609375 941.3188537597656 0.8448893229166666 
226 2037.9090576171875 548.2610809326172 2245.0235595703125 682.8855865478515 0.7732979910714286 2208.512890625 787.9033264160156 2363.84892578125 939.7873474121094 0.8506091889880952 
227 2028.4364868164062 550.716064453125 2257.491979980469 675.6553955078125 0.7731352306547619 2210.3727172851563 790.850552368164 2366.5469604492187 940.0837127685547 0.8543759300595238 
228 2027.6360107421874 548.8968048095703 2246.3464111328126 670.4024505615234 0.7787388392857143 2211.0962646484377 788.7035583496094 2367.3177978515623 937.9818664550781 0.8663969494047619 
229 2037.235498046875 543.8443420410156 2249.271337890625 679.4082214355469 0.7518601190476191 2209.8321533203125 790.9074554443359 2362.7757568359375 940.3753204345703 0.859375 
230 2033.1927368164063 547.5438385009766 2247.533093261719 671.9995574951172 0.7752511160714286 2203.6544677734373 791.2696197509765 2369.5955322265627 946.8393280029297 0.8492838541666666 
231 2033.9781372070313 543.5502349853516 2244.230603027344 677.9739959716796 0.7606491815476191 2209.6304443359377 796.0919921875 2368.1815673828123 947.749560546875 0.8526320684523809 
232 2041.4973876953125 541.3634033203125 2248.8429443359373 683.0494384765625 0.7640206473214286 2205.7788818359377 789.2475646972656 2371.6552001953123 948.2123962402344 0.8531203497023809 
233 2034.9721923828124 546.524771118164 2250.2739013671876 671.5387664794922 0.7671130952380952 2209.2702880859374 797.4876708984375 2372.4831298828126 946.8099365234375 0.8650483630952381 
234 2033.8786254882812 549.5519012451172 2252.581091308594 671.0532623291016 0.7698335193452381 2208.1196044921876 800.432177734375 2374.7500244140624 946.2337158203125 0.8600725446428571 
235 2041.3791625976562 546.4284790039062 2245.4413940429686 674.3997680664063 0.7764834449404762 2208.06103515625 792.9261901855468 2374.07763671875 952.0255920410157 0.8621186755952381 
236 2033.6302490234375 546.7810974121094 2244.7374267578125 671.3689270019531 0.7779017857142857 2206.535754394531 801.8134063720703 2372.652966308594 954.0874114990235 0.8519577752976191 
237 2037.1459716796876 549.1106628417969 2252.0122314453124 680.8027893066406 0.7615559895833334 2207.626110839844 806.0969085693359 2377.439562988281 951.6514434814453 0.8558872767857143 
238 2025.3019409179688 545.3448913574218 2253.9937133789062 677.0160705566407 0.7672526041666666 2208.015417480469 801.4906341552735 2377.802209472656 953.9520538330078 0.8679780505952381 
239 2029.2392822265624 547.3702606201172 2255.8906005859376 665.9263092041016 0.7594866071428571 2210.828564453125 803.1240844726562 2374.714892578125 960.0365600585938 0.8632579985119048 
240 2029.564892578125 544.0667266845703 2248.428271484375 672.6055755615234 0.7762044270833334 2209.6796264648438 811.5664825439453 2372.9588012695312 960.9494476318359 0.8547712053571429 
241 2042.3546020507813 542.9525604248047 2244.088513183594 675.1230621337891 0.7640206473214286 2206.4975463867186 808.096240234375 2376.9279907226564 961.135693359375 0.8644205729166666 
242 2033.825927734375 547.6323638916016 2249.817626953125 673.0468963623047 0.7651832217261905 2210.9605712890625 809.7165374755859 2378.1800537109375 963.0009307861328 0.8673967633928571 
243 2029.3612060546875 546.5597198486328 2252.0845947265625 671.841586303711 0.7808314732142857 2209.3867919921877 811.0437042236329 2379.9095947265623 964.1660736083984 0.8684895833333334 
244 2039.9842529296875 546.1755249023438 2248.8760986328125 671.5106323242187 0.7479771205357143 2210.8470703125 816.931494140625 2377.960546875 963.1557861328125 0.8696754092261905 
245 2034.3411010742188 546.4489379882813 2247.679162597656 672.3534301757812 0.7585797991071429 2211.764111328125 815.7446166992188 2379.636767578125 962.6331909179687 0.8678850446428571 
246 2038.5052368164063 548.733432006836 2254.438854980469 674.1141632080078 0.7652762276785714 2209.832238769531 816.5070617675781 2380.489294433594 966.2674743652344 0.8664667038690477 
247 2033.1226806640625 549.4325073242187 2249.2381591796875 667.9473754882813 0.7672526041666666 2209.9567626953126 813.5437957763672 2380.7575927734374 966.9161041259765 0.8644670758928571 
248 2039.8111450195313 546.4206634521485 2252.621716308594 672.0137237548828 0.7639741443452381 2207.93955078125 817.3314392089844 2382.3744140625 967.3454406738281 0.8750930059523809 
249 2037.4248901367187 547.17607421875 2250.4112915039063 672.872998046875 0.7727632068452381 2211.466906738281 814.8191223144531 2382.554333496094 971.9402770996094 0.8790457589285714 
250 2035.3123413085937 546.3368743896484 2249.2001098632813 672.5656524658203 0.7663922991071429 2212.787878417969 818.2143646240235 2384.599572753906 972.4940704345703 0.8674432663690477 
251 2031.8272705078125 543.6191986083984 2251.8338623046875 672.8294708251954 0.7386532738095238 2215.166357421875 817.08291015625 2382.790185546875 974.23056640625 0.8764183407738095 
252 2032.7163330078124 543.4383758544922 2249.3510498046876 672.7203765869141 0.7721586681547619 2212.66279296875 819.3385620117188 2383.87431640625 980.0675659179688 0.8656296502976191 
253 2031.4058227539062 548.641488647461 2244.6315307617188 667.4885772705078 0.7762509300595238 2213.7098876953123 824.2483001708985 2384.9893310546877 978.0503448486328 0.8732561383928571 
254 2027.357666015625 545.2540954589844 2250.877685546875 670.9841857910156 0.7661365327380952 2213.400671386719 826.8034423828125 2384.533166503906 980.47353515625 0.8666062127976191 
255 2021.9622924804687 550.1477111816406 2249.241076660156 669.0318542480469 0.7648344494047619 2214.005908203125 828.5303497314453 2385.339306640625 982.3804779052734 0.8677455357142857 
256 2031.51376953125 547.5924987792969 2252.0833984375 673.6323547363281 0.7652064732142857 2214.9179565429686 832.9327117919922 2386.4719360351564 983.4803131103515 0.8638160342261905 
257 2028.5171142578124 548.0084747314453 2259.6943115234376 670.602426147461 0.7457449776785714 2215.9107299804687 833.4771759033204 2387.5421508789063 980.5899017333984 0.8621186755952381 
258 2035.9552978515626 542.2560943603515 2249.4504638671874 671.7531219482422 0.7435360863095238 2213.105078125 831.672494506836 2384.6009765625 996.1687530517578 0.8555152529761905 
259 2033.6447509765626 541.3044860839843 2247.3176513671874 670.9095031738282 0.7394438244047619 2219.4297607421877 824.7648315429688 2387.5658447265623 996.4038696289062 0.8507021949404762 
260 2026.9576904296875 542.8489471435547 2254.6995361328127 665.4792388916015 0.7629510788690477 2216.69755859375 831.7712615966797 2388.380078125 996.4462066650391 0.8583054315476191 
261 2024.2840454101563 543.6736358642578 2251.954479980469 673.270639038086 0.7785063244047619 2216.6588623046873 834.5259887695313 2388.2874267578127 988.6413696289062 0.8741164434523809 
262 2028.5654418945312 547.006704711914 2245.9006225585936 669.6958709716797 0.7648809523809523 2220.2841674804686 831.4838043212891 2388.5437133789064 989.2269500732422 0.8644205729166666 
263 2028.233935546875 546.9375152587891 2245.613232421875 673.1578826904297 0.7868768601190477 2216.8900634765623 828.3711059570312 2388.6900146484377 993.1588012695313 0.873046875 
264 2036.1290405273437 541.9368743896484 2246.446887207031 664.6223907470703 0.7625325520833334 2212.742224121094 826.6750854492187 2388.007043457031 1005.4453979492188 0.8717447916666666 
265 2033.4944213867188 544.7933227539063 2243.810998535156 663.9727905273437 0.7682989211309523 2212.802880859375 833.0350646972656 2388.066748046875 1001.2884216308594 0.8706984747023809 
266 2037.0132934570313 545.3366577148438 2247.595837402344 664.6668823242187 0.7569754464285714 2213.8485717773438 827.328564453125 2389.3342895507812 1006.3239013671875 0.8812546502976191 
267 2029.371484375 549.8132202148438 2243.37509765625 665.5855834960937 0.7636253720238095 2214.6343383789062 835.600927734375 2390.0470581054688 1000.488916015625 0.8663736979166666 
268 2026.2790893554688 545.0877166748047 2243.914514160156 664.4362701416015 0.7706938244047619 2214.75244140625 833.3334442138672 2390.26513671875 1005.335806274414 0.8843936011904762 
269 2029.2046508789062 544.2693878173828 2243.1095581054688 663.4949554443359 0.7763904389880952 2214.3822021484375 838.4221466064453 2389.7139892578125 1003.2340423583985 0.8828822544642857 
270 2023.611376953125 546.4782897949219 2244.608837890625 669.2544982910156 0.7748558407738095 2214.656701660156 837.6334045410156 2393.559362792969 1009.5201599121094 0.8993210565476191 
271 2028.4420043945313 542.6865356445312 2246.330700683594 669.2026245117188 0.7750883556547619 2217.5404052734375 840.5940948486328 2389.7427978515625 1009.2821868896484 0.8917875744047619 
272 2030.1040161132812 539.6125732421875 2246.4362670898436 674.376806640625 0.7923177083333334 2211.926794433594 838.7401092529296 2389.248254394531 1005.4221832275391 0.8861374627976191 
273 2027.3363159179687 539.3078460693359 2247.340686035156 674.1491241455078 0.7879696800595238 2211.992468261719 838.1969299316406 2392.963830566406 1008.5227966308594 0.8965308779761905 
274 2022.6897033691407 537.8971466064453 2239.302362060547 676.3872161865235 0.7831798735119048 2212.5330078125 840.1442413330078 2393.63544921875 1010.5934906005859 0.8946242559523809 
275 2028.8431762695313 543.2993469238281 2241.8733764648437 674.6680603027344 0.7802966889880952 2212.3768920898438 838.8106353759765 2397.0032348632812 1012.7853729248047 0.9050176711309523 
276 2029.1775756835937 536.2955535888672 2242.3163208007813 674.8356109619141 0.7962937127976191 2213.214709472656 841.3842071533203 2394.382214355469 1011.8950286865235 0.8973911830357143 
277 2031.4263061523438 542.4497436523437 2242.847375488281 669.3025756835938 0.7849702380952381 2213.573693847656 840.7434967041015 2396.805456542969 1013.4042694091797 0.8966703869047619 
278 2029.204541015625 537.3369171142579 2242.304248046875 672.3002288818359 0.7888997395833334 2212.3883666992188 841.1409057617187 2400.6265258789062 1018.7242065429688 0.8978097098214286 
279 2025.9630004882813 536.1101135253906 2242.544079589844 674.5799499511719 0.7868536086309523 2215.3690795898438 843.7754028320312 2399.9954223632812 1014.1998168945313 0.8963448660714286 
280 2028.876220703125 541.7227722167969 2252.853271484375 673.2647766113281 0.7664388020833334 2214.293212890625 849.7936096191406 2395.607666015625 1013.3322448730469 0.8917178199404762 
281 2028.7797485351562 543.8750732421875 2252.731726074219 678.95732421875 0.7710425967261905 2210.6211669921877 845.6224426269531 2399.0253173828123 1019.8073669433594 0.8950892857142857 
282 2020.3681518554688 541.2778228759765 2249.7937133789064 678.9331756591797 0.7772274925595238 2215.7194946289064 846.7261779785156 2399.2597534179686 1019.6777526855469 0.89599609375 
283 2033.3123779296875 541.2858306884766 2250.4117431640625 672.9689910888671 0.7774832589285714 2211.810266113281 855.162631225586 2400.437536621094 1018.8768585205078 0.89306640625 
284 2024.5078002929688 541.8542205810547 2248.7981079101564 677.1404693603515 0.7858305431547619 2212.1010498046876 849.9453155517579 2400.7895751953124 1020.8331878662109 0.8938802083333334 
285 2026.7491455078125 542.3680633544922 2244.2103271484375 677.8358551025391 0.7875511532738095 2214.1826171875 854.0262390136719 2399.5595703125 1021.5784973144531 0.8933454241071429 
286 2024.2454711914063 541.8426879882812 2241.702526855469 677.3077026367188 0.7953404017857143 2211.263916015625 859.390170288086 2400.201904296875 1023.3741729736328 0.8858119419642857 
287 2030.7349365234375 544.4979888916016 2241.1210205078123 676.4350555419921 0.7699497767857143 2211.4968139648436 861.7229431152343 2400.4878051757814 1025.7528869628907 0.8867885044642857 
288 2030.202783203125 543.4320739746094 2245.748876953125 670.6395812988281 0.7831101190476191 2212.044091796875 859.276416015625 2406.389013671875 1028.88642578125 0.8798595610119048 
289 2033.5464721679687 549.6153625488281 2243.9811157226563 678.0162292480469 0.7801339285714286 2212.0183349609374 867.3252838134765 2397.4860595703126 1024.2597381591797 0.8758835565476191 
290 2024.7590454101562 546.3633422851562 2242.3798706054686 678.3628540039062 0.7871558779761905 2211.9183715820313 863.738525390625 2400.9988647460937 1027.8460693359375 0.8785574776785714 
291 2020.2546325683593 545.0517181396484 2237.980352783203 684.2535186767578 0.7866675967261905 2215.74111328125 866.1492584228515 2404.9126953125 1030.3359100341797 0.8836960565476191 
292 2029.4400634765625 546.9075408935547 2239.9442138671875 675.350698852539 0.7720656622023809 2212.6361572265623 863.0752685546875 2405.3008544921877 1034.3328125 0.8871372767857143 
293 2023.7556396484374 547.1586975097656 2237.8576416015626 675.6198669433594 0.7722516741071429 2212.4674072265625 863.3707824707031 2408.7274169921875 1034.6522888183595 0.8796270461309523 
294 2029.627294921875 545.3152465820312 2243.760400390625 680.9329223632812 0.7801804315476191 2212.875695800781 865.1424163818359 2409.164587402344 1036.4490753173827 0.8817894345238095 
295 2027.0678588867188 547.7674407958984 2241.1511352539064 672.6492462158203 0.7762509300595238 2213.01845703125 866.2846832275391 2409.261328125 1037.5511932373047 0.8887881324404762 
296 2027.5154541015625 551.8179443359375 2234.3595458984373 676.6376220703125 0.7793898809523809 2215.705126953125 867.4333709716797 2408.284130859375 1038.614663696289 0.8889276413690477 
297 2020.4317443847656 545.1306396484375 2237.9026062011717 680.6042236328125 0.7943638392857143 2215.6892822265627 874.0792053222656 2404.6393310546873 1034.5084411621094 0.8803013392857143 
298 2031.2072998046874 549.0528778076172 2238.1618408203126 673.9391265869141 0.7701125372023809 2217.5760131835937 877.8742279052734 2403.1214965820313 1031.3058868408202 0.8860909598214286 
299 2034.9833129882813 546.13427734375 2242.1419311523437 674.715576171875 0.7824358258928571 2218.788525390625 878.0278778076172 2404.517138671875 1035.1827545166016 0.8924386160714286 
