0 1548.7226196289062 405.6733856201172 1699.5876831054688 570.4644927978516 0.8648390997023809 1312.9622924804687 281.4104995727539 1433.6544067382813 455.4856491088867 0.8894624255952381 
1 1553.613214111328 402.4180847167969 1697.3585876464845 567.0297912597656 0.8705589657738095 1313.7402893066405 279.8064254760742 1434.300848388672 456.01049957275393 0.8902529761904762 
2 1549.5699157714844 399.5033233642578 1700.2466125488281 566.406771850586 0.8718843005952381 1312.053533935547 278.6944915771484 1434.9128967285155 457.1884429931641 0.8933221726190477 
3 1553.1579956054688 398.1126510620117 1701.6103149414062 565.1215103149414 0.8683733258928571 1315.4915283203125 279.5470596313477 1436.1090576171875 453.51461639404295 0.8923223586309523 
4 1553.4805847167968 398.05340576171875 1699.8491271972657 563.0083618164062 0.8670944940476191 1314.8946166992187 279.0284713745117 1438.0299438476563 453.2766738891602 0.9000883556547619 
5 1553.3963256835937 397.44793090820315 1699.6879028320313 564.6383728027344 0.8714425223214286 1313.1493835449219 276.69928588867185 1436.2201232910156 453.1780944824219 0.8928803943452381 
6 1551.518408203125 398.4280746459961 1700.150048828125 563.3163406372071 0.8762323288690477 1313.2968505859376 279.71923980712893 1436.3823486328124 451.5746139526367 0.88720703125 
7 1554.970703125 397.03567962646486 1698.63720703125 563.8742630004883 0.8742327008928571 1314.961981201172 278.5909591674805 1437.7737365722655 452.3811782836914 0.8888113839285714 
8 1554.7552795410156 397.9041412353516 1698.5241394042969 564.8615447998047 0.8773949032738095 1314.5756713867188 281.4263580322266 1437.4748657226562 453.0215179443359 0.8895554315476191 
9 1559.6585510253906 397.71375885009763 1698.491473388672 566.6271530151367 0.8697451636904762 1316.1668762207032 281.75268096923827 1436.4887634277343 452.9799545288086 0.8916248139880952 
10 1559.2439697265625 400.6363983154297 1695.9052001953125 567.4095611572266 0.8639787946428571 1312.9151306152344 280.45640258789064 1437.9949035644531 454.1784240722656 0.8935081845238095 
11 1563.3092834472657 401.9881301879883 1695.2721374511718 568.6780990600586 0.8818824404761905 1315.0551635742188 280.087223815918 1437.7575805664062 453.7225601196289 0.8911365327380952 
12 1566.5126098632813 403.1586624145508 1696.1314331054687 567.4968246459961 0.8738606770833334 1314.752880859375 281.28490753173827 1435.113330078125 452.56692962646486 0.8971121651785714 
13 1565.7478576660155 406.35425262451173 1695.721990966797 564.1799575805665 0.8724655877976191 1315.3512939453126 281.557666015625 1433.7204833984374 453.30921630859376 0.89208984375 
14 1566.0555236816406 403.37927398681643 1696.004901123047 563.4954513549804 0.8709542410714286 1313.3861145019532 280.39150085449216 1436.3740173339843 454.4308258056641 0.8915550595238095 
15 1564.9958923339843 404.48710174560546 1694.8770324707032 562.1998184204101 0.8733956473214286 1314.5110473632812 281.5639221191406 1435.1149291992188 453.19248657226564 0.8972051711309523 
16 1565.47373046875 404.08783264160155 1695.43056640625 564.2132537841796 0.8849283854166666 1315.1104309082032 279.3077880859375 1433.4639099121093 453.35718994140626 0.9022274925595238 
17 1564.0729919433593 403.0165054321289 1698.6888488769532 563.1631515502929 0.8855329241071429 1313.9443237304688 282.0585342407227 1434.6345336914062 453.8099655151367 0.8974376860119048 
18 1566.779608154297 403.09554290771484 1698.0083557128905 564.2536087036133 0.8899042038690477 1314.859423828125 281.6071517944336 1434.57685546875 451.97423858642577 0.8989955357142857 
19 1567.220635986328 402.9664505004883 1698.1659606933595 566.0738021850586 0.8969494047619048 1315.8444519042969 282.00546112060545 1435.3033752441406 452.0047012329102 0.8965308779761905 
20 1565.1556762695313 400.04527893066404 1698.4466186523437 565.5097137451172 0.8989722842261905 1315.7216735839843 282.8413314819336 1435.2237609863282 452.90198516845703 0.9000651041666666 
21 1556.5204223632813 398.9058212280273 1698.9995971679687 566.6635452270508 0.8861607142857143 1314.9598327636718 279.9374481201172 1436.7565979003907 452.2913116455078 0.8935314360119048 
22 1555.3126342773437 395.35876617431643 1697.7645141601563 565.382048034668 0.8878115699404762 1315.8309143066406 280.47821655273435 1435.306658935547 450.5014587402344 0.8942057291666666 
23 1553.2273193359374 393.83128967285154 1700.7201904296876 568.9790740966797 0.8804175967261905 1315.3241638183595 278.33658905029296 1435.162042236328 455.78892974853517 0.8877650669642857 
24 1556.0306335449218 392.17327270507815 1701.0026916503907 567.0602478027344 0.8675362723214286 1314.4105407714844 280.6562744140625 1436.371075439453 455.5432495117187 0.8860444568452381 
25 1558.3203186035157 388.8405014038086 1699.4942565917968 573.9866775512695 0.8648856026785714 1313.001531982422 279.5330413818359 1435.6609436035155 455.4219146728516 0.8882533482142857 
26 1550.35009765625 391.4476318359375 1700.995849609375 572.2225341796875 0.8717680431547619 1312.8824768066406 279.9341247558594 1435.7167663574219 453.75612182617186 0.8956008184523809 
27 1552.3562744140625 391.0539855957031 1703.5155517578125 567.7941589355469 0.86083984375 1312.290087890625 278.62364807128904 1435.5431640625 453.0382781982422 0.8940894717261905 
28 1546.3970092773438 391.61608123779297 1706.6242309570312 568.0981826782227 0.8610723586309523 1313.1119995117188 279.3499053955078 1436.1851196289062 453.5098358154297 0.8981584821428571 
29 1551.9953735351562 393.26688690185546 1707.8852416992188 570.0971572875976 0.8553989955357143 1312.34375 280.7791519165039 1435.65966796875 455.2827682495117 0.8957170758928571 
30 1549.4310302734375 394.2201354980469 1709.8045654296875 573.1877014160157 0.8647228422619048 1312.3569702148438 278.27557373046875 1435.5424438476562 454.9189453125 0.8962983630952381 
31 1553.269952392578 394.1747741699219 1711.1134704589845 579.8730773925781 0.8668852306547619 1312.665625 279.18467864990237 1435.6908203125 455.59806671142576 0.8914388020833334 
32 1551.6915466308594 394.76085510253904 1712.030010986328 585.3080535888672 0.8701869419642857 1312.88193359375 278.12668762207034 1436.0404296875 457.0551361083984 0.8929501488095238 
33 1555.82119140625 397.1833740234375 1711.683447265625 585.6138671875 0.8750697544642857 1312.6331420898437 280.9577575683594 1435.9271606445313 453.1041320800781 0.8931826636904762 
34 1552.1085510253906 396.7571502685547 1715.5583190917969 585.8918365478515 0.8788364955357143 1312.4122436523437 279.5583068847656 1436.1671020507813 457.0179870605469 0.8909272693452381 
35 1550.5197265625 397.40502014160154 1713.983935546875 588.8916717529297 0.8793015252976191 1312.5984802246094 280.46524200439455 1436.3642883300781 457.94067230224607 0.8829985119047619 
36 1546.8279602050782 399.3548156738281 1714.9248474121093 590.7983825683593 0.880859375 1313.090838623047 280.91479949951173 1436.8287170410156 456.0156509399414 0.8783249627976191 
37 1545.7272216796875 397.73426666259763 1718.5396240234375 593.8997360229492 0.8844633556547619 1312.196826171875 279.801448059082 1438.303173828125 454.9491928100586 0.8830915178571429 
38 1545.9349487304687 398.94694366455076 1721.0391723632813 597.3983627319336 0.8804640997023809 1313.0014343261719 279.2475341796875 1436.7418518066406 456.68642578125 0.8765578497023809 
39 1550.63388671875 399.464599609375 1718.870263671875 595.740478515625 0.8824404761904762 1311.0405517578124 279.6680023193359 1437.2179931640626 454.9143341064453 0.8763950892857143 
40 1550.3526000976562 399.63708038330077 1720.5475463867188 604.8036849975585 0.8803478422619048 1311.5594055175782 278.8506057739258 1437.4570739746093 458.3714096069336 0.8688151041666666 
41 1552.3159545898438 400.3133377075195 1720.3476196289062 605.6852890014649 0.8833240327380952 1310.9501525878907 280.21383209228514 1439.3075378417968 452.91296844482423 0.8750465029761905 
42 1552.2598510742187 402.58055267333987 1722.8375610351563 610.5449661254883 0.8812081473214286 1313.1997009277343 278.73656311035154 1437.0435852050782 453.9874969482422 0.8807663690476191 
43 1550.5965454101563 401.1915008544922 1723.7215698242187 616.4280670166015 0.8882068452380952 1313.314471435547 280.07590637207034 1437.3094299316406 453.2010101318359 0.8819521949404762 
44 1545.0054321289062 402.4661209106445 1722.7255249023438 615.2626083374023 0.8843703497023809 1313.7712829589843 281.13795776367186 1437.7078430175782 454.18125610351564 0.8787667410714286 
45 1541.4353759765625 404.7291854858398 1724.0568115234375 615.4462600708008 0.8868117559523809 1312.2579772949218 281.4507034301758 1436.3468811035157 452.3656723022461 0.8786969866071429 
46 1538.7988159179688 403.515119934082 1726.2346313476562 616.7232528686524 0.8871140252976191 1311.5331115722656 280.1499954223633 1438.0522155761719 453.5280136108398 0.8822544642857143 
47 1544.8477844238282 403.6187240600586 1727.6464782714843 616.8837478637695 0.8869977678571429 1311.5723205566405 280.22064208984375 1438.125067138672 453.64495849609375 0.8811151413690477 
48 1544.580255126953 401.7899642944336 1729.4425720214845 614.7325271606445 0.8876720610119048 1311.9275146484374 280.10852203369143 1438.2890380859376 455.6106246948242 0.8835100446428571 
49 1533.9238403320312 398.62994689941405 1730.5434448242188 611.6345184326171 0.8859979538690477 1311.5564453125 280.5141204833984 1437.95478515625 456.06736145019534 0.8853469122023809 
50 1534.3006591796875 399.58021087646483 1733.1124267578125 605.4089553833007 0.8889276413690477 1312.6389770507812 281.01280364990237 1436.6039428710938 454.0960525512695 0.8841378348214286 
51 1536.5031433105469 397.37738647460935 1735.7203674316406 601.2820373535156 0.8859747023809523 1312.5866149902345 279.8302276611328 1436.804376220703 455.6100799560547 0.8829520089285714 
52 1532.8561096191406 395.24206390380857 1734.8837585449219 594.9205642700196 0.8904157366071429 1312.577294921875 280.7657775878906 1434.73349609375 454.6034851074219 0.8794642857142857 
53 1524.5170471191407 392.0186401367188 1737.0570495605468 592.7508911132812 0.9011811755952381 1311.4319763183594 278.48231506347656 1434.2329406738281 455.59898376464844 0.8812546502976191 
54 1520.9824096679688 386.01864166259764 1743.6667602539062 587.3822067260742 0.8925548735119048 1310.416259765625 276.0431564331055 1431.234375 451.3479263305664 0.8733491443452381 
55 1525.993359375 381.32813262939453 1750.718798828125 575.3015975952148 0.8874395461309523 1306.6360595703125 274.33338317871096 1429.6434814453125 449.3826202392578 0.8575381324404762 
56 1525.075506591797 377.62103271484375 1752.9473205566405 555.6458129882812 0.8846028645833334 1305.237615966797 267.0630737304688 1428.6682678222655 437.96689453125 0.8577008928571429 
57 1523.5853271484375 371.2409957885742 1760.3560791015625 548.2210708618164 0.8755580357142857 1305.027764892578 261.6862319946289 1427.0006774902345 431.491471862793 0.8563755580357143 
58 1518.4247680664062 365.574951171875 1765.9900268554688 541.7271728515625 0.8855794270833334 1305.6504943847656 256.5327423095703 1429.433123779297 425.5436126708984 0.8672805059523809 
59 1530.1771484375 355.4364761352539 1774.627294921875 535.807389831543 0.8775809151785714 1311.0118469238282 252.1978515625 1429.6769958496093 425.448876953125 0.8628394717261905 
60 1541.569757080078 348.90970001220705 1780.1237243652345 532.5963119506836 0.8755580357142857 1317.053662109375 247.24893341064453 1433.9451171875 421.39343109130857 0.8608630952380952 
61 1546.9844116210938 343.6022094726562 1783.8310180664062 516.500146484375 0.8765113467261905 1324.0753662109375 243.39788970947265 1440.1302001953125 416.29586639404295 0.8521437872023809 
62 1554.2301818847657 338.8494186401367 1784.6769226074218 503.45426177978516 0.8749534970238095 1334.726904296875 239.5438430786133 1445.247216796875 418.25770111083983 0.8487025669642857 
63 1560.8604858398437 332.84553985595704 1787.3712036132813 493.9716293334961 0.8736979166666666 1340.5470092773437 238.27154235839845 1452.6348754882813 425.08441467285155 0.8714657738095238 
64 1567.4430114746094 326.81397552490233 1792.213360595703 482.0677688598633 0.8593517485119048 1357.0215454101562 237.5118438720703 1458.9791870117188 425.20672302246095 0.8584216889880952 
65 1571.3191955566406 318.12734375 1800.457049560547 471.6496948242187 0.8425409226190477 1371.6166931152343 231.58375244140626 1467.8546203613282 417.18541259765624 0.8399600074404762 
66 1578.543701171875 312.7517623901367 1803.4951171875 470.2178726196289 0.8277529761904762 1387.8538818359375 224.32851791381836 1495.8306884765625 413.2878303527832 0.8323335193452381 
67 1574.2133361816407 312.32512817382815 1805.5646179199218 468.76264038085935 0.7990606398809523 1412.606427001953 219.19138870239257 1531.5870544433594 404.2724021911621 0.8057338169642857 
68 1575.5380920410157 309.0726318359375 1806.4742370605468 463.75628662109375 0.802734375 1434.6804321289062 217.73721923828126 1550.1484252929688 394.2072998046875 0.8211030505952381 
69 1573.1272766113282 307.34362030029297 1811.8132751464843 453.5656509399414 0.7999906994047619 1466.7690185546876 220.255525970459 1580.7361083984374 390.1310859680176 0.8026646205357143 
70 1572.9818237304687 303.0553314208984 1821.1888305664063 450.6957061767578 0.8219866071428571 1497.3510986328124 220.42939147949218 1602.1972412109376 385.18749084472654 0.7895275297619048 
71 1599.0065490722657 292.1331954956055 1835.3439147949218 440.38123931884763 0.8265206473214286 1519.1806396484376 224.53738861083986 1630.9038330078124 385.6765701293945 0.7751581101190477 
72 1618.607958984375 283.6855926513672 1854.969921875 429.80030822753906 0.8165690104166666 1539.434881591797 214.84309005737305 1659.7647033691405 384.59399795532227 0.7631138392857143 
73 1628.570001220703 274.4495590209961 1871.4467224121095 417.5732986450195 0.8048037574404762 1560.427801513672 211.64527130126953 1671.0234924316405 378.6229476928711 0.7154017857142857 
74 1647.24501953125 265.2395812988281 1893.7232421875 407.0190856933594 0.7903413318452381 1580.8855041503907 206.34656219482423 1689.9466491699218 378.66317291259764 0.7211216517857143 
75 1667.7788635253905 254.64232788085937 1904.990301513672 399.1256164550781 0.7997814360119048 1596.8642944335938 202.14061889648437 1715.4699340820312 370.3450988769531 0.6980561755952381 
76 1692.6589111328126 241.68235931396484 1920.5537353515624 387.1009353637695 0.7932012648809523 1612.4365356445312 197.93991775512694 1725.2988159179688 360.721932220459 0.6744326636904762 
77 1710.1728149414062 232.5282829284668 1934.6611694335938 374.19573135375975 0.7759951636904762 1625.2562377929687 195.30914611816405 1742.9490844726563 354.4125946044922 0.6781529017857143 
78 1725.266864013672 228.2566246032715 1943.6229064941406 361.4538398742676 0.7662527901785714 1639.6880676269532 191.63996658325195 1755.4167907714843 351.03994979858396 0.6887090773809523 
79 1736.7591186523437 220.7135009765625 1950.5707153320313 355.9820556640625 0.7660667782738095 1649.06962890625 185.80550231933594 1764.70234375 347.2550445556641 0.7041713169642857 
80 1750.829852294922 220.6940559387207 1952.2947814941406 349.89442977905276 0.7716471354166666 1662.0572448730468 184.8986457824707 1771.5490783691407 346.94655380249026 0.6976609002976191 
81 1758.3504211425782 219.93808364868164 1965.2251403808593 349.7850456237793 0.7684616815476191 1664.9858032226562 181.33949356079103 1786.0295776367188 337.5960380554199 0.6938941592261905 
82 1766.3855773925782 216.1488510131836 1965.8113220214843 347.6382888793945 0.7675316220238095 1675.1016784667968 181.3378791809082 1789.0590881347657 336.93371200561523 0.6780133928571429 
83 1769.9432006835937 215.04559860229492 1973.3922485351563 344.11548843383787 0.7608816964285714 1675.7069030761718 177.35112609863282 1791.6511291503907 341.4230438232422 0.6894298735119048 
84 1775.4510375976563 214.26404190063477 1977.2579467773437 345.8772392272949 0.7737165178571429 1678.7659484863282 173.09272994995118 1797.2178161621093 339.8027931213379 0.6956612723214286 
85 1772.7873779296874 215.40047073364258 1982.8300537109376 343.63711166381836 0.7738095238095238 1681.7121826171874 168.54477233886718 1796.6828369140626 334.3680084228516 0.6970331101190477 
86 1773.7017150878905 215.0850517272949 1984.681463623047 346.94743423461915 0.7950846354166666 1677.8478637695312 162.76273727416992 1796.5239624023438 323.19528579711914 0.7057756696428571 
87 1771.7894653320313 217.57708435058595 1988.0633178710937 346.46759338378905 0.7940848214285714 1672.8949829101562 157.41697616577147 1799.6008666992188 312.5224922180176 0.6829427083333334 
88 1767.4372680664062 217.92367553710938 1987.4067260742188 347.3174743652344 0.7942475818452381 1667.2401123046875 148.3330421447754 1792.3206787109375 305.76215744018555 0.6908482142857143 
89 1769.1931762695312 221.17782440185547 1988.0619506835938 352.06994781494143 0.8115001860119048 1666.8563903808595 144.1776123046875 1799.894219970703 298.6732177734375 0.7009858630952381 
90 1767.7392150878907 222.22870407104492 1985.0748718261718 352.2039283752441 0.8147321428571429 1668.7416442871095 139.70345077514648 1792.324639892578 288.8553413391113 0.7100771949404762 
91 1762.62490234375 222.03546981811525 1981.443212890625 351.6268989562988 0.8324265252976191 1663.266094970703 138.1197196960449 1780.1107360839844 286.8311622619629 0.7348400297619048 
92 1761.089825439453 223.49589462280272 1978.9161560058594 352.49984817504884 0.8350539434523809 1652.664727783203 139.3098175048828 1766.8649353027345 278.88787536621095 0.7359095982142857 
93 1757.3350646972656 223.46624374389648 1973.260272216797 348.3642158508301 0.8257998511904762 1652.7920349121093 132.60177001953124 1758.6377746582032 282.902685546875 0.7263997395833334 
94 1755.3877014160157 223.26589813232422 1972.9683776855468 352.12439117431643 0.8248465401785714 1646.1909606933593 136.08733749389648 1753.9251281738282 288.1826362609863 0.7090308779761905 
95 1756.846661376953 227.74852905273437 1981.2174255371094 358.9842590332031 0.8325427827380952 1634.6475646972656 132.00831909179686 1746.833026123047 288.64451293945314 0.7487211681547619 
96 1753.9910827636718 232.5376853942871 1989.4489807128907 364.0546760559082 0.8214518229166666 1624.1058959960938 136.1027976989746 1740.7742309570312 297.31713943481446 0.7573009672619048 
97 1757.7193725585937 239.65374755859375 1986.0137817382813 369.80291748046875 0.8095005580357143 1613.8659973144531 139.53899841308595 1737.6143493652344 312.36004943847655 0.7716936383928571 
98 1763.55107421875 238.77579040527343 1984.95478515625 380.6461456298828 0.8166620163690477 1608.9486511230468 143.86485137939454 1722.8749572753907 320.12803802490237 0.7457217261904762 
99 1771.3083374023438 244.82074584960938 1990.0793579101562 389.94609985351565 0.8056175595238095 1605.5221801757812 148.34821548461915 1715.9907592773438 349.79086837768557 0.7254464285714286 
100 1780.6951843261718 251.2726028442383 1996.9323791503907 400.47620697021483 0.8091750372023809 1608.1214233398437 148.975830078125 1705.4281372070313 363.050537109375 0.7037295386904762 
101 1793.913262939453 259.1588562011719 2002.7919372558595 411.4662658691406 0.7783668154761905 1600.3489135742188 168.6949432373047 1702.6125122070312 379.7495147705078 0.7226097470238095 
102 1808.795098876953 266.8627166748047 2014.1000427246095 424.11756896972656 0.7798549107142857 1598.1978271484375 185.71517333984374 1692.1139404296875 391.0201171875 0.7370024181547619 
103 1825.8773498535156 272.9987548828125 2019.6879577636719 433.7734619140625 0.7456984747023809 1600.1320678710938 194.64441375732423 1694.8349731445312 388.4549819946289 0.7229352678571429 
104 1845.9447204589844 282.6046676635742 2029.391827392578 437.3190689086914 0.7409551711309523 1598.4015747070312 208.56276626586913 1702.2812866210938 400.8506706237793 0.77099609375 
105 1863.8924560546875 286.83402252197266 2034.6380615234375 433.18737030029297 0.7179361979166666 1607.1770935058594 216.89825744628905 1711.3984680175781 407.60113220214845 0.7717866443452381 
106 1886.3252563476562 287.9080123901367 2045.4022827148438 431.3013687133789 0.7364676339285714 1616.0840148925781 244.39020690917968 1712.4263610839844 421.39134826660154 0.7659505208333334 
107 1903.7112731933594 285.15881500244143 2057.637969970703 432.1932662963867 0.7168201264880952 1624.3104187011718 255.734228515625 1718.5044006347657 428.0402465820313 0.7467447916666666 
108 1934.2661682128905 278.03624725341797 2065.424139404297 427.93119049072266 0.7293759300595238 1621.1442810058593 265.7852081298828 1733.5655578613282 443.7854705810547 0.7488606770833334 
109 1954.5084594726563 275.58240814208983 2078.5000854492187 429.9872024536133 0.7431640625 1632.4718688964845 276.7521469116211 1740.087335205078 452.21211700439454 0.7437453497023809 
110 1984.644354248047 272.0591674804688 2087.8831115722655 422.2244018554687 0.7404901413690477 1636.4848327636719 282.70790405273436 1753.8014221191406 465.72178344726564 0.7862025669642857 
111 1990.0450805664063 266.28465576171874 2109.7583862304687 435.29163818359376 0.7841331845238095 1641.2876770019532 290.3898071289062 1763.3481872558593 485.2173095703125 0.8128022693452381 
112 2008.2243408203126 262.4844284057617 2121.5344482421874 434.8104019165039 0.7815057663690477 1647.3203063964843 302.07037048339845 1772.4337219238282 493.2813751220703 0.8102446056547619 
113 2022.2430725097656 257.81546173095705 2138.282196044922 433.05810394287107 0.7813197544642857 1648.1675231933593 303.26561737060547 1785.5198547363282 495.08524322509766 0.8153366815476191 
114 2039.53466796875 265.24254455566404 2153.6083984375 433.97681579589846 0.7959216889880952 1651.7931579589845 310.57957458496094 1799.138604736328 498.32618713378906 0.8107328869047619 
115 2058.0966918945314 259.89195709228517 2164.9255249023436 433.19205780029296 0.8162434895833334 1652.421160888672 313.03243560791014 1809.1033752441406 500.5763595581055 0.7906203497023809 
116 2073.622351074219 266.65184631347654 2177.456994628906 429.4835906982422 0.8230794270833334 1662.2769775390625 325.7396301269531 1822.7489013671875 495.6509948730469 0.7563011532738095 
117 2081.4314697265627 267.63146820068357 2189.0870849609373 433.79593048095705 0.8211263020833334 1680.9624755859375 329.02050933837893 1842.4462158203125 509.22701873779295 0.7720191592261905 
118 2089.0964477539064 264.3315734863281 2201.5366088867186 435.3342590332031 0.8248465401785714 1698.0787414550782 331.0028076171875 1857.3688903808593 502.0054931640625 0.7682524181547619 
119 2101.0392578125 268.34346771240234 2214.07451171875 434.43604278564453 0.8241489955357143 1710.1184936523437 332.22521209716797 1873.9042114257813 498.31778717041016 0.7645786830357143 
120 2111.341271972656 264.5686950683594 2223.257116699219 435.8681335449219 0.8249860491071429 1721.7449096679688 333.35200958251954 1890.7604614257812 502.36744232177733 0.7651832217261905 
121 2126.8152465820312 265.06233673095704 2231.4325561523438 433.3596908569336 0.8140578497023809 1737.2995544433593 335.56529541015624 1912.4198059082032 499.3140380859375 0.7588355654761905 
122 2132.9493774414063 270.0891799926758 2241.3575073242187 430.44307708740234 0.8233351934523809 1754.3889221191407 334.3697280883789 1921.5184265136718 494.72362518310547 0.7414202008928571 
123 2144.3812866210938 270.7956481933594 2245.9866333007812 431.10602416992185 0.8049665178571429 1770.0922546386719 335.3192626953125 1939.4342346191406 493.37177734375 0.7461170014880952 
124 2154.82607421875 275.35290374755857 2255.25107421875 431.5697952270508 0.8054315476190477 1786.34306640625 338.09715881347654 1955.94990234375 501.00904235839846 0.7557198660714286 
125 2160.5772338867187 279.85984497070314 2261.2672485351563 432.0141174316406 0.8072451636904762 1802.2227722167968 337.86436157226564 1965.5649475097657 494.4937316894531 0.7383277529761905 
126 2164.1279174804686 282.0861190795898 2268.9997680664064 431.58401641845705 0.8088960193452381 1812.1814208984374 337.69727020263673 1977.2985595703126 496.12044830322264 0.7259347098214286 
127 2168.1871704101563 282.77122650146487 2277.5157104492187 441.18583526611326 0.8205450148809523 1825.0987243652344 341.38291625976564 1992.4380187988281 497.5663635253906 0.7113560267857143 
128 2181.2402099609376 288.4378173828125 2282.2422119140624 429.8407470703125 0.7846447172619048 1834.8116760253906 343.08255462646486 2005.3930358886719 504.68590850830077 0.7057756696428571 
129 2183.920703125 286.9823059082031 2284.833203125 432.74480590820315 0.7741350446428571 1847.7181091308594 348.0473129272461 2006.9355773925781 502.7798049926758 0.7104724702380952 
130 2186.9788818359375 293.2586868286133 2290.5758056640625 437.39368743896483 0.7769252232142857 1855.052557373047 349.12830352783203 2012.7002502441405 504.52388763427734 0.6931966145833334 
131 2185.8098754882812 293.7625793457031 2295.9306030273438 444.3358093261719 0.7837611607142857 1860.028955078125 348.3043182373047 2021.83896484375 505.6196319580078 0.6647135416666666 
132 2191.928430175781 297.1561508178711 2299.439001464844 444.9833450317383 0.7683686755952381 1865.2612609863281 350.7391845703125 2026.5274353027344 512.0052001953125 0.6653645833333334 
133 2193.6334838867188 293.45397033691404 2301.5674438476562 448.60901794433596 0.7883417038690477 1868.8802368164063 355.2046463012695 2033.0296752929687 514.8569686889648 0.6858723958333334 
134 2189.556848144531 298.5354400634766 2304.811560058594 449.94838562011716 0.7719261532738095 1872.6500427246094 358.59649047851565 2037.622296142578 516.7891296386719 0.6746651785714286 
135 2191.2057373046873 299.24022674560547 2306.2385986328127 454.8726577758789 0.7854352678571429 1878.8999450683593 365.6919799804688 2039.0435363769532 516.813330078125 0.6679454985119048 
136 2192.0265502929688 301.10113525390625 2309.4185180664062 456.87103271484375 0.7894810267857143 1879.1843139648438 368.5666931152344 2043.9843872070312 526.5941345214844 0.6980096726190477 
137 2200.3915771484376 305.4494338989258 2310.9468017578124 456.6170028686523 0.7863188244047619 1880.5272399902344 373.9173889160156 2040.719708251953 518.3162536621094 0.6824544270833334 
138 2201.0068603515624 305.3362091064453 2311.3945068359376 460.7797576904297 0.7903878348214286 1881.6285522460937 375.43310546875 2041.5777465820313 524.1182250976562 0.7031017485119048 
139 2203.3260986328123 306.180192565918 2311.9160888671877 462.27870025634763 0.7854120163690477 1884.8640441894531 384.83853302001955 2038.7002868652344 522.8386825561523 0.6727120535714286 
140 2200.8515869140624 309.57586975097655 2316.3744873046876 468.1365936279297 0.7961542038690477 1884.6884826660157 391.382746887207 2052.309930419922 520.4964950561523 0.6688290550595238 
141 2203.943017578125 312.8022186279297 2317.837744140625 476.8108184814453 0.8037109375 1882.9345764160157 397.3472702026367 2060.610711669922 527.1874282836914 0.7081008184523809 
142 2204.363317871094 312.4843460083008 2316.583215332031 475.0888046264648 0.7987118675595238 1885.5845703125 404.5329055786133 2073.38125 532.7843246459961 0.7234235491071429 
143 2198.46240234375 316.00245361328126 2317.83642578125 481.2892333984375 0.7794828869047619 1883.428729248047 410.30070037841796 2085.445904541016 538.8570449829101 0.7172386532738095 
144 2186.4953491210936 316.0435333251953 2319.9126098632814 486.26585388183594 0.7753673735119048 1879.9358642578125 416.37207489013673 2093.8639404296873 545.1889907836915 0.7329566592261905 
145 2183.1940307617188 331.4058532714844 2321.8950805664062 490.9121398925781 0.7827380952380952 1882.4971801757813 421.2059387207031 2099.795544433594 557.5953308105469 0.7745070684523809 
146 2202.364599609375 331.2718673706055 2318.521630859375 491.5685562133789 0.8161504836309523 1885.792218017578 427.8608917236328 2097.197894287109 571.895639038086 0.81005859375 
147 2203.0708251953124 340.9630630493164 2325.6713623046876 495.9485885620117 0.8117559523809523 1888.1176025390625 438.6519805908203 2103.2466552734377 579.7582366943359 0.8307989211309523 
148 2204.0297729492186 349.0543701171875 2326.5544555664064 497.00855712890626 0.8028273809523809 1893.628399658203 451.75094146728514 2101.688861083984 588.1462448120117 0.8293340773809523 
149 2221.8998413085938 354.83187713623045 2330.9255981445312 500.97265777587893 0.8233816964285714 1892.5033081054687 465.8203643798828 2103.595568847656 593.4035736083985 0.8208937872023809 
150 2228.3855712890627 362.34697265625 2337.0568115234373 512.6370971679687 0.8291480654761905 1892.9450317382812 474.75330657958983 2103.351110839844 606.5461624145507 0.82763671875 
151 2236.0252075195312 366.1731475830078 2340.2045288085938 518.9692474365235 0.8297758556547619 1892.5012145996093 484.866145324707 2103.174688720703 612.1962020874023 0.8372628348214286 
152 2241.15810546875 373.91878509521484 2345.34091796875 526.7201614379883 0.8348911830357143 1887.649267578125 492.0816116333008 2107.590478515625 624.0464096069336 0.8378208705357143 
153 2244.611926269531 376.20581512451173 2346.643200683594 531.5718032836915 0.8204985119047619 1883.6670166015624 496.0748519897461 2099.3241943359376 632.8896560668945 0.8450520833333334 
154 2246.8868041992187 376.17444610595703 2348.8590454101563 545.3555526733398 0.8147553943452381 1876.9702941894532 500.87644958496094 2094.8201110839846 639.9293975830078 0.8405645461309523 
155 2244.8369995117187 386.8968017578125 2353.8741821289063 546.97294921875 0.8260091145833334 1869.9874389648437 504.5001739501953 2088.062121582031 650.656625366211 0.8393089657738095 
156 2252.247705078125 395.84038696289065 2354.989599609375 549.9530700683594 0.8313569568452381 1869.5705871582031 509.8083465576172 2082.0591735839844 656.9158355712891 0.8433314732142857 
157 2253.711474609375 398.28480224609376 2359.105419921875 559.8891479492188 0.8298223586309523 1865.0140808105468 513.1374145507813 2075.8024475097654 663.0312866210937 0.8361467633928571 
158 2257.46796875 408.0670959472656 2363.006640625 572.2379577636718 0.8361932663690477 1863.0972290039062 517.9352722167969 2071.8287963867188 668.0343322753906 0.8246140252976191 
159 2261.2719848632814 413.35234375 2362.3181030273436 577.846142578125 0.8447033110119048 1858.3525939941405 523.1655242919921 2067.494696044922 675.9097320556641 0.8220563616071429 
160 2266.5004150390623 420.45993957519534 2367.3272216796877 589.2860931396484 0.8523065476190477 1855.4375915527344 522.8198547363281 2064.125518798828 679.9219665527344 0.8008045014880952 
161 2271.8465942382813 423.2637908935547 2367.8958374023437 594.2781402587891 0.8420293898809523 1857.2853576660157 531.7471099853516 2063.439617919922 684.0201629638672 0.79638671875 
162 2273.782678222656 433.8158416748047 2372.095495605469 602.3520660400391 0.8465634300595238 1858.0240600585937 532.3987121582031 2064.012805175781 689.2310485839844 0.7876209077380952 
163 2276.138073730469 443.38340148925784 2369.398791503906 599.5951751708984 0.8508649553571429 1864.355938720703 542.0245849609375 2060.203509521484 698.236279296875 0.7783435639880952 
164 2274.4003662109376 449.93084716796875 2369.6513916015624 607.9081420898438 0.8531901041666666 1865.6073913574219 544.645751953125 2065.4022521972656 702.623046875 0.8065708705357143 
165 2274.455517578125 454.5194259643555 2367.349658203125 612.4397109985351 0.8468424479166666 1867.3284912109375 549.2001251220703 2067.0511474609375 707.1203704833985 0.8298688616071429 
166 2264.2448608398436 459.66932067871096 2361.3598754882814 621.5281280517578 0.8480980282738095 1868.5800415039062 550.6482208251953 2065.122839355469 710.1947357177735 0.8240327380952381 
167 2257.8580078125 464.5556167602539 2361.65615234375 632.938981628418 0.8588634672619048 1870.2570251464845 552.5620788574219 2073.239678955078 711.7189270019531 0.8382161458333334 
168 2260.228515625 468.4189743041992 2359.404296875 634.4810806274414 0.8419363839285714 1872.3953186035155 554.1112854003907 2073.053778076172 715.5605895996093 0.8374953497023809 
169 2256.859375 469.19405364990234 2358.1171875 639.4911575317383 0.8491675967261905 1873.9565124511719 555.2277252197266 2071.8692932128906 716.3195770263671 0.8422154017857143 
170 2256.149304199219 470.3012893676758 2357.338244628906 642.7825424194336 0.8513764880952381 1873.5063232421876 556.2765686035157 2071.2846923828124 719.5587585449218 0.8352167038690477 
171 2251.8913330078126 472.26710205078126 2355.4577880859374 644.8782836914063 0.8601422991071429 1875.0677124023437 558.3070983886719 2068.3922485351563 721.7124328613281 0.8281482514880952 
172 2253.0737182617186 475.684375 2354.4987915039064 643.958203125 0.8433547247023809 1873.6152099609376 561.5944854736329 2067.2453857421874 722.9529388427734 0.8316127232142857 
173 2250.015478515625 476.96577606201174 2351.477685546875 645.3009780883789 0.8570731026785714 1874.2322631835937 561.1334075927734 2065.6271118164063 722.5507354736328 0.8364025297619048 
174 2247.3802001953127 476.27046661376954 2351.3224365234373 651.8176376342774 0.8708147321428571 1874.7865112304687 561.3788848876953 2066.502551269531 723.0670989990234 0.8362630208333334 
175 2245.6517578125 480.4106475830078 2349.5806640625 651.3159759521484 0.8615606398809523 1874.8831359863282 563.1984405517578 2066.5742614746096 724.8657073974609 0.8440290178571429 
176 2245.342321777344 480.4717315673828 2349.215051269531 653.5930267333985 0.8624906994047619 1876.8157165527343 563.4811645507813 2066.095050048828 725.0610717773437 0.8378673735119048 
177 2243.298864746094 484.47559509277346 2347.133508300781 655.2258819580078 0.85791015625 1874.3752319335938 565.4133758544922 2068.1999633789064 726.9338531494141 0.8414481026785714 
178 2242.9642700195313 484.2297302246094 2346.7640014648437 654.9224914550781 0.8516555059523809 1874.164862060547 565.1402191162109 2067.9243713378905 726.6064239501953 0.83447265625 
179 2240.1118774414062 482.0275253295898 2343.7643432617188 657.0850540161133 0.8530738467261905 1873.6073425292968 565.1267242431641 2067.0919982910154 726.3639373779297 0.8289388020833334 
180 2237.21171875 489.1323608398437 2343.0626953125 661.7152954101563 0.8546781994047619 1873.106024169922 564.5378540039062 2066.3989807128905 727.9163696289063 0.8193359375 
181 2236.899450683594 490.5281326293945 2340.118371582031 662.5599716186523 0.8456798735119048 1873.4269958496093 565.6928466796875 2068.396368408203 728.5495849609375 0.8330078125 
182 2231.957666015625 488.28759002685547 2339.898291015625 667.4230117797852 0.8503534226190477 1872.0969116210938 564.3406951904296 2067.3086059570314 727.3998443603516 0.8336588541666666 
183 2229.932727050781 490.48584442138673 2337.867321777344 667.314845275879 0.8447730654761905 1873.8900024414063 564.5031677246094 2066.794323730469 727.5533508300781 0.8300083705357143 
184 2229.702990722656 493.84242553710936 2337.631237792969 670.6609924316406 0.8463774181547619 1871.3846923828125 564.3225128173829 2068.8704345703127 727.3630950927734 0.8277297247023809 
185 2231.9696411132813 492.35621643066406 2335.0711303710937 671.0653533935547 0.8467959449404762 1874.1989868164062 566.7302764892578 2068.9460327148436 727.110238647461 0.8418898809523809 
186 2227.6911743164064 498.17351989746095 2333.2314331054686 672.5441925048829 0.8323335193452381 1873.2140197753906 566.8275970458984 2068.233856201172 727.4321075439453 0.8288922991071429 
187 2227.6123657226562 500.1795989990234 2330.9537963867188 672.4155548095703 0.8408668154761905 1872.5414306640625 565.0993438720703 2067.7420166015627 725.8528656005859 0.8289853050595238 
188 2225.4100830078123 496.6077453613281 2330.9912841796877 671.0459411621093 0.8421456473214286 1872.8262268066405 565.2883758544922 2065.626287841797 725.9550933837891 0.8314499627976191 
189 2224.8192749023438 493.76474609375 2329.8396606445312 671.8431640625 0.8563290550595238 1873.8431091308594 566.1201049804688 2067.902862548828 725.9340942382812 0.8517485119047619 
190 2226.5515258789064 491.87098999023436 2331.5712768554686 669.9479797363281 0.8547247023809523 1871.8024963378907 568.0015441894532 2068.143914794922 725.5311706542968 0.8475864955357143 
191 2225.88330078125 494.20520935058596 2330.8544921875 669.9177764892578 0.85302734375 1871.298583984375 566.2632019042969 2067.549072265625 726.0018127441406 0.8508184523809523 
192 2226.6108642578124 496.31946716308596 2329.1083740234376 669.4263214111328 0.8484235491071429 1870.6731384277343 566.2280181884765 2066.557208251953 725.6685272216797 0.8520042782738095 
193 2225.3359497070314 497.4193572998047 2327.6262084960936 672.4492340087891 0.8407040550595238 1871.8665649414063 567.7110992431641 2067.354382324219 724.5560516357422 0.8497488839285714 
194 2222.171875 495.1576843261719 2326.59716796875 672.2263488769531 0.8377046130952381 1871.1778686523437 567.3647216796875 2066.407336425781 724.00234375 0.8501906622023809 
195 2221.871472167969 497.51166381835935 2326.221545410156 669.9160705566406 0.8302641369047619 1871.1297241210937 567.1365234375 2066.2189086914063 725.930126953125 0.8496791294642857 
196 2223.472302246094 496.13319702148436 2327.803332519531 673.0422180175781 0.8360537574404762 1871.049981689453 568.275112915039 2066.1034606933595 724.7715789794922 0.8552594866071429 
197 2223.1490966796873 494.6387664794922 2327.4671142578127 671.5259674072265 0.8346586681547619 1870.7701538085937 566.5101257324219 2065.799670410156 725.2550109863281 0.8546549479166666 
198 2222.923681640625 498.11109313964846 2327.261376953125 672.7636016845703 0.8311244419642857 1872.4844055175781 568.2512786865234 2065.2825622558594 724.7580596923829 0.8538178943452381 
199 2224.9197021484374 497.8626647949219 2326.9601806640626 672.4655822753906 0.8268461681547619 1872.5740966796875 567.9828979492188 2065.3175048828125 724.4453247070312 0.8542829241071429 
200 2226.3944580078123 499.8885437011719 2326.0786865234377 674.3359436035156 0.8334495907738095 1872.358416748047 567.9422241210938 2064.930279541016 726.5307983398437 0.8522600446428571 
201 2226.1309326171877 497.80328979492185 2325.8456298828123 674.5701232910156 0.8342401413690477 1871.987158203125 567.8824493408204 2064.617578125 726.5193450927734 0.8500046502976191 
202 2226.4834716796877 497.4347412109375 2326.1981689453123 674.2017333984375 0.8341471354166666 1872.3394165039062 567.5139617919922 2064.9701538085938 726.1510162353516 0.8426804315476191 
203 2224.382373046875 498.7812469482422 2323.968212890625 675.3196441650391 0.8274042038690477 1872.4373779296875 567.0288482666016 2064.8189697265625 725.4607147216797 0.8486328125 
204 2226.195275878906 496.7563018798828 2325.796667480469 675.5860443115234 0.8329613095238095 1872.4536743164062 567.2782531738281 2064.8654174804688 723.4713806152344 0.8457961309523809 
205 2228.171044921875 494.53626708984376 2325.523779296875 673.3935424804688 0.8360072544642857 1872.3723693847655 566.8106536865234 2064.813787841797 723.0276641845703 0.8522600446428571 
206 2226.01220703125 498.51214904785155 2325.84814453125 677.7630584716796 0.8281482514880952 1871.1757263183595 565.4476470947266 2066.309503173828 724.2775115966797 0.8459356398809523 
207 2225.4572265625 498.55613098144534 2325.27666015625 675.5088714599609 0.8285667782738095 1870.9410705566406 565.2187866210937 2063.774139404297 724.0225463867188 0.8425874255952381 
208 2225.740197753906 498.9177001953125 2325.608190917969 675.956689453125 0.8267531622023809 1870.7891845703125 565.6128662109375 2065.9859619140625 724.4940673828125 0.8465866815476191 
209 2225.6172607421877 498.8231658935547 2325.4398681640623 675.7811431884766 0.8263811383928571 1870.8289123535155 563.4808929443359 2065.936346435547 724.5579864501954 0.8503534226190477 
210 2227.2001708984376 496.8431854248047 2324.7300048828124 676.0260162353516 0.8271949404761905 1870.4919982910155 563.4914764404297 2065.551824951172 724.5292144775391 0.8515159970238095 
211 2225.4685668945312 496.5944030761719 2325.2933959960938 675.8253967285157 0.8291713169642857 1870.6715026855468 563.2606567382812 2065.7836975097657 724.3416381835938 0.8511207217261905 
212 2225.5311889648438 496.2386077880859 2325.3274536132812 675.4179473876953 0.8300316220238095 1870.8363098144532 562.8856323242187 2065.8923278808593 723.9202758789063 0.8495396205357143 
213 2225.5610473632814 494.44493103027344 2327.6100952148436 673.5976104736328 0.8307291666666666 1871.1807250976562 562.8265167236328 2066.2077026367188 723.8371185302734 0.8486095610119048 
214 2227.5579467773437 492.1423797607422 2327.3529418945313 673.5881500244141 0.83154296875 1871.3833801269532 560.7951690673829 2064.1694763183596 721.8283050537109 0.8447963169642857 
215 2226.8838012695314 492.0033020019531 2329.1042358398436 671.4567810058594 0.8371465773809523 1872.1705505371094 560.4996612548828 2065.2533996582033 721.7806732177735 0.8446335565476191 
216 2229.610559082031 497.219189453125 2329.726110839844 670.1461669921875 0.8304501488095238 1874.3052001953124 560.0540191650391 2065.4350341796876 719.3288543701171 0.8390764508928571 
217 2231.6907470703127 497.4939239501953 2336.8326904296873 666.6349212646485 0.8306826636904762 1875.0355529785156 558.3284698486328 2069.319061279297 718.3266204833984 0.8499581473214286 
218 2231.834619140625 497.05286560058596 2339.368994140625 666.3622344970703 0.8289853050595238 1875.3520446777343 554.4279357910157 2067.541143798828 714.5854919433593 0.8444707961309523 
219 2237.1132690429686 505.9962188720703 2344.7336547851564 663.9920013427734 0.8121977306547619 1878.5843200683594 553.8176818847656 2070.927032470703 709.5236267089844 0.8533296130952381 
220 2242.6667724609374 501.49835510253905 2350.2487548828126 661.7269256591796 0.8194056919642857 1880.479833984375 551.8558959960938 2075.043115234375 702.9285278320312 0.8453776041666666 
221 2241.9821044921873 496.9006042480469 2351.7654541015627 659.2887268066406 0.8206380208333334 1883.0744384765626 549.2412963867188 2084.3440185546874 700.1936401367187 0.8565383184523809 
222 2246.0300048828126 501.2902008056641 2351.0373779296874 658.8016571044922 0.8163829985119048 1885.263720703125 547.7359100341797 2088.430615234375 698.399038696289 0.8394717261904762 
223 2246.399304199219 497.2698577880859 2351.250842285156 659.1058135986328 0.8271949404761905 1890.903662109375 547.6791839599609 2098.327294921875 698.1182403564453 0.8418433779761905 
224 2244.273583984375 498.0838256835938 2353.223486328125 656.9691528320312 0.8272181919642857 1895.7733581542968 548.019174194336 2104.5939514160154 697.8253692626953 0.8348446800595238 
225 2243.592041015625 497.93836364746096 2350.391357421875 659.2734893798828 0.8426804315476191 1901.694158935547 551.9497985839844 2108.4758850097655 699.6510314941406 0.8314267113095238 
226 2245.74189453125 496.1773345947266 2350.030078125 657.1441375732422 0.8408203125 1905.8455688476563 553.5533447265625 2114.422253417969 700.9173583984375 0.8287062872023809 
227 2245.307958984375 489.4459686279297 2354.412744140625 650.8299713134766 0.8422386532738095 1912.3115600585938 557.4615600585937 2119.155969238281 705.2073852539063 0.8317987351190477 
228 2248.3881225585938 481.7110229492188 2361.9524536132812 649.7861694335937 0.8656063988095238 1917.9160095214843 558.9347351074218 2124.603155517578 708.8395568847657 0.8093843005952381 
229 2248.5120361328127 470.63838958740234 2366.4381591796873 647.5275344848633 0.8759998139880952 1924.3023742675782 566.4969177246094 2130.6730895996093 713.9045715332031 0.8077799479166666 
230 2254.2350341796873 466.82054290771487 2370.1248291015627 646.3363479614258 0.8690011160714286 1930.5996643066405 568.1150299072266 2139.656072998047 718.0902313232422 0.8186616443452381 
231 2254.710205078125 466.5961441040039 2374.928466796875 645.789567565918 0.8704194568452381 1933.1390808105468 571.1983489990234 2148.6247131347654 720.9042510986328 0.8217540922619048 
232 2257.1237670898436 471.2879577636719 2375.1543090820314 646.0638488769531 0.8650483630952381 1936.555908203125 573.691650390625 2154.458251953125 723.49951171875 0.8164760044642857 
233 2256.692028808594 469.96753082275393 2374.454699707031 646.6114181518554 0.876953125 1944.3424743652345 576.1455017089844 2157.221124267578 723.3487609863281 0.8216843377976191 
234 2255.9228271484376 470.9752593994141 2370.7563720703124 646.6029266357422 0.8675362723214286 1950.0466186523438 576.2826110839844 2163.9521606445314 724.8906066894531 0.8146623883928571 
235 2255.261853027344 469.87299194335935 2373.608508300781 646.2764221191406 0.8789527529761905 1952.868212890625 577.7418731689453 2176.163525390625 727.3498626708985 0.8529343377976191 
236 2259.04306640625 470.87608489990237 2372.05166015625 643.7125686645508 0.8729538690476191 1958.4540588378907 579.3676147460938 2180.039471435547 727.8297729492188 0.86181640625 
237 2259.28642578125 472.4274139404297 2371.90400390625 644.6659088134766 0.8650948660714286 1962.6252380371093 580.0340026855469 2187.860235595703 732.3988586425781 0.8703729538690477 
238 2259.29326171875 474.7450866699219 2371.50458984375 648.5621643066406 0.8636300223214286 1963.4489501953126 582.2172088623047 2190.0710693359374 734.0321197509766 0.8610956101190477 
239 2258.8670166015627 476.62893829345705 2374.6158935546873 651.3439315795898 0.8695126488095238 1967.899432373047 583.0538909912109 2188.477154541016 738.1134063720704 0.8676292782738095 
240 2258.6862182617188 477.77978668212893 2374.0278930664062 654.057096862793 0.8806268601190477 1972.5911804199218 587.9322052001953 2188.0412658691407 738.0943450927734 0.8755812872023809 
241 2255.0229614257814 476.21277618408203 2372.5222045898436 654.6376571655273 0.8853469122023809 1975.9201232910157 589.9461059570312 2191.335614013672 740.0840454101562 0.8760928199404762 
242 2253.5869262695314 479.5844970703125 2369.0422241210936 653.85654296875 0.8699544270833334 1977.7679748535156 591.2694427490235 2189.072723388672 741.5790069580078 0.8620256696428571 
243 2251.306286621094 480.8326080322266 2371.119250488281 657.2845184326172 0.8703264508928571 1979.3391845703125 592.5184265136719 2190.6456787109373 745.0076965332031 0.8617931547619048 
244 2249.7126708984374 480.40183410644534 2369.3488525390626 660.9441741943359 0.8804640997023809 1979.568341064453 592.425082397461 2192.738665771484 744.6897247314453 0.8612351190476191 
245 2250.2886352539062 478.85834350585935 2367.6774291992188 661.4634338378906 0.8725120907738095 1980.9795532226562 594.9095520019531 2200.5402221679688 742.7326599121094 0.8748139880952381 
246 2249.2373901367187 475.80249786376953 2368.6085571289063 662.4555282592773 0.8862537202380952 1982.0297241210938 593.58759765625 2203.4089965820312 743.34404296875 0.8733491443452381 
247 2253.0646362304688 480.9269195556641 2370.3740844726562 659.0634979248047 0.8735584077380952 1982.2669555664063 592.8053924560547 2201.679089355469 742.7007720947265 0.8746977306547619 
248 2252.5627197265626 481.4267837524414 2369.7639404296874 659.3992355346679 0.8788829985119048 1982.0145446777344 593.2021911621093 2201.2243469238283 742.9594299316407 0.8717680431547619 
249 2253.222302246094 478.60424346923827 2368.033312988281 660.5685775756835 0.8843470982142857 1981.2757080078125 595.6646423339844 2200.0660888671873 745.1352844238281 0.8772553943452381 
250 2251.710412597656 478.52900390625 2368.431433105469 662.2565185546875 0.8806966145833334 1978.6961853027344 597.2452362060546 2199.1691711425783 746.3887359619141 0.8804408482142857 
251 2251.7869506835937 478.80295715332034 2366.3719848632813 662.5714935302734 0.8803013392857143 1976.7993957519532 597.5457122802734 2197.3215759277346 746.7225372314454 0.8792782738095238 
252 2245.919567871094 480.7920776367188 2362.450793457031 664.2206176757812 0.8724888392857143 1976.9188232421875 599.5640991210937 2194.8751220703125 746.3069946289063 0.8732328869047619 
253 2243.2665283203123 482.03759307861327 2363.9932373046877 663.127537536621 0.875 1975.9433532714843 599.0329681396485 2200.150030517578 743.4738067626953 0.8716285342261905 
254 2243.8234741210936 480.3313507080078 2362.5268676757814 663.781869506836 0.8757672991071429 1977.861865234375 597.208447265625 2200.160595703125 746.127001953125 0.8706519717261905 
255 2243.1148681640625 483.31727905273436 2361.5780029296875 664.2427795410156 0.8763950892857143 1977.4425537109375 595.8986785888671 2201.4456298828127 748.8237945556641 0.8686290922619048 
256 2242.375378417969 482.6944213867188 2361.306018066406 668.6588500976562 0.8706519717261905 1981.6425170898438 596.4687316894531 2197.8801879882812 747.8351013183594 0.8520740327380952 
257 2242.761340332031 481.1703048706055 2361.093395996094 666.1982559204101 0.8713030133928571 1983.0935363769531 595.7784027099609 2200.3936462402344 748.5340362548828 0.8620954241071429 
258 2241.8101196289062 481.7955596923828 2360.4430541992188 667.294467163086 0.8722330729166666 1984.7994812011718 595.2850311279296 2202.6527893066404 746.2725250244141 0.8501906622023809 
259 2244.150256347656 481.687939453125 2360.584362792969 667.1197998046875 0.8572126116071429 1986.0716430664063 596.5462585449219 2197.377819824219 749.6353820800781 0.8578404017857143 
260 2244.930773925781 482.7775177001953 2359.339978027344 668.422738647461 0.8519112723214286 1985.309765625 596.356494140625 2205.49345703125 747.4630859375 0.8553059895833334 
261 2242.7203002929687 479.8864379882813 2359.2223266601563 669.7419799804687 0.8582821800595238 1987.3114501953125 595.5588836669922 2203.0562255859377 746.5803375244141 0.8581891741071429 
262 2246.5009033203123 479.5886962890625 2358.5947998046877 669.286181640625 0.8547712053571429 1986.744677734375 595.1648864746094 2208.776806640625 746.0605773925781 0.8561662946428571 
263 2245.4464599609373 480.49083709716797 2359.6096923828127 667.8909072875977 0.8509347098214286 1987.7922302246093 595.4825439453125 2209.656622314453 748.418212890625 0.8590262276785714 
264 2247.901904296875 482.35338439941404 2359.700634765625 667.2511688232422 0.8457728794642857 1988.5820251464843 595.47509765625 2212.179327392578 745.9732666015625 0.8632114955357143 
265 2247.325085449219 482.2457580566406 2361.279162597656 669.3024597167969 0.8603283110119048 1990.1427124023437 597.2748626708984 2211.600695800781 747.7802520751953 0.8687918526785714 
266 2246.7645263671875 482.15893402099607 2362.8218994140625 669.1405349731446 0.8616303943452381 1991.3385620117188 596.6459075927735 2214.8569946289062 751.3893096923828 0.8743954613095238 
267 2249.5296142578127 481.65562591552737 2363.3678466796873 668.5220169067383 0.8705124627976191 1994.5090942382812 597.724234008789 2213.5936889648438 752.3722625732422 0.8826729910714286 
268 2248.920788574219 484.6241744995117 2360.672229003906 669.4436050415039 0.8620256696428571 1995.662109375 600.756216430664 2210.568359375 753.3396697998047 0.8832775297619048 
269 2248.7832153320314 483.41783447265624 2360.6330444335936 668.4002807617187 0.8604445684523809 1996.7073547363282 601.0587127685546 2213.9541442871096 755.9277984619141 0.8854399181547619 
270 2246.629748535156 484.3596130371094 2362.994030761719 669.6805480957031 0.8647925967261905 1997.6565002441407 602.46435546875 2217.455682373047 755.4619140625 0.8748372395833334 
271 2248.513952636719 481.8521255493164 2360.333947753906 668.9356857299805 0.8586077008928571 1999.069024658203 603.0181243896484 2222.7091735839845 757.8459503173829 0.8792085193452381 
272 2248.045654296875 484.0690521240234 2362.233642578125 671.5098663330078 0.8669549851190477 2001.024884033203 601.9032135009766 2216.474017333984 759.1810760498047 0.8706287202380952 
273 2248.6374633789064 482.3568084716797 2362.6137573242186 667.2995025634766 0.8630719866071429 2002.322900390625 603.2808807373046 2215.222021484375 758.1166412353516 0.87939453125 
274 2248.4510498046875 482.9486282348633 2362.4835205078125 667.9823715209961 0.8637927827380952 2001.2705017089843 604.1805023193359 2220.729132080078 756.9408966064453 0.87841796875 
275 2248.688830566406 482.1744888305664 2362.704479980469 669.3323165893555 0.8720935639880952 2001.5444641113281 603.388540649414 2220.9710388183594 758.2777801513672 0.8807431175595238 
276 2249.2583984375 481.6396087646484 2363.27626953125 668.8011260986328 0.8716517857142857 2002.3572509765625 604.5108642578125 2219.6368896484373 759.4031982421875 0.8821847098214286 
277 2247.4292114257814 481.28537902832034 2361.3737670898436 670.4764007568359 0.8697684151785714 2002.092755126953 606.2275177001953 2221.382220458984 758.8703216552734 0.8820219494047619 
278 2247.444543457031 484.5646041870117 2361.429724121094 671.6723648071289 0.8716982886904762 2002.0206176757813 605.9943786621094 2221.388317871094 758.6915344238281 0.8819754464285714 
279 2248.325549316406 483.6567016601563 2362.442761230469 670.9811157226562 0.8683500744047619 2000.7128540039062 606.8834045410156 2222.487585449219 759.7573425292969 0.875 
280 2247.7658813476564 482.81652374267577 2361.7802612304686 672.1235092163085 0.86865234375 2002.5273498535157 606.1804779052734 2219.800164794922 758.9167510986329 0.8831380208333334 
281 2247.45068359375 483.16007843017576 2361.45458984375 670.2983871459961 0.8674200148809523 2001.9866943359375 606.2643310546875 2221.3902587890625 758.9864013671875 0.8829055059523809 
282 2247.3449584960936 484.78677520751955 2361.3320434570314 669.7468856811523 0.8673735119047619 2003.81962890625 607.8729248046875 2221.040234375 758.421875 0.8822777157738095 
283 2247.487658691406 484.6698715209961 2361.522351074219 671.858723449707 0.8679315476190477 2003.8609497070313 606.1522705078125 2221.172009277344 758.9156005859375 0.8821382068452381 
284 2247.29521484375 483.424821472168 2361.25849609375 670.4967178344726 0.8677920386904762 2001.6703063964844 606.4853668212891 2223.1462219238283 759.1532440185547 0.8784877232142857 
285 2247.4754150390627 484.9501708984375 2363.7194091796873 670.079248046875 0.8609561011904762 2003.7276794433594 605.9960876464844 2223.2992980957033 760.9879211425781 0.8693266369047619 
286 2247.1662841796874 483.15997009277345 2361.1593994140626 672.4317657470704 0.8691173735119048 2003.1312377929687 606.5009460449219 2224.665393066406 759.2088928222656 0.8733026413690477 
287 2246.6075073242187 480.83850250244143 2363.0841430664063 670.6521896362304 0.8727213541666666 2004.2798400878905 606.1918334960938 2222.134100341797 759.3369750976562 0.8700009300595238 
288 2247.3733154296874 483.1078247070312 2361.2394775390626 670.0205932617188 0.8642578125 2004.1057006835938 607.9642456054687 2221.0962036132814 758.3538696289063 0.8756045386904762 
289 2248.0259521484377 484.22071838378906 2364.0858642578123 669.0569305419922 0.8699544270833334 2005.159735107422 606.976416015625 2220.0855041503905 759.5737548828125 0.8771158854166666 
290 2248.601037597656 482.27935791015625 2362.522741699219 669.2828979492188 0.8734188988095238 2004.967333984375 608.8498657226562 2224.212841796875 759.3124877929688 0.8735119047619048 
291 2249.1865356445314 484.14733428955077 2362.8962280273436 668.657078552246 0.8601422991071429 2003.8613891601562 608.584115600586 2226.9894409179688 758.7664093017578 0.8652808779761905 
292 2248.092248535156 482.6935302734375 2361.848913574219 669.4263427734375 0.8728143601190477 2004.3157470703125 607.182095336914 2227.5367919921873 759.5732147216797 0.8717215401785714 
293 2248.1977783203124 482.3526016235352 2361.9877685546876 669.1400436401367 0.873046875 2003.8546447753906 608.7767944335938 2231.434783935547 759.0654907226562 0.8710472470238095 
294 2247.2369384765625 482.66795654296874 2360.8758544921875 669.2071655273437 0.8597237723214286 2005.11533203125 608.9241577148438 2230.24892578125 759.0132202148437 0.8693731398809523 
295 2247.2482177734373 482.7835235595703 2360.9226806640627 669.3812103271484 0.8646298363095238 2003.1532775878907 609.0793212890625 2230.502362060547 759.2153564453125 0.8704194568452381 
296 2246.3717407226563 485.21759643554685 2364.5679565429687 670.0332580566406 0.8769763764880952 2006.3429138183594 609.8607452392578 2227.6918762207033 760.292025756836 0.8692103794642857 
297 2247.580517578125 483.6670669555664 2363.478564453125 670.3919845581055 0.8822544642857143 2005.9606140136718 610.0489471435546 2227.0258361816404 760.2874176025391 0.8701404389880952 
298 2247.4868896484377 485.43821105957034 2363.4008056640623 670.0414642333984 0.8814406622023809 2005.5873657226562 609.9381286621094 2228.828405761719 760.1965148925781 0.8683733258928571 
299 2247.7251708984377 485.239241027832 2363.5565673828123 669.7115341186524 0.8814406622023809 2005.9972412109375 609.6508026123047 2229.0799072265627 759.8026275634766 0.8641648065476191 
