0 1256.8326293945313 521.6744445800781 1413.3077514648437 634.2268005371094 0.8017345610119048 1162.123797607422 310.18999633789065 1260.9502990722656 425.4875549316406 0.8278692336309523 
1 1257.887060546875 517.2821197509766 1408.435693359375 628.7997283935547 0.8125465029761905 1163.2042663574218 308.2939697265625 1260.7821838378907 428.1753295898437 0.83349609375 
2 1254.5136169433595 515.1290252685546 1412.634210205078 625.2487213134766 0.8064313616071429 1163.941668701172 307.81294708251954 1259.9434631347656 426.4033920288086 0.8147786458333334 
3 1253.6770935058594 512.8125244140625 1415.6494445800781 627.3102783203125 0.8308221726190477 1162.2722473144531 308.41370086669923 1260.0142517089844 425.70406646728514 0.8254975818452381 
4 1253.7459838867187 513.2581207275391 1413.7618286132813 626.3727996826171 0.8498651413690477 1163.4452209472656 309.20602264404295 1260.0065612792969 425.07959136962893 0.8304268973214286 
5 1255.282403564453 514.12978515625 1410.9804138183595 628.122900390625 0.8602353050595238 1161.1792419433593 308.4929000854492 1261.2708312988282 425.2664077758789 0.8289620535714286 
6 1255.6167297363281 514.3730255126953 1409.3577575683594 629.6789154052734 0.8836728050595238 1165.124822998047 309.52567901611326 1261.2129455566405 424.83152923583987 0.8435174851190477 
7 1255.6415771484376 513.9479370117188 1412.0935302734374 631.9730834960938 0.8901134672619048 1163.0583618164062 311.8905487060547 1261.8701049804688 424.42616271972656 0.8438662574404762 
8 1259.5105346679688 515.5769134521485 1408.6230102539062 628.7920440673828 0.8847191220238095 1163.2882202148437 306.77674560546876 1262.6966430664063 425.5145751953125 0.8472609747023809 
9 1262.3827392578125 513.7421142578125 1409.9536865234375 628.519482421875 0.8764880952380952 1165.6838134765626 312.5664566040039 1258.5989013671874 421.87821502685546 0.8402855282738095 
10 1264.6019470214844 516.464633178711 1412.895733642578 627.0108917236328 0.8655831473214286 1165.3591674804688 310.5126190185547 1257.0317016601562 426.4513702392578 0.8414713541666666 
11 1272.5037475585937 513.4685272216797 1415.1962036132813 629.2379547119141 0.8436569940476191 1166.8822998046876 312.89136657714846 1255.7285400390624 425.9684356689453 0.8373558407738095 
12 1278.5376586914062 515.4823760986328 1417.6640014648438 627.8537445068359 0.7972702752976191 1164.4168579101563 312.0407516479492 1258.0597045898437 421.7366226196289 0.8305896577380952 
13 1283.9568115234374 516.1664123535156 1415.7360595703126 626.4307556152344 0.7708798363095238 1166.5553466796875 311.04998168945315 1257.9939697265625 424.0036682128906 0.8316359747023809 
14 1286.1255493164062 511.37766723632814 1418.3139038085938 622.4157897949219 0.7704845610119048 1164.6140197753907 312.0783416748047 1257.1458679199218 423.1165435791016 0.8433314732142857 
15 1290.67373046875 509.16412048339845 1416.7369140625 624.4984161376954 0.7498372395833334 1166.7771118164062 314.0861312866211 1257.9716674804688 421.37386016845704 0.8191964285714286 
16 1293.5368530273438 507.9709869384766 1418.5402954101562 619.6761688232422 0.7642764136904762 1163.9302673339844 311.8732086181641 1259.6775207519531 420.91872253417966 0.8377046130952381 
17 1294.2319458007812 507.91217041015625 1414.6669799804688 608.7415161132812 0.7169131324404762 1167.5490112304688 305.6072463989258 1265.5774536132812 423.24141693115234 0.8152669270833334 
18 1294.5946716308595 508.0758392333984 1416.263848876953 618.9299591064453 0.7675083705357143 1166.3741088867187 309.5574295043945 1263.7093872070313 428.52286224365236 0.8322172619047619 
19 1292.8075134277344 508.3970062255859 1418.925762939453 623.7817657470703 0.7343517485119048 1166.1731689453125 312.3048431396484 1262.7743408203125 427.6896026611328 0.8148484002976191 
20 1286.9723999023438 511.35675354003905 1418.6599243164062 624.2318084716796 0.7716006324404762 1167.275164794922 312.5850204467773 1261.3377502441406 428.1475540161133 0.8134765625 
21 1280.9445922851562 508.11719665527346 1416.0173217773438 621.5782989501953 0.8343563988095238 1166.860107421875 310.07984619140626 1264.112548828125 428.94383544921874 0.8282645089285714 
22 1278.4259460449218 508.3445617675781 1416.8954650878907 620.1853454589843 0.8430524553571429 1164.2294677734376 318.4609603881836 1262.7558837890624 424.9760208129883 0.8287992931547619 
23 1272.9688232421875 506.3049560546875 1417.3138916015625 623.9194091796875 0.8799060639880952 1165.4297424316405 313.6392791748047 1261.659735107422 425.90765686035155 0.8297293526785714 
24 1269.9607055664062 509.1947052001953 1417.7763549804688 625.3356292724609 0.88232421875 1164.0736328125 314.57755584716796 1261.73740234375 428.07884674072267 0.8124767485119048 
25 1269.613543701172 510.23115234375 1416.0315979003906 625.2738525390625 0.8909505208333334 1164.7276489257813 315.4430587768555 1261.4681518554687 427.8711196899414 0.8064546130952381 
26 1266.8215759277343 509.77134704589844 1416.0154602050782 625.5252227783203 0.8982979910714286 1164.2259765625 312.4950836181641 1259.40146484375 423.1043426513672 0.8007114955357143 
27 1266.9429321289062 510.9946350097656 1417.2855834960938 628.2109313964844 0.8862769717261905 1165.6037719726562 309.1003479003906 1259.8864624023438 426.3166442871094 0.8025018601190477 
28 1267.0426391601563 513.2756408691406 1417.3992553710937 627.9544616699219 0.8979957217261905 1163.439434814453 309.10799102783204 1260.2794372558594 426.3352767944336 0.8275204613095238 
29 1267.3386291503907 513.503530883789 1419.9764343261718 630.5258270263672 0.8769066220238095 1164.2103332519532 307.73602600097655 1260.8808532714843 427.30230407714845 0.8152204241071429 
30 1267.6936157226562 514.3639038085937 1423.9706909179688 632.2122680664063 0.8854864211309523 1166.6947143554687 309.41026000976564 1258.9239379882813 427.2586242675781 0.7967354910714286 
31 1268.4383972167968 516.183236694336 1421.8915588378907 633.8306182861328 0.8933221726190477 1167.3167419433594 310.2019378662109 1259.3887023925781 422.7342193603516 0.7887834821428571 
32 1270.0380737304688 518.5538543701172 1423.5424926757812 633.6821685791016 0.8923223586309523 1164.946630859375 310.2405715942383 1257.04921875 422.81042327880857 0.8033621651785714 
33 1270.9910827636718 517.7775054931641 1426.6176818847657 635.1352752685547 0.8796270461309523 1164.2309204101562 312.30336608886716 1258.6272338867188 424.55857238769534 0.7632533482142857 
34 1267.24453125 516.336669921875 1420.812109375 633.6064453125 0.8569568452380952 1169.0902038574218 311.97373352050784 1261.2307189941407 432.0356048583984 0.7433035714285714 
35 1268.3285705566407 518.1913146972656 1420.8800476074218 636.8424987792969 0.8478422619047619 1170.8651062011718 313.92017059326173 1264.0910705566407 432.5713150024414 0.7019624255952381 
36 1264.3543518066406 517.7291473388672 1422.131854248047 638.8798004150391 0.8591192336309523 1174.954150390625 311.29618682861326 1262.295361328125 418.35960540771487 0.6105375744047619 
37 1265.4969360351563 519.4446716308594 1423.4415405273437 638.5957336425781 0.87841796875 1165.9557189941406 306.29418487548827 1262.9391784667969 425.4452865600586 0.6867327008928571 
38 1264.9610961914063 521.7116241455078 1424.2806030273437 645.3215179443359 0.8880905877976191 1166.6013732910155 313.47643280029297 1262.742498779297 428.8456802368164 0.7598586309523809 
39 1267.4512329101562 524.7543182373047 1431.6476440429688 644.6436920166016 0.9029250372023809 1162.9991149902344 312.8427993774414 1259.4319152832031 427.519596862793 0.7987118675595238 
40 1266.2727294921874 524.8602996826172 1431.2533935546876 646.017935180664 0.9214797247023809 1163.258966064453 310.702702331543 1258.6383728027345 431.8603775024414 0.8163829985119048 
41 1264.1828063964845 527.2375640869141 1432.012139892578 650.4872283935547 0.9104817708333334 1161.407421875 314.6268280029297 1258.43388671875 427.38714904785155 0.8129650297619048 
42 1262.2592468261719 527.7412933349609 1433.0802307128906 651.2580352783203 0.9179454985119048 1163.910906982422 312.34508056640624 1258.5193908691406 427.97779541015626 0.8252650669642857 
43 1264.2876037597657 528.7768737792969 1431.1632019042968 651.3261535644531 0.9213169642857143 1164.4030334472657 310.7555786132813 1258.2704284667968 428.08994140625 0.8153599330357143 
44 1262.0665954589845 528.4852142333984 1431.692315673828 655.7045440673828 0.9297805059523809 1162.5746215820313 311.25416564941406 1257.9890991210937 430.5222625732422 0.8255673363095238 
45 1262.7521057128906 529.1853881835938 1435.7201843261719 654.9803833007812 0.9220377604166666 1162.9629028320312 312.6730102539062 1257.3090698242188 427.985009765625 0.8208705357142857 
46 1261.698388671875 527.3949920654297 1429.5005859375 659.436001586914 0.9002278645833334 1165.9475219726562 306.48013458251955 1264.9782592773438 427.5177597045898 0.8154994419642857 
47 1259.4618041992187 526.1354736328125 1431.2747680664063 659.1518798828125 0.8991117931547619 1165.455029296875 305.72044372558594 1265.217333984375 427.6521759033203 0.8031994047619048 
48 1259.9794128417968 526.9830993652344 1429.6635314941407 660.5049377441406 0.8896484375 1165.2944641113281 305.73052368164065 1265.4358825683594 428.12555541992185 0.7985258556547619 
49 1258.3445373535155 526.2785614013671 1436.706854248047 659.3847076416016 0.9162713913690477 1163.429620361328 310.74893951416016 1259.2660583496095 430.5444869995117 0.8253348214285714 
50 1257.8726501464844 527.3791564941406 1437.2883605957031 656.6639343261719 0.9194103422619048 1159.4377075195312 309.09691162109374 1259.6992553710938 430.46632080078126 0.82666015625 
51 1253.8341125488282 522.6036987304688 1438.0610290527343 655.3554077148438 0.9065522693452381 1166.2013732910157 306.8040832519531 1261.0240905761718 431.4280944824219 0.8228236607142857 
52 1253.7416198730468 521.546923828125 1436.8097717285157 656.15595703125 0.9083658854166666 1164.5889099121093 307.41501770019534 1258.8152648925782 431.2553314208984 0.8278692336309523 
53 1252.2857421875 519.0260803222657 1436.848291015625 650.0923278808593 0.9055292038690477 1159.2841857910157 308.02388458251954 1258.2525573730468 431.0656234741211 0.8241954985119048 
54 1250.1984436035157 515.6855560302735 1435.3641784667968 645.3014434814453 0.8959030877976191 1156.4966064453124 304.6781295776367 1254.3698486328126 429.0036026000977 0.8334495907738095 
55 1247.8746337890625 510.4583435058594 1434.8258056640625 645.4785461425781 0.9007161458333334 1153.8997924804687 299.3394378662109 1255.1649047851563 429.1665435791016 0.8307291666666666 
56 1242.9621887207031 508.38255615234374 1435.3001403808594 640.1208618164062 0.8922758556547619 1152.265576171875 297.90535125732424 1252.3865234375 427.0088638305664 0.8293340773809523 
57 1241.1230041503907 502.97178344726564 1429.1832702636718 631.0708190917969 0.8829520089285714 1146.0446899414062 299.60676727294924 1249.6140014648438 427.7057632446289 0.8052687872023809 
58 1237.715234375 502.4896759033203 1437.112890625 624.7868743896485 0.8853004092261905 1140.061541748047 298.7973068237305 1246.4068420410156 431.72909088134764 0.81884765625 
59 1242.9574035644532 500.28900146484375 1438.8640075683593 618.3696899414062 0.8680478050595238 1137.5723999023437 298.8085632324219 1244.9185668945313 427.6239318847656 0.8161272321428571 
60 1243.4088134765625 498.8669036865234 1441.7222900390625 618.8987823486328 0.8807431175595238 1142.445556640625 297.241455078125 1241.602294921875 425.10150146484375 0.8169875372023809 
61 1260.7076904296875 498.3877655029297 1442.8162353515625 614.5148834228515 0.8623744419642857 1140.2156005859374 297.29691925048826 1240.5072998046876 431.8988510131836 0.8062918526785714 
62 1263.4820922851563 498.6863128662109 1446.3164916992187 613.6108673095703 0.8427734375 1145.141943359375 301.3857818603516 1239.171044921875 437.20570983886716 0.8195219494047619 
63 1261.698419189453 499.6925323486328 1445.8561462402345 609.1195404052735 0.8154529389880952 1149.9104248046874 308.65710601806643 1235.3168701171876 436.76681365966795 0.8114536830357143 
64 1267.8515502929688 497.64698638916013 1446.6323364257812 602.1649948120117 0.7905738467261905 1153.8126403808594 314.9520751953125 1239.077374267578 444.22431640625 0.7650204613095238 
65 1272.3173278808595 497.82064361572264 1448.284356689453 609.5457809448242 0.7664388020833334 1158.3361022949218 311.97017974853514 1242.1300842285157 451.62659149169923 0.7496977306547619 
66 1268.048162841797 502.5060760498047 1449.5408264160155 593.252407836914 0.7786690848214286 1164.9364074707032 315.03006134033205 1237.5334411621093 457.63146820068357 0.8031761532738095 
67 1276.3046997070312 501.9079559326172 1445.8547241210938 592.6530181884766 0.8197777157738095 1171.323291015625 315.8253692626953 1247.740185546875 459.1071258544922 0.8196847098214286 
68 1272.2651000976562 502.15668029785155 1446.6736206054688 596.4315155029296 0.8045247395833334 1182.4320678710938 324.21295471191405 1255.4951782226562 467.9820526123047 0.8209867931547619 
69 1277.1064331054688 499.46336517333987 1447.5781372070312 590.5372756958008 0.8051292782738095 1193.936346435547 329.2610916137695 1275.6692443847655 478.7157455444336 0.8183128720238095 
70 1272.4140197753907 499.04212799072263 1452.6127136230468 589.1414352416992 0.7919689360119048 1213.5918334960938 339.81343536376954 1287.5194946289062 485.35840911865233 0.8193359375 
71 1262.6834045410155 498.4143402099609 1464.440008544922 594.6006134033203 0.8207077752976191 1235.3433898925782 353.50328063964844 1298.6855407714843 501.3017120361328 0.8298921130952381 
72 1259.1471130371094 489.23199462890625 1476.027325439453 597.6721801757812 0.8257765997023809 1249.3284057617188 360.8937652587891 1310.3258911132812 512.2581512451172 0.8194521949404762 
73 1260.802264404297 490.23143463134767 1491.7107971191406 600.0811569213868 0.8210100446428571 1259.5088806152344 368.31034393310546 1322.2800598144531 518.5129898071289 0.8086635044642857 
74 1252.1876647949218 491.2603790283203 1510.9579650878907 602.7992523193359 0.8153599330357143 1273.3801025390626 367.8812194824219 1333.6111083984374 537.4202941894531 0.7589983258928571 
75 1285.1413696289062 494.55046997070315 1519.1518432617188 603.9010681152344 0.7940150669642857 1283.8797180175782 373.8441986083984 1353.8640563964843 537.8700958251953 0.7713681175595238 
76 1314.0796630859375 492.63431549072266 1530.0294677734375 602.7687301635742 0.8138253348214286 1294.7271789550782 380.83876647949216 1361.6716247558593 538.4820953369141 0.7767857142857143 
77 1329.1544128417968 492.5219528198242 1544.0966857910157 604.2919204711914 0.8132672991071429 1303.7747497558594 389.0189865112305 1366.1079406738281 552.3750869750977 0.7707635788690477 
78 1330.2140380859375 492.90234222412107 1553.4966552734375 603.4803787231446 0.8037341889880952 1314.019873046875 387.88585662841797 1379.941552734375 558.0060195922852 0.7607189360119048 
79 1352.1304260253905 492.1519439697266 1561.415350341797 602.1883270263672 0.8063848586309523 1320.4307189941405 393.4842895507812 1387.315496826172 553.1449829101563 0.7511625744047619 
80 1350.6504272460938 495.1244415283203 1571.4977661132812 600.1877532958985 0.8088960193452381 1325.8278259277345 392.7825408935547 1390.152276611328 555.737905883789 0.7531854538690477 
81 1357.1514099121093 496.6050109863281 1578.3626281738282 600.8295593261719 0.8003394717261905 1330.3999389648438 389.68078765869143 1400.5920043945312 555.5892013549804 0.7479538690476191 
82 1369.5642639160155 498.4549926757812 1583.327459716797 601.0613647460938 0.8097563244047619 1333.2244934082032 396.91743927001954 1405.9040466308593 552.9646102905274 0.7629510788690477 
83 1374.5162292480468 495.7273742675781 1580.3654846191407 607.0539978027343 0.8044549851190477 1337.8381958007812 395.30718688964845 1413.4562377929688 550.7443878173829 0.7759254092261905 
84 1374.3612548828125 495.178401184082 1585.1389892578125 604.7001083374023 0.8050130208333334 1340.5827575683593 399.56546173095705 1417.0413879394532 552.4826034545898 0.7526274181547619 
85 1377.4572143554688 497.0678283691406 1586.2268676757812 606.6202819824218 0.8170805431547619 1343.6692626953125 395.306494140625 1418.0822021484375 546.1994873046875 0.7810407366071429 
86 1380.658447265625 494.52057495117185 1589.102783203125 608.0298400878906 0.8089890252976191 1346.6849792480468 387.5202239990234 1423.0458557128907 534.0503936767578 0.7594633556547619 
87 1381.1032287597657 496.2214920043945 1590.8090026855468 605.1861923217773 0.8081519717261905 1350.659619140625 383.0658264160156 1426.729296875 526.9814758300781 0.7419782366071429 
88 1391.2259765625 493.7056182861328 1593.388037109375 610.959603881836 0.8285435267857143 1346.9835632324218 380.72819061279296 1433.9132873535157 520.2199600219726 0.7574172247023809 
89 1384.4339477539063 497.0317642211914 1592.3028686523437 606.1115158081054 0.8177315848214286 1350.316796875 376.7907318115234 1428.525 512.6258941650391 0.7812732514880952 
90 1395.0313598632813 499.6197052001953 1591.8458374023437 608.2776947021484 0.8084077380952381 1350.6376892089843 371.7218017578125 1426.4932922363282 509.0819091796875 0.7933640252976191 
91 1394.7165405273438 503.4592559814453 1589.8361938476562 607.246371459961 0.8033854166666666 1352.9621643066407 365.26279602050784 1425.6131530761718 504.3374847412109 0.7828311011904762 
92 1402.187646484375 505.3528350830078 1586.76669921875 610.2273040771485 0.8122209821428571 1346.039501953125 359.2546112060547 1429.939013671875 499.7864044189453 0.8158482142857143 
93 1400.6474670410157 507.60547790527346 1587.1627136230468 612.3893341064453 0.8064313616071429 1342.9356811523437 354.78219451904295 1428.8585083007813 484.71423492431643 0.7937825520833334 
94 1393.5607788085938 508.44248352050784 1583.6848266601562 611.9544281005859 0.8200334821428571 1334.6548400878905 349.27463684082034 1429.716864013672 480.24892272949216 0.7906203497023809 
95 1384.7173461914062 507.66924438476565 1583.0863647460938 615.2948669433594 0.8223818824404762 1324.2489440917968 347.77284088134763 1427.6540100097657 476.5016036987305 0.7856910342261905 
96 1377.1325805664062 510.339599609375 1582.5246459960938 615.1314697265625 0.8311476934523809 1323.124462890625 339.28705444335935 1423.724658203125 473.4206481933594 0.7889462425595238 
97 1379.7357360839844 513.7332122802734 1582.540020751953 620.5870391845704 0.8531668526785714 1317.5020568847656 341.0392272949219 1419.994647216797 476.24208374023436 0.8098493303571429 
98 1388.138409423828 516.0757080078125 1579.9076110839844 623.3752197265625 0.8427501860119048 1308.3222900390624 341.2531021118164 1415.6218017578126 487.3630172729492 0.8199637276785714 
99 1387.8947998046874 520.9394165039063 1584.1313232421876 631.4635375976562 0.8521670386904762 1302.6160034179688 341.96677551269534 1410.8844848632812 499.85829772949216 0.8117792038690477 
100 1400.2876586914062 529.5506744384766 1584.9362182617188 641.6586151123047 0.8454473586309523 1299.508984375 356.90772705078126 1405.022265625 499.7904541015625 0.8235677083333334 
101 1403.8806945800782 540.3522399902344 1588.4846618652343 646.1617980957031 0.8369838169642857 1296.6857299804688 352.8044174194336 1404.7466430664062 508.14184112548827 0.8306594122023809 
102 1413.0254211425781 554.519384765625 1595.1912536621094 644.4193359375 0.8112676711309523 1301.1964599609375 369.6237854003906 1395.8279541015625 516.3027282714844 0.8120349702380952 
103 1427.0570190429687 563.4538024902344 1605.3065063476563 654.9240051269531 0.8297991071428571 1303.8337890625 378.6191207885742 1392.95869140625 524.0332534790039 0.8083147321428571 
104 1445.5481811523437 577.6843048095703 1609.5275024414063 658.5192474365234 0.8197777157738095 1307.6847412109375 385.4572219848633 1388.5196044921875 530.9599838256836 0.7959914434523809 
105 1452.3016418457032 584.1856719970704 1625.9755798339843 673.3077972412109 0.8209170386904762 1307.8956420898437 396.09747314453125 1392.4473754882813 530.9232788085938 0.8050130208333334 
106 1464.34609375 591.4082702636719 1638.222998046875 680.6345764160156 0.8008277529761905 1313.2597351074219 401.0763458251953 1393.3346252441406 538.3476654052735 0.7981305803571429 
107 1486.362237548828 595.2260772705079 1651.1405700683595 687.7727630615234 0.7751813616071429 1312.2078491210937 407.8755126953125 1391.2110961914063 559.1103271484375 0.7843889508928571 
108 1505.1760375976562 596.3443939208985 1664.8586303710938 697.5516632080078 0.7997581845238095 1310.5467956542968 420.8319976806641 1402.7577697753907 573.7674285888672 0.7815522693452381 
109 1528.575018310547 598.8180847167969 1674.9429260253905 700.8320617675781 0.7911318824404762 1309.9615478515625 438.7176010131836 1414.1932373046875 582.867756652832 0.7830403645833334 
110 1543.2309020996095 595.1433746337891 1687.081964111328 710.2242401123046 0.8181966145833334 1312.7286010742187 443.97203063964844 1403.4654907226563 585.6100616455078 0.7759254092261905 
111 1558.0300231933593 592.7420318603515 1696.4068664550782 713.5472137451172 0.8075939360119048 1325.7124938964844 443.382991027832 1398.1955871582031 599.3314559936523 0.787109375 
112 1574.0444030761719 595.7626983642579 1707.3539123535156 715.9597747802734 0.8324265252976191 1328.1027221679688 456.73755645751953 1422.0750122070312 616.2718124389648 0.7773902529761905 
113 0.0 0.0 0.0 0.0 0.19992501395089285 0.0 0.0 0.0 0.0 0.19992501395089285 
114 0.0 0.0 0.0 0.0 0.19992501395089285 0.0 0.0 0.0 0.0 0.19992501395089285 
115 1619.0323913574218 599.5814178466796 1741.9723693847657 726.8350250244141 0.8381463913690477 1331.342950439453 490.909765625 1402.5187438964845 639.7318359375 0.7416759672619048 
116 1628.30576171875 602.1553802490234 1753.17177734375 733.3705596923828 0.8472842261904762 1326.2340698242188 500.4065795898438 1402.4234008789062 652.7855590820312 0.7741815476190477 
117 1640.6047058105469 607.0028930664063 1762.0187072753906 738.8837036132812 0.8379836309523809 1333.0440246582032 514.8957153320313 1412.5911071777343 663.5232299804687 0.7696475074404762 
118 1657.1312072753906 607.924429321289 1771.005145263672 742.5027557373047 0.8049665178571429 1333.5062622070313 528.2126647949219 1422.5349975585937 677.2840393066406 0.8069893973214286 
119 1656.8388793945312 610.5886749267578 1784.8974487304688 749.1438079833985 0.8030133928571429 1342.1832641601563 535.0939636230469 1426.1560913085937 684.1456604003906 0.8025948660714286 
120 1666.2087524414062 615.7073638916015 1789.9763061523438 751.8516571044922 0.8054082961309523 1341.9537353515625 548.1112640380859 1443.0306396484375 692.5067169189454 0.8138950892857143 
121 1670.4790161132812 621.3825500488281 1797.9536010742188 755.2309753417969 0.8000604538690477 1351.547265625 552.9057708740235 1438.6548828125 699.5016387939453 0.8210565476190477 
122 1675.7534545898438 624.1178466796875 1805.2643676757812 762.1212890625 0.8046875 1357.9372436523438 561.3221862792968 1453.4780395507812 705.6950256347657 0.8127557663690477 
123 1680.3645874023437 627.5458953857421 1811.8819946289063 765.4270660400391 0.7891787574404762 1367.4804382324219 573.4540313720703 1467.1791076660156 713.456430053711 0.8241024925595238 
124 1691.891534423828 630.7985290527344 1814.2326110839845 770.0142150878906 0.7919689360119048 1378.41298828125 575.7937927246094 1475.4419921875 727.6654357910156 0.8232886904761905 
125 1696.8288513183593 638.3918273925781 1816.8006652832032 773.0971862792969 0.7704845610119048 1386.7797546386719 587.2297241210938 1485.7040100097656 730.3541381835937 0.8084077380952381 
126 1702.3435363769531 639.577914428711 1819.4871520996094 778.0205352783203 0.7500697544642857 1399.3261413574219 594.358740234375 1501.5606994628906 741.320947265625 0.8308454241071429 
127 1707.0726013183594 643.9386383056641 1821.6438293457031 781.8485321044922 0.7603236607142857 1406.8534057617187 598.4039276123046 1506.5728637695313 749.0438873291016 0.8362165178571429 
128 1704.3761291503906 648.9912506103516 1825.1823425292969 784.6334442138672 0.7138904389880952 1411.0010314941405 601.1415283203125 1516.971502685547 755.858349609375 0.8416341145833334 
129 1703.8214050292968 658.7760192871094 1828.4460510253907 791.8497131347656 0.6991257440476191 1417.038818359375 602.2318756103516 1520.54052734375 760.6529510498046 0.8379603794642857 
130 1711.6300659179688 661.2910522460937 1832.8877563476562 797.4400268554688 0.7072637648809523 1421.4133728027343 608.3533264160156 1519.2705871582032 763.6482604980469 0.8201497395833334 
131 1711.4457885742188 666.5516174316406 1833.7990844726562 799.4526550292969 0.7229120163690477 1427.8749877929688 622.9004425048828 1518.5852172851562 768.458627319336 0.7999441964285714 
132 1715.238055419922 671.3013000488281 1835.8370178222656 804.5949401855469 0.7399088541666666 1431.72470703125 631.5085601806641 1526.93447265625 771.1494598388672 0.8108026413690477 
133 1709.9826965332031 673.418099975586 1836.9175720214844 806.6997589111328 0.7355608258928571 1432.3532165527345 635.744497680664 1525.438897705078 771.1416717529297 0.8095703125 
134 1699.6278137207032 678.1046325683594 1839.5385681152343 809.5358703613281 0.7139834449404762 1435.9499084472657 639.8655792236328 1529.2237976074218 777.6564544677734 0.8052222842261905 
135 1710.1165466308594 681.6604919433594 1837.9067687988281 809.4507141113281 0.7313988095238095 1437.4154113769532 651.6789398193359 1528.9982849121093 783.7288360595703 0.7921549479166666 
136 1713.0040466308594 683.6465240478516 1836.443585205078 815.5991424560547 0.7386067708333334 1440.5039184570312 657.4525024414063 1527.7629272460938 789.4050415039062 0.7711821056547619 
137 1706.063818359375 690.3837310791016 1835.735009765625 815.8033416748046 0.7221447172619048 1436.910418701172 662.0948333740234 1532.5694396972656 791.7659454345703 0.7284458705357143 
138 1714.1390991210938 694.117236328125 1831.3628540039062 821.99775390625 0.69482421875 1433.457745361328 666.9836151123047 1525.1053649902344 788.4700592041015 0.7757161458333334 
139 1709.139385986328 698.8933776855469 1829.0086853027344 829.4651428222656 0.7241908482142857 1434.49404296875 670.9842498779296 1537.239111328125 786.5724517822266 0.7977585565476191 
140 1704.2837707519532 701.0947906494141 1828.3501403808593 833.7174041748046 0.7242373511904762 1441.8356628417969 676.2485961914062 1544.5113830566406 796.0368041992188 0.8108258928571429 
141 1706.0789672851563 707.1795776367187 1824.1031616210937 835.9332153320313 0.7125418526785714 1445.6005737304688 683.9048797607422 1546.4575317382812 799.783169555664 0.7678803943452381 
142 1692.422589111328 711.7746368408203 1823.3780700683594 838.4364837646484 0.7022646949404762 1457.8422729492188 674.7008850097657 1560.8891723632812 807.8031433105468 0.7546502976190477 
143 1687.6701049804688 715.8437591552735 1819.3823852539062 847.5559600830078 0.6844540550595238 1470.2535400390625 680.9640502929688 1571.7366943359375 812.6763305664062 0.7634393601190477 
144 1686.8744506835938 719.9047760009765 1816.3618774414062 849.3922821044922 0.6872209821428571 1474.299005126953 683.8806396484375 1575.7309020996095 809.0519775390625 0.7444661458333334 
145 1672.186376953125 725.0135345458984 1813.91494140625 858.0203399658203 0.7087286086309523 1486.849169921875 687.6945220947266 1563.164501953125 809.7990692138671 0.6942661830357143 
146 1681.488427734375 730.2712371826171 1812.140966796875 863.1012603759766 0.7487676711309523 1490.7861572265624 687.2229705810547 1575.7101806640626 815.697866821289 0.7310965401785714 
147 1680.2868408203126 736.0465667724609 1811.4973388671874 869.3732940673829 0.7831798735119048 1488.1920776367188 689.0810394287109 1577.0767211914062 820.2914581298828 0.7255161830357143 
148 0.0 0.0 0.0 0.0 0.1986083984375 0.0 0.0 0.0 0.0 0.1986083984375 
149 0.0 0.0 0.0 0.0 0.19990466889880953 0.0 0.0 0.0 0.0 0.19990466889880953 
150 0.0 0.0 0.0 0.0 0.19990466889880953 0.0 0.0 0.0 0.0 0.19990466889880953 
151 1685.0639587402343 757.8293823242187 1807.5399230957032 897.4949584960938 0.8275669642857143 1466.8881774902343 720.3097991943359 1589.3641418457032 855.6779327392578 0.8028273809523809 
152 1695.9405090332032 766.0723510742188 1806.5339782714843 900.5192016601562 0.8250093005952381 1467.41416015625 729.3746490478516 1578.007470703125 863.8215789794922 0.7855747767857143 
153 1689.117822265625 767.8016540527344 1806.637060546875 911.4362609863281 0.7992466517857143 1459.771142578125 734.8226135253906 1577.290380859375 874.1046325683594 0.7902715773809523 
154 1689.0298645019532 770.2157379150391 1804.5840270996093 918.4738983154297 0.8048270089285714 1452.303076171875 739.3565338134765 1570.0375 878.8936492919922 0.8187546502976191 
155 1694.7073547363282 770.9848205566407 1804.2978942871093 928.7953308105468 0.7816917782738095 1446.3580383300782 741.9011138916015 1560.3322692871093 888.7526336669922 0.7980375744047619 
156 1704.12861328125 777.635986328125 1800.27275390625 937.1478271484375 0.76025390625 1445.0268859863281 753.2637451171875 1543.3560485839844 890.9247314453125 0.8035249255952381 
157 1689.5098815917968 785.3737976074219 1801.5534729003907 941.3561828613281 0.7888532366071429 1435.3413513183593 749.462368774414 1538.5972473144532 894.4600555419922 0.806640625 
158 1687.4310913085938 794.3764343261719 1799.0435180664062 945.3816223144531 0.7969912574404762 1431.3788146972656 751.3643341064453 1529.8603210449219 895.8040618896484 0.8221958705357143 
159 1684.1459350585938 799.6581512451172 1799.9255981445312 952.5746978759765 0.8063848586309523 1429.8172912597656 755.2955444335937 1521.5671081542969 899.4739868164063 0.7863653273809523 
160 1684.9274291992188 809.9904663085938 1800.7229614257812 960.7431762695312 0.8195917038690477 1421.656231689453 756.2101837158203 1517.7884704589844 906.9629730224609 0.7978050595238095 
161 1683.843603515625 810.3423400878906 1801.619287109375 967.3765319824219 0.8317057291666666 1415.9963439941407 758.3331939697266 1514.1426940917968 915.3673065185546 0.7990141369047619 
162 1688.9041442871094 818.7927825927734 1800.5713195800781 967.6823760986329 0.8170805431547619 1418.5784912109375 764.3907653808594 1508.3502197265625 917.6595275878906 0.8150809151785714 
163 1682.6214233398437 825.1706085205078 1798.4252075195313 973.7490081787109 0.8028738839285714 1415.29794921875 768.9494903564453 1502.696923828125 924.082797241211 0.8146391369047619 
164 1684.1094604492187 828.8109527587891 1795.0287231445313 978.8781951904297 0.7987351190476191 1417.2675170898438 775.5261932373047 1506.4378051757812 923.418569946289 0.8164295014880952 
165 1679.4358825683594 831.9276489257812 1794.3371887207031 981.5161987304688 0.7935732886904762 1416.5302368164062 778.3125701904297 1511.9199584960938 930.0690826416015 0.8371233258928571 
166 1677.0589721679687 835.131948852539 1791.6827270507813 984.3590789794922 0.7925037202380952 1416.202410888672 779.9827362060547 1513.5245178222656 931.372671508789 0.8375883556547619 
167 1672.9671508789063 839.0801025390625 1789.2171752929687 987.621923828125 0.8021763392857143 1420.4295166015625 782.5282440185547 1515.1517822265625 933.2227935791016 0.8344261532738095 
168 1669.5437072753907 845.7293395996094 1785.1111999511718 993.3988342285156 0.8214518229166666 1420.1354187011718 782.9245422363281 1514.3014709472657 932.7341491699219 0.8210565476190477 
169 1660.6136108398437 848.5544311523438 1784.8566040039063 1000.6449096679687 0.78466796875 1423.744451904297 784.5379852294922 1515.8557678222655 934.4863677978516 0.8113141741071429 
170 1665.139990234375 851.5929901123047 1782.67763671875 999.049282836914 0.7833891369047619 1421.7633056640625 787.7281188964844 1511.5191650390625 933.0473937988281 0.8086867559523809 
171 1663.9891479492187 853.4605255126953 1783.4244262695313 1000.6218109130859 0.7633696056547619 1422.9859191894532 787.8367462158203 1512.5622985839843 934.9980316162109 0.8239862351190477 
172 1662.2369384765625 855.9584350585938 1781.7283935546875 1003.1891479492188 0.7841099330357143 1422.7613037109375 788.9085571289063 1512.3800537109375 934.0055053710937 0.8179873511904762 
173 1660.6412353515625 857.0775329589844 1782.3099365234375 1002.2260559082031 0.8148484002976191 1425.1033630371094 789.7575958251953 1510.4848937988281 934.906039428711 0.8270089285714286 
174 1662.5989196777343 858.0895599365234 1784.4090148925782 1001.2697540283203 0.8069893973214286 1425.1434326171875 790.4447265625 1510.6241455078125 935.7619384765625 0.8160574776785714 
175 1657.6565307617188 856.8944366455078 1786.0788208007812 1002.4396087646485 0.8125 1421.721923828125 791.0368927001953 1511.617431640625 936.582064819336 0.8163364955357143 
176 1653.7499755859376 858.544921875 1786.6426025390624 1004.2982177734375 0.8346121651785714 1421.2700622558593 790.6970764160156 1511.2942687988282 938.5938171386719 0.8204287574404762 
177 1656.5505493164062 860.2386596679687 1784.5519897460938 1001.0401489257813 0.8253813244047619 1423.522393798828 790.3302001953125 1508.8566345214845 939.6651611328125 0.8150809151785714 
178 1654.815936279297 859.1775207519531 1782.7210510253906 1004.1365661621094 0.8265206473214286 1423.111102294922 793.5852447509766 1512.6446350097656 938.5442108154297 0.8203125 
179 1656.2372253417968 862.2770904541015 1781.6178771972657 1002.5333953857422 0.8171968005952381 1417.7362487792968 792.8845611572266 1513.3654357910157 939.5161346435547 0.8234281994047619 
180 1658.3712341308594 861.6522247314454 1782.013897705078 1002.3490570068359 0.8342866443452381 1425.0244689941405 790.155874633789 1510.295233154297 939.3798309326172 0.8148018973214286 
181 1657.1071228027345 862.2586791992187 1780.455255126953 1004.7470581054688 0.8161039806547619 1422.1893310546875 793.3047332763672 1511.5103759765625 937.9198150634766 0.8161504836309523 
182 1652.8487670898437 861.6628967285156 1778.5713989257813 1006.5635437011719 0.8021763392857143 1420.7454833984375 794.7036926269532 1512.3739013671875 937.4734313964843 0.8235212053571429 
183 1657.0518920898437 862.5231567382813 1778.2105590820313 1004.9379028320312 0.8060593377976191 1422.0103332519532 793.3596008300781 1511.2851989746093 940.0255310058594 0.8178245907738095 
184 1655.0428344726563 865.7125366210937 1774.4825561523437 1006.4807006835938 0.8092447916666666 1426.0075073242188 792.7854644775391 1511.3215942382812 939.9521453857421 0.8145461309523809 
185 1652.9933471679688 865.4723876953125 1771.9277954101562 1007.7690673828125 0.7961542038690477 1416.9211975097655 791.7100463867188 1514.617498779297 936.1306518554687 0.7978515625 
186 1649.8552612304688 866.9726776123047 1771.3332153320312 1007.6312652587891 0.8145228794642857 1427.8016784667968 789.1842437744141 1513.0492736816407 936.2363494873047 0.8067568824404762 
187 1647.346533203125 866.1306701660156 1770.863671875 1008.8143981933594 0.8132207961309523 1422.18154296875 792.4135070800781 1509.495458984375 935.0972351074219 0.8060825892857143 
188 1648.2379028320313 868.2890747070312 1769.4486206054687 1006.5118286132813 0.8030831473214286 1425.2821838378907 794.1886016845704 1508.2157409667968 936.6643646240234 0.8134765625 
189 1648.0613159179688 867.8369384765625 1769.0822387695312 1005.8432373046875 0.7993861607142857 1425.6997314453124 793.8524688720703 1506.3803466796876 936.105111694336 0.8181733630952381 
190 1651.5204223632813 865.7204620361329 1770.3545776367187 1003.6528900146484 0.8052455357142857 1425.7681884765625 793.4078796386718 1506.4056396484375 935.5844299316407 0.8110584077380952 
191 1647.1953125 864.0771759033203 1772.386962890625 1004.122103881836 0.8008510044642857 1423.335546875 791.769644165039 1508.211328125 936.0582977294922 0.8065476190476191 
192 1650.4913208007813 863.6263671875 1773.4793823242187 1003.57822265625 0.8010370163690477 1425.1493530273438 791.1222198486328 1507.8482055664062 937.4354583740235 0.8108026413690477 
193 1648.8333129882812 865.0003295898438 1773.7377319335938 1002.6067260742187 0.8069196428571429 1423.859149169922 790.741748046875 1508.5398986816406 936.8162353515625 0.8031063988095238 
194 1648.5356140136719 862.8443572998046 1773.3805236816406 1002.5012847900391 0.7963169642857143 1421.796630859375 792.3648406982422 1508.55322265625 936.2537506103515 0.8020833333333334 
195 1647.5120056152343 864.7361083984375 1772.3340637207032 1002.25205078125 0.8191731770833334 1422.6856262207032 794.2694396972656 1507.3108337402343 936.0165710449219 0.8038504464285714 
196 1650.2186279296875 863.7244873046875 1773.1632080078125 1003.6268310546875 0.8163829985119048 1417.4556396484375 793.1210540771484 1508.6041748046875 937.2629180908203 0.8180338541666666 
197 1645.7875854492188 861.5290100097657 1773.1428344726562 1005.8650329589843 0.8240792410714286 1419.9769165039063 792.9530822753907 1509.1256225585937 937.2891052246093 0.8149181547619048 
198 1647.3584411621093 860.7011840820312 1772.3994934082032 1004.8161499023438 0.8136858258928571 1422.382666015625 794.1050842285156 1505.036767578125 936.1007263183594 0.8101981026785714 
199 1648.091375732422 862.9906280517578 1773.1851135253905 1005.046176147461 0.8307291666666666 1417.1489501953124 792.6151824951172 1508.3190673828126 936.7910064697265 0.8129650297619048 
200 1648.2036682128905 863.3210296630859 1773.372625732422 1005.4621124267578 0.8184756324404762 1418.9991027832032 792.9033325195312 1508.1025817871093 937.1658813476563 0.8103841145833334 
201 1648.8891174316407 862.4356903076172 1771.7399108886718 1004.3495269775391 0.8368908110119048 1416.0590942382812 792.1304992675781 1509.2563354492188 936.1624694824219 0.8184291294642857 
202 1648.212158203125 863.1826538085937 1773.108642578125 1002.8974243164063 0.8084309895833334 1419.7508483886718 792.6739440917969 1506.5434631347657 936.6224426269531 0.8008975074404762 
203 1650.090771484375 861.8827697753907 1772.907763671875 1003.7574890136718 0.8131045386904762 1418.0579895019532 791.3526733398437 1504.8769470214843 937.4623901367188 0.8162899925595238 
204 1645.2548278808595 863.5301666259766 1772.367120361328 1005.4720916748047 0.8238234747023809 1420.1196533203124 791.3369201660156 1506.9797119140626 937.5159851074219 0.8168015252976191 
205 1651.1700256347656 862.9827758789063 1771.829608154297 1004.8106811523437 0.8170805431547619 1418.7253845214843 790.8475402832031 1507.6324035644532 936.9091735839844 0.8210565476190477 
206 1646.7858093261718 865.2405944824219 1771.6808654785157 1007.0705627441406 0.8258463541666666 1418.0828857421875 789.8475982666016 1506.9913330078125 935.9113739013671 0.8131975446428571 
207 1648.5361083984376 865.0399841308594 1771.1709228515624 1006.7042785644531 0.8295665922619048 1418.2300109863281 789.7350280761718 1507.0345153808594 935.6281311035157 0.8162434895833334 
208 1646.817364501953 863.8733917236328 1771.6156188964844 1005.5934661865234 0.8175455729166666 1420.16279296875 790.1658996582031 1506.88701171875 936.1164489746094 0.8161969866071429 
209 1646.0925598144531 864.3976684570313 1773.0464782714844 1008.2787231445312 0.8215215773809523 1423.3537048339845 790.9109100341797 1505.873712158203 936.9078765869141 0.8095703125 
210 1646.0655395507813 862.1437927246094 1770.6659057617187 1005.7511047363281 0.8095703125 1425.618585205078 790.1776794433594 1503.7577575683595 938.0087219238281 0.80615234375 
211 1648.20673828125 863.6460845947265 1772.664599609375 1004.9795867919922 0.8060360863095238 1420.7912841796874 789.8962951660156 1505.1694091796876 937.5581726074219 0.8091517857142857 
212 1648.3929565429687 861.0997436523437 1773.0206176757813 1006.8508178710938 0.7988048735119048 1422.5355163574218 791.2301666259766 1504.9165100097657 936.9813201904296 0.8117327008928571 
213 1646.9355041503907 863.6841522216797 1771.4969909667968 1005.1352447509765 0.8254743303571429 1422.5788269042969 792.2277923583985 1507.0272521972656 933.6788848876953 0.8169875372023809 
214 1647.497509765625 862.1804443359375 1772.16484375 1005.8647216796875 0.8142438616071429 1417.0988525390626 790.4196105957031 1510.0710693359374 936.2168640136719 0.8128255208333334 
215 1643.9282775878905 863.6939208984375 1772.899481201172 1005.3507568359375 0.8298688616071429 1422.9859191894532 788.3929595947266 1507.5571716308593 934.2783660888672 0.7990141369047619 
216 1646.675311279297 861.0160675048828 1775.6563537597656 1006.9125823974609 0.7605561755952381 1416.6076599121093 787.8238067626953 1509.6431945800782 933.7203216552734 0.8139880952380952 
217 1650.3973083496094 862.8854858398438 1775.0740051269531 1004.4674194335937 0.7744140625 1420.9565368652343 787.6243316650391 1505.4830383300782 933.4326141357421 0.7954799107142857 
218 1650.0036010742188 864.7501251220704 1776.5552368164062 1003.9568450927734 0.7857375372023809 1419.3716369628905 784.2763488769531 1505.848455810547 931.9198181152344 0.8000139508928571 
219 1655.2359924316406 863.6361389160156 1777.4323425292969 1002.6871032714844 0.7653227306547619 1422.998193359375 781.1455139160156 1507.27158203125 932.8375183105469 0.7990606398809523 
220 1655.0634826660157 863.6916412353515 1781.7108093261718 1003.0037322998047 0.7793666294642857 1424.5002014160157 782.669775390625 1508.9318054199218 934.646630859375 0.7960844494047619 
221 1658.0856384277345 864.0643005371094 1782.636651611328 1005.5035705566406 0.7700427827380952 1423.273699951172 779.541796875 1514.0481994628906 935.758251953125 0.8092912946428571 
222 1658.0539794921874 865.0188018798829 1780.8417724609376 1006.8597991943359 0.7836449032738095 1425.8322204589845 786.11875 1514.747491455078 934.3108154296875 0.8066638764880952 
223 1661.5915832519531 863.064584350586 1779.9666442871094 1004.6918243408203 0.7707635788690477 1431.3457580566405 783.3078155517578 1515.899237060547 939.7319183349609 0.7897832961309523 
224 1658.921697998047 862.3951477050781 1783.9963928222655 1004.4291931152344 0.7635788690476191 1434.5372802734375 791.2966064453125 1525.6934326171875 941.8103271484375 0.7697637648809523 
225 1658.9671325683594 861.7283508300782 1783.7898254394531 1003.4761169433593 0.7554873511904762 1438.2898071289062 797.7710113525391 1529.2621948242188 943.7500457763672 0.7969680059523809 
226 1662.5904724121094 859.5634033203125 1781.158184814453 1003.5384033203125 0.7734375 1440.7647766113282 802.0711334228515 1533.9250427246093 950.2807342529297 0.7925502232142857 
227 1659.1585815429687 861.1092742919922 1778.3812133789063 1005.8795562744141 0.7356073288690477 1440.5292724609376 803.2994232177734 1538.4621826171874 952.3277130126953 0.7972005208333334 
228 1657.325421142578 859.4585388183593 1783.3741638183594 1000.4623596191407 0.7776227678571429 1445.2443969726562 811.0603820800782 1543.5197631835938 958.4734313964843 0.8032924107142857 
229 1656.9453735351562 858.4403106689454 1787.9276733398438 1002.3062103271484 0.8152204241071429 1445.9365539550781 811.696255493164 1544.7100524902344 959.8566619873047 0.8001767113095238 
230 1661.5749206542969 859.8709381103515 1793.0182189941406 1002.0883514404297 0.8294735863095238 1451.729669189453 819.8412414550781 1548.6959899902345 964.2134460449219 0.7916434151785714 
231 1661.5059936523437 860.2026641845703 1797.6483032226563 1002.827914428711 0.8472842261904762 1452.22265625 819.5594909667968 1558.111083984375 968.6676818847657 0.7921316964285714 
232 1662.72177734375 858.7221710205079 1801.587548828125 1004.0972259521484 0.8727446056547619 1450.4174865722657 821.5021606445313 1563.2459655761718 971.2167114257812 0.8096865699404762 
233 1665.0240539550782 860.1237945556641 1801.8911071777343 1003.5082244873047 0.8721400669642857 1454.125146484375 824.2776550292969 1564.922216796875 974.1796203613281 0.7917829241071429 
234 1662.550537109375 861.2756042480469 1803.611328125 1004.5065002441406 0.8759068080357143 1457.3865234375 826.8867736816406 1568.064892578125 978.7984069824219 0.7942708333333334 
235 1663.1075378417968 861.3959197998047 1803.5981506347657 1004.0479888916016 0.8862072172619048 1457.7750366210937 828.0605743408203 1576.6517211914063 985.8424407958985 0.8200334821428571 
236 1664.169610595703 860.836148071289 1804.3666442871095 1003.1900360107422 0.861328125 1462.8334533691407 834.7047760009766 1579.3048522949218 987.8430145263671 0.8179408482142857 
237 1663.6503540039062 861.8904235839843 1803.6196655273438 1004.0130187988282 0.8617699032738095 1466.4512268066405 837.2095092773437 1578.426580810547 992.2522827148438 0.82763671875 
238 1663.7796020507812 862.0938659667969 1803.2614135742188 1008.0133117675781 0.8745582217261905 1469.1653198242188 839.3971221923828 1578.6049438476562 996.045932006836 0.82666015625 
239 1667.5517272949219 863.0199890136719 1804.2318420410156 1008.2424621582031 0.8550967261904762 1472.2242553710937 842.3208831787109 1579.0054809570313 996.0857940673828 0.8387509300595238 
240 1667.25537109375 862.4402038574219 1803.676025390625 1007.3871887207031 0.8672107514880952 1473.9380676269532 843.4200286865234 1580.5166442871093 996.8932647705078 0.8299851190476191 
241 1667.3329467773438 862.82666015625 1803.8821411132812 1007.9102783203125 0.8606073288690477 1479.4954406738282 845.922119140625 1579.7739685058593 995.27294921875 0.8212658110119048 
242 1666.9385559082032 863.5628326416015 1805.0554626464843 1005.9294158935547 0.8571428571428571 1479.6226379394532 847.8714172363282 1583.7414978027343 998.7375915527343 0.8224516369047619 
243 1662.0661315917969 864.5198059082031 1804.1258850097656 1006.5795593261719 0.8802315848214286 1480.5362243652344 848.6175354003906 1584.4306945800781 1001.2788269042969 0.8248465401785714 
244 1662.5259643554687 863.5913970947265 1804.5455688476563 1007.7305633544922 0.8815801711309523 1478.683331298828 851.4438903808593 1588.9073669433594 1001.9422180175782 0.8358212425595238 
245 1662.9088928222657 864.6179107666015 1804.8756530761718 1008.7034393310547 0.8928803943452381 1478.6457458496093 854.3493957519531 1593.0665344238282 1002.6726989746094 0.8469819568452381 
246 1662.583270263672 863.5513061523437 1804.5198791503906 1009.7248168945313 0.8867885044642857 1477.8699645996094 855.4033477783203 1596.5036926269531 1001.576937866211 0.8593284970238095 
247 1664.2020935058595 863.687548828125 1803.927178955078 1007.6466796875 0.8813709077380952 1479.6118896484375 855.0564788818359 1596.0494873046875 1003.2497344970703 0.8429594494047619 
248 1665.5443298339844 864.9460815429687 1802.989971923828 1006.6206909179688 0.8681873139880952 1477.4309997558594 856.3252410888672 1595.8457336425781 1002.2288970947266 0.8564453125 
249 1666.4940185546875 864.2855926513672 1803.8192138671875 1007.948843383789 0.8818824404761905 1478.7893005371093 857.7849822998047 1594.9874328613282 1001.4482330322265 0.8434477306547619 
250 1667.0997131347656 864.0439086914063 1802.765155029297 1008.1883911132812 0.8846028645833334 1477.1355834960937 857.5215087890625 1591.6031860351563 1001.6659912109375 0.8238932291666666 
251 1666.2804565429688 863.8211059570312 1801.7981567382812 1005.6912231445312 0.8710239955357143 1478.3960876464844 857.0615203857421 1590.6218566894531 1001.0491363525391 0.8274042038690477 
252 1663.9571594238282 865.060498046875 1801.6303649902343 1006.9696533203125 0.87451171875 1477.8948547363282 856.6697357177734 1590.1514099121093 1000.6970245361329 0.826171875 
253 1664.0597290039063 862.059115600586 1801.9273315429687 1008.4109161376953 0.8846726190476191 1475.8581420898438 855.5328796386718 1590.3942993164062 1001.8846008300782 0.8279389880952381 
254 1661.4458740234375 863.7215026855469 1801.1000244140625 1007.6074768066406 0.8873232886904762 1477.4379577636719 855.3389831542969 1589.5843811035156 1001.3409484863281 0.8238002232142857 
255 1661.9242004394532 862.6200500488281 1799.4069763183593 1008.5632995605469 0.8995303199404762 1477.501953125 854.2409271240234 1591.718505859375 1002.2992950439453 0.8318452380952381 
256 1661.982354736328 861.0185760498047 1799.6054138183595 1007.1107574462891 0.8887183779761905 1479.0005981445313 856.1325897216797 1593.3336303710937 1002.2247711181641 0.8271716889880952 
257 1662.0012756347655 862.8209625244141 1797.301092529297 1006.5770477294922 0.8876023065476191 1480.9237426757813 857.9423614501953 1592.9690795898437 1001.6984466552734 0.8165922619047619 
258 1662.2870666503907 863.2047607421875 1797.6300476074218 1007.006787109375 0.8945079985119048 1480.9077941894532 856.4539276123047 1595.1035583496093 1002.3705963134765 0.8214983258928571 
259 1662.1106506347655 864.0074096679688 1797.404119873047 1007.7567504882812 0.8859514508928571 1480.309912109375 857.5028839111328 1598.691796875 1001.2523040771484 0.8409830729166666 
260 1661.9266967773438 865.0451202392578 1797.2158813476562 1006.6760101318359 0.8767903645833334 1481.757861328125 858.2969329833984 1600.1359375 1002.0417510986329 0.8406808035714286 
261 1663.5854919433593 863.3252075195312 1798.8367492675782 1009.1429321289063 0.8841843377976191 1481.8416625976563 858.6921478271485 1600.1864135742187 1002.3966583251953 0.8137323288690477 
262 1665.2530700683594 862.0060363769531 1800.613507080078 1007.9413513183594 0.8834635416666666 1481.491748046875 859.240267944336 1602.0470703125 1000.9455841064453 0.8341936383928571 
263 1665.3455078125 863.1050170898437 1798.53583984375 1008.9801879882813 0.8798595610119048 1481.4159362792968 860.3403900146484 1601.9215881347657 1001.9873077392579 0.8337518601190477 
264 1664.98994140625 864.8132385253906 1798.09013671875 1008.4770446777344 0.8861374627976191 1481.428533935547 862.0504791259766 1599.7398010253905 1001.4888885498046 0.8405180431547619 
265 1667.3506164550781 863.4307922363281 1798.3035583496094 1009.1686950683594 0.8737211681547619 1481.9693725585937 862.2934448242188 1600.2493774414063 1003.8071411132812 0.8277762276785714 
266 1667.23466796875 865.6254119873047 1800.148876953125 1009.0883941650391 0.8674665178571429 1479.4668884277344 864.2459777832031 1608.1616516113281 1005.5992370605469 0.8535388764880952 
267 1667.4340698242188 864.8372589111328 1798.0139282226562 1008.0537933349609 0.87255859375 1479.7459350585937 866.9434112548828 1608.2196411132813 1005.947640991211 0.8582589285714286 
268 1666.2577697753907 865.8242614746093 1799.0489929199218 1009.1544982910157 0.8679082961309523 1480.2853271484375 867.6888702392578 1608.8609130859375 1008.9112884521485 0.8555850074404762 
269 1666.292791748047 866.8722381591797 1801.0476623535155 1007.9437408447266 0.8733956473214286 1482.6244506835938 870.3545013427735 1608.9570922851562 1009.3204864501953 0.8373325892857143 
270 1666.2187133789062 864.9230651855469 1800.8210815429688 1007.9381408691406 0.8532133556547619 1483.6480285644532 873.497525024414 1616.1472595214843 1012.3062469482422 0.8378441220238095 
271 1665.8795227050782 863.6173675537109 1802.6291442871093 1008.7824737548829 0.8545154389880952 1485.353741455078 874.2984588623046 1615.7918884277344 1011.0481597900391 0.8276832217261905 
272 1665.5210021972657 862.6924743652344 1802.2579284667968 1009.9477844238281 0.8501441592261905 1484.5264221191405 873.37255859375 1619.159735107422 1012.2132568359375 0.8288690476190477 
273 1666.7749877929687 865.879183959961 1801.2408813476563 1008.7492950439453 0.8460751488095238 1485.5205932617187 874.4449005126953 1622.0875610351563 1013.1130218505859 0.8484002976190477 
274 1665.1689208984376 865.47314453125 1801.6416259765624 1008.24462890625 0.8456566220238095 1485.8972106933593 874.0329864501953 1622.3697570800782 1012.605258178711 0.8453078497023809 
275 1665.2510864257813 866.3899322509766 1799.5189331054687 1009.0494598388672 0.8704659598214286 1487.7337707519532 874.9431121826171 1622.0014587402343 1013.4066802978516 0.8466564360119048 
276 1667.5382080078125 867.5054901123046 1797.7127685546875 1008.1780426025391 0.8734654017857143 1489.6382263183593 876.0653228759766 1621.9124328613282 1012.5387420654297 0.8528413318452381 
277 1667.5934265136718 868.0047210693359 1797.7126037597657 1008.6172882080078 0.8690243675595238 1488.15498046875 876.803091430664 1620.3728515625 1011.1195770263672 0.8539574032738095 
278 1665.1666625976563 866.4352630615234 1799.3494506835937 1009.0044952392578 0.8723260788690477 1489.6162231445312 877.0795654296875 1621.7023803710938 1011.262353515625 0.8246372767857143 
279 1667.2298583984375 865.7416839599609 1799.4324951171875 1008.4365997314453 0.8574916294642857 1489.6683349609375 878.0095794677734 1621.8709716796875 1012.3106719970704 0.8412155877976191 
280 1667.2072631835938 864.8359802246093 1799.4692504882812 1009.6944152832032 0.8447963169642857 1487.4665588378907 877.1093811035156 1623.9273620605468 1013.5701843261719 0.8483072916666666 
281 1667.7360412597657 864.8185821533203 1797.8549011230468 1009.6283782958984 0.8473307291666666 1487.813525390625 877.0878784179688 1624.228466796875 1013.5028198242187 0.8449823288690477 
282 1665.929510498047 866.6744903564453 1798.1516662597655 1009.390512084961 0.8667457217261905 1489.9562438964845 877.3298095703125 1622.178399658203 1011.6506591796875 0.8294735863095238 
283 1667.8746643066406 867.7828765869141 1798.0024108886719 1008.4048065185547 0.8758138020833334 1490.0387390136718 878.1963439941406 1622.2653381347657 1012.5217956542969 0.8433547247023809 
284 1665.8764221191407 864.7214721679687 1800.2418640136718 1009.5841918945313 0.8492606026785714 1487.987567138672 877.237515258789 1624.4524963378906 1011.6028778076172 0.8140345982142857 
285 1667.2765319824218 866.5734649658203 1799.4713928222657 1009.2599700927734 0.8511207217261905 1489.241143798828 877.2265594482421 1625.6327575683595 1011.5197174072266 0.8067336309523809 
286 1665.6657775878907 865.4415557861328 1799.9429870605468 1010.2091400146485 0.8407970610119048 1487.6517028808594 875.8512878417969 1626.1250305175781 1014.3246154785156 0.8252185639880952 
287 1665.1887573242188 865.1596832275391 1801.5900512695312 1009.9548797607422 0.8384719122023809 1487.1406555175781 875.5713836669922 1627.7388610839844 1014.0711334228515 0.8213123139880952 
288 1665.172344970703 867.4712554931641 1799.5523864746094 1010.2501190185546 0.8372860863095238 1488.8790344238282 878.1311889648438 1625.3588806152343 1012.5113891601562 0.8033854166666666 
289 1665.6883239746094 865.1880950927734 1800.0991516113281 1010.0999298095703 0.8370768229166666 1487.496875 877.4660736083985 1626.10810546875 1013.9771026611328 0.8219401041666666 
290 1665.569805908203 866.60908203125 1800.0006286621094 1009.4418212890625 0.8318452380952381 1488.9677612304688 877.0306945800781 1627.5996215820312 1013.5619567871094 0.8134300595238095 
291 1665.457098388672 866.8962982177734 1799.9517150878905 1009.7968780517579 0.8477725074404762 1489.0136840820312 877.3228271484375 1625.6098510742188 1013.918994140625 0.81494140625 
292 1667.3417724609376 865.6792907714844 1799.7043701171874 1010.6478576660156 0.8525390625 1489.0804382324218 878.2044525146484 1625.6450256347657 1012.6680450439453 0.8016415550595238 
293 1666.0816162109375 866.1113677978516 1800.3021728515625 1010.8180145263672 0.8503534226190477 1487.900457763672 876.5166381835937 1628.4126525878905 1014.9317260742188 0.7952938988095238 
294 1666.5776428222657 867.3928192138671 1800.9215026855468 1010.1331207275391 0.8489583333333334 1488.4751953125 877.807730102539 1627.017236328125 1014.2506805419922 0.8129185267857143 
295 1667.0268249511719 865.4578552246094 1799.3270568847656 1010.3581848144531 0.8500279017857143 1488.6072692871094 877.7348358154297 1627.2075500488281 1014.235073852539 0.8130115327380952 
296 1667.0664001464843 866.0801208496093 1799.4002746582032 1008.9168273925782 0.8611886160714286 1488.6013732910155 879.9759918212891 1627.236883544922 1014.4105438232422 0.8164295014880952 
297 1666.4773864746094 865.395962524414 1800.9516906738281 1010.3761932373047 0.8509812127976191 1487.9592651367188 877.6796905517579 1628.7372680664062 1014.2553070068359 0.8092215401785714 
298 1666.5935119628907 865.0182464599609 1801.0833679199218 1010.0151397705079 0.8479352678571429 1488.054949951172 879.1622894287109 1628.8489807128906 1013.6522247314454 0.8102678571428571 
299 1666.9568603515625 865.6493988037109 1799.3112060546875 1010.6088409423828 0.8565848214285714 1490.3228820800782 879.78984375 1626.8789001464843 1014.2449462890625 0.8121047247023809 
