0 1690.2434020996093 1255.0862609863282 1880.9503234863282 1607.1604431152343 0.8682105654761905 1330.458233642578 1656.6239379882813 1574.9542419433594 1886.4500366210937 0.9034133184523809 
1 1695.0705627441407 1257.8626098632812 1876.0538269042968 1600.2631225585938 0.8575381324404762 1330.282244873047 1654.6332763671876 1574.8541076660156 1884.5307861328124 0.8990420386904762 
2 1686.4407104492188 1256.3567504882812 1878.3427368164062 1581.1139526367188 0.8590029761904762 1323.8328125 1653.219189453125 1574.781689453125 1884.485888671875 0.9105050223214286 
3 1685.7138305664062 1257.7604370117188 1880.1968139648438 1559.2090454101562 0.8791852678571429 1324.2373168945312 1655.1415222167968 1572.2031127929688 1883.6588928222657 0.9186662946428571 
4 1684.4188598632813 1265.9233459472657 1884.5950561523437 1539.3348327636718 0.8964378720238095 1329.5096069335937 1658.3889770507812 1578.5094360351563 1882.9769897460938 0.9124581473214286 
5 1680.0546997070312 1256.990625 1885.0532104492188 1559.60751953125 0.8893926711309523 1326.3757629394531 1651.5940551757812 1570.4217224121094 1885.8781127929688 0.9076218377976191 
6 1684.039813232422 1258.9691101074218 1884.6605041503906 1542.7739318847657 0.8913922991071429 1328.9072692871093 1652.306134033203 1573.5667297363282 1887.1790954589844 0.9103655133928571 
7 1685.476385498047 1254.9641906738282 1885.5486389160155 1552.6326110839843 0.8870907738095238 1331.8778198242187 1652.6686706542969 1570.9886352539063 1886.8995666503906 0.9197591145833334 
8 1693.1998107910156 1258.5448791503907 1878.281756591797 1575.1324890136718 0.8681175595238095 1330.5289245605468 1654.5604858398438 1574.0578674316407 1883.4776000976562 0.9086449032738095 
9 1690.655517578125 1258.8079467773437 1880.748779296875 1561.0074829101563 0.8732793898809523 1332.0280212402345 1652.8670532226563 1575.737237548828 1886.8280151367187 0.9181082589285714 
10 1693.7108947753907 1263.9738647460938 1873.6842468261718 1580.1433227539062 0.8612816220238095 1330.3965087890624 1655.7246215820312 1578.4679931640626 1884.3395874023438 0.9218284970238095 
11 1698.7034301757812 1263.0390991210938 1868.2826538085938 1568.2817016601562 0.8436802455357143 1328.2380920410155 1655.8666381835938 1575.339178466797 1883.5872192382812 0.9186197916666666 
12 1696.1622253417968 1266.7556701660155 1866.1186584472657 1567.821356201172 0.8520740327380952 1329.1684204101562 1656.161199951172 1571.9634155273438 1884.3884826660155 0.9191545758928571 
13 1693.147021484375 1269.402294921875 1852.46748046875 1539.764208984375 0.8217308407738095 1330.3123596191406 1656.933447265625 1576.534930419922 1883.844384765625 0.9172479538690477 
14 1697.520489501953 1276.8876098632813 1847.7918884277344 1543.4983764648437 0.8001999627976191 1332.6554443359375 1658.5323486328125 1575.0286376953125 1881.5159912109375 0.9006231398809523 
15 1692.590509033203 1277.886053466797 1847.8664001464845 1535.0618225097655 0.8086170014880952 1331.6487426757812 1654.5047973632813 1574.2672729492188 1882.5662475585937 0.9124348958333334 
16 1695.241259765625 1277.9365844726562 1855.88837890625 1540.8136596679688 0.8116164434523809 1329.9470703125 1656.8989624023438 1573.3517578125 1880.8312622070312 0.9167364211309523 
17 1693.909002685547 1278.2920532226562 1850.1348205566405 1551.6871948242188 0.8170572916666666 1325.8768371582032 1655.1493530273438 1579.7438903808593 1884.6060180664062 0.9105515252976191 
18 1691.7637145996093 1275.0412902832031 1857.7947570800782 1543.6209411621094 0.8420991443452381 1329.6508056640625 1660.0680419921875 1573.8140380859375 1879.8150146484375 0.9152948288690477 
19 1691.8494934082032 1279.132391357422 1853.8627868652343 1534.4260803222655 0.8506556919642857 1326.6587036132812 1656.974591064453 1577.0429565429688 1877.9017517089844 0.9248279389880952 
20 1683.0165405273438 1273.6321960449218 1864.1389770507812 1533.0778869628907 0.8723260788690477 1320.583251953125 1653.575262451172 1575.1337890625 1883.6497131347655 0.9328497023809523 
21 1679.8508178710938 1271.0840698242187 1868.0166137695312 1555.7450317382813 0.8836263020833334 1324.3029479980469 1660.5908569335938 1570.3658752441406 1882.5299926757812 0.9203404017857143 
22 1674.2959045410157 1270.9278137207032 1870.0660339355468 1538.3210876464843 0.8800920758928571 1322.975 1662.6516906738282 1571.26865234375 1877.5212829589843 0.9208286830357143 
23 1670.0356506347657 1269.9199157714843 1880.9290710449218 1528.7435363769532 0.8920433407738095 1318.485418701172 1657.2335876464845 1572.5159240722655 1882.506036376953 0.9105282738095238 
24 1673.4473449707032 1266.13974609375 1872.8381774902343 1536.7416015625 0.8747907366071429 1320.49638671875 1658.7133544921876 1572.10859375 1881.8410888671874 0.8970656622023809 
25 1672.7071899414063 1272.2661743164062 1877.1045776367187 1528.9511108398438 0.8806036086309523 1319.3081481933593 1660.0361389160157 1575.9932434082032 1883.4471374511718 0.8982282366071429 
26 1676.7051879882813 1270.0764709472655 1875.2303588867187 1534.776434326172 0.8734188988095238 1318.0147705078125 1656.2185668945312 1568.5345458984375 1883.1044311523438 0.8923223586309523 
27 1677.752020263672 1267.3905151367187 1876.9292541503905 1542.4449340820313 0.8656994047619048 1317.3358581542968 1655.8957458496093 1573.4210998535157 1883.5269836425782 0.9012509300595238 
28 1677.4530334472656 1261.762060546875 1875.7641296386719 1535.620263671875 0.8730933779761905 1318.60439453125 1659.4738342285157 1573.57578125 1886.1151550292968 0.8989025297619048 
29 1681.0380432128907 1256.1955200195312 1879.7750671386718 1559.0329956054688 0.8770461309523809 1318.3245971679687 1653.305810546875 1569.1119262695313 1889.89755859375 0.9004836309523809 
30 1681.2250183105468 1264.1138793945313 1883.3361389160157 1532.0284545898437 0.8736281622023809 1312.6165466308594 1659.4776916503906 1575.8308410644531 1885.0900573730469 0.9035993303571429 
31 1680.2538635253907 1248.9848754882812 1878.9654968261718 1561.2460815429688 0.8780924479166666 1315.9492492675781 1658.6002136230468 1580.8980407714844 1890.4304260253907 0.8962286086309523 
32 1683.4656127929688 1252.0264221191405 1881.8803344726562 1559.096990966797 0.8728376116071429 1316.6163146972656 1657.3959655761719 1576.445086669922 1884.1556701660156 0.8922991071428571 
33 1684.4625732421875 1246.246319580078 1886.8423583984375 1561.5821716308594 0.8845331101190477 1315.3641357421875 1658.4274780273438 1578.9283447265625 1884.3396118164062 0.8978562127976191 
34 1685.5423217773437 1244.3062072753905 1887.1664184570313 1567.842596435547 0.8811616443452381 1318.3626953125 1659.6375732421875 1576.25400390625 1884.7064208984375 0.8870907738095238 
35 1685.9215515136718 1243.9559448242187 1887.4074279785157 1571.9561645507813 0.8893461681547619 1314.8487854003906 1659.0022888183594 1577.2489929199219 1888.6025695800781 0.8933221726190477 
36 1684.6714904785156 1243.3866088867187 1890.503924560547 1570.8472778320313 0.8862072172619048 1314.2091735839845 1654.1518432617188 1580.855645751953 1883.3742797851562 0.88134765625 
37 1684.2391357421875 1236.6566589355468 1886.5833740234375 1580.1713439941407 0.8790922619047619 1319.9108337402345 1655.1002380371094 1574.017510986328 1885.678692626953 0.8985072544642857 
38 1685.2608764648437 1237.9932922363282 1891.7479125976563 1575.8810974121093 0.9010416666666666 1318.3133178710937 1658.9090270996094 1576.4220336914063 1884.1675109863281 0.8971586681547619 
39 1681.436700439453 1237.9529846191406 1895.9711364746095 1578.409686279297 0.8936244419642857 1317.8403686523438 1656.2592041015625 1574.3488403320312 1884.7849853515625 0.8834170386904762 
40 1689.8787048339843 1234.40732421875 1895.6175109863282 1580.422509765625 0.8883463541666666 1317.0671142578126 1658.473779296875 1574.2405029296874 1882.91611328125 0.8878580729166666 
41 1690.285400390625 1238.2782287597656 1895.88916015625 1574.7206726074219 0.8894856770833334 1318.257586669922 1656.8544494628907 1570.5894592285156 1885.8221862792968 0.8863699776785714 
42 1688.9174377441407 1236.5950805664063 1904.0441101074218 1573.3150756835937 0.8996930803571429 1317.122296142578 1655.5164794921875 1574.3390075683594 1884.6732177734375 0.9040411086309523 
43 1694.2488525390625 1235.7068298339843 1907.6881591796875 1565.1455871582032 0.8973214285714286 1318.7670654296876 1653.84072265625 1569.3261962890624 1885.83994140625 0.8869047619047619 
44 1693.116943359375 1233.3763488769532 1911.990478515625 1564.0151306152343 0.8978562127976191 1316.8046875 1653.0332580566405 1568.276611328125 1885.877508544922 0.8899739583333334 
45 1696.2652160644532 1233.8214111328125 1910.8301208496093 1564.9976806640625 0.904296875 1318.2651123046876 1658.2867004394532 1574.8100830078124 1886.8450134277343 0.9031110491071429 
46 1690.7328735351562 1234.1715942382812 1914.4499877929688 1560.4255737304688 0.9095052083333334 1317.6919189453124 1653.641094970703 1574.0343994140626 1886.6795837402344 0.8968796502976191 
47 1691.6072692871094 1232.8366638183593 1914.8345031738281 1563.0269836425782 0.9102725074404762 1319.3831481933594 1656.0381896972656 1575.1643371582031 1883.916033935547 0.8917410714285714 
48 1684.9616333007812 1230.8558227539063 1922.3547729492188 1556.6895874023437 0.9140392485119048 1317.5929382324218 1653.3655212402343 1573.6051818847657 1886.1040832519532 0.8956938244047619 
49 1681.2939697265624 1226.7310363769532 1921.0722412109376 1567.9539001464843 0.9072963169642857 1317.3702209472656 1659.1122497558595 1575.593035888672 1880.445977783203 0.8994140625 
50 1679.4137145996094 1229.5154907226563 1918.694805908203 1565.4293334960937 0.92138671875 1324.3857482910157 1664.0088317871093 1572.8699890136718 1884.8836242675782 0.8979027157738095 
51 1674.3810913085938 1221.0187377929688 1915.4228637695312 1568.6751098632812 0.9236188616071429 1315.6709899902344 1655.678289794922 1575.2544250488281 1882.8137756347655 0.8738374255952381 
52 1669.33388671875 1212.0629272460938 1914.7203125 1568.5679321289062 0.9222237723214286 1318.1709716796875 1662.0569946289063 1582.0773193359375 1884.2938354492187 0.8832775297619048 
53 1665.2407165527343 1213.3136779785157 1909.1092590332032 1572.2147644042968 0.9291759672619048 1316.7810119628907 1660.5242858886718 1574.4534851074218 1885.9877990722657 0.8877185639880952 
54 1662.4709167480469 1204.5191589355468 1906.5216369628906 1549.8740295410157 0.9264555431547619 1317.8246826171876 1661.0959411621093 1571.0847412109374 1886.7276672363282 0.8958333333333334 
55 1654.7936096191406 1190.9434509277344 1903.0512390136719 1549.5376281738281 0.9235026041666666 1311.2292175292969 1654.3928283691407 1564.0841369628906 1888.8582702636718 0.8726050967261905 
56 1656.2473999023437 1182.2249938964844 1891.6918090820313 1537.699932861328 0.9132021949404762 1312.1364135742188 1655.2445251464844 1575.2800903320312 1881.455792236328 0.8867420014880952 
57 1652.5811889648437 1167.8931518554687 1887.1946899414063 1526.7137817382813 0.9237118675595238 1305.6151062011718 1650.9208984375 1572.4304260253907 1871.733642578125 0.8771623883928571 
58 1647.3986694335938 1155.6167846679687 1882.1753051757812 1519.2901977539063 0.9169921875 1303.2014465332031 1640.0425170898438 1574.8057556152344 1856.4052368164062 0.8934384300595238 
59 1648.4045959472655 1144.7377624511719 1873.841131591797 1494.3944396972656 0.9167364211309523 1306.3568237304687 1634.8941284179687 1582.4014770507813 1846.5284790039063 0.89111328125 
60 1651.8616333007812 1131.2138122558595 1858.7174682617188 1480.570245361328 0.8870442708333334 1315.5882690429687 1626.076611328125 1586.7991821289063 1823.738818359375 0.8707217261904762 
61 1651.9023193359376 1114.5815185546876 1849.8869873046874 1455.2995849609374 0.8946940104166666 1320.5700256347657 1617.3353271484375 1596.8278015136718 1806.1114501953125 0.8768601190476191 
62 1652.5844482421876 1112.0480041503906 1836.6740966796874 1434.2050476074219 0.8866489955357143 1322.2850036621094 1606.4351745605468 1607.6240539550781 1785.9226135253907 0.8570963541666666 
63 1649.4492126464843 1100.7118530273438 1835.6302551269532 1433.6892700195312 0.9109700520833334 1338.5050048828125 1592.1910034179687 1617.7764892578125 1771.2110961914063 0.9099702380952381 
64 1648.0981079101562 1093.479803466797 1834.7576049804688 1420.1338439941405 0.9179920014880952 1340.220526123047 1572.4158569335937 1634.5681701660155 1744.7169555664063 0.8803478422619048 
65 1651.7375427246093 1088.9035339355469 1821.0338195800782 1395.9991760253906 0.8966006324404762 1345.5504455566406 1540.9155029296876 1648.7089538574219 1710.2119384765624 0.8480050223214286 
66 1653.626446533203 1080.0222717285155 1816.2091247558594 1393.291326904297 0.8678850446428571 1363.9975280761719 1504.7808959960937 1657.4393615722656 1679.2598754882813 0.8234979538690477 
67 1655.0433410644532 1074.6358032226562 1815.9934020996093 1392.6105346679688 0.8653506324404762 1370.738134765625 1464.1776000976563 1692.63857421875 1625.1278198242187 0.7996884300595238 
68 1661.6906372070312 1068.493719482422 1812.3747924804688 1384.5630432128905 0.8564453125 1394.6715759277345 1408.5933654785156 1703.390313720703 1570.303240966797 0.78662109375 
69 1657.0563110351563 1057.6125854492188 1820.7112670898437 1377.8070922851562 0.8702566964285714 1409.6582336425781 1367.4075561523437 1701.3909606933594 1516.8317016601563 0.8254045758928571 
70 1647.7547119140625 1049.3847229003907 1826.4532958984375 1353.1722839355468 0.8839750744047619 1423.6940551757812 1332.6907104492188 1709.6118530273438 1468.5016723632812 0.8178478422619048 
71 1640.2882141113282 1030.7167602539062 1838.9052673339843 1316.0029663085938 0.9004836309523809 1440.5601684570313 1296.6968017578124 1733.0687377929687 1419.4782470703126 0.8016183035714286 
72 1641.744921875 1004.7497436523438 1827.973095703125 1272.9182250976562 0.8843703497023809 1452.938165283203 1236.96181640625 1736.0050720214845 1404.567236328125 0.8178943452380952 
73 1630.987615966797 975.6282623291015 1833.2720275878905 1228.4837371826172 0.8771856398809523 1476.2819946289062 1198.4103942871093 1748.5878784179688 1361.7938293457032 0.8099423363095238 
74 1633.6272033691407 953.988003540039 1825.8267761230468 1197.1791717529297 0.8527948288690477 1458.9278869628906 1166.4031982421875 1753.1108093261719 1346.8353271484375 0.7995489211309523 
75 1625.7337707519532 933.2840454101563 1824.9665466308593 1174.6622436523437 0.8780459449404762 1466.8778503417968 1139.8849731445312 1765.7272521972657 1327.6235717773438 0.8015718005952381 
76 1621.8387023925782 911.1925994873047 1825.1269958496093 1137.4947174072265 0.8730701264880952 1466.2006591796876 1098.8433227539062 1765.3796630859374 1309.8029174804688 0.8157087053571429 
77 1626.9849060058593 907.597134399414 1810.1292297363282 1105.3930389404297 0.861328125 1483.1460998535156 1083.1340026855469 1765.188494873047 1273.6041564941406 0.8340076264880952 
78 1619.9264709472657 881.7472412109375 1814.6708190917968 1099.4026611328125 0.8543061755952381 1489.803271484375 1066.2109436035157 1768.5548828125 1238.0440612792968 0.82861328125 
79 1616.3252014160157 856.5513641357422 1812.9649597167968 1082.872525024414 0.8558640252976191 1493.6038208007812 1046.9122192382813 1764.4472045898438 1206.4500854492187 0.8360770089285714 
80 1620.6246215820313 853.2655059814454 1810.6947143554687 1069.9453704833984 0.8682803199404762 1490.6460388183593 1030.6154479980469 1768.1482727050782 1205.4798889160156 0.8355422247023809 
81 1622.6341857910156 837.9736083984375 1809.3576354980469 1057.6482177734374 0.8652111235119048 1495.4764709472656 1019.34599609375 1759.0859069824219 1180.440625 0.8323102678571429 
82 1624.9077209472657 831.4896606445312 1811.0167175292968 1046.7923217773437 0.8693731398809523 1492.1330078125 1014.6512756347656 1758.524462890625 1175.2160339355469 0.8285900297619048 
83 1632.1863037109374 819.5260192871094 1807.6628173828126 1046.613262939453 0.8810686383928571 1489.9260986328125 1007.0449523925781 1751.4203369140625 1168.7586364746094 0.8467261904761905 
84 1627.0025329589844 820.6604034423829 1809.9761047363281 1037.518002319336 0.8848586309523809 1482.4742309570313 1003.7643737792969 1743.3809936523437 1169.7960510253906 0.8374488467261905 
85 1621.4628112792968 812.4078125 1809.8344299316407 1047.872216796875 0.8900902157738095 1481.3486450195312 1001.2968322753907 1740.3593627929688 1169.4857604980468 0.8300548735119048 
86 1620.993389892578 811.4841400146485 1810.8424255371094 1052.185598754883 0.88671875 1471.5654357910157 1004.4625549316406 1735.9981628417968 1177.3608093261719 0.8184058779761905 
87 1618.0064636230468 807.9967437744141 1802.9465393066407 1051.1587127685548 0.8806268601190477 1458.3573120117187 1003.3429992675781 1725.4930297851563 1174.5838806152344 0.8224283854166666 
88 1619.592431640625 810.499301147461 1804.047705078125 1054.1194122314453 0.8786272321428571 1448.9246215820312 1007.9386657714844 1720.3869018554688 1164.551690673828 0.8082217261904762 
89 1624.3355712890625 810.7755706787109 1805.9832763671875 1052.9725372314454 0.8806036086309523 1435.153515625 1007.2181091308594 1712.967578125 1185.3039855957031 0.7976888020833334 
90 1628.5520080566407 812.0146606445312 1808.5862976074218 1059.1203491210938 0.8763950892857143 1423.5357482910156 1003.1821228027344 1709.472430419922 1193.8065246582032 0.7898297991071429 
91 1628.174139404297 811.9135162353516 1806.3184143066405 1070.3974578857421 0.8802083333333334 1414.5621276855468 1009.2694580078125 1697.4973205566407 1187.4138916015625 0.8007347470238095 
92 1630.6085021972656 809.0313415527344 1807.844744873047 1071.3410949707031 0.8685360863095238 1402.1099914550782 1026.8956237792968 1692.7775817871093 1197.0424865722657 0.8120814732142857 
93 1644.2488342285155 813.7482177734375 1809.623846435547 1069.3277099609375 0.8927176339285714 1399.9449890136718 1050.535009765625 1678.0756408691407 1208.39296875 0.7988978794642857 
94 1638.7638671875 808.0603637695312 1814.00615234375 1074.7333374023438 0.8704427083333334 1385.2779113769532 1072.8285400390625 1674.8086364746093 1229.0227783203125 0.7847609747023809 
95 1639.2439025878907 805.1307006835938 1817.4373718261718 1066.7338012695313 0.8527483258928571 1360.579736328125 1098.0852905273437 1679.053076171875 1272.4874633789063 0.7842494419642857 
96 1633.9190185546875 803.0005889892578 1826.7633544921875 1067.689047241211 0.8174293154761905 1325.4551635742187 1110.0100341796874 1696.0189575195313 1310.4169677734376 0.7118443080357143 
97 1650.6435791015624 821.3483825683594 1828.9416259765626 1057.8663391113282 0.7998511904761905 1320.498114013672 1129.1016662597656 1691.6492248535155 1318.315936279297 0.7396763392857143 
98 1659.1754638671875 827.7797393798828 1837.0596435546875 1053.840805053711 0.79736328125 1314.3823303222657 1148.1993896484375 1688.6802917480468 1314.9656494140625 0.7308640252976191 
99 1672.012158203125 827.7216247558594 1845.670703125 1042.0237365722655 0.8069893973214286 1325.4055419921874 1160.5435913085937 1694.8918212890626 1323.1175415039063 0.7207496279761905 
100 1688.1399536132812 816.369677734375 1844.8429565429688 1042.3135498046875 0.8158017113095238 1329.6012817382812 1173.5067810058595 1726.8252319335938 1341.142510986328 0.7482328869047619 
101 1686.3758605957032 832.5680908203125 1836.6047302246093 1026.7663818359374 0.8014787946428571 1353.363946533203 1180.0955383300782 1727.1039489746095 1366.9656188964843 0.7875744047619048 
102 1695.9328918457031 831.2663543701171 1863.5752868652344 1017.5357086181641 0.7878534226190477 1352.4810363769532 1200.2228088378906 1739.9211853027343 1367.8652038574219 0.7880626860119048 
103 1695.5031982421874 833.5214294433594 1878.2509521484376 997.6215148925781 0.8291945684523809 1371.1761474609375 1215.943377685547 1729.2125244140625 1372.5843322753906 0.7300967261904762 
104 1702.7692565917969 828.237890625 1889.9989318847656 989.2553955078125 0.8251720610119048 1396.5767333984375 1217.963671875 1741.0792724609375 1371.49189453125 0.7456519717261905 
105 1707.271258544922 810.3009307861328 1896.1932189941406 987.887484741211 0.8139415922619048 1431.5906921386718 1220.2613708496094 1767.8715881347657 1371.398907470703 0.7646716889880952 
106 1705.3620910644531 801.7379150390625 1903.9842224121094 970.3792724609375 0.8169642857142857 1461.3366638183593 1233.14267578125 1776.1339172363282 1360.56044921875 0.7898763020833334 
107 1704.3032470703124 783.0169189453125 1907.4872802734376 948.574267578125 0.80810546875 1500.3955810546875 1235.2606140136718 1790.1210205078125 1344.3779357910157 0.7839239211309523 
108 1701.5459899902344 774.8690216064454 1910.0371398925781 912.6221282958984 0.7989908854166666 1521.1210815429688 1230.3705627441407 1804.0732543945312 1342.0621765136718 0.7942475818452381 
109 1696.62890625 761.551611328125 1899.21435546875 875.7361083984375 0.7856910342261905 1537.110595703125 1219.706298828125 1820.730224609375 1341.257568359375 0.7977353050595238 
110 1689.6487365722655 742.3045318603515 1899.752508544922 871.3156463623047 0.7990606398809523 1546.1771057128906 1213.8330139160157 1844.745623779297 1335.4720397949218 0.8022228422619048 
111 1679.4257934570312 726.8157409667969 1898.4240600585938 839.9647766113281 0.7960844494047619 1565.1538330078124 1195.1348388671875 1849.8512939453126 1337.4835693359375 0.8194289434523809 
112 1674.350518798828 714.6993957519531 1898.2414001464845 831.8115905761719 0.7990606398809523 1586.5163818359374 1190.831964111328 1882.7411865234376 1314.8329528808595 0.8280087425595238 
113 1671.4822265625 704.2805877685547 1884.580029296875 826.0507720947265 0.7839471726190477 1613.8495056152344 1177.4410278320313 1897.979962158203 1302.5936401367187 0.8680013020833334 
114 1668.9331604003905 695.7078918457031 1883.572332763672 816.4423767089844 0.7779715401785714 1630.623223876953 1161.103369140625 1908.9833435058595 1295.25283203125 0.86181640625 
115 1673.5759765625 678.305322265625 1889.05732421875 806.247412109375 0.7910621279761905 1652.2090942382813 1140.088153076172 1918.1939819335937 1261.2964904785156 0.8423781622023809 
116 1673.929638671875 667.8552795410156 1892.120166015625 787.5081237792969 0.7633231026785714 1697.0752258300781 1098.55146484375 1925.8233337402344 1239.31962890625 0.8270554315476191 
117 1677.4102600097656 653.3331298828125 1903.012469482422 803.7344970703125 0.7897367931547619 1705.150372314453 1083.502178955078 1941.0072204589844 1220.2308532714844 0.8402157738095238 
118 1680.00751953125 641.8978759765625 1904.00615234375 791.2302978515625 0.7936197916666666 1717.2100036621093 1052.9535400390625 1958.1783020019532 1192.1043212890625 0.8604213169642857 
119 1681.3698852539062 635.5877624511719 1900.2443725585938 765.5444396972656 0.7717168898809523 1728.9856567382812 1027.956964111328 1968.3795776367188 1154.4938415527345 0.8575381324404762 
120 1684.0025207519532 617.2335754394531 1901.3032653808593 768.9992126464844 0.8011067708333334 1739.986065673828 1004.3420196533203 1977.9820739746094 1135.4123138427735 0.8636300223214286 
121 1684.3579956054687 612.497592163086 1908.0179809570313 754.8265655517578 0.7836216517857143 1747.5718688964844 963.2369598388672 1988.1758117675781 1115.732339477539 0.8618396577380952 
122 1693.5919128417968 601.0797546386718 1909.6608947753907 753.0031311035157 0.8036179315476191 1755.7896484375 950.6334289550781 1995.49111328125 1089.0524841308593 0.8616768973214286 
123 1693.675518798828 594.1155303955078 1909.8514587402344 742.736459350586 0.7977818080357143 1766.6869506835938 927.4733276367188 2003.1292114257812 1069.3386840820312 0.8718145461309523 
124 1696.8619323730468 592.1027038574218 1913.1879943847657 734.0666076660157 0.7834123883928571 1766.5438537597656 915.291650390625 2009.9106140136719 1050.495458984375 0.8817894345238095 
125 1700.0799621582032 589.2255676269531 1919.6569763183593 724.3498718261719 0.7799479166666666 1779.0757690429687 904.4290191650391 2012.1651977539063 1032.7971160888671 0.8737909226190477 
126 1709.2362670898438 582.1423095703125 1932.3325805664062 707.2114501953125 0.7814127604166666 1779.3113525390625 873.6236724853516 2026.0695068359375 1018.9742889404297 0.8814871651785714 
127 1716.3535095214843 578.1200103759766 1930.9434875488282 688.7679901123047 0.7918294270833334 1788.0554565429688 854.2241577148437 2029.4692016601562 1008.4607788085938 0.8722795758928571 
128 1721.23564453125 570.0706634521484 1927.516064453125 676.5379180908203 0.7729724702380952 1791.232763671875 849.5472778320312 2034.11123046875 995.9397827148438 0.8593052455357143 
129 1728.2110961914063 566.6660705566406 1940.8255249023437 686.2617858886719 0.7809477306547619 1799.2529174804688 830.3899719238282 2038.4443481445312 989.8508728027343 0.8563755580357143 
130 1731.0963500976563 554.9745544433594 1951.5596557617187 689.8849426269531 0.7739722842261905 1805.512225341797 828.5920196533203 2039.1375549316406 983.2454437255859 0.8537481398809523 
131 1733.3031494140625 549.9765716552735 1950.9680908203125 685.1926788330078 0.7772042410714286 1809.663507080078 821.6772003173828 2047.1161560058595 976.6810150146484 0.8436802455357143 
132 1743.7631286621095 546.184945678711 1955.315118408203 678.4049591064453 0.7557896205357143 1817.7554565429687 815.5832885742187 2049.1405395507813 970.9418579101563 0.8396809895833334 
133 1751.24765625 544.508901977539 1959.45205078125 670.0925994873047 0.7634626116071429 1821.9201721191407 816.7763031005859 2056.563348388672 962.1889678955079 0.8362630208333334 
134 1756.2882568359375 541.0287689208984 1964.2571533203125 666.4704376220703 0.7600446428571429 1832.7212463378905 810.0680725097657 2060.496893310547 958.6173522949218 0.8367745535714286 
135 1756.1196166992188 543.0843658447266 1960.6401489257812 661.8383026123047 0.7667178199404762 1836.8113220214843 803.1757873535156 2067.721759033203 954.9169860839844 0.8225213913690477 
136 1761.8577087402343 537.3688507080078 1963.3721496582032 654.3771820068359 0.7590215773809523 1848.8639587402345 795.012240600586 2076.380303955078 954.2735870361328 0.8233351934523809 
137 1764.2748718261719 540.2614654541015 1975.2066955566406 653.8401580810547 0.7622302827380952 1849.3964050292968 799.9947082519532 2079.7990295410154 955.7596862792968 0.8301711309523809 
138 1775.85478515625 546.8491088867188 1973.159619140625 621.2426879882812 0.7681361607142857 1853.8561584472657 798.7672180175781 2086.740399169922 954.0234313964844 0.8301711309523809 
139 1777.9991516113282 529.405810546875 1993.5866638183593 658.114697265625 0.7771577380952381 1857.0808898925782 804.7686004638672 2095.1924255371096 949.5661773681641 0.8135230654761905 
140 1787.5028686523438 528.8401550292969 2003.7056274414062 661.1432434082031 0.7769717261904762 1871.1541931152344 805.3610565185547 2093.8107727050783 950.5718658447265 0.8211495535714286 
141 1801.125048828125 524.4131927490234 2014.270458984375 662.1378936767578 0.7668340773809523 1876.041162109375 792.0430297851562 2095.744970703125 949.4426879882812 0.8105236235119048 
142 1801.5841491699218 531.4637725830078 2020.8656799316407 647.7494232177735 0.7777390252976191 1884.1341918945313 786.3976470947266 2096.7708374023437 952.5200164794921 0.8130812872023809 
143 1812.8481201171876 528.1122467041016 2032.6782470703124 661.3426483154296 0.7796456473214286 1888.6869140625 773.0512268066407 2095.1939453125 959.5737731933593 0.8189639136904762 
144 1822.235614013672 519.2098175048828 2040.8646057128906 646.4715179443359 0.75732421875 1895.5303100585938 770.219091796875 2088.054406738281 962.7431884765625 0.8146856398809523 
145 1825.2637878417968 516.6700775146485 2052.6030334472657 658.3452423095703 0.7860165550595238 1899.6496520996093 774.5491912841796 2097.335821533203 965.6459381103516 0.8184058779761905 
146 1838.0482116699218 520.709765625 2056.1357482910157 642.9710205078125 0.7623930431547619 1910.4898315429687 773.7472778320313 2095.5338500976563 972.0087036132812 0.8221261160714286 
147 1855.4971252441405 514.3314422607422 2078.480291748047 653.2920318603516 0.7933872767857143 1922.864434814453 769.2582794189453 2100.6046813964845 982.5465911865234 0.8446568080357143 
148 1861.7186218261718 514.3240844726563 2075.2009338378907 639.1291625976562 0.7761346726190477 1934.4795349121093 780.608609008789 2108.549884033203 984.2380096435547 0.8439127604166666 
149 1875.2527954101563 510.30113525390624 2096.162976074219 623.9121215820312 0.7772739955357143 1943.8321594238282 781.705126953125 2117.4045349121093 983.6802490234375 0.8360537574404762 
150 1873.9128295898438 509.6403472900391 2100.5517700195314 624.4707977294922 0.7843889508928571 1948.5292419433595 785.0939697265625 2132.862481689453 990.57998046875 0.8652808779761905 
151 1882.726007080078 507.7436889648437 2104.4618591308595 618.6115356445313 0.7728562127976191 1960.7836303710938 796.2843688964844 2142.4837036132812 993.3827453613281 0.8563290550595238 
152 1887.7350952148438 503.69453125 2117.7890747070314 615.61259765625 0.7708333333333334 1972.3911071777343 799.7513702392578 2152.703741455078 998.716830444336 0.8541201636904762 
153 1896.2133239746095 500.8084777832031 2122.422052001953 627.8572937011719 0.7921781994047619 1979.164532470703 802.4600463867188 2168.188372802734 1000.7801879882812 0.84130859375 
154 1895.9637756347656 498.50745849609376 2136.105926513672 638.8503295898438 0.7843424479166666 1987.7263244628907 808.341275024414 2181.087518310547 1007.9399139404297 0.8397274925595238 
155 1909.3054626464843 498.3507781982422 2136.492999267578 640.3430084228515 0.7823428199404762 1994.7435119628906 817.0444885253906 2196.6880065917967 1015.8335632324219 0.8425176711309523 
156 1908.5414916992188 497.8452880859375 2148.0344360351564 657.5072509765625 0.7768089657738095 2006.67216796875 822.941683959961 2204.65302734375 1017.7292755126953 0.8482840401785714 
157 1917.2785522460938 504.68979797363284 2153.5088012695314 660.0192474365234 0.7800874255952381 2013.1148376464844 828.7906768798828 2216.984893798828 1022.9525482177735 0.8453776041666666 
158 1924.90625 508.21042785644534 2153.25048828125 651.7411712646484 0.7745535714285714 2020.3842163085938 833.4130065917968 2225.8943481445312 1029.1367980957032 0.8520275297619048 
159 1935.5400146484376 511.92839965820315 2165.0820556640624 646.3744567871094 0.7710425967261905 2031.1405517578125 843.8814453125 2241.0073974609377 1030.7942138671874 0.8563755580357143 
160 1944.5899291992187 511.12172546386716 2166.1774047851563 640.1053863525391 0.7675316220238095 2040.2464965820313 841.8491180419921 2248.6048217773437 1036.9782135009766 0.8672805059523809 
161 1959.3814758300782 510.99095764160154 2172.7980895996093 651.0457244873047 0.7756463913690477 2044.4145141601562 843.0438690185547 2254.496862792969 1039.7874908447266 0.8660481770833334 
162 1962.417547607422 508.5414672851563 2180.1489807128905 645.8796752929687 0.7483491443452381 2053.7617919921877 841.3224914550781 2261.4437744140623 1042.3053161621094 0.8531901041666666 
163 1971.837255859375 513.1185089111328 2186.744775390625 644.0777191162109 0.7527436755952381 2054.881481933594 838.1918273925781 2266.430773925781 1039.667547607422 0.8711635044642857 
164 1976.6957153320313 517.6687530517578 2198.4602905273437 648.7114349365235 0.7550455729166666 2060.568310546875 841.1400939941407 2272.252490234375 1036.0240905761718 0.8726981026785714 
165 1990.1070129394532 515.8348693847656 2205.5447204589846 653.8495788574219 0.74462890625 2062.998486328125 837.6965972900391 2275.069873046875 1036.3030975341796 0.8818591889880952 
166 1996.1950256347657 515.6790344238282 2217.888348388672 653.3976257324218 0.7453031994047619 2064.5375732421876 833.8786376953125 2276.1538330078124 1035.4179931640624 0.8757207961309523 
167 2008.3698364257812 520.5677734375 2219.918493652344 658.2424072265625 0.7634626116071429 2061.8380615234373 833.1123809814453 2280.1028564453127 1037.945297241211 0.890625 
168 2014.2593017578124 526.8678771972657 2232.4174560546876 657.7627380371093 0.7798316592261905 2064.4742919921873 836.2909606933594 2272.5637939453127 1037.667657470703 0.8894856770833334 
169 2019.6506286621093 521.7131958007812 2247.767462158203 659.2542114257812 0.7822033110119048 2065.8416137695312 836.5349822998047 2273.8305053710938 1041.1690582275392 0.8923921130952381 
170 2018.5779052734374 524.9053161621093 2235.8156494140626 665.2743713378907 0.7850167410714286 2065.6248168945312 839.32177734375 2276.1781616210938 1039.8489990234375 0.8825102306547619 
171 2026.5224243164062 530.0084594726562 2233.081823730469 663.2724243164063 0.7819242931547619 2063.8108764648437 843.050634765625 2280.3646606445313 1039.6150146484374 0.876953125 
172 2020.5547973632813 530.5019683837891 2235.828259277344 659.6660614013672 0.8047107514880952 2063.8640869140627 846.4062896728516 2279.1378662109373 1041.8084930419923 0.8912992931547619 
173 2025.71416015625 534.5100067138671 2235.0255859375 674.0510894775391 0.7976190476190477 2066.221923828125 841.9603393554687 2278.855712890625 1041.3046752929688 0.9052966889880952 
174 2026.5948852539063 533.8608795166016 2238.0254760742187 675.9157928466797 0.7980375744047619 2067.2547973632813 842.4935943603516 2278.6853881835937 1040.7097137451171 0.8989025297619048 
175 2030.328173828125 533.6074615478516 2238.351025390625 678.8933319091797 0.8031994047619048 2068.046533203125 842.4668823242188 2279.371435546875 1040.5838989257813 0.8942522321428571 
176 2026.6564819335938 536.3482177734375 2234.2143676757814 674.7201416015625 0.8017113095238095 2068.598828125 847.0514617919922 2286.04033203125 1038.1364654541017 0.8875093005952381 
177 2020.7198669433594 542.7349212646484 2238.0825012207033 664.5898468017579 0.7953404017857143 2071.767224121094 845.9788146972656 2285.836535644531 1040.2880310058595 0.8909272693452381 
178 2023.4458740234375 543.5231384277344 2240.6874267578123 678.4763732910156 0.7958984375 2069.0210693359377 848.4971984863281 2286.2626220703123 1039.4066101074218 0.8857886904761905 
179 2027.5751586914062 546.7992248535156 2237.422644042969 694.3481140136719 0.8018740699404762 2072.596484375 846.689242553711 2285.7228515625 1040.1422393798828 0.8889043898809523 
180 2021.3782165527343 553.6293182373047 2244.109698486328 681.3723297119141 0.7959449404761905 2073.2817138671876 848.7987884521484 2282.9111572265624 1038.7754913330077 0.8848818824404762 
181 2021.6800354003906 558.2930877685546 2249.2627136230467 681.8380767822266 0.7875511532738095 2070.6977783203124 848.023568725586 2285.2758544921876 1039.843313598633 0.8768601190476191 
182 2027.7860473632813 553.5792907714844 2243.8631225585937 684.5350891113281 0.7874348958333334 2070.9763305664064 851.5036682128906 2283.7792846679686 1041.3895202636718 0.8800920758928571 
183 2037.8408325195312 557.8102172851562 2253.6970092773436 695.1731811523438 0.7841331845238095 2070.92353515625 848.2599578857422 2283.50908203125 1041.2222808837892 0.8804175967261905 
184 2034.716357421875 567.0074829101562 2253.669873046875 687.9220825195313 0.79736328125 2073.5548583984373 847.8008178710937 2282.7044189453127 1040.6105590820312 0.8857189360119048 
185 2034.11552734375 562.749136352539 2253.20869140625 696.8212371826172 0.7924572172619048 2070.0859619140624 850.6393188476562 2282.6391357421876 1040.3022094726562 0.8822312127976191 
186 2036.4426391601562 569.8129516601563 2255.7963745117186 694.2225708007812 0.8045712425595238 2072.8337280273436 849.3568389892578 2282.3657348632814 1039.245150756836 0.8874860491071429 
187 2037.3404296875 570.4955047607422 2256.418359375 694.7485748291016 0.8036411830357143 2070.793249511719 849.6876800537109 2283.331506347656 1039.3371612548829 0.8806036086309523 
188 2036.529443359375 566.8520629882812 2264.973974609375 700.6552612304688 0.7820172991071429 2071.047253417969 845.8807098388672 2283.174182128906 1041.6902740478515 0.8905319940476191 
189 2030.4767333984375 573.3449401855469 2259.2405517578127 690.9947814941406 0.7952938988095238 2075.475341796875 846.2272155761718 2284.630615234375 1039.0421936035157 0.8914853050595238 
190 2029.3989379882812 575.4115814208984 2254.7131225585936 696.2321563720703 0.7909691220238095 2070.7189819335936 845.1856964111328 2286.2368286132814 1044.376498413086 0.8822544642857143 
191 2027.4260375976562 570.421484375 2252.8163940429686 694.5495849609375 0.8101981026785714 2074.539599609375 846.0661895751953 2283.597119140625 1042.0577728271485 0.8905552455357143 
192 2025.9976684570313 577.0773498535157 2253.179333496094 697.1589782714843 0.8092680431547619 2072.8070434570313 848.0724487304688 2283.7615600585937 1042.7994995117188 0.8819289434523809 
193 2025.3088134765626 576.2597564697265 2253.0671630859374 696.6463104248047 0.8240327380952381 2071.8615234375 847.94306640625 2286.6052734375 1043.164599609375 0.8878580729166666 
194 2028.7381713867187 573.7838684082031 2256.397814941406 690.8659118652344 0.8036411830357143 2073.1445556640624 850.3527069091797 2284.5424560546876 1042.2371978759766 0.8863699776785714 
195 2028.3939453125 576.3893218994141 2255.7720703125 696.5749725341797 0.8148949032738095 2075.24375 847.9939544677734 2286.38076171875 1039.6413604736329 0.8822079613095238 
196 2024.670849609375 575.1757873535156 2254.312548828125 698.0827575683594 0.8074544270833334 2071.3204956054688 845.6209197998047 2284.7905883789062 1039.6845611572267 0.8784877232142857 
197 2026.1913330078125 578.0100494384766 2262.3374755859377 704.1704315185547 0.7943173363095238 2073.59462890625 848.8691284179688 2287.09677734375 1042.9620483398437 0.8817429315476191 
198 2026.8946533203125 581.1699035644531 2259.1903076171875 700.5440856933594 0.7870861235119048 2070.5741333007813 842.3784423828125 2289.9646850585937 1042.4108642578126 0.8809988839285714 
199 2025.8642700195312 575.9890441894531 2251.2609741210936 698.3472595214844 0.7878069196428571 2072.3056518554686 841.2636260986328 2281.6027954101564 1047.3406829833984 0.8815801711309523 
200 2027.7503662109375 581.6337432861328 2252.5430908203125 700.4527435302734 0.7936895461309523 2074.067419433594 843.72724609375 2282.803430175781 1046.0406982421875 0.8839518229166666 
201 2021.34970703125 569.2575988769531 2255.69375 700.8754577636719 0.8008975074404762 2076.5402954101564 836.9381500244141 2281.9926635742186 1045.6006072998048 0.8818824404761905 
202 2022.0146362304688 568.8453125 2253.4270141601564 703.83583984375 0.8136393229166666 2074.4284790039064 836.8485168457031 2280.1284057617186 1048.9765563964843 0.8851609002976191 
203 2030.394580078125 572.6222930908203 2252.039501953125 701.1122650146484 0.7991536458333334 2076.7250854492186 834.7912078857422 2282.3088500976564 1046.7996734619142 0.8783714657738095 
204 2024.8435913085937 579.3052032470703 2256.3968872070313 704.7298919677735 0.8004789806547619 2071.2285400390624 842.8949554443359 2286.7016357421876 1042.2880889892579 0.8839518229166666 
205 2022.4275268554688 576.958462524414 2257.195275878906 705.5982391357422 0.7974795386904762 2072.3993530273438 840.1751922607422 2281.4387817382812 1045.9988189697265 0.8838588169642857 
206 2028.198779296875 577.8894836425782 2264.233837890625 697.5236022949218 0.8115931919642857 2073.4659057617187 839.6668731689454 2283.6339477539063 1040.1348236083984 0.8897414434523809 
207 2024.6903198242187 579.0019927978516 2262.556994628906 704.3641571044922 0.7903878348214286 2072.535693359375 841.7186462402344 2281.472607421875 1047.4412658691406 0.8802083333333334 
208 2024.764404296875 582.3475830078125 2259.602294921875 698.1580322265625 0.7992466517857143 2071.162805175781 845.6432434082031 2289.916052246094 1038.660711669922 0.8817894345238095 
209 2027.2294677734376 577.183316040039 2272.9580322265624 703.2808563232422 0.8013857886904762 2073.241418457031 848.2806396484375 2286.637243652344 1039.0435791015625 0.8826962425595238 
210 2025.5900146484375 582.4068420410156 2261.6092041015627 695.5666687011719 0.8076171875 2070.8540283203124 849.5138275146485 2281.0077880859376 1040.2690704345703 0.8766508556547619 
211 2028.379443359375 579.1779510498047 2264.236767578125 705.1839263916015 0.7950846354166666 2067.8960083007814 850.0784240722656 2284.3679077148436 1040.7028259277345 0.8790690104166666 
212 2029.9645751953126 580.8731201171875 2264.2165771484374 702.812548828125 0.8017810639880952 2068.8419677734373 843.5119323730469 2287.0496337890627 1042.4657287597656 0.8805571056547619 
213 2025.6673706054687 578.0925567626953 2256.640490722656 696.787142944336 0.7983165922619048 2069.0981567382814 842.7493499755859 2287.2394897460936 1041.6429229736327 0.8873232886904762 
214 2023.2693603515625 577.7389068603516 2251.0543701171873 696.4436492919922 0.7805989583333334 2069.5421752929688 839.2101379394531 2281.2857055664062 1044.5372985839845 0.8751162574404762 
215 2022.34873046875 578.4671997070312 2253.66494140625 690.9124389648438 0.7643694196428571 2071.528271484375 840.3039764404297 2283.567919921875 1039.4927154541015 0.8753255208333334 
216 2027.1971069335937 570.4947967529297 2250.2953247070313 690.1270904541016 0.7808779761904762 2067.7379760742188 831.1489410400391 2284.3692016601562 1041.3138885498047 0.8793480282738095 
217 2018.9842895507813 560.7092468261719 2242.0501342773437 680.3243225097656 0.7841564360119048 2070.585485839844 831.6460662841797 2277.487023925781 1038.5478424072267 0.8725818452380952 
218 2015.8670593261718 556.9818298339844 2238.9914611816407 673.3945129394531 0.7863885788690477 2069.595947265625 824.7559478759765 2279.785888671875 1034.9456512451172 0.8756975446428571 
219 2022.3619201660156 545.1339172363281 2241.2610046386717 673.8981872558594 0.7962007068452381 2067.676904296875 817.7674896240235 2280.138037109375 1030.2285430908203 0.8613978794642857 
220 2017.8577453613282 547.7932830810547 2243.5913513183596 680.0085357666015 0.7766229538690477 2072.5548095703125 805.650341796875 2275.7147216796875 1024.9342529296875 0.8599330357142857 
221 2025.1889526367188 541.529736328125 2235.1018188476564 680.3951904296875 0.765625 2069.9040405273436 798.3935852050781 2279.8169067382814 1014.7653503417969 0.8473307291666666 
222 2030.1324462890625 541.3744110107422 2236.8724365234375 680.2778717041016 0.7665550595238095 2069.1445556640624 793.338720703125 2282.3451904296876 1009.769677734375 0.8487723214285714 
223 2024.932275390625 539.5166625976562 2238.389990234375 672.1192016601562 0.7773902529761905 2077.5503173828124 787.1824676513672 2287.7739013671876 994.171841430664 0.8458891369047619 
224 2026.0326538085938 541.9729370117187 2239.9280395507812 681.3290649414063 0.7744605654761905 2081.6255004882814 778.0556488037109 2289.0392944335936 988.7101593017578 0.8319382440476191 
225 2026.9383178710937 544.0059539794922 2238.2806762695313 664.308560180664 0.7849004836309523 2081.9624877929687 778.9836486816406 2293.3048461914063 987.0745788574219 0.8331705729166666 
226 2022.2235717773438 540.2292419433594 2240.7654418945312 654.3929504394531 0.8051525297619048 2088.9653564453124 781.3529632568359 2294.4599365234376 980.3239776611329 0.8453078497023809 
227 2025.4409545898438 531.1722045898438 2237.839562988281 655.3437866210937 0.8017578125 2094.4389770507814 776.7504425048828 2297.0348999023436 972.8108978271484 0.8416341145833334 
228 2033.1849487304687 525.5522918701172 2233.695666503906 643.8864898681641 0.7779017857142857 2103.983288574219 771.8289428710938 2304.494006347656 969.0525268554687 0.8396577380952381 
229 2029.8873168945313 515.535546875 2234.261853027344 640.7973388671875 0.7902250744047619 2108.8734130859375 768.3412048339844 2309.9512939453125 966.1229064941406 0.8412853422619048 
230 2035.5483520507812 510.7407684326172 2233.8088256835936 642.9144439697266 0.77294921875 2119.8090087890623 768.9878570556641 2314.7652099609377 954.0310028076171 0.8337751116071429 
231 2025.5614135742187 509.8665771484375 2234.159045410156 638.99853515625 0.7956891741071429 2124.6388305664063 756.9238037109375 2313.3702026367187 952.2773681640625 0.8332868303571429 
232 2015.4180603027344 515.6102172851563 2235.201690673828 645.4823120117187 0.7876674107142857 2129.4085083007812 752.0441070556641 2315.8915405273438 941.8571990966797 0.8275902157738095 
233 2017.3515319824219 516.6824829101563 2231.5079650878906 643.8377807617187 0.7657180059523809 2130.7360229492188 740.2338836669921 2321.4688110351562 937.6592437744141 0.8381231398809523 
234 2016.6418090820312 522.7833374023437 2231.008825683594 646.7143432617188 0.7867606026785714 2135.6772216796876 738.8252380371093 2323.2485595703124 933.0954162597657 0.8336356026785714 
235 2019.9747192382813 523.7575042724609 2231.471325683594 651.3269073486329 0.7797154017857143 2135.9233520507814 729.5729370117188 2327.2775756835936 930.9983520507812 0.8384719122023809 
236 2016.3359802246093 523.4365844726562 2235.182696533203 648.0109252929688 0.7830403645833334 2138.967980957031 729.8518218994141 2327.512731933594 928.4973602294922 0.8373790922619048 
237 2016.4426574707031 518.6981201171875 2235.9390563964844 640.2652587890625 0.8004092261904762 2135.67197265625 719.3618286132812 2334.90712890625 925.3505737304688 0.8478190104166666 
238 2022.4845703125 525.5483825683593 2238.64384765625 647.1378967285157 0.7829706101190477 2139.1377685546877 712.8690368652344 2335.0321533203123 922.2732971191406 0.8405645461309523 
239 2022.1820678710938 522.0703552246093 2241.5427856445312 640.1877014160157 0.7956659226190477 2139.131237792969 711.4474822998047 2334.868518066406 920.6839263916015 0.8293805803571429 
240 2020.6384582519531 520.4533172607422 2240.1602478027344 642.0346588134765 0.7879929315476191 2143.2589721679688 707.3716766357422 2335.7627563476562 920.1390045166015 0.8348679315476191 
241 2021.3009521484375 523.6570404052734 2240.9749267578127 641.9429962158204 0.7777622767857143 2146.6061401367188 705.1155212402343 2339.2432250976562 918.0303527832032 0.8326590401785714 
242 2019.4866760253906 530.6060913085937 2242.4863464355467 652.2424194335938 0.7698567708333334 2145.1515258789063 704.2237121582032 2337.7422729492187 920.4659851074218 0.8340076264880952 
243 2017.2069091796875 536.1121643066406 2243.7198486328125 657.8206970214844 0.7692289806547619 2148.5377563476563 708.0123901367188 2341.2427612304687 917.6215209960938 0.8377511160714286 
244 2019.610595703125 535.5268615722656 2235.780029296875 653.7445007324219 0.7635556175595238 2153.027587890625 716.6206848144532 2338.798095703125 909.1465270996093 0.8345656622023809 
245 2023.5213134765625 536.3797058105469 2239.3600341796873 654.4164367675781 0.7739025297619048 2157.5124633789064 708.246435546875 2336.2538940429686 910.5951171875 0.8407738095238095 
246 2024.5535278320312 539.5075408935547 2240.6674194335938 657.694790649414 0.7685081845238095 2155.7283569335937 706.3983642578125 2338.0746215820313 909.005078125 0.8467726934523809 
247 2024.4329711914063 539.6828399658203 2240.398327636719 654.4142669677734 0.7672293526785714 2158.8922119140625 702.6949340820313 2334.3636474609375 911.9111450195312 0.8468424479166666 
248 2021.7262084960937 536.3514129638672 2237.610949707031 654.413296508789 0.7650437127976191 2158.3405883789064 708.2546997070312 2337.1201049804686 910.6465454101562 0.83984375 
249 2022.1774108886718 535.0368713378906 2237.9423400878904 656.4045349121094 0.7704148065476191 2162.0873046875 709.8270599365235 2334.025 912.1064727783203 0.8380533854166666 
250 2022.2334350585938 539.3791748046875 2244.236047363281 657.1078857421875 0.7591378348214286 2159.6267700195312 710.0211242675781 2334.5380249023438 918.5690856933594 0.8301246279761905 
251 2022.2240966796876 540.5608947753906 2240.8037353515624 661.6203796386719 0.7602074032738095 2156.2171264648437 715.2952758789063 2334.4437622070313 913.6982543945312 0.8355887276785714 
252 2024.0918701171875 546.1320190429688 2242.2411376953123 663.5969848632812 0.7536737351190477 2155.2395629882812 720.1350860595703 2333.1151733398438 918.1474456787109 0.8323335193452381 
253 2013.6344848632812 545.5286651611328 2242.118688964844 663.1308197021484 0.7667178199404762 2159.7971801757812 717.1502166748047 2331.1600952148438 915.3937896728515 0.8343331473214286 
254 2018.4220825195312 551.3898742675781 2240.584020996094 662.4708435058594 0.7584867931547619 2158.503137207031 717.75244140625 2333.540075683594 912.9857177734375 0.8202659970238095 
255 2011.7259094238282 552.4730010986328 2240.4809997558596 666.8505462646484 0.7655552455357143 2160.6497192382812 725.4625274658204 2332.2157592773438 910.4850433349609 0.8337983630952381 
256 2008.3723022460938 547.1013214111329 2244.0947387695314 668.3298919677734 0.7762741815476191 2157.4472045898438 721.0436309814453 2335.9226684570312 906.254037475586 0.8245210193452381 
257 2018.2595520019531 548.5206848144531 2243.5577087402344 669.5763610839844 0.7671828497023809 2158.5857666015627 728.9402069091797 2333.4440185546873 900.4357086181641 0.8215448288690477 
258 2019.437451171875 549.8468292236328 2244.280322265625 667.302035522461 0.7563011532738095 2159.867236328125 729.5145416259766 2331.016552734375 900.6636199951172 0.83203125 
259 2015.9267883300781 552.0436614990234 2247.4646911621094 669.4904571533203 0.7598353794642857 2156.7339477539062 732.0857116699219 2331.2262573242188 899.8668029785156 0.8234049479166666 
260 2021.6669555664062 545.576303100586 2249.808386230469 676.4220489501953 0.7559988839285714 2160.2549438476562 729.7152893066407 2328.0060424804688 897.4662292480468 0.8231491815476191 
261 2010.3980712890625 547.6323120117188 2248.6859130859375 668.4542358398437 0.7625558035714286 2160.5220336914062 721.7656707763672 2328.3302612304688 899.6424713134766 0.8324032738095238 
262 2019.5906860351563 548.8458862304688 2244.303112792969 666.2330932617188 0.7636486235119048 2157.3594482421877 716.5418121337891 2328.4091064453123 901.0073211669921 0.8272646949404762 
263 2019.3695556640625 546.8988739013672 2250.9644287109377 674.4438385009765 0.7601143973214286 2158.4039306640625 718.8522583007813 2326.2264404296875 900.1003784179687 0.8361467633928571 
264 2020.3949645996095 546.9743347167969 2252.157891845703 664.5353088378906 0.7595098586309523 2162.5015869140625 711.9472625732421 2327.0867919921875 900.0447418212891 0.8422154017857143 
265 2023.4696899414062 545.7681304931641 2251.795202636719 673.3618133544921 0.7471633184523809 2165.5273559570314 712.2340026855469 2326.6984741210936 896.9090637207031 0.8313802083333334 
266 2023.4514404296874 546.0568603515625 2251.4738525390626 666.7746826171875 0.748046875 2168.2868408203126 705.2083435058594 2325.8908935546874 899.6981506347656 0.8307989211309523 
267 2015.4858520507812 546.6561431884766 2250.4230834960936 664.1246795654297 0.7656947544642857 2171.5512817382814 714.8555969238281 2329.2946655273436 896.0927673339844 0.8467959449404762 
268 2019.9677978515624 544.8995666503906 2251.8813232421876 669.2588806152344 0.7556036086309523 2176.6450073242186 714.5039733886719 2327.8928344726564 892.6403137207031 0.8436569940476191 
269 2023.9720581054687 544.6993133544922 2245.842639160156 662.358120727539 0.7539295014880952 2176.9284423828126 716.5328063964844 2328.2038818359374 891.3401184082031 0.8354957217261905 
270 2023.5572631835937 548.4365753173828 2248.874621582031 666.1396575927735 0.7587193080357143 2176.5714111328125 718.1360229492187 2331.2669677734375 889.6462036132813 0.8382859002976191 
271 2027.9879272460937 540.5482208251954 2246.278430175781 668.1641204833984 0.7546270461309523 2177.820422363281 713.3721557617188 2328.944470214844 888.0044311523437 0.8332403273809523 
272 2032.0668212890625 542.2463439941406 2249.9951904296877 669.6506286621094 0.7464192708333334 2176.492626953125 714.7837371826172 2327.366259765625 889.1264801025391 0.8313569568452381 
273 2031.6068603515625 548.5521545410156 2249.2686279296877 665.7544860839844 0.7555338541666666 2175.8559814453124 717.529653930664 2326.5448974609376 888.3102508544922 0.8427734375 
274 2016.5184631347656 549.2161499023438 2254.254852294922 666.4100708007812 0.7547898065476191 2175.953662109375 724.4919403076171 2326.631787109375 885.2151519775391 0.8385881696428571 
275 2019.7707153320312 549.9683563232422 2247.353552246094 663.7598541259765 0.7623232886904762 2175.0110717773437 721.8140502929688 2328.9642700195313 885.8076538085937 0.8367280505952381 
276 2026.4526977539062 550.580224609375 2250.9581909179688 664.5082763671875 0.7621140252976191 2177.1109130859377 722.6321746826172 2324.5472900390623 886.822476196289 0.8275669642857143 
277 2029.3052612304687 546.6726745605469 2253.6539672851563 673.9150939941406 0.7517206101190477 2177.2827270507814 719.7636016845703 2324.6159545898436 887.187875366211 0.8301246279761905 
278 2017.1918395996095 549.5016906738281 2258.095391845703 669.9533874511719 0.7586263020833334 2173.933459472656 727.9915710449219 2327.844128417969 885.2479309082031 0.8373325892857143 
279 2029.0650756835937 547.8550964355469 2253.062121582031 674.8981994628906 0.7521856398809523 2176.4248046875 721.0606170654297 2326.87060546875 884.879263305664 0.8310081845238095 
280 2026.0875732421875 547.5889526367188 2253.4866455078127 671.3209594726562 0.7645089285714286 2176.443737792969 723.0259674072265 2326.928576660156 886.8873016357422 0.83203125 
281 2032.4856079101562 543.2761322021485 2249.8080932617186 677.0132354736328 0.7617420014880952 2176.5099975585936 722.4066528320312 2326.9643676757814 886.2345825195313 0.8326590401785714 
282 2026.862841796875 544.6172332763672 2250.824658203125 668.2977447509766 0.7581380208333334 2173.8135498046877 725.5096221923828 2327.5785400390623 885.9600433349609 0.8284737723214286 
283 2026.9161743164063 543.5330932617187 2250.9214721679687 670.5807983398438 0.7589750744047619 2174.281115722656 724.4603118896484 2324.732312011719 888.2849884033203 0.8234747023809523 
284 2018.099383544922 547.1953399658203 2255.352398681641 667.492709350586 0.7572079613095238 2174.2545776367188 728.0269104003906 2327.9678344726562 885.0817321777344 0.8304966517857143 
285 2020.5212768554688 547.2722625732422 2257.777307128906 667.5710601806641 0.7597888764880952 2177.064013671875 725.535531616211 2327.437451171875 882.5923370361328 0.8340773809523809 
286 2027.7473510742188 548.9893920898437 2251.717736816406 665.9887573242188 0.7699730282738095 2178.0464721679687 723.9740936279297 2325.1315063476563 884.430386352539 0.8328218005952381 
287 2022.0641357421875 544.9117034912109 2255.7156494140627 665.0752960205078 0.75537109375 2175.47802734375 725.1570861816406 2325.6826171875 885.3752624511719 0.8330310639880952 
288 2018.73359375 545.0850311279297 2251.90458984375 668.332632446289 0.7601376488095238 2176.9567749023436 725.3442077636719 2326.8525512695314 885.2329406738281 0.8289388020833334 
289 2030.4032836914062 544.707568359375 2253.593542480469 671.2931640625 0.7427455357142857 2177.2321899414064 725.3611267089843 2327.1362182617186 885.2587463378907 0.8241024925595238 
290 2021.5657470703125 547.1410766601563 2251.6613037109373 670.5255493164062 0.7604864211309523 2177.3997192382812 725.4201568603515 2324.1273803710938 882.1518035888672 0.8228934151785714 
291 2029.8137329101562 546.227197265625 2249.8593627929686 662.91806640625 0.7602074032738095 2176.3825439453126 722.93046875 2326.4138427734374 886.29755859375 0.8368675595238095 
292 2026.8240844726563 547.5384979248047 2257.128796386719 667.6976470947266 0.7507207961309523 2174.326940917969 722.2570220947266 2327.863732910156 885.8070037841796 0.8351236979166666 
293 2030.295751953125 544.5530853271484 2254.102685546875 671.4883575439453 0.7590680803571429 2177.530627441406 722.7506683349609 2327.848522949219 886.4303009033204 0.8406110491071429 
294 2026.2096435546875 540.05888671875 2246.6834228515627 666.9983642578125 0.7502557663690477 2178.2028930664064 721.2173919677734 2328.5258666992186 881.5619659423828 0.8252650669642857 
295 2025.3439086914063 543.9891571044922 2249.1270385742187 667.5709625244141 0.7611839657738095 2177.7013671875 725.12255859375 2328.0037109375 882.1048583984375 0.8370303199404762 
296 2018.4665283203126 543.598745727539 2252.1091552734374 667.0956512451172 0.7598818824404762 2176.6248291015627 721.6550872802734 2330.1613037109373 881.8673126220704 0.8312872023809523 
297 2018.8339599609376 547.6286590576171 2252.3559814453124 664.3895904541016 0.7645089285714286 2177.295275878906 725.2079040527344 2327.416394042969 882.0012023925781 0.8250093005952381 
298 2021.0387451171875 541.8938049316406 2251.2752197265627 672.0275817871094 0.7616722470238095 2176.1981811523438 720.282339477539 2329.6892700195312 883.7837615966797 0.8260556175595238 
299 2018.5650939941406 544.9208831787109 2248.766815185547 665.0260772705078 0.7748093377976191 2176.6524658203125 725.4636779785156 2326.7840576171875 882.2677673339844 0.8360770089285714 
