0 1717.025390625 914.8212493896484 1772.634033203125 945.5019317626953 0.16816348121279762 1757.6625183105468 913.4199737548828 1819.0238830566407 969.028695678711 0.8104771205357143 
1 1695.8469665527343 913.37900390625 1795.0498840332032 943.902978515625 0.21695382254464285 1757.2617553710938 914.4796630859375 1820.2174926757812 973.61982421875 0.7889694940476191 
2 1747.0020629882813 917.3735870361328 1783.2843139648437 934.559945678711 0.18500627790178573 1758.3861999511719 914.2154174804688 1823.3124084472656 971.5033325195312 0.8011997767857143 
3 1699.5305969238282 911.1009033203125 1797.1145446777343 943.6288330078125 0.22722516741071427 1759.435009765625 915.5900329589844 1822.577685546875 972.9923645019531 0.7820638020833334 
4 1710.1945434570312 914.4670196533203 1811.5923217773438 945.0777191162109 0.26271856398809523 1760.010498046875 917.2631774902344 1825.05810546875 974.6582092285156 0.77783203125 
5 1732.9899963378907 914.3334655761719 1809.5606628417968 944.9617004394531 0.23221261160714285 1759.3479736328125 917.1311950683594 1824.4330322265625 974.5592346191406 0.7748325892857143 
6 1711.5555603027344 913.2024169921875 1809.490216064453 943.9269775390625 0.26088750930059523 1761.1138000488281 915.7874206542969 1826.4034118652344 975.3162170410156 0.7707170758928571 
7 1717.1474243164062 917.9057586669921 1814.8889526367188 946.6532623291016 0.27876209077380953 1762.1852905273438 915.8417846679688 1827.3462036132812 975.2533081054687 0.7785295758928571 
8 1716.9718017578125 915.5483459472656 1814.8018798828125 948.1583190917969 0.25601632254464285 1762.0504272460937 917.0976867675781 1827.2703735351563 974.6447448730469 0.7872488839285714 
9 1731.5602111816406 917.5611785888672 1819.8949890136719 948.2862945556641 0.25710914248511907 1763.7624389648438 917.413461303711 1829.0534790039062 975.0231231689453 0.7741117931547619 
10 1712.698175048828 915.8495910644531 1814.7140563964845 944.7220642089844 0.23586890811011904 1761.3370361328125 916.7380187988281 1826.7813720703125 976.4077331542969 0.7986188616071429 
11 1741.0459533691405 915.8143524169922 1817.921942138672 948.4866119384766 0.23427618117559523 1764.7740478515625 917.1448638916015 1828.1966552734375 976.7237274169922 0.7809244791666666 
12 1763.1775451660155 916.1047393798829 1828.221502685547 977.3225677490234 0.7949451264880952 
13 1748.0414184570313 921.6137481689453 1791.9700561523437 936.8932708740234 0.177490234375 1764.7166320800782 916.3246917724609 1829.6545837402343 977.4427032470703 0.7909691220238095 
14 1735.6128540039062 920.5611328125 1827.7633666992188 947.43837890625 0.27712867373511907 1765.2960021972656 918.4936950683593 1830.569110107422 976.0877258300782 0.7797154017857143 
15 1742.6723205566407 916.4130584716797 1823.2572448730468 949.030728149414 0.23933919270833334 1765.10625 919.2172576904297 1830.341748046875 978.6966217041015 0.7810639880952381 
16 1784.9832824707032 924.6988403320313 1817.5583435058593 938.1120727539062 0.1931210472470238 1767.9587524414062 917.918490600586 1833.1088745117188 977.3200958251953 0.7783900669642857 
17 1787.7601135253906 924.099658203125 1808.799578857422 933.663037109375 0.17490350632440477 1767.9712646484375 916.6696075439453 1833.0023681640625 977.875375366211 0.7832961309523809 
18 1746.3691345214843 920.6342620849609 1820.8949035644532 951.2089385986328 0.2579345703125 1768.0506774902344 918.7968017578125 1833.021954345703 978.0353515625 0.7770879836309523 
19 1745.3151611328126 922.0424194335938 1815.9563232421874 941.1345825195312 0.19077264694940477 1768.0054626464844 917.1959289550781 1832.9189758300781 978.2910095214844 0.7836449032738095 
20 1748.984930419922 920.5833190917969 1827.1694885253905 953.0012756347656 0.22362118675595238 1768.1276977539062 918.9697998046875 1832.9636108398438 978.0848876953125 0.7742280505952381 
21 1745.6859130859375 916.8570678710937 1827.7769775390625 962.6754028320313 0.23577008928571427 1769.6963684082032 919.9410339355469 1834.6057556152343 977.2138732910156 0.7743675595238095 
22 1743.724169921875 920.4916076660156 1827.523388671875 952.8686218261719 0.242919921875 1771.0468505859376 919.0998504638671 1833.8962646484374 976.2356597900391 0.7770879836309523 
23 1750.0064331054687 924.4620056152344 1829.9681762695313 968.2505187988281 0.26631091889880953 1770.8024169921875 919.9953308105469 1835.5332763671875 977.1107482910156 0.7735537574404762 
24 1748.7608276367187 922.9477966308593 1826.7579711914063 966.7023498535157 0.2528483072916667 1772.467303466797 921.6307647705078 1835.2454650878906 976.799594116211 0.7698800223214286 
25 1740.5093994140625 920.3877014160156 1828.1260986328125 966.1008239746094 0.25768461681547616 1772.889453125 920.5342071533203 1833.840283203125 977.675570678711 0.7845749627976191 
26 1737.5991088867188 920.7157897949219 1829.0075805664062 954.9939270019531 0.27248418898809523 1774.8069458007812 921.008755493164 1835.7460327148438 978.1390106201172 0.7721819196428571 
27 1739.3524230957032 920.9831573486329 1830.8369079589843 964.8195159912109 0.27531505766369047 1773.4391052246094 920.9098876953125 1836.334698486328 978.0876708984375 0.7741350446428571 
28 1738.531640625 923.041372680664 1828.4068359375 968.9350067138672 0.27830287388392855 1777.1441467285156 921.7175109863281 1838.335711669922 979.0846130371094 0.7672991071428571 
29 1747.0954223632812 919.0147094726562 1829.2121948242188 966.7570190429688 0.23469470796130953 1775.9611572265626 920.6306030273438 1837.0713134765624 979.8310668945312 0.7841796875 
30 1740.7878540039062 925.0369049072266 1830.7128784179688 969.0427459716797 0.28369721912202384 1776.4782409667969 922.0197387695313 1837.7037658691406 979.4187377929687 0.7842959449404762 
31 1746.9652709960938 927.6316589355469 1834.8850708007812 975.4141174316406 0.2722865513392857 1775.2671875 920.4275268554687 1834.51748046875 979.6778198242188 0.7852492559523809 
32 1777.5038635253907 925.4892852783203 1827.3058288574218 971.4603607177735 0.22825404575892858 1776.1777770996093 920.9953430175781 1837.4724914550782 980.3746520996094 0.7912481398809523 
33 1741.8130798339844 926.4072662353516 1831.6570129394531 970.3734344482422 0.26595633370535715 1776.2213989257812 921.7018859863281 1835.4802612304688 980.9605895996094 0.7925502232142857 
34 1779.527520751953 927.3195556640625 1833.0695251464845 969.388330078125 0.23097446986607142 1777.3947875976562 920.9210235595704 1836.6733276367188 980.1996429443359 0.7894577752976191 
35 1779.559326171875 925.3883880615234 1831.153076171875 971.2494903564453 0.21855817522321427 1778.6773986816406 920.9051727294922 1837.9145202636719 980.1423736572266 0.7915969122023809 
36 1813.429132080078 924.7436889648437 1834.3441833496095 972.2777954101563 0.21614583333333334 1780.0090454101562 922.1841644287109 1837.0500366210938 979.2250762939453 0.7859235491071429 
37 1765.283642578125 926.0778198242188 1839.058642578125 971.4778442382812 0.2636021205357143 1776.9974426269532 919.9663146972656 1837.5307556152343 980.4996276855469 0.7840169270833334 
38 1791.2645324707032 924.2841156005859 1838.5566345214843 971.5762969970704 0.24446033296130953 1776.640313720703 919.8459411621094 1837.1742614746095 980.3798889160156 0.7870163690476191 
39 1815.7052612304688 921.7319946289062 1834.6736450195312 971.0501098632812 0.210693359375 1777.3304809570313 918.7408172607422 1838.0296264648437 981.336880493164 0.7957589285714286 
40 1791.6615356445313 922.85986328125 1835.2505737304687 968.343994140625 0.2356015159970238 1778.0308837890625 919.6526489257812 1838.6763916015625 980.2981567382812 0.7891090029761905 
41 1816.2814880371093 923.6369903564453 1833.3704895019532 971.1061126708985 0.2364501953125 1777.6489562988281 918.9630828857422 1838.4095153808594 981.6223052978515 0.7979678199404762 
42 1785.1290954589845 923.3214691162109 1834.454034423828 968.8521759033204 0.22580682663690477 1777.97841796875 921.5702850341797 1838.6861328125 982.2779205322265 0.7908993675595238 
43 1813.2711120605468 927.9447296142578 1834.1560119628907 967.815707397461 0.20844668433779762 1779.6802185058593 922.8331298828125 1838.5374328613282 981.690185546875 0.7883882068452381 
44 1765.9254516601563 926.2290466308593 1836.4190307617187 971.9545471191407 0.24135625930059523 1778.7492431640626 921.5392120361328 1839.7165771484374 982.506625366211 0.7923642113095238 
45 1816.6932495117187 935.0520385742187 1828.1231567382813 969.3417602539063 0.19084240141369047 1777.054998779297 920.0319976806641 1839.9194885253905 982.8964080810547 0.8002464657738095 
46 1815.3926086425781 923.6378143310546 1834.4205017089844 973.1104156494141 0.20549083891369047 1778.14169921875 919.1735687255859 1840.933984375 981.9657745361328 0.7966192336309523 
47 1814.0086975097656 927.5195739746093 1834.9408874511719 973.1895324707032 0.20762997581845238 1778.4388488769532 921.3716766357422 1841.2351013183593 982.2649810791015 0.7921084449404762 
48 1815.6957641601562 932.2930480957032 1827.1186889648438 945.6197937011718 0.17171805245535715 1780.47509765625 920.9433654785156 1843.301025390625 981.8654724121094 0.7901553199404762 
49 1813.0849609375 934.3466186523438 1824.545654296875 945.8073120117188 0.17670840308779762 1779.2172424316407 921.2697387695313 1842.2508972167968 982.3932250976562 0.8007114955357143 
50 1816.9781494140625 939.2132568359375 1816.9781494140625 939.2132568359375 0.14742896670386904 1780.2101135253906 921.8239898681641 1843.4303894042969 983.1284637451172 0.8059895833333334 
51 1816.3366271972657 938.4496643066407 1818.2550476074218 940.3680847167968 0.16397530691964285 1779.7395263671874 921.0365325927735 1843.0466064453126 984.3435333251953 0.8074544270833334 
52 1807.98671875 927.24453125 1828.98984375 967.34140625 0.19545782180059523 1777.95078125 920.1944610595704 1842.86953125 983.2039154052734 0.8044549851190477 
53 1822.7873657226562 935.5311950683594 1838.0353881835938 967.9332824707031 0.195556640625 1780.6354858398438 920.5031005859375 1843.5334594726562 981.4951904296875 0.7948521205357143 
54 1816.7251953125 936.642367553711 1828.20302734375 957.6850860595703 0.17890857514880953 1778.171405029297 920.014208984375 1843.2125061035156 983.14228515625 0.8070591517857143 
55 1817.7404663085938 936.5176208496093 1821.5576293945312 947.9689514160157 0.17071242559523808 1778.394921875 920.2949432373047 1843.2857421875 983.2772613525391 0.8030133928571429 
56 1817.599871826172 936.7007141113281 1819.5103576660156 944.3424987792969 0.16795421781994047 1776.3050231933594 920.02109375 1843.1704406738281 983.0656982421875 0.8010835193452381 
57 1778.9788146972655 919.9104095458985 1844.146551513672 983.1615509033203 0.8105933779761905 
58 1778.7575805664062 928.7680297851563 1826.6960327148438 963.2837280273437 0.19745744977678573 1776.5450256347656 917.8527679443359 1843.658953857422 983.0491485595703 0.8068731398809523 
59 1817.3448974609375 937.5794891357422 1819.2656982421875 945.2626129150391 0.16848028273809523 1779.003076171875 919.3320678710937 1844.30966796875 982.7178588867188 0.8116396949404762 
60 1813.8965759277344 934.4070190429687 1825.3850402832031 963.1282592773438 0.18202427455357142 1779.9466613769532 922.0348236083985 1843.1332946777343 981.3919952392578 0.7899460565476191 
61 1808.3775573730468 930.6553283691406 1821.7817443847657 949.8041442871094 0.18171037946428573 1780.538067626953 921.375537109375 1843.7291442871094 982.6516845703125 0.7946428571428571 
62 1776.8978454589844 926.3365142822265 1826.615704345703 966.4931365966797 0.21273367745535715 1783.1493896484376 922.6591552734375 1842.4282470703124 981.9380126953125 0.7855515252976191 
63 1811.694677734375 927.933642578125 1821.255517578125 958.5283935546875 0.19294084821428573 1782.2031188964843 923.1532348632812 1843.3924621582032 982.4305053710938 0.7938988095238095 
64 1799.2764587402344 928.5443267822266 1822.2732238769531 947.7082977294922 0.18060593377976192 1781.586669921875 922.2054443359375 1842.911376953125 983.5301513671875 0.7971772693452381 
65 1805.3350402832032 936.7128295898438 1812.9885681152343 936.7128295898438 0.16505650111607142 1781.4915161132812 922.288931274414 1842.7194213867188 983.5169158935547 0.7974097842261905 
66 1807.5419555664062 928.6176635742188 1815.2102416992188 945.8712280273437 0.16788736979166666 1780.4819030761719 922.2765899658203 1843.7450256347656 981.7056488037109 0.7981538318452381 
67 1816.5639038085938 924.9300750732422 1822.3005981445312 966.9984527587891 0.19572521391369047 1784.1301147460938 922.9443328857421 1841.4961059570312 982.2224761962891 0.7912016369047619 
68 1809.415594482422 926.287973022461 1820.9053283691405 960.7572540283203 0.18738955543154762 1781.5750122070312 921.721548461914 1842.8536987304688 983.0003143310547 0.7937127976190477 
69 1804.8383056640625 926.7483978271484 1818.2102783203125 961.1332550048828 0.17955671037946427 1781.6947509765625 924.103402709961 1842.8233154296875 981.4115509033203 0.7928524925595238 
70 1809.419482421875 926.8732452392578 1822.829541015625 969.0189056396484 0.20933896019345238 1785.1783813476563 923.6312622070312 1842.6497436523437 981.1026245117188 0.7834123883928571 
71 1784.1272583007812 928.8103332519531 1826.2487182617188 969.0171813964844 0.22677757626488096 1786.9991760253906 923.8765258789062 1842.5229187011719 981.3148803710938 0.7785295758928571 
72 1782.3775817871094 926.058447265625 1822.431134033203 968.0193115234375 0.21831403459821427 1785.0184753417968 924.0777770996094 1840.3305236816407 983.2044494628906 0.7777157738095238 
73 1765.1220642089843 925.7152282714844 1824.1785949707032 969.5313537597656 0.25234840029761907 1782.9269470214845 923.9567199707031 1840.078546142578 983.0132507324219 0.7724376860119048 
74 1815.4658569335938 923.6197204589844 1819.2836547851562 967.5240783691406 0.20283435639880953 1787.4934448242188 924.7943664550781 1842.8510375976562 983.9699157714844 0.7696475074404762 
75 1809.0106872558595 921.549365234375 1818.567559814453 965.510693359375 0.18302699497767858 1790.7056823730468 922.5050354003906 1844.2238830566407 983.6686706542969 0.7755766369047619 
76 1789.1132080078125 923.3684478759766 1840.6726806640625 986.3855194091797 0.7815987723214286 
77 1787.459210205078 917.7971557617187 1839.1356384277344 986.6990600585938 0.7972470238095238 
78 1784.3871459960938 914.9656768798828 1839.6958618164062 987.4391693115234 0.8080124627976191 
79 1781.3484008789062 907.781591796875 1848.0568725585938 987.8315673828125 0.7912248883928571 
80 1822.7609558105469 906.0067932128907 1832.2943420410156 947.9535339355468 0.17481631324404762 1776.7808410644532 912.0934509277344 1841.6077087402343 990.2669006347656 0.7983630952380952 
81 1772.6804565429688 915.6554962158203 1839.2702270507812 989.8555511474609 0.7977353050595238 
82 1770.517596435547 920.5281158447266 1831.3184631347656 990.8291229248047 0.7928989955357143 
83 1788.873681640625 913.5162719726562 1804.11630859375 942.0962768554688 0.16167340959821427 1766.4492919921875 919.9651275634766 1823.6093017578125 994.2730926513672 0.7949451264880952 
84 1771.8355773925782 917.1133728027344 1792.8134704589843 928.5558166503906 0.16993931361607142 1765.3808654785157 923.9348114013671 1816.8719421386718 990.6825592041016 0.7918991815476191 
85 1772.6798095703125 916.2530395507813 1784.1087646484375 941.0158813476562 0.15961565290178573 1760.2983764648438 921.0150939941407 1815.5385375976562 993.3988464355468 0.7972237723214286 
86 1762.13525390625 916.0048828125 1762.13525390625 916.0048828125 0.15623837425595238 1757.6509643554687 922.5476531982422 1809.2577270507813 993.2680816650391 0.8195219494047619 
87 1756.362811279297 924.610498046875 1806.0140197753906 991.4484619140625 0.7980375744047619 
88 1751.249444580078 921.6252746582031 1802.6998962402345 994.0369567871094 0.8261253720238095 
89 1620.1136474609375 908.0734802246094 1770.2452392578125 938.4798645019531 0.19383021763392858 1746.7825988769532 920.3529418945312 1799.9938903808593 996.3689819335938 0.8294270833333334 
90 1679.096630859375 910.4111297607421 1781.37578125 963.4447662353516 0.2071475074404762 1742.8389465332032 919.2258087158203 1797.7666442871093 996.8821624755859 0.8217075892857143 
91 1642.152001953125 911.0379241943359 1778.111181640625 952.5810333251953 0.24046688988095238 1743.4677368164062 919.9711456298828 1794.4524291992188 997.3923187255859 0.7979678199404762 
92 1696.5262268066406 911.2462371826172 1741.448748779297 935.5792633056641 0.18937174479166666 1741.9526306152343 920.0291778564454 1792.4906066894532 993.0282562255859 0.8212425595238095 
93 1736.1835815429688 916.4968139648438 1769.5681274414062 942.4625366210937 0.20366559709821427 1734.8283081054688 916.2115112304688 1792.3237915039062 994.1086791992187 0.8267764136904762 
94 1663.5824157714844 908.5861450195313 1755.283673095703 959.1153930664062 0.24393717447916666 1732.4662109375 915.6401153564453 1788.6099609375 992.3697113037109 0.7965727306547619 
95 1657.4942016601562 907.7540649414062 1762.8764038085938 956.6814819335938 0.22234816778273808 1726.6150512695312 914.629931640625 1784.9515991210938 991.7847412109375 0.79296875 
96 1679.6270263671875 906.7325164794922 1766.7765380859375 944.623501586914 0.21498907180059523 1723.0560546875 914.0192230224609 1787.47080078125 989.8012725830079 0.7792038690476191 
97 1697.5892761230468 910.613247680664 1750.7177307128907 935.2800018310547 0.19813755580357142 1715.0312072753907 918.2760192871094 1781.4418151855468 990.3788879394531 0.7908296130952381 
98 1636.743914794922 902.6600952148438 1744.9649475097656 938.7338256835938 0.23993210565476192 1709.9865966796874 915.8043701171875 1778.3368896484376 989.8504150390625 0.7853887648809523 
99 1635.1188903808593 902.9567840576171 1739.5325988769532 942.8237945556641 0.2356015159970238 1710.8371154785157 915.5156494140625 1779.1805847167968 985.7575439453125 0.7547665550595238 
100 1664.2982849121095 899.7844665527343 1744.057061767578 933.9667541503907 0.23659551711309523 1709.4364868164062 914.3923034667969 1777.8010620117188 986.5548400878906 0.7839006696428571 
101 1644.734930419922 898.5030670166016 1720.4661193847655 940.1551971435547 0.3045131138392857 1708.4511108398438 912.484164428711 1774.7158813476562 984.4287384033203 0.7547433035714286 
102 1656.7060913085938 909.7323364257812 1747.7216430664062 941.9670043945313 0.19277808779761904 1709.1421203613281 917.6815826416016 1775.5076599121094 982.1509979248046 0.7551850818452381 
103 1689.9978271484374 907.5453308105468 1714.7079833984376 941.7593566894532 0.19623674665178573 1710.0290832519531 915.0753875732422 1776.5564880371094 985.404165649414 0.7714378720238095 
104 1669.9699279785157 902.7336608886719 1747.9808776855468 935.0795715332031 0.22714960007440477 1711.024432373047 914.2230499267578 1775.7164123535156 986.5257904052735 0.7760184151785714 
105 1668.0331298828125 904.6201232910156 1743.9422119140625 940.6768737792969 0.23081170944940477 1710.22109375 915.0575592041016 1774.74375 987.1711395263671 0.7999441964285714 
106 1651.3921508789062 902.3903717041015 1715.8414916992188 951.6752410888672 0.2977818080357143 1707.8218811035156 912.6702392578125 1776.062518310547 986.5975830078125 0.7748558407738095 
107 1705.6287170410155 913.7309478759765 1747.332342529297 945.9564910888672 0.20295642671130953 1713.4299011230469 916.866000366211 1775.9852600097656 985.1083038330078 0.7690197172619048 
108 1694.1478698730468 910.2621124267578 1732.1720764160157 938.780307006836 0.16737874348958334 1710.088885498047 915.4539001464843 1774.7300842285156 987.6999084472657 0.8074776785714286 
109 1657.0821472167968 904.2743835449219 1744.5793518066407 942.3166809082031 0.19541131882440477 1709.463525390625 915.1749694824218 1774.1353515625 985.5531799316407 0.8132905505952381 
110 1691.5301147460937 906.4533782958985 1735.3006958007813 931.1932891845703 0.20013137090773808 1709.609307861328 914.1388580322266 1774.3136657714845 986.4555633544921 0.7938988095238095 
111 1706.8886352539062 914.3923583984375 1773.4853881835938 982.8918212890625 0.8007114955357143 
112 1686.1153442382813 904.5901824951172 1710.8416870117187 935.022671508789 0.19649832589285715 1706.5987121582032 910.442578125 1769.3657653808593 978.9156982421875 0.7871791294642857 
113 1702.6162902832032 899.9633972167969 1725.3264587402343 932.1363342285156 0.18959263392857142 1704.2904052734375 907.2423400878906 1762.9586181640625 977.2657165527344 0.7913411458333334 
114 1645.8650390625 902.4000793457031 1701.06171875 934.7567810058594 0.34330822172619047 1684.2977172851563 898.4469970703125 1749.0111206054687 965.0637451171875 0.6442754836309523 
115 1659.1206176757812 912.1657623291015 1725.4609252929688 934.9110809326172 0.29139927455357145 1691.270196533203 903.0531066894531 1744.3424743652345 954.2299743652344 0.5614071800595238 
116 1640.2816650390625 898.3433868408204 1703.1431396484375 926.9168060302734 0.46489025297619047 1673.6171997070312 896.5117950439453 1726.9543334960938 953.6585540771484 0.6089332217261905 
117 1636.4737731933594 892.7357971191407 1697.334942626953 923.1663024902343 0.4684477306547619 1681.9001953125 900.5628540039063 1729.44794921875 951.9144409179687 0.5315987723214286 
118 1646.4384155273438 892.1926727294922 1688.2583618164062 922.6070709228516 0.37318638392857145 1678.534423828125 899.7962463378906 1733.66064453125 953.0215026855469 0.42810639880952384 
119 1632.6340454101562 879.5771423339844 1691.6745483398438 913.8587707519531 0.46799432663690477 1675.6325744628907 891.004360961914 1717.5323425292968 940.5221893310547 0.5401785714285714 
120 1631.9285278320312 878.6209075927734 1687.3610229492188 913.0273468017579 0.39048549107142855 1672.5104370117188 895.3830444335938 1720.2971801757812 937.4353149414062 0.5058942522321429 
121 1628.2271728515625 875.1300567626953 1689.2567138671875 905.644906616211 0.48692103794642855 1672.0922058105468 886.939892578125 1721.6786682128907 942.2479736328125 0.5872860863095238 
122 1627.979296875 872.0194549560547 1687.1623046875 904.4746246337891 0.49800037202380953 1660.9484924316407 881.565087890625 1714.4041687011718 933.1115478515625 0.5767066592261905 
123 1627.5898193359376 874.22060546875 1688.2365966796874 910.22958984375 0.4002278645833333 1664.473455810547 882.6761260986328 1721.3298889160155 933.8468841552734 0.6017950148809523 
124 1632.3169921875 876.1856719970704 1691.2689453125 912.3175628662109 0.38757905505952384 1665.3768005371094 882.4026977539063 1716.7221984863281 928.0429809570312 0.59326171875 
125 1630.3511779785156 876.407095336914 1698.880633544922 910.6718231201172 0.40206473214285715 1668.9356689453125 885.3393432617188 1720.3326416015625 931.0256469726562 0.6192801339285714 
126 1626.1815124511718 871.0656829833985 1690.5605529785157 908.9357208251953 0.3539341517857143 1654.9482360839843 872.8863006591797 1709.8597473144532 920.2238677978515 0.5642671130952381 
127 1629.7872741699218 876.6077331542969 1690.5170471191407 912.6660705566406 0.34677269345238093 1667.378369140625 883.8340576171875 1718.619189453125 933.1769287109375 0.6082821800595238 
128 1625.9525512695313 873.4403198242187 1684.6839233398437 907.5424682617188 0.38247535342261907 1663.0421997070312 878.7597015380859 1716.0898803710938 929.9128448486329 0.6000744047619048 
129 1630.4778869628906 871.6149963378906 1683.490496826172 905.6944519042969 0.36186290922619047 1665.6497375488282 878.1687530517578 1716.7688415527343 931.181283569336 0.6049107142857143 
130 1630.64912109375 871.39072265625 1695.5564453125 903.844384765625 0.4107259114583333 1674.997491455078 882.9918334960937 1724.6325134277345 942.1719848632813 0.6268368675595238 
131 1626.0186096191405 871.1110412597657 1686.730291748047 901.4669616699218 0.4737955729166667 1664.1823364257812 879.9405334472656 1722.9968627929688 934.9605895996094 0.6649460565476191 
132 1627.8038818359375 869.8979675292969 1682.9307373046875 902.2137268066406 0.41687593005952384 1661.2162536621095 876.0394256591796 1718.244073486328 931.1662017822266 0.6366024925595238 
133 1627.8311340332032 871.6663543701172 1682.7493103027343 905.7535064697265 0.40458751860119047 1666.1426635742187 877.5660614013672 1717.2733520507813 936.2716461181641 0.6156296502976191 
134 1631.0430053710938 873.0088775634765 1687.8383422851562 905.1928436279297 0.416015625 1663.0814575195313 878.9068359375 1719.8767944335937 935.7021728515625 0.6519949776785714 
135 1628.63876953125 869.4122009277344 1696.328271484375 902.3890686035156 0.3607817150297619 1666.4887573242188 877.4895477294922 1718.5576293945312 933.0295562744141 0.6591099330357143 
136 1633.1494995117187 874.7041564941406 1694.5380004882813 916.2316345214844 0.28438895089285715 1672.8715026855468 875.9541412353516 1727.0377990722657 942.7591766357422 0.6241396949404762 
137 1619.152587890625 870.3890380859375 1695.800537109375 908.7130126953125 0.41889880952380953 1663.5648010253906 883.078237915039 1721.884051513672 944.7299285888672 0.6728050595238095 
138 1623.9360046386719 870.4318420410157 1698.5011291503906 908.5430114746093 0.46611095610119047 1667.0181579589844 885.0899871826172 1721.6992492675781 939.7711578369141 0.6582263764880952 
139 1624.6569519042969 866.7317352294922 1696.3148498535156 899.9391021728516 0.5056966145833334 1664.7208312988282 876.6132751464844 1715.4057556152343 929.0460266113281 0.6555059523809523 
140 1629.9177734375 878.358447265625 1686.8029296875 918.7285888671875 0.3496791294642857 1665.4180725097656 877.0175018310547 1720.468280029297 941.2426910400391 0.6455543154761905 
141 1634.740087890625 877.197622680664 1685.833642578125 913.1524139404297 0.355224609375 1662.9798522949218 882.5108093261719 1721.6428283691407 935.4967590332031 0.6445079985119048 
142 1631.6155578613282 872.9894653320313 1688.4951599121093 903.3252319335937 0.44528924851190477 1668.2956176757812 886.4072143554688 1723.2793334960938 939.4948852539062 0.6281854538690477 
143 1629.9131164550781 872.3560638427734 1688.7344665527344 904.6128692626953 0.4035063244047619 1668.5191528320313 882.865023803711 1721.6480834960937 937.8915069580078 0.6303013392857143 
144 1632.4650329589845 874.0804962158203 1687.477471923828 908.226205444336 0.4049595424107143 1667.4861328125 885.0246673583985 1722.49873046875 938.1401885986328 0.6051199776785714 
145 1635.23837890625 876.8206604003906 1692.33046875 911.0759460449219 0.3625604538690476 1667.6637878417969 885.0917175292968 1722.8526916503906 936.4745666503907 0.6060035342261905 
146 1633.648211669922 878.5031799316406 1690.2247131347656 918.1066833496094 0.36049107142857145 1670.3503845214843 887.3522888183594 1723.1551086425782 938.2711242675781 0.5848911830357143 
147 1635.6235290527343 875.1677520751953 1690.5509094238282 913.0487396240235 0.39438011532738093 1667.895166015625 883.8366821289062 1720.928564453125 934.9759399414063 0.5901227678571429 
148 1637.728564453125 877.2565124511718 1690.7638671875 913.2447082519532 0.35487583705357145 1667.0873779296876 881.1176025390625 1718.2285400390624 934.1529052734375 0.5500139508928571 
149 1637.616748046875 877.4033569335937 1694.73994140625 913.5815063476563 0.36217680431547616 1673.428564453125 883.9945190429687 1724.839501953125 939.2137329101563 0.5835890997023809 
150 1632.2122497558594 871.9605682373046 1693.3330383300781 904.4309722900391 0.4064360119047619 1673.204364013672 882.3187927246094 1722.8650939941406 939.6195617675781 0.6091192336309523 
151 1629.5422973632812 872.2583923339844 1690.4909057617188 902.7326965332031 0.45168340773809523 1671.8839477539063 882.3676177978516 1721.4048706054687 939.5070770263671 0.6135602678571429 
152 1632.9465393066407 870.9115600585938 1690.2711120605468 905.3063354492188 0.42271205357142855 1669.1050598144532 881.7150512695313 1718.7864196777343 937.1288208007812 0.6164202008928571 
153 1629.7232299804687 869.4664459228516 1692.6732543945313 905.7103729248047 0.4117954799107143 1670.6627563476563 880.4716888427735 1722.1673217773437 935.7914337158203 0.6456705729166666 
154 1631.1683959960938 871.6351287841796 1693.9959106445312 904.0007965087891 0.39670526413690477 1668.659912109375 879.250601196289 1723.871826171875 934.4625946044922 0.6389508928571429 
155 1628.08994140625 871.4599639892579 1687.13076171875 903.8372161865234 0.470703125 1669.770068359375 882.4477172851563 1723.09736328125 933.8703979492187 0.6270228794642857 
156 1630.5227661132812 877.725537109375 1683.0448608398438 911.4896728515625 0.44054594494047616 1665.8020812988282 879.889892578125 1712.6968200683593 932.4119873046875 0.5364932105654762 
157 1631.3020629882812 877.5160186767578 1695.5831909179688 911.547152709961 0.3737095424107143 1670.4233337402343 882.6061340332031 1723.3607238769532 935.5435241699219 0.6406017485119048 
158 1633.6960571289062 880.9499481201171 1686.0842163085938 914.6279937744141 0.39547293526785715 1668.8853637695313 884.5479949951172 1715.6602905273437 936.9360748291016 0.5479445684523809 
159 1624.60634765625 871.9476440429687 1685.152197265625 902.2205688476563 0.47329566592261907 1661.8653564453125 877.0416656494141 1714.8428955078125 926.2351287841797 0.6063988095238095 
160 1632.770361328125 872.8754638671875 1687.501123046875 906.8462158203125 0.40811011904761907 1662.0230590820313 876.9403869628907 1714.8663452148437 926.0091979980468 0.5894717261904762 
161 1634.1693298339844 870.3716033935547 1681.665509033203 904.5688873291016 0.4146205357142857 1654.6292907714844 870.5177459716797 1702.125469970703 916.1141510009766 0.5428524925595238 
162 1632.0493591308593 871.4527801513672 1689.1070129394532 903.7854400634766 0.4560546875 1661.7486572265625 878.2557891845703 1715.0023193359375 927.705697631836 0.5851934523809523 
163 1633.717724609375 872.2966369628906 1688.897265625 904.6431823730469 0.44273158482142855 1666.7961120605469 880.7857360839844 1714.3646545410156 928.3542785644531 0.5723353794642857 
164 1635.6030151367188 872.3053924560547 1690.6045043945312 912.133999633789 0.3678501674107143 1669.0123596191406 884.9980163574219 1712.6342468261719 928.6199035644531 0.48935081845238093 
165 1636.56279296875 873.7400177001953 1688.195263671875 906.249301147461 0.38784644717261907 1665.8357971191406 879.1091979980469 1705.994403076172 928.8292785644531 0.4821661086309524 
166 1633.8267639160156 872.013803100586 1690.978045654297 904.3994659423828 0.40906343005952384 1667.164971923828 881.9786315917969 1714.7909606933595 929.6046203613281 0.5332263764880952 
167 0.0 0.0 0.0 0.0 0.23330543154761904 0.0 0.0 0.0 0.0 0.23330543154761904 
168 0.0 0.0 0.0 0.0 0.24073428199404762 0.0 0.0 0.0 0.0 0.24073428199404762 
169 0.0 0.0 0.0 0.0 0.24073428199404762 0.0 0.0 0.0 0.0 0.24073428199404762 
170 0.0 0.0 0.0 0.0 0.23330543154761904 0.0 0.0 0.0 0.0 0.23330543154761904 
171 0.0 0.0 0.0 0.0 0.23414829799107142 0.0 0.0 0.0 0.0 0.23414829799107142 
172 0.0 0.0 0.0 0.0 0.23414829799107142 0.0 0.0 0.0 0.0 0.23414829799107142 
173 1633.0706298828125 873.8601470947266 1686.4950439453125 904.3883270263672 0.4469401041666667 1669.6164245605469 883.180078125 1711.5926818847656 934.69638671875 0.5190080915178571 
174 1629.7863830566407 873.6090881347657 1692.6016784667968 907.8719909667968 0.5389578683035714 1671.7364074707032 883.5658233642578 1713.6133239746093 933.056674194336 0.5572102864583334 
175 1633.5833740234375 875.4397613525391 1688.7762451171875 903.9877899169921 0.4413946242559524 1669.8174926757813 884.5165893554688 1715.4942749023437 935.9030883789062 0.5409923735119048 
176 1627.7421875 870.8597473144531 1688.63525390625 905.1121765136719 0.5394345238095238 1665.8734985351562 881.032992553711 1713.4463256835938 928.6057403564453 0.5708240327380952 
177 1635.369140625 873.3193054199219 1686.93115234375 903.8745422363281 0.43125697544642855 1670.0375244140625 883.8961059570313 1713.9607666015625 937.3678100585937 0.5190662202380952 
178 1631.6464538574219 873.3600616455078 1690.8280334472656 907.7234954833984 0.41466703869047616 1674.5273315429688 887.3110137939453 1718.4362915039062 940.7653411865234 0.5631510416666666 
179 1629.5158935546874 872.334619140625 1688.7033447265626 902.8830322265625 0.4761555989583333 1672.1807922363282 884.3777130126953 1718.0034118652343 937.837435913086 0.5734979538690477 
180 1633.2587036132813 872.3089813232422 1688.1370483398437 906.3713775634766 0.4873744419642857 1660.334002685547 878.4955535888672 1707.6429260253906 922.0197662353515 0.5506882440476191 
181 1631.2462524414063 875.9434173583984 1689.7332397460937 906.1302520751954 0.4331868489583333 1665.2789733886718 880.5875671386718 1718.1059143066407 933.4145080566407 0.5834728422619048 
182 1630.2192321777343 873.4946075439453 1690.4500793457032 905.4922698974609 0.47741117931547616 1664.1714172363281 880.0099548339844 1718.7557067871094 930.8297668457031 0.5943777901785714 
183 1632.6946838378906 872.6679138183594 1687.278338623047 906.5474182128906 0.4383021763392857 1660.2037170410156 876.7218811035157 1714.787371826172 925.6589782714843 0.5624418712797619 
184 1630.87919921875 870.3640777587891 1687.5548828125 904.3695037841796 0.4536016555059524 1664.9573364257812 880.2459930419922 1715.9655151367188 929.3650299072266 0.5670340401785714 
185 1631.236346435547 870.6683624267578 1685.9339416503906 904.6185638427735 0.43661644345238093 1657.3519653320313 874.9484283447266 1712.0494018554687 922.1014373779296 0.54443359375 
186 1635.7416015625 875.0613006591797 1693.265966796875 912.1737457275391 0.40003022693452384 1665.3602600097656 875.9890960693359 1713.6064147949219 929.8022247314453 0.5349934895833334 
187 1634.0392944335938 880.4168823242187 1695.8803833007812 922.2504760742188 0.29019019717261907 1665.8692932128906 879.9271850585938 1718.6159362792969 938.1304321289062 0.5937732514880952 
188 1632.68056640625 877.5737518310547 1691.779150390625 916.3572174072266 0.39539155505952384 1663.5794311523437 880.13095703125 1713.4437622070313 933.6889892578125 0.5360165550595238 
189 1630.2488525390625 870.1611450195312 1681.2040283203125 906.0184204101563 0.38120814732142855 1656.597479248047 874.8791778564453 1705.6653381347655 920.172640991211 0.516845703125 
190 1635.2007690429687 876.4509552001953 1680.3773559570313 917.862826538086 0.30057198660714285 1665.8253356933594 880.7224639892578 1709.119366455078 935.3108001708985 0.44420805431547616 
191 1633.1102294921875 872.2172760009765 1686.0401611328125 908.1339813232422 0.42446754092261907 1665.537060546875 879.4151123046875 1714.686328125 928.5643798828125 0.5672898065476191 
192 1632.4847778320313 874.9579132080078 1689.4070678710937 914.803500366211 0.39170619419642855 1668.1706298828126 879.0446685791015 1719.4006591796874 934.0694061279297 0.59130859375 
193 1632.3955139160157 874.008511352539 1689.4788757324218 910.1613494873047 0.4165736607142857 1665.2550903320312 879.7900115966797 1716.6301635742188 929.2622955322265 0.5734979538690477 
194 1626.5787658691406 876.0330535888672 1685.2160339355469 910.080532836914 0.38294038318452384 1670.083837890625 883.0171356201172 1717.37197265625 932.1967926025391 0.5788922991071429 
195 1629.1555236816407 875.1730377197266 1691.7676940917968 911.2224090576171 0.4002046130952381 1671.553729248047 883.6380828857422 1720.8843811035156 934.8661285400391 0.6031203497023809 
196 1628.6860778808593 873.5053009033203 1687.6702453613282 903.9487396240235 0.4793294270833333 1665.9354064941406 879.8721221923828 1719.211444091797 931.2453704833985 0.6180943080357143 
197 1630.0955444335937 878.0716094970703 1696.8795532226563 912.4175872802734 0.40107654389880953 1670.0191040039062 881.5208587646484 1721.5382690429688 936.8561553955078 0.6219308035714286 
198 1631.7554626464844 872.9961608886719 1688.9216613769531 905.3903137207031 0.48227074032738093 1661.7309997558593 878.5661834716797 1713.1804992675782 926.2046295166016 0.6012137276785714 
199 1632.9467834472657 873.5838165283203 1691.9185729980468 909.7277679443359 0.41775948660714285 1664.3350219726562 879.5834197998047 1717.5997924804688 927.1412506103516 0.5907040550595238 
200 1632.1707458496094 874.4808776855468 1693.1264953613281 906.8636047363282 0.43288457961309523 1664.846533203125 877.9243072509765 1721.992578125 931.2605682373047 0.6125139508928571 
201 1632.3909912109375 872.0131256103516 1695.2550048828125 906.3026092529296 0.39474051339285715 1666.5339782714843 878.3874572753906 1725.5879699707032 933.6315856933594 0.6396251860119048 
202 1632.2723022460937 872.2173797607422 1696.9393676757813 904.550991821289 0.46571568080357145 1669.726544189453 881.2883514404297 1726.7857849121094 936.4455963134766 0.6417410714285714 
203 1628.6427856445312 872.153564453125 1692.9512084960938 906.19921875 0.4984537760416667 1671.4907531738281 881.1741973876954 1730.1248474121094 937.9169281005859 0.6586216517857143 
204 1634.670098876953 874.8873687744141 1693.5250915527345 907.1627410888672 0.42782738095238093 1671.3997680664063 884.1610748291016 1728.3563354492187 937.3205535888671 0.6552036830357143 
205 1632.281756591797 874.0305694580078 1694.7076232910156 908.0810638427735 0.4077264694940476 1681.174737548828 884.8714599609375 1736.0338806152345 951.0806884765625 0.6650390625 
206 1631.3810424804688 881.7536254882813 1701.1719360351562 915.7059692382812 0.3231724330357143 1685.791845703125 890.0965698242187 1736.720361328125 952.3426391601563 0.6410435267857143 
207 1635.1940612792969 878.0189758300781 1705.6617736816406 912.3006042480469 0.3552827380952381 1680.6831359863281 885.4173614501954 1737.8191833496094 944.4579437255859 0.6552966889880952 
208 1634.717626953125 875.4438018798828 1708.999169921875 911.6321868896484 0.34858630952380953 1677.71884765625 884.5275360107422 1734.858544921875 943.5717681884765 0.6682012648809523 
209 1632.6493530273438 877.5087829589844 1710.6414184570312 911.7491516113281 0.350341796875 1678.9616943359374 886.3615295410157 1736.0290283203126 945.3310974121093 0.6822916666666666 
210 1636.8899475097655 875.8070343017578 1709.021063232422 911.872592163086 0.4123651413690476 1678.0659484863281 886.3200805664062 1735.0115661621094 945.1638061523438 0.6692243303571429 
211 1627.719189453125 875.508578491211 1701.94169921875 911.6682403564453 0.41587611607142855 1674.6389099121093 885.8294708251954 1735.5394348144532 946.7299163818359 0.6989164806547619 
212 1630.631768798828 879.2067749023438 1708.7963317871095 913.5228393554687 0.3596307663690476 1676.8265197753906 886.6126007080078 1735.926531982422 945.712533569336 0.7031947544642857 
213 1630.0725891113282 880.9949462890625 1704.2527282714843 915.231982421875 0.39711216517857145 1677.1850036621095 890.285757446289 1736.148858642578 945.4453826904297 0.6709216889880952 
214 1628.2455200195313 876.7787719726563 1698.4344116210937 910.9247192382812 0.39457775297619047 1674.576025390625 885.6071044921875 1735.279931640625 944.414013671875 0.7223074776785714 
215 1629.2052429199218 879.7727264404297 1697.2602111816407 913.8002105712891 0.42714146205357145 1673.9208740234376 888.7885955810547 1732.5237060546874 945.5010162353516 0.6614118303571429 
216 1628.7671447753905 879.0501678466796 1700.558660888672 913.0567047119141 0.45438058035714285 1675.1264770507812 886.1712158203125 1735.5825073242188 946.62724609375 0.6764322916666666 
217 1627.067333984375 878.2149627685546 1700.893115234375 914.1813385009766 0.42421177455357145 1675.1924560546875 888.9175079345703 1735.7675048828125 945.706576538086 0.6907319568452381 
218 1628.1151916503907 877.1284606933593 1694.3829772949218 913.1023742675782 0.4296293712797619 1673.9199951171875 887.8332672119141 1734.5077392578125 944.6340789794922 0.6793154761904762 
219 1629.2362487792968 878.2002319335937 1703.0802795410157 912.2820678710938 0.41713169642857145 1675.9166870117188 888.6869445800781 1736.5066528320312 945.4900573730469 0.6863141741071429 
220 1631.5788696289062 878.0822784423829 1698.0207397460938 914.1506927490234 0.4073079427083333 1676.4819396972657 886.6977966308593 1733.4320007324218 949.3429748535157 0.7117047991071429 
221 1631.654315185547 874.8850982666015 1694.3182189941406 909.0654022216797 0.4697846912202381 1674.4527526855468 883.0649627685547 1733.3188537597657 947.6278472900391 0.6911039806547619 
222 1630.7181091308594 878.4436920166015 1706.9463195800781 914.6520721435547 0.37539527529761907 1675.2089538574219 888.9983825683594 1734.2857971191406 948.0752258300781 0.6715727306547619 
223 1630.7274536132813 878.1497741699219 1697.0188842773437 912.2425598144531 0.44234793526785715 1675.0916809082032 888.2027740478516 1735.7011657714843 948.8121795654297 0.6889183407738095 
224 1630.7233276367188 878.3399383544922 1710.4483032226562 914.405972290039 0.37424432663690477 1675.4774597167968 887.6120086669922 1734.3219787597657 944.5583404541015 0.6931966145833334 
225 1629.809063720703 873.8149322509765 1701.7503845214844 911.6787811279297 0.3828706287202381 1675.0272827148438 884.5187286376953 1733.7161254882812 943.207650756836 0.6485305059523809 
226 1635.0540405273437 877.93681640625 1712.6957153320313 915.8107421875 0.3099772135416667 1679.4830932617188 888.643441772461 1738.1878051757812 947.3480743408203 0.6746186755952381 
227 1632.5618957519532 876.9154327392578 1710.2370544433593 912.911166381836 0.35949125744047616 1679.7061706542968 887.1894989013672 1740.3305725097657 947.8139801025391 0.6854073660714286 
228 1630.5239868164062 878.0094024658204 1706.6244506835938 914.1571624755859 0.4141438802083333 1679.330712890625 890.0098602294922 1738.30869140625 948.987759399414 0.6698986235119048 
229 1629.2130126953125 880.7987365722656 1705.1151123046875 914.9546813964844 0.4425455729166667 1677.8925415039062 888.1699981689453 1736.7165893554688 946.9941253662109 0.6966843377976191 
230 1629.596990966797 878.9836151123047 1709.3367248535155 918.853482055664 0.3667108444940476 1679.981982421875 888.257373046875 1740.73603515625 949.01142578125 0.7179827008928571 
231 1632.1110229492188 880.3367309570312 1712.1026000976562 914.6188354492188 0.33156622023809523 1681.1900695800782 885.8306579589844 1742.1359802246093 948.6811828613281 0.6998465401785714 
232 1637.9699401855469 880.1368774414062 1712.2811584472656 920.1505981445313 0.3529459635416667 1680.5485961914062 886.5127166748047 1741.5219604492188 947.4860015869141 0.6966145833333334 
233 1627.2512268066407 875.5902740478516 1707.1639343261718 915.5466278076171 0.42703683035714285 1678.7699890136719 885.9086700439453 1743.4613342285156 950.5999359130859 0.7265159970238095 
234 1629.136944580078 879.5255065917969 1707.1847106933594 915.6939758300781 0.41027250744047616 1677.5324951171874 885.0166961669922 1742.2551025390626 949.739224243164 0.7370489211309523 
235 1634.36953125 878.9608520507812 1712.587255859375 920.9312377929688 0.3997395833333333 1679.715313720703 889.7469329833984 1746.4864685058594 952.7025909423828 0.7487211681547619 
236 1634.9896118164063 882.5806671142578 1703.8131225585937 918.9042572021484 0.45375279017857145 1682.2690368652343 892.9483856201172 1749.1807922363282 954.1247955322266 0.7355840773809523 
237 1631.7368896484375 878.76669921875 1708.1620361328125 922.7112060546875 0.44144112723214285 1677.959423828125 887.8789703369141 1748.65263671875 954.7509735107421 0.7488141741071429 
238 1637.4225158691406 881.4980560302735 1704.3561706542969 917.8335479736328 0.4605189732142857 1683.4669677734375 893.5608856201172 1746.5760009765625 952.8450592041015 0.7337704613095238 
239 1642.7478454589843 882.9357666015625 1715.0557434082032 924.7982421875 0.3828938802083333 1678.5359252929688 890.986279296875 1745.1352172851562 951.8771240234375 0.7454194568452381 
240 1636.450421142578 878.2803466796875 1701.2315856933594 918.2921630859375 0.4424641927083333 1678.7341247558593 892.643521118164 1745.4205383300782 947.8980438232422 0.7240280877976191 
241 1635.1692016601562 878.3104797363281 1706.0607788085938 918.5462097167969 0.4374883742559524 1676.8788208007813 889.1431823730469 1743.9383178710937 950.4547180175781 0.7379092261904762 
242 1630.1257690429688 878.7373321533203 1702.5934692382812 922.599398803711 0.44575427827380953 1676.041552734375 889.7395263671875 1744.695263671875 952.6720947265625 0.7502557663690477 
243 1636.3756958007812 879.442822265625 1701.2173217773438 915.677783203125 0.4681803385416667 1677.0117919921875 889.5651123046875 1745.6674072265625 952.4995849609375 0.7538597470238095 
244 1635.0868347167968 878.5764465332031 1703.6400939941407 916.6615905761719 0.4547758556547619 1676.1016052246093 888.683627319336 1744.6548645019532 953.4283721923828 0.7520693824404762 
245 1635.4975646972657 885.5061584472656 1700.6614929199218 918.0882019042969 0.45365978422619047 1674.8613037109376 889.3393676757812 1743.8584228515624 952.5867797851563 0.7519996279761905 
246 1636.9241577148437 884.158169555664 1707.7040161132813 920.5046112060547 0.41873604910714285 1676.8758483886718 889.6763671875 1745.7426818847657 954.7173095703125 0.7494652157738095 
247 1635.4402893066406 883.5022064208985 1707.990985107422 917.8683380126953 0.42881556919642855 1680.16025390625 890.0376434326172 1746.98330078125 956.8606109619141 0.7526274181547619 
248 1636.1204528808594 884.6622344970704 1712.4280090332031 920.9083831787109 0.4050990513392857 1677.8695495605468 892.0728546142578 1748.4540588378907 953.1189788818359 0.7674386160714286 
249 1636.4568359375 884.474642944336 1709.042919921875 920.7676055908203 0.46171642485119047 1677.8190856933593 891.4540618896484 1748.4950012207032 956.3993927001953 0.7665550595238095 
250 1639.7623168945313 882.9691802978516 1716.1649291992187 921.1704071044921 0.3950776599702381 1680.534814453125 891.6378997802734 1747.387060546875 956.5800567626953 0.7332589285714286 
251 1636.2568115234376 880.9078125 1712.6584716796874 917.1986328125 0.41419038318452384 1680.1877868652343 890.8253601074218 1745.1292297363282 955.7668029785157 0.7389322916666666 
252 1636.9302001953124 881.0617797851562 1713.5451416015626 919.3692504882813 0.4328031994047619 1680.7629028320312 895.0587036132813 1747.8008178710938 952.5199096679687 0.7282366071428571 
253 1641.4106384277343 884.2842407226562 1712.2452453613282 922.5733032226562 0.4815266927083333 1689.198193359375 903.1342498779297 1754.289599609375 956.7388580322265 0.6741768973214286 
254 1651.5452514648437 893.1102264404296 1699.1720336914063 917.8761627197266 0.42190987723214285 1686.8623474121093 893.3300201416016 1745.9195129394532 954.2923553466796 0.7195405505952381 
255 1653.497491455078 894.4459625244141 1705.0399841308595 915.4447235107422 0.47138904389880953 1688.2996337890625 892.0964416503906 1743.6600830078125 958.9107604980469 0.7354678199404762 
256 1654.241766357422 893.6947540283203 1706.0898986816405 916.738412475586 0.5077892485119048 1692.426318359375 902.7792907714844 1746.194775390625 962.3087219238281 0.6653878348214286 
257 1649.255615234375 897.1581573486328 1700.94140625 918.2153167724609 0.5157063802083334 1687.0996215820312 893.5504669189453 1742.6140014648438 958.6362396240235 0.7314918154761905 
258 1644.9921264648438 894.7280548095703 1712.1900024414062 923.527133178711 0.4059361049107143 1688.4861755371094 894.9495483398438 1749.9243469238281 960.2275756835937 0.7511858258928571 
259 1664.3364624023438 892.6822021484375 1719.9574829101562 919.533740234375 0.3965541294642857 1695.097705078125 897.5509063720704 1752.636669921875 958.9258392333984 0.6689453125 
260 1649.9053894042968 890.8864715576171 1715.0620178222657 923.4647857666016 0.38046409970238093 1695.8246276855468 894.2769744873046 1759.0648986816407 961.3500396728516 0.6907552083333334 
261 1646.5491027832031 891.1266845703125 1721.2459411621094 925.6020751953125 0.406982421875 1690.1591735839843 894.9572509765625 1757.1947082519532 960.0775390625 0.75830078125 
262 1648.1351318359375 890.0527557373047 1722.7930908203125 924.5102935791016 0.41295805431547616 1698.0542846679687 898.2990509033203 1761.2264770507813 963.3854583740234 0.7199590773809523 
263 1647.2302673339843 891.8942169189453 1727.7107727050782 926.385873413086 0.39501953125 1689.8289611816406 897.4216949462891 1758.812274169922 960.6564910888671 0.7398856026785714 
264 1645.1971618652344 891.0722076416016 1724.917218017578 925.2379119873046 0.40957496279761907 1691.7735656738282 896.1094604492188 1760.1049743652343 962.5427612304687 0.7724144345238095 
265 1642.1062927246094 885.9059356689453 1716.0715637207031 920.0437103271485 0.4746210007440476 1690.6870178222657 895.0968963623047 1760.8592468261718 963.372525024414 0.7491396949404762 
266 1644.81259765625 884.2724914550781 1718.913232421875 918.4728698730469 0.42739722842261907 1690.9976318359375 893.9187591552734 1757.4982177734375 958.5194122314454 0.7555571056547619 
267 1639.5776123046876 884.2106567382813 1717.1377197265624 918.2613891601562 0.4377557663690476 1685.5606994628906 891.7047424316406 1755.5539245605469 961.6979675292969 0.7637881324404762 
268 1643.1595825195313 881.3396911621094 1715.5479370117187 915.6289367675781 0.45571754092261907 1689.2448852539062 891.597134399414 1755.9184448242188 963.9855682373047 0.7559291294642857 
269 1643.1765930175782 887.3797149658203 1713.4370544433593 915.8636322021484 0.4751674107142857 1682.177716064453 889.4246643066406 1756.2359802246094 963.4829284667969 0.7589750744047619 
270 1647.4901245117187 892.183804321289 1710.4883911132813 918.9103729248047 0.5187755766369048 1684.5695495605469 894.6802581787109 1757.1129455566406 963.4056182861328 0.7614164806547619 
271 1646.8458740234375 888.5320007324219 1721.0125244140625 918.9593322753906 0.48001534598214285 1688.244580078125 894.1640228271484 1758.60771484375 964.5270782470703 0.7551385788690477 
272 1645.226513671875 891.6116973876954 1708.213671875 920.2422454833984 0.48179408482142855 1688.3925720214843 897.7048828125 1759.0145324707032 962.60078125 0.7293526785714286 
273 1640.89970703125 887.2758178710938 1713.4572265625 921.6452026367188 0.47057524181547616 1689.8099365234375 896.9697479248047 1758.5487060546875 961.8896881103516 0.7568359375 
274 1639.396307373047 885.9819854736328 1713.9150939941405 920.3752532958985 0.45985630580357145 1685.4009643554687 893.551416015625 1756.0983032226563 964.2487548828125 0.7699265252976191 
275 1643.3533935546875 882.4561248779297 1719.1824951171875 920.3705963134765 0.48009672619047616 1684.8406616210937 893.320101928711 1754.9825805664063 963.4619415283203 0.7457914806547619 
276 1643.3520568847657 886.1887023925781 1727.0384460449218 922.3260681152344 0.4062616257440476 1687.5361755371093 896.064321899414 1756.0069152832032 960.7311492919922 0.75537109375 
277 1645.0112060546876 888.2012725830078 1711.6692138671874 922.4825042724609 0.4318963913690476 1685.8117248535157 896.1855834960937 1754.3741882324218 962.8435913085938 0.7490466889880952 
278 1649.90390625 890.7629791259766 1714.66396484375 923.1430877685547 0.4828520275297619 1690.7086791992188 902.337759399414 1757.3733520507812 961.3837371826172 0.6874767485119048 
279 1646.8672729492187 893.5129486083985 1719.3356079101563 924.0260528564453 0.4629720052083333 1691.31650390625 901.5080169677734 1759.970849609375 964.4411407470703 0.7105189732142857 
280 1649.579052734375 894.9549499511719 1710.671435546875 923.5919250488281 0.47939918154761907 1689.597509765625 899.5808746337891 1760.235498046875 964.4914520263671 0.7197730654761905 
281 1644.2317016601562 882.4698120117188 1737.1083862304688 924.1694702148437 0.38113839285714285 1697.0854125976562 902.1532470703125 1761.5303100585938 962.80732421875 0.7179129464285714 
282 1645.6325256347657 888.401254272461 1727.0870788574218 926.2871612548828 0.35888671875 1692.3341674804688 898.674203491211 1760.5286254882812 961.1858428955078 0.7539295014880952 
283 1645.2038879394531 888.8114135742187 1730.6060485839844 922.9722778320313 0.37160528273809523 1693.6714111328124 898.6654968261719 1763.8910888671876 961.2938537597656 0.7632765997023809 
284 1650.692401123047 894.0415496826172 1725.0867736816406 924.5622711181641 0.39472888764880953 1697.060479736328 900.3510681152344 1763.8246520996095 965.2077697753906 0.7701357886904762 
285 1650.7401245117187 894.2605865478515 1711.8023559570313 922.8835174560547 0.4241536458333333 1695.5826416015625 898.8843078613281 1762.3695068359375 963.7629089355469 0.7556733630952381 
286 1652.0273681640624 891.5134124755859 1724.5639404296876 925.8728790283203 0.38185918898809523 1693.8018920898437 900.3969543457031 1760.6119262695313 959.5715515136719 0.7388625372023809 
287 1650.0226928710938 891.3542358398438 1724.2734497070312 923.7199829101562 0.3771275111607143 1693.1526733398437 896.1871032714844 1761.6918090820313 962.8224182128906 0.7699497767857143 
288 1647.8378051757813 897.0541015625 1699.4629760742187 925.734716796875 0.5089285714285714 1691.4470581054688 902.1283813476563 1760.2807250976562 963.3137573242187 0.7293294270833334 
289 1650.37685546875 898.150503540039 1702.004248046875 924.9202362060547 0.5109514508928571 1689.575390625 900.0626586914062 1758.4119140625 961.2505737304688 0.7317475818452381 
290 1656.84267578125 895.7418823242188 1693.13095703125 920.5707397460938 0.4746907552083333 1693.204412841797 894.6399841308594 1758.1414123535155 967.2167053222656 0.7544642857142857 
291 1653.5728454589844 900.1519744873046 1701.1509094238281 924.8925201416016 0.5372605096726191 1688.1950622558593 895.3209838867188 1752.9010070800782 961.9301147460938 0.7362583705357143 
292 1653.0341430664062 902.1150939941406 1706.1706909179688 928.6833679199219 0.46797107514880953 1694.0543090820313 896.0569000244141 1758.5772827148437 962.4775848388672 0.7520461309523809 
293 1651.1558410644532 900.9766723632813 1710.3872497558593 927.7263305664062 0.42626953125 1692.8971557617188 894.4361999511718 1759.7713012695312 965.1317932128907 0.7690197172619048 
294 1653.0948791503906 899.1267578125 1702.7375183105469 925.857373046875 0.5288434709821429 1692.4565795898438 895.748681640625 1757.3737426757812 964.4845947265625 0.7392810639880952 
295 1655.9791259765625 897.8555725097656 1707.6458740234375 922.7321960449219 0.4896647135416667 1693.1467346191407 897.634765625 1754.3814636230468 962.6966552734375 0.7333286830357143 
296 1649.0799133300782 892.2706512451172 1710.2759216308593 924.7810455322266 0.4603910900297619 1694.2413940429688 896.9045043945313 1759.2620239257812 965.7499145507812 0.7513950892857143 
297 1663.1742919921876 902.9194274902344 1705.3525634765624 927.8430236816406 0.4211542038690476 1689.5726440429687 892.9647399902344 1758.5916625976563 965.8182189941406 0.7501395089285714 
298 1647.415997314453 900.2994720458985 1706.8333923339844 929.0498321533203 0.48514229910714285 1695.1857971191407 895.2128753662109 1762.2698913574218 968.0470733642578 0.7493722098214286 
299 1661.4208862304688 903.5078674316406 1707.5420043945312 928.4901794433594 0.5086960565476191 1696.381329345703 897.1514709472656 1759.7977478027344 964.4113952636719 0.7399088541666666 
