0 1865.1171325683595 500.3891265869141 2013.490899658203 645.1440155029297 0.32174246651785715 2141.5432006835936 795.4664581298828 2282.6792114257814 940.2213470458985 0.8140113467261905 
1 1863.15185546875 479.63329162597654 2207.404296875 744.1640106201172 0.22926548549107142 2139.808142089844 797.6834259033203 2284.756555175781 939.0080413818359 0.8039434523809523 
2 1834.5714050292968 489.62406158447266 2004.8198303222657 641.7609176635742 0.3285435267857143 2140.7955932617188 796.9628173828125 2289.3101196289062 941.8550537109375 0.8048270089285714 
3 1873.6391845703124 527.2165496826171 2008.6684326171876 724.2864410400391 0.24081566220238096 2138.223669433594 796.9945556640625 2291.500207519531 942.9722412109375 0.8169875372023809 
4 1844.7066162109375 488.8368743896484 2016.1180908203125 642.0130401611328 0.3842657180059524 2141.8011108398437 795.0488861083984 2291.3299926757813 944.5780059814454 0.8153831845238095 
5 1851.6223693847655 490.95909729003904 2012.369940185547 637.0933319091797 0.3909505208333333 2138.6916015625 797.2788604736328 2295.7859375 943.4130950927735 0.8230096726190477 
6 1829.840380859375 491.7247680664062 2027.281689453125 634.3213745117188 0.4302455357142857 2148.3622192382813 800.6841186523437 2290.9588256835937 946.9369750976563 0.8138485863095238 
7 1829.4132446289063 489.9421630859375 2037.9270874023437 647.2421630859375 0.3547247023809524 2153.017822265625 800.7432373046875 2288.368896484375 947.0687744140625 0.8029436383928571 
8 1839.8957458496093 487.3815353393555 2033.9097961425782 637.4678604125977 0.40938895089285715 2147.108154296875 803.1823059082031 2289.873291015625 949.6079772949219 0.806640625 
9 1847.7175903320312 493.04736328125 2027.0880737304688 643.1329345703125 0.35673595610119047 2147.1846557617187 803.6371246337891 2293.6095336914063 946.4013885498047 0.8183361235119048 
10 1840.6344848632812 484.4106140136719 2023.7202514648438 652.8496398925781 0.3204868861607143 2156.38720703125 808.8950988769532 2288.208984375 948.0403259277343 0.8038271949404762 
11 1837.6267028808593 481.9192413330078 2028.0067199707032 646.6711517333985 0.30894252232142855 2167.1305908203126 804.6640563964844 2284.2873779296874 954.7713684082031 0.7961309523809523 
12 1838.3230224609374 482.1250335693359 2029.1100830078126 669.2430694580078 0.2795817057291667 2161.616796875 808.9466125488282 2290.03115234375 952.0369079589843 0.7825753348214286 
13 1831.634454345703 493.64831085205077 2019.1754821777345 633.384861755371 0.3613397507440476 2157.2149291992187 813.2885437011719 2293.2740844726563 953.0250549316406 0.8012230282738095 
14 1823.7414855957031 492.26788330078125 2007.7290954589844 628.4187622070312 0.39560081845238093 2158.0327392578124 814.9538665771485 2290.5038818359376 951.1046661376953 0.7998976934523809 
15 1839.6476623535157 486.3113128662109 2020.3033874511718 644.8458526611328 0.3516438802083333 2156.291357421875 815.0081573486328 2296.391748046875 951.4215911865234 0.8260323660714286 
16 1837.3118103027343 505.9569122314453 2025.3216125488282 657.1019866943359 0.3754069010416667 2167.817736816406 813.0678924560547 2293.157604980469 956.8400054931641 0.8233351934523809 
17 1835.7843139648437 507.03208312988284 2016.5982543945313 639.8749603271484 0.4059361049107143 2169.0269287109377 811.8895111083984 2290.7997314453123 959.4927520751953 0.8108026413690477 
18 1829.846209716797 499.1223480224609 2025.1824768066406 628.1180694580078 0.47691127232142855 2166.36904296875 814.5239471435547 2295.36484375 961.9475494384766 0.8133138020833334 
19 1832.751641845703 499.38478088378906 2031.9755310058595 635.8899383544922 0.3889276413690476 2167.629248046875 813.5454193115235 2293.066552734375 957.4292510986328 0.7996884300595238 
20 1830.9355590820312 497.2696868896484 2034.2265502929688 648.8138702392578 0.3471795944940476 2169.706298828125 813.7212371826172 2295.377197265625 957.8729400634766 0.8088262648809523 
21 1833.1882934570312 486.1969299316406 2036.7306518554688 652.7316589355469 0.3307989211309524 2168.6773681640625 816.1349822998047 2301.9051513671875 960.465054321289 0.8136393229166666 
22 1826.0613098144531 490.7235763549805 2029.7679138183594 638.8738662719727 0.3614908854166667 2170.795446777344 819.6456329345704 2300.426965332031 956.6846282958984 0.7898065476190477 
23 1823.5220947265625 490.5839782714844 2027.1485595703125 642.3781799316406 0.3527715773809524 2170.9685791015627 819.3765289306641 2300.5489990234373 960.0638397216796 0.7911783854166666 
24 1844.1777587890624 489.71580505371094 2030.0771240234376 694.2051544189453 0.25844610305059523 2170.5028564453123 826.7656982421875 2304.3501708984377 960.613330078125 0.7705310639880952 
25 1844.7269348144532 490.0135559082031 2031.0834899902343 687.5515075683594 0.29959542410714285 2171.424206542969 827.0321746826172 2309.327990722656 961.208853149414 0.7679036458333334 
26 1847.9391967773438 503.13604736328125 2011.9648559570312 685.8009643554688 0.3137090773809524 2168.8215087890626 829.8969512939453 2310.4802490234374 964.0998138427734 0.7697870163690477 
27 1824.1032470703126 498.1402160644531 2004.3779541015624 629.5904968261718 0.385009765625 2179.741357421875 827.0548919677734 2307.435888671875 962.2608428955078 0.7668573288690477 
28 1838.6749572753906 499.77821655273436 2027.4042663574219 631.8886535644531 0.3697102864583333 2175.7745849609373 827.005728149414 2311.6594970703127 966.6653533935547 0.7741582961309523 
29 1837.4869201660156 507.9165863037109 2014.386737060547 634.8229766845703 0.3013276599702381 2183.0035400390625 829.4719390869141 2313.7557373046875 964.0696258544922 0.7227027529761905 
30 1841.9477111816407 510.55601806640624 2004.4142272949218 630.4718139648437 0.35813104538690477 2185.6268920898438 830.1330413818359 2309.4109497070312 965.5218048095703 0.7374906994047619 
31 1843.2195068359374 488.52738494873046 2047.0351318359376 642.3505752563476 0.29159691220238093 2185.476110839844 830.9319305419922 2320.071496582031 965.5272369384766 0.7333751860119048 
32 1843.908514404297 498.77353515625 2016.7271057128905 633.1880126953125 0.33842540922619047 2182.1603149414063 829.1968139648437 2316.5747924804687 967.4516235351563 0.7276320684523809 
33 1824.5110717773437 500.4838928222656 2017.1691040039063 638.0967956542969 0.4398716517857143 2187.7485229492186 836.6525207519531 2325.3615844726564 970.3336853027344 0.7381649925595238 
34 1834.621240234375 509.89723815917966 2026.655615234375 647.0646148681641 0.40930757068452384 2187.638806152344 832.014437866211 2324.806262207031 973.1008575439453 0.7214471726190477 
35 1835.9902282714843 512.2361999511719 2015.1031555175782 644.6240295410156 0.38247535342261907 2189.2738647460938 835.2683776855469 2317.7678833007812 971.5498596191406 0.7310267857142857 
36 1843.21865234375 507.5468383789063 2009.973486328125 643.2775024414062 0.3273809523809524 2187.318469238281 835.2394409179688 2319.171032714844 974.8482055664062 0.7205868675595238 
37 1829.1348876953125 513.0081665039063 2015.8734130859375 645.2812622070312 0.34215727306547616 2188.09765625 834.862661743164 2324.26123046875 978.8069549560547 0.7346307663690477 
38 1847.9361145019532 506.9025634765625 2023.5010192871093 666.8615966796875 0.30700102306547616 2192.0132080078124 836.2741851806641 2324.6620849609376 976.7259979248047 0.7203543526785714 
39 1828.8011474609375 502.5021575927734 2011.9532470703125 638.8919464111328 0.41857328869047616 2190.908740234375 844.6757293701172 2327.298291015625 977.1686920166015 0.7272832961309523 
40 1836.5458984375 508.95106811523436 2011.953857421875 645.3794982910156 0.38669549851190477 2188.411279296875 841.7764465332032 2328.737646484375 978.2048767089843 0.7282598586309523 
41 1824.717950439453 509.11220397949216 2008.5106872558595 634.2475982666016 0.40351795014880953 2191.5512084960938 838.1942626953125 2324.5076293945312 978.971630859375 0.7358863467261905 
42 1838.7736267089845 514.0280578613281 2017.882745361328 685.1768981933594 0.3029668898809524 2187.5009643554686 839.1802368164062 2342.7287719726564 978.4874877929688 0.7313290550595238 
43 1837.3424560546875 510.7491790771484 2012.2686279296875 681.6997344970703 0.3305082775297619 2185.6657470703126 842.0996704101562 2336.7380615234374 977.2698364257812 0.7276088169642857 
44 1833.9414855957032 509.8912841796875 2032.5198181152343 688.611767578125 0.26046316964285715 2187.2580810546874 841.3643676757813 2342.1491455078126 980.3691528320312 0.7372581845238095 
45 1852.4325927734376 486.1123565673828 2047.8877197265624 951.2956634521485 0.21494838169642858 2192.97568359375 842.2918518066406 2329.7943359375 983.0195495605469 0.7267485119047619 
46 1841.4599609375 510.0559844970703 2029.25537109375 690.0267181396484 0.2689092726934524 2192.97451171875 846.5229736328125 2333.82138671875 979.544775390625 0.7295619419642857 
47 1840.7804870605469 514.9575500488281 2032.5519104003906 691.0740661621094 0.23286365327380953 2191.959814453125 844.1599609375 2340.680322265625 985.053173828125 0.7268182663690477 
48 1862.6772155761719 507.12372131347655 2049.4308166503906 685.9302947998046 0.24093191964285715 2189.419677734375 847.9260894775391 2352.332275390625 986.9979217529296 0.7305850074404762 
49 1847.0995300292968 501.3557434082031 2023.1630432128907 681.3316345214844 0.2953520275297619 2189.8966064453125 842.0459106445312 2342.4847412109375 990.7216674804688 0.7445126488095238 
50 1836.4160400390624 504.6808807373047 2000.9174560546876 637.848599243164 0.38049897693452384 2194.191540527344 844.2285552978516 2339.109484863281 985.2297576904297 0.7401646205357143 
51 1849.5523986816406 511.7376403808594 2010.0822448730469 644.8598937988281 0.3340541294642857 2190.791296386719 848.1575225830078 2343.490197753906 989.110482788086 0.7418852306547619 
52 1844.0531188964844 499.4549133300781 2000.633770751953 640.3774841308593 0.34336635044642855 2193.799951171875 845.2873046875 2346.466162109375 990.12431640625 0.7480701264880952 
53 1860.4573669433594 509.86293029785156 2024.8354797363281 685.9822235107422 0.27138555617559523 2192.5250854492188 844.6401184082031 2349.0757446289062 989.4493591308594 0.7481863839285714 
54 1857.6156372070313 503.9892547607422 2018.1221557617187 684.0696441650391 0.27600678943452384 2192.7821411132813 845.3289611816406 2345.4588256835937 990.1762878417969 0.7462100074404762 
55 1831.4454711914063 515.9254791259766 1992.1424194335937 653.1057098388671 0.3934965587797619 2194.144006347656 843.6506927490234 2347.002233886719 988.6698028564454 0.7427455357142857 
56 1828.1935485839845 509.38843994140626 1992.912530517578 646.6542846679688 0.42246791294642855 2194.587854003906 843.3518035888671 2347.541296386719 988.4613677978516 0.7471400669642857 
57 1824.7332641601563 509.1232452392578 1993.4244506835937 642.5069427490234 0.4003324962797619 2195.159765625 842.733349609375 2344.2357421875 987.8861572265625 0.7436058407738095 
58 1832.4577941894531 505.3678039550781 2008.8123474121094 638.6135192871094 0.3958333333333333 2193.9092041015624 848.5809600830078 2346.7499755859376 985.745639038086 0.7478608630952381 
59 1849.3683471679688 498.18662109375 2002.0881958007812 674.402001953125 0.29918852306547616 2192.310400390625 845.1953399658203 2348.946435546875 990.083529663086 0.7519996279761905 
60 1846.9266662597656 632.7974426269532 2033.8278503417969 942.9739196777343 0.20454915364583334 2188.7631225585938 840.8053192138672 2355.7810668945312 991.9169097900391 0.7500465029761905 
61 1827.2564392089844 504.4257751464844 2009.9919738769531 675.2439025878906 0.30016508556547616 2190.588659667969 840.2559997558594 2349.489221191406 987.2389953613281 0.7548828125 
62 1828.7459899902344 509.74855346679686 1999.688214111328 680.6907775878906 0.3023274739583333 2194.024304199219 843.2236145019531 2353.040393066406 986.3380310058594 0.7528599330357143 
63 1833.4597595214843 492.02240600585935 1997.0501281738282 683.5427795410156 0.2960728236607143 2185.5012939453127 844.3707580566406 2357.0714599609373 988.0110778808594 0.7486979166666666 
64 1842.700732421875 502.45481262207034 2029.865185546875 689.6193450927734 0.26437523251488093 2187.62265625 841.4033477783203 2358.85830078125 984.7633392333985 0.7432338169642857 
65 1839.6550537109374 506.20848693847654 2031.5275634765626 682.4179168701172 0.28822544642857145 2186.2003662109373 844.1691741943359 2350.6624267578127 989.0524444580078 0.7402576264880952 
66 1839.6099182128905 499.0889617919922 2016.061590576172 652.0137603759765 0.30104864211309523 2191.306884765625 843.8484558105469 2352.073974609375 988.9309631347656 0.7477911086309523 
67 1832.5736083984375 499.9709075927734 2017.0555419921875 645.2013946533203 0.3276250930059524 2192.0264892578125 844.176220703125 2349.0325927734375 989.406787109375 0.7470935639880952 
68 1834.301934814453 499.93174743652344 2009.7348083496095 635.4934844970703 0.41679454985119047 2188.388146972656 842.0564117431641 2351.859655761719 989.5795135498047 0.7463727678571429 
69 1846.582666015625 512.7397247314453 2034.986181640625 693.2931732177734 0.2371884300595238 2191.385498046875 846.3711334228516 2348.388427734375 987.6738494873047 0.7411644345238095 
70 1837.1232788085938 507.4012023925781 2029.3737915039062 683.9579284667968 0.2688104538690476 2191.293005371094 843.4625305175781 2348.232141113281 984.7078796386719 0.7376999627976191 
71 1833.0731201171875 505.5292053222656 2008.4937744140625 649.0552673339844 0.3452845982142857 2190.661474609375 842.416845703125 2350.134912109375 989.9297119140625 0.7453729538690477 
72 1831.5520812988282 505.4831298828125 2018.8855407714843 668.9016357421875 0.32312593005952384 2189.5090454101564 837.5323272705078 2356.9135620117186 992.9792083740234 0.7485119047619048 
73 1826.584735107422 505.3958801269531 2029.8904846191406 640.9330993652344 0.3478887648809524 2193.025830078125 841.325732421875 2356.467822265625 988.8220947265625 0.7526739211309523 
74 1837.1949096679687 507.38243713378904 2020.4996704101563 686.7022186279297 0.30845424107142855 2192.4627197265627 838.5876251220703 2351.8580810546873 990.0132659912109 0.7480933779761905 
75 1829.0594848632813 509.2920440673828 2008.6184936523437 636.978402709961 0.35574776785714285 2188.637805175781 834.0329193115234 2364.206677246094 993.6408477783203 0.7574637276785714 
76 1838.8622924804688 515.1318634033203 2006.2172973632812 650.609652709961 0.35549200148809523 2193.4953857421874 838.1943481445312 2368.8195556640626 989.6107055664063 0.7735537574404762 
77 1829.86513671875 512.9932342529297 1997.35947265625 640.608023071289 0.36367652529761907 2189.5485107421873 834.944369506836 2376.9827392578127 990.4748809814453 0.7751348586309523 
78 1824.1705017089844 511.3214599609375 1989.0754699707031 629.110791015625 0.45674060639880953 2182.9746704101562 840.376416015625 2379.2902221679688 985.6498291015625 0.7982003348214286 
79 1832.1359008789063 513.2172271728516 2001.1482788085937 638.9938934326171 0.38185918898809523 2176.661083984375 841.4156311035156 2373.187060546875 978.9837829589844 0.7875744047619048 
80 1834.224462890625 497.5839538574219 1984.2875 628.8891906738281 0.3324614025297619 2159.6015625 850.5208709716796 2365.9384765625 974.3229400634766 0.7940383184523809 
81 1837.3763488769532 508.4536102294922 1995.7587829589843 639.1190826416016 0.494873046875 2152.161413574219 850.4987518310547 2354.099084472656 973.2452056884765 0.7708565848214286 
82 1831.0004455566407 500.5083862304688 1987.6652038574218 618.0069946289062 0.44882347470238093 2145.384313964844 852.5521392822266 2345.132043457031 973.9673309326172 0.7749953497023809 
83 1838.7358459472657 481.4057357788086 2005.9034362792968 617.4724685668946 0.41342308407738093 2139.278674316406 847.1411010742188 2345.322644042969 975.4326293945312 0.7715308779761905 
84 1828.1894653320312 478.3572738647461 1998.0029174804688 602.8871414184571 0.45585704985119047 2130.805712890625 843.6738372802735 2319.487255859375 971.9773468017578 0.7928989955357143 
85 1846.821063232422 472.8259582519531 2009.4319885253906 620.6541442871094 0.2819707961309524 2129.826550292969 841.6856414794922 2303.524768066406 971.0352447509765 0.8165457589285714 
86 1838.2509643554688 458.15465850830077 1995.0529907226562 578.4911849975585 0.33987862723214285 2125.0668334960938 825.4755096435547 2300.1018676757812 971.3379058837891 0.8424246651785714 
87 1834.6971008300782 438.5558120727539 1996.8779724121093 568.3003585815429 0.24862816220238096 2118.582666015625 815.8685516357422 2295.179541015625 967.2372222900391 0.8439127604166666 
88 1825.6819458007812 445.06529846191404 1994.5692749023438 574.4258514404297 0.2542085193452381 2113.978967285156 806.1967224121094 2275.679479980469 967.8973937988281 0.853515625 
89 1830.5747802734375 422.4586349487305 1995.1403076171875 572.7141250610351 0.24479166666666666 2105.355224609375 800.9868927001953 2273.498291015625 961.9749603271484 0.8392857142857143 
90 1834.3361938476562 419.56497955322266 1985.4113647460938 570.6401901245117 0.2963285900297619 2094.46123046875 793.1991973876953 2263.10322265625 961.8412689208984 0.8551432291666666 
91 1828.6130432128907 439.81991424560545 1989.3790222167968 572.6266494750977 0.45078822544642855 2088.580810546875 787.9671630859375 2256.336669921875 955.7230224609375 0.8578869047619048 
92 1829.7464904785156 457.5342132568359 1990.3778991699219 579.7538116455078 0.5329706101190477 2084.9301879882814 785.3782043457031 2245.5617553710936 952.9936218261719 0.8562127976190477 
93 1817.656231689453 475.8678726196289 1997.4061462402344 595.701188659668 0.5649181547619048 2077.2497436523436 773.0111419677735 2239.3774536132814 949.2365997314453 0.8601422991071429 
94 1819.3730773925781 469.93519592285156 1997.2066345214844 598.9517059326172 0.4045991443452381 2070.4321166992186 780.1380615234375 2234.3181274414064 940.5369873046875 0.8526553199404762 
95 1821.9292602539062 482.6862503051758 1992.1495971679688 621.6417221069336 0.4736444382440476 2062.829833984375 764.6054412841797 2229.576416015625 938.299771118164 0.8419363839285714 
96 1817.3827087402344 491.2083679199219 2083.4826477050783 639.8096984863281 0.3227422805059524 2057.56376953125 765.6821350097656 2223.44453125 931.5627380371094 0.833984375 
97 1821.2075744628905 478.49815826416017 2022.310369873047 631.8816940307618 0.39779808407738093 2050.2341430664064 750.6556365966796 2220.6601440429686 931.3073150634766 0.8357514880952381 
98 1812.350537109375 505.3403778076172 2020.965625 619.7422027587891 0.4872349330357143 2049.566162109375 744.6265594482422 2221.168701171875 916.2293365478515 0.7958286830357143 
99 1814.6484741210938 500.32558288574216 2008.4738403320312 627.3144927978516 0.5034528459821429 2040.9921630859376 744.6636199951172 2211.4248291015624 915.0962066650391 0.8114536830357143 
100 1803.8295776367188 499.2443603515625 2026.9931762695312 629.145654296875 0.47958519345238093 2038.7792724609376 740.2150817871094 2201.9883056640624 913.4167541503906 0.8089890252976191 
101 1809.092791748047 501.5794982910156 2025.4398010253906 618.0740661621094 0.5409574962797619 2037.6013305664062 739.0490661621094 2204.0219604492186 905.4698547363281 0.8038271949404762 
102 1814.2957824707032 504.69597778320315 2054.0107360839843 634.5415710449219 0.466796875 2037.8760375976562 738.6485168457032 2204.3449096679688 905.1172302246093 0.7964564732142857 
103 1815.378973388672 510.7380035400391 2051.5852600097655 633.8315155029297 0.4748418898809524 2038.7896118164062 735.6842407226562 2201.8053588867188 905.3536010742188 0.8019438244047619 
104 1815.2931335449218 499.80291137695315 2044.9530822753907 636.2675231933594 0.4131556919642857 2039.8323120117188 737.0158050537109 2209.581018066406 903.4360382080079 0.7947358630952381 
105 1809.3158630371095 505.59324951171874 2042.262628173828 642.0335815429687 0.42093331473214285 2040.0866821289062 743.1478302001954 2203.1494018554686 906.2106292724609 0.8098958333333334 
106 1810.6158874511718 506.6045623779297 2040.5075256347657 639.875112915039 0.5041736421130952 2040.8918090820312 744.0567657470704 2207.480017089844 907.3131683349609 0.7999209449404762 
107 1817.7381958007813 510.0773895263672 2047.2723022460937 643.1406890869141 0.42011951264880953 2043.3060791015625 744.6014434814454 2202.9820068359377 907.6039398193359 0.8015485491071429 
108 1817.4172058105469 541.1775146484375 2106.7552795410156 665.6601318359375 0.41240001860119047 2041.7963500976562 743.9469940185547 2203.287390136719 905.437954711914 0.79833984375 
109 1826.0386657714844 522.5126281738281 2065.569854736328 625.6441101074219 0.5023251488095238 2044.71337890625 738.6281585693359 2207.7275390625 898.3157501220703 0.7986653645833334 
110 1806.114306640625 510.7254119873047 2045.069287109375 636.8405670166015 0.48595610119047616 2042.5162719726563 738.44755859375 2201.8199096679687 904.388623046875 0.8124534970238095 
111 1802.8837524414062 516.419644165039 2028.1719116210938 620.6574432373047 0.5193684895833334 2040.45791015625 734.4653930664062 2201.85849609375 899.2283325195312 0.8091750372023809 
112 1826.3331787109375 545.805029296875 2088.8474853515627 646.772119140625 0.4201543898809524 2039.5289428710937 721.4618865966797 2204.442004394531 893.105923461914 0.7969912574404762 
113 1814.5234375 523.9845306396485 2075.694580078125 631.1316192626953 0.4605189732142857 2037.3173583984376 714.9691192626954 2198.0381103515624 885.7347991943359 0.7853887648809523 
114 1818.2207397460938 518.2348724365235 2036.8083129882812 634.1525177001953 0.45556640625 2031.8404174804687 703.1936004638671 2187.5011352539063 872.1021148681641 0.7727864583333334 
115 1806.2285522460938 516.2003967285157 2022.9816528320312 624.5769470214843 0.5230073474702381 2021.5922058105468 679.2704498291016 2189.0832092285154 863.1821258544921 0.7771112351190477 
116 1838.1082763671875 557.6233459472656 2051.3609619140625 665.8900817871094 0.39637974330357145 2012.8744873046876 659.5808746337891 2176.9150634765624 846.5870330810546 0.7808779761904762 
117 1877.43720703125 614.6275604248046 2061.451953125 721.1624176025391 0.4691569010416667 2004.5837158203126 641.0750183105469 2162.7717529296874 841.2313781738281 0.7779482886904762 
118 1859.6307983398438 589.6656555175781 2056.5176391601562 696.1782165527344 0.40132068452380953 2002.5165283203125 628.1491973876953 2144.5332763671877 831.4913665771485 0.7752511160714286 
119 1882.667626953125 593.0320068359375 2075.996923828125 721.918310546875 0.36582728794642855 2002.0112670898438 613.4803070068359 2127.675500488281 822.9205108642578 0.7731352306547619 
120 1906.1980041503907 597.4552062988281 2070.556756591797 710.2503601074219 0.42018926711309523 2001.0202880859374 611.0898040771484 2117.0383056640626 820.5665069580078 0.7895042782738095 
121 1888.4804382324219 597.683950805664 2043.2259826660156 707.2953582763672 0.5192987351190477 1997.0998962402343 606.3635955810547 2113.159014892578 812.6909088134765 0.78173828125 
122 1890.9510986328125 599.2599334716797 2042.3941162109375 692.7033843994141 0.5155901227678571 1988.1125793457031 612.148681640625 2113.7779235839844 808.7022705078125 0.7966889880952381 
123 1885.96748046875 607.37861328125 2040.43388671875 713.574267578125 0.5157645089285714 1983.0041625976562 612.205679321289 2111.7260620117186 805.2887664794922 0.7980375744047619 
124 1884.5981994628905 603.8910614013672 2045.513983154297 697.2221588134765 0.4916294642857143 1990.9264343261718 609.7088104248047 2110.0038635253904 802.8076080322265 0.7942940848214286 
125 1893.4690551757812 602.4871520996094 2044.6083374023438 702.1747131347656 0.5364932105654762 1987.962109375 606.5686981201172 2113.37529296875 799.5122955322265 0.8001069568452381 
126 1893.6048278808594 608.0114593505859 2051.419464111328 707.8533477783203 0.5487816220238095 1988.9872680664062 610.3650390625 2114.595007324219 797.1660888671875 0.7980608258928571 
127 1892.4507080078124 609.7981323242187 2040.5212158203126 716.0226684570313 0.5864722842261905 1989.1422973632812 613.2646850585937 2114.680212402344 796.7433715820313 0.7948521205357143 
128 1905.8424743652345 607.0945648193359 2047.506768798828 716.5623565673828 0.5782180059523809 1986.209649658203 610.5618682861328 2118.2150329589845 797.3011077880859 0.7997349330357143 
129 1909.9868103027343 603.7385467529297 2051.537481689453 716.3357330322266 0.5892740885416666 1990.6608032226563 605.0995727539063 2119.3433471679687 791.6892456054687 0.8048967633928571 
130 1900.2182067871095 599.9475952148438 2048.185723876953 699.6648315429687 0.4503696986607143 1994.7393432617187 607.9893157958984 2116.9733032226563 788.1236602783204 0.8116861979166666 
131 1892.1354614257812 603.5618682861328 2043.3052124023438 716.1350921630859 0.46493675595238093 1991.5956176757813 613.829556274414 2117.0345092773437 787.5138885498047 0.8126627604166666 
132 1897.7852905273437 599.4159576416016 2045.7183715820313 705.5418670654296 0.41006324404761907 1991.5422241210938 614.2587860107421 2120.1796997070314 784.7034332275391 0.8058035714285714 
133 1907.0700744628907 602.4347900390625 2045.3653503417968 705.352197265625 0.4885370163690476 1989.4535278320313 614.0624847412109 2121.3162475585937 787.7355499267578 0.8116164434523809 
134 1906.8309936523438 599.6309143066406 2048.1567993164062 699.2013610839844 0.4868745349702381 1992.3183166503907 610.1315460205078 2120.796307373047 790.0007171630859 0.8075009300595238 
135 1895.9398498535156 602.2087982177734 2043.7616882324219 701.8278839111329 0.46594819568452384 1994.9408874511719 613.0852691650391 2120.2682189941406 789.8288543701171 0.8027808779761905 
136 1876.0636413574218 597.8125610351562 2046.2682678222657 687.7318725585938 0.48629324776785715 1992.04482421875 615.3517303466797 2120.50107421875 788.7677154541016 0.8116861979166666 
137 1901.134228515625 594.4346557617188 2055.321337890625 694.0138305664062 0.5069173177083334 1995.8950561523438 615.5612548828125 2121.172082519531 789.0217529296875 0.80224609375 
138 1908.0290222167969 597.7351104736329 2052.7992248535156 719.9856536865234 0.5770321800595238 1991.1791076660156 616.1716888427734 2123.081024169922 793.1131622314454 0.7956891741071429 
139 1906.4238220214843 596.6065368652344 2060.672979736328 702.6528625488281 0.5030226934523809 1993.065380859375 618.8540496826172 2124.819873046875 789.1707916259766 0.8036411830357143 
140 1900.8772766113282 586.2513488769531 2058.5100524902346 702.0632263183594 0.49611700148809523 1996.1498596191407 619.5348968505859 2121.612713623047 790.0357208251953 0.7997814360119048 
141 1900.2284545898438 599.1641265869141 2044.7280883789062 701.9194305419921 0.4946870349702381 1996.3145568847656 621.3948150634766 2121.5476257324217 788.3722137451172 0.7995256696428571 
142 1888.8654846191407 598.7005584716796 2046.0799499511718 701.3712799072266 0.48036411830357145 1996.2255249023438 623.751220703125 2121.3552856445312 787.3826904296875 0.8085704985119048 
143 1894.9448608398438 601.0191467285156 2045.7140747070312 703.6704284667969 0.48915318080357145 1996.2390686035155 623.2273651123047 2124.553289794922 790.035757446289 0.8035249255952381 
144 1902.6350402832031 599.326937866211 2063.5711364746094 711.9822052001953 0.4961635044642857 1995.8541137695313 619.5058624267579 2121.384411621094 793.3168304443359 0.7938988095238095 
145 1899.087890625 600.8991851806641 2050.52392578125 704.0045623779297 0.4567754836309524 1993.3945373535157 620.3553527832031 2122.276239013672 791.1236511230469 0.7937825520833334 
146 1881.2342834472656 601.2914093017578 2045.5663757324219 701.179476928711 0.49374534970238093 1997.6051696777345 620.7485534667969 2120.048760986328 788.3027160644531 0.7996651785714286 
147 1901.189404296875 597.8860015869141 2052.545458984375 704.1572723388672 0.4610072544642857 1992.5975708007813 623.0294525146485 2124.6316772460937 790.4872100830078 0.7988978794642857 
148 1901.1473571777344 610.18583984375 2049.2411926269533 716.427197265625 0.5204729352678571 2003.5500549316407 619.3488891601562 2122.669061279297 796.4177124023438 0.7926432291666666 
149 1899.5133056640625 609.8291534423828 2060.4168701171875 716.025521850586 0.5502464657738095 2000.1398986816407 618.9882690429688 2125.644647216797 795.9821899414062 0.7973865327380952 
150 1893.3157165527343 604.3708984375 2047.7146789550782 710.52021484375 0.49961635044642855 2000.578436279297 618.4746704101562 2126.0276428222655 795.3901977539062 0.7998976934523809 
151 1894.743798828125 593.9925567626954 2045.89609375 703.3367279052734 0.5134393601190477 2001.6141479492187 619.1021148681641 2127.038439941406 789.5504119873046 0.8041294642857143 
152 1868.1489501953124 599.4871978759766 2032.1012939453126 702.3592987060547 0.4911993117559524 1998.7173400878905 619.2703247070312 2124.092596435547 786.4374389648438 0.7985026041666666 
153 1880.06484375 591.2659973144531 2031.509130859375 691.1547790527344 0.5240071614583334 1997.4279541015626 612.4583160400391 2119.8723388671874 786.4581268310546 0.7864350818452381 
154 1885.6386596679688 605.5296844482422 2040.1999633789062 708.5704742431641 0.4762369791666667 1992.6426086425781 615.0658752441407 2121.4436950683594 785.7272155761718 0.7982700892857143 
155 1868.801416015625 609.3470703125 2036.3052734375 702.7626708984375 0.4764927455357143 1986.1284484863281 612.8160827636718 2124.6414489746094 783.5412170410157 0.8055245535714286 
156 1865.37412109375 608.18798828125 2019.83291015625 704.7247314453125 0.48783947172619047 1980.7231994628905 609.1780883789063 2122.310369873047 782.9442260742187 0.7923409598214286 
157 1891.853094482422 608.776577758789 2026.8904357910155 718.0925018310547 0.5742885044642857 1985.464178466797 608.4055786132812 2123.7166076660155 785.2401733398438 0.7970377604166666 
158 1888.4543823242188 604.1679107666016 2030.0099731445312 713.5517547607421 0.5763346354166666 1988.9290893554687 609.4886596679687 2117.616076660156 779.9987670898438 0.7877604166666666 
159 1893.9102355957032 598.2970581054688 2038.6287048339843 691.5599975585938 0.5400274367559523 1987.296856689453 608.8108367919922 2115.935443115234 782.4727935791016 0.7947126116071429 
160 1870.06064453125 599.3409454345704 2034.12978515625 705.5033538818359 0.4782133556547619 1981.9147338867188 614.5600494384765 2120.2476196289062 781.8462615966797 0.8056408110119048 
161 1892.0582763671875 595.6350158691406 2036.9314697265625 695.4365173339844 0.4770624069940476 1981.9539367675782 612.5988037109375 2120.3882263183596 780.007763671875 0.8074311755952381 
162 1894.7021606445312 586.0316650390625 2039.6169311523438 685.8618896484375 0.48647925967261907 1978.9260375976562 610.060302734375 2123.8408081054686 780.7376708984375 0.8089425223214286 
163 1897.0396545410156 584.1254699707031 2041.940936279297 700.0465270996094 0.48896716889880953 1979.1504516601562 609.637973022461 2120.8317260742188 783.5195587158203 0.8042922247023809 
164 1891.7611511230468 602.4970153808594 2033.3632385253907 705.4802795410156 0.5555943080357143 1978.0345031738282 614.5034454345703 2122.8545349121096 785.0694915771485 0.8176618303571429 
165 1900.3146667480469 600.0537994384765 2035.5824279785156 706.3355438232422 0.5413178943452381 1978.4776428222656 614.5467651367187 2123.4074890136717 788.4623901367188 0.8152204241071429 
166 1894.9456726074218 604.1938751220703 2033.1860412597657 710.285189819336 0.5699172247023809 1983.9735229492187 616.5588348388671 2122.213732910156 786.9479400634766 0.8210332961309523 
167 1902.5862731933594 597.2324951171875 2041.0469055175781 706.7130615234375 0.5305059523809523 1981.4765563964843 614.942578125 2123.157354736328 785.6034423828125 0.8196614583333334 
168 1889.550390625 606.888818359375 2031.361474609375 700.3552001953125 0.5422712053571429 1981.2813659667968 615.3181365966797 2123.0922912597657 786.1360260009766 0.8096633184523809 
169 1889.8758178710937 602.9234588623046 2031.6066040039063 706.0004302978516 0.5298316592261905 1981.9264587402345 617.7903289794922 2120.435968017578 785.2902984619141 0.8107328869047619 
170 1868.962158203125 608.1181060791016 2017.072021484375 707.9312713623046 0.5709170386904762 1981.1590209960937 620.1303558349609 2122.8295043945313 787.5589141845703 0.8070824032738095 
171 1889.3318237304688 609.9325439453125 2027.8088012695312 716.2056396484375 0.6001441592261905 1980.2461242675781 614.5154541015625 2125.1639099121094 788.416796875 0.80322265625 
172 1892.5611511230468 600.3316680908204 2031.1442932128907 706.6860931396484 0.5143229166666666 1984.6606994628905 620.908413696289 2120.020819091797 785.2743865966797 0.8095935639880952 
173 1890.1353881835937 599.440805053711 2028.6009399414063 708.9251007080078 0.5148344494047619 1984.6337768554688 620.37158203125 2119.8791625976564 784.59814453125 0.8076171875 
174 1892.2781188964843 597.6664916992188 2034.0515930175782 703.9967163085937 0.49509393601190477 1987.9504272460938 620.7171173095703 2116.8354614257814 785.0456390380859 0.8014787946428571 
175 1882.1019897460938 606.934033203125 2023.7642211914062 716.4003173828125 0.523681640625 1987.2342834472656 620.431527709961 2119.237762451172 784.6310333251953 0.8041527157738095 
176 1890.0252624511718 594.1711212158203 2034.9274963378907 706.8728851318359 0.4558686755952381 1988.8560974121094 614.7298950195312 2114.4379699707033 785.3926635742188 0.8004557291666666 
177 1881.6634582519532 599.6095031738281 2032.9269958496093 705.8157897949219 0.45962379092261907 1985.3941223144532 617.3105590820312 2117.3474548339846 784.6658813476563 0.8089657738095238 
178 1876.7302856445312 594.1866088867188 2027.9933471679688 703.6109985351562 0.46936616443452384 1988.2589416503906 617.2102630615234 2116.993377685547 784.5651885986329 0.8086635044642857 
179 1881.9853149414062 594.3321899414062 2030.1208862304688 707.0440307617188 0.497314453125 1988.256414794922 617.741567993164 2117.0698791503905 785.1991668701172 0.8055478050595238 
180 1901.0709228515625 594.7069549560547 2033.1148681640625 704.2068023681641 0.48459588913690477 1988.1505432128906 620.9671356201172 2116.973846435547 781.996304321289 0.7985956101190477 
181 1892.6419067382812 591.6446563720704 2031.2064819335938 707.6522796630859 0.5202171688988095 1984.7291931152345 617.9199066162109 2120.071221923828 785.4865264892578 0.7985491071428571 
182 1890.1611755371093 585.7158477783203 2035.0481750488282 704.845248413086 0.5316685267857143 1988.2384765625 614.0740844726563 2120.246875 787.9386108398437 0.8049200148809523 
183 1867.7725708007813 583.1930114746094 2035.0418823242187 695.7780578613281 0.4879673549107143 1985.3064392089843 613.6281097412109 2120.408526611328 784.1140167236329 0.8000604538690477 
184 1873.7678955078125 592.0515899658203 2021.6168701171875 710.9737396240234 0.49441964285714285 1987.2507385253907 610.1000701904297 2115.815057373047 786.876187133789 0.7920154389880952 
185 1891.1752868652343 574.8931030273437 2032.5577453613282 693.7828002929688 0.5342494419642857 1989.4261962890625 607.0254913330078 2114.7422607421877 790.1798919677734 0.7864815848214286 
186 1872.6370178222655 595.1821380615235 2036.590155029297 691.6251739501953 0.5120210193452381 1982.3100280761719 605.3210388183594 2117.3302307128906 785.3480285644531 0.796875 
187 1871.4473205566405 580.6277252197266 2035.444891357422 696.3906463623047 0.4692964099702381 1981.1500549316406 602.5187835693359 2116.206756591797 785.8101348876953 0.7990373883928571 
188 1870.7354919433594 579.9359649658203 2037.875469970703 698.8625579833985 0.46608770461309523 1980.7611145019532 602.5592498779297 2115.7587829589843 782.5561676025391 0.7980840773809523 
189 1896.3367858886718 577.7628295898437 2040.9375061035157 693.4434692382813 0.44982328869047616 1984.7039611816406 605.323452758789 2113.2378112792967 782.0578338623047 0.7936662946428571 
190 1888.3838134765624 577.8035888671875 2039.4059814453126 693.4801025390625 0.43990652901785715 1984.9045654296874 607.8349884033203 2113.4338134765626 784.563021850586 0.7893647693452381 
191 1885.6474731445312 573.0963562011718 2039.8456909179688 685.5325500488282 0.47228422619047616 1987.8284606933594 608.0627471923829 2113.114532470703 781.5357025146484 0.7897832961309523 
192 1872.1803771972657 604.6641967773437 2026.5726745605468 707.5923950195313 0.5691266741071429 1983.6446472167968 605.2827239990235 2115.5214904785157 788.6235870361328 0.7852492559523809 
193 1866.5462890625 599.7012512207032 2030.74619140625 705.9481628417968 0.5690104166666666 1984.1856628417968 605.2736022949218 2116.1894592285157 792.0106994628907 0.7886207217261905 
194 1862.0692504882813 593.5514068603516 2026.1875854492187 709.3997039794922 0.5603841145833334 1982.1255798339844 605.557095336914 2114.063995361328 788.9834930419922 0.7755533854166666 
195 1882.3253784179688 583.0529205322266 2033.6455688476562 702.1772430419921 0.5548502604166666 1983.2468017578126 608.1903472900391 2118.4690185546874 788.4867156982422 0.7841796875 
196 1879.7414794921874 586.5218048095703 2037.4826416015626 695.9748382568359 0.5260649181547619 1986.3467407226562 614.1326416015625 2121.5534057617188 784.7506591796875 0.7957124255952381 
197 1866.276544189453 579.5845001220703 2039.7765563964845 675.973422241211 0.5148111979166666 1992.5707092285156 613.0734771728515 2121.089324951172 783.3605438232422 0.8074311755952381 
198 1869.6568298339844 588.0042663574219 2039.7192687988281 693.8922180175781 0.5024530319940477 1995.7844787597655 614.7847595214844 2120.924871826172 788.0559387207031 0.7940383184523809 
199 1879.455908203125 594.6344421386718 2039.94814453125 710.1889221191407 0.4790620349702381 1994.26953125 617.9675384521485 2122.66357421875 788.0894073486328 0.8079659598214286 
200 1860.7001953125 598.5489288330078 2018.353759765625 711.1586517333984 0.44984654017857145 1991.6243957519532 621.565805053711 2129.9736267089843 792.0891632080078 0.7981770833333334 
201 1865.4470581054688 604.9174072265625 2039.0741821289062 723.884228515625 0.41732933407738093 1995.6674438476562 620.8703186035157 2133.926062011719 794.4976013183593 0.8129185267857143 
202 1866.8258239746094 605.41005859375 2040.443585205078 721.155126953125 0.47251674107142855 2005.5716613769532 620.9911254882812 2134.1772399902343 794.6087280273438 0.8088727678571429 
203 1869.1204040527343 581.4545806884765 2042.9241516113282 706.9795623779297 0.4488002232142857 2005.1676513671875 626.1434783935547 2137.1297119140627 793.5101470947266 0.8121512276785714 
204 1867.225830078125 615.8206573486328 2044.306396484375 731.7279876708984 0.45031156994047616 2014.7104736328124 623.9936248779297 2137.0571044921876 797.8545806884765 0.7982700892857143 
205 1883.8158264160156 610.4041442871094 2035.2558288574219 732.8448791503906 0.47607421875 2013.1966125488282 623.912319946289 2138.8594177246096 801.1291229248047 0.7908296130952381 
206 1873.571795654297 606.6229766845703 2037.9251525878906 719.4145599365235 0.4480561755952381 2017.5978515625 621.1247589111329 2136.834765625 801.5912445068359 0.7895740327380952 
207 1896.8230895996094 609.2946075439453 2042.0376281738281 731.920297241211 0.5655691964285714 2018.2075317382812 622.0784515380859 2144.0602905273436 806.0169464111328 0.7959914434523809 
208 1897.3101989746094 607.6219055175782 2039.307110595703 723.8013122558593 0.5642438616071429 2018.3303588867188 624.9991577148437 2144.191369628906 805.7226440429688 0.7901553199404762 
209 1900.321954345703 603.4334228515625 2035.5932067871095 732.263232421875 0.5676618303571429 2009.3317016601563 627.5889709472656 2144.6031127929687 804.7299987792969 0.7837146577380952 
210 1912.4907653808593 611.3409545898437 2037.8111145019532 752.7280151367188 0.6109561011904762 2010.6212951660157 626.6661254882813 2142.368328857422 806.6132934570312 0.7851097470238095 
211 1896.57763671875 614.6970306396485 2034.81689453125 752.9362091064453 0.5519438244047619 2008.603338623047 630.4003692626953 2140.4128967285155 804.0031341552734 0.7887602306547619 
212 1898.9525146484375 611.549185180664 2037.1346435546875 752.9448944091797 0.5859375 2005.988055419922 627.2460998535156 2137.743023681641 803.9907165527344 0.7756463913690477 
213 1888.0219299316407 616.778955078125 2036.0475280761718 742.2787841796875 0.5800548735119048 2011.9129455566406 628.5368286132813 2137.4126159667967 802.3058227539062 0.7850167410714286 
214 1884.0109985351562 614.6576873779297 2035.2321655273438 736.9217193603515 0.5635928199404762 2008.2548767089843 625.6713806152344 2133.736456298828 802.6324523925781 0.7838309151785714 
215 1887.0420776367187 615.5795227050781 2034.9459594726563 728.1150573730469 0.5858444940476191 2005.1425476074219 631.5323486328125 2136.9698791503906 798.72802734375 0.7803664434523809 
216 1899.1782775878905 618.1122253417968 2030.498114013672 743.0263244628907 0.5715913318452381 2005.4907104492188 632.6486053466797 2133.6076782226564 802.4035797119141 0.7661830357142857 
217 1904.5490966796874 620.1729797363281 2032.5895751953126 748.2136169433594 0.5726841517857143 2008.3357971191406 632.607666015625 2133.1753112792967 802.261474609375 0.7785063244047619 
218 1883.9357788085938 607.3353210449219 2031.9209106445312 732.8010314941406 0.5698009672619048 2004.5758117675782 631.4633575439453 2136.4758239746093 805.1851409912109 0.7902483258928571 
219 1891.9673583984375 610.6182006835937 2030.1393310546875 742.3634887695313 0.5264253162202381 2006.410333251953 633.3584747314453 2138.1554626464845 803.6633148193359 0.7958054315476191 
220 1891.5496643066406 615.5702758789063 2029.728778076172 747.3225463867187 0.5374581473214286 2005.9986389160156 636.5814208984375 2137.7507507324217 800.4683837890625 0.7973865327380952 
221 1886.6813232421875 616.5546875 2034.5379150390625 741.911376953125 0.5513160342261905 2004.7440979003907 636.4584320068359 2136.529217529297 803.6007110595704 0.7932710193452381 
222 1889.296124267578 619.9069915771485 2033.9498474121094 738.8445343017578 0.5398530505952381 2004.1537292480468 634.1250549316406 2139.1637756347654 801.2805847167969 0.7928292410714286 
223 1897.1872863769531 614.9818695068359 2028.9336853027344 753.1550323486329 0.5636858258928571 2008.4178588867187 633.5203491210938 2140.164416503906 803.8266967773437 0.8044782366071429 
224 1899.1555786132812 615.557666015625 2030.9376831054688 750.55390625 0.5679873511904762 2007.9437866210938 627.6726806640625 2139.7258911132812 807.6677734375 0.7926432291666666 
225 1893.4010009765625 615.7957427978515 2031.7259521484375 750.9037811279297 0.5656622023809523 2005.1249755859376 627.9208160400391 2140.2329345703124 808.0648406982422 0.7892485119047619 
226 1896.4612976074218 617.3374481201172 2031.4897521972657 752.3659820556641 0.5894949776785714 2004.9045532226562 630.1973022460937 2143.1479370117186 803.8053833007813 0.7837379092261905 
227 1888.97607421875 608.5392547607422 2030.417724609375 740.3371490478515 0.5670805431547619 2005.5666137695312 633.3904876708984 2143.793493652344 806.9778594970703 0.7948986235119048 
228 1890.2393615722656 609.4042663574219 2034.867694091797 725.1069641113281 0.5370861235119048 2007.5490173339845 635.2396026611328 2142.535577392578 805.5796722412109 0.7826915922619048 
229 1894.9221496582031 615.6810516357422 2040.1001892089844 744.7281890869141 0.5685453869047619 2013.0498352050781 638.5124298095703 2145.3230895996094 806.2737640380859 0.7948521205357143 
230 1884.7502197265626 607.7380157470703 2036.8698974609374 733.9650482177734 0.5927269345238095 2022.5541381835938 631.6389923095703 2145.5447387695312 809.6514739990234 0.7978515625 
231 1885.4810852050782 605.2158386230469 2050.8808532714843 725.2117736816406 0.5681966145833334 2022.191552734375 633.4061279296875 2148.673681640625 811.7784423828125 0.8045944940476191 
232 1891.497784423828 605.0757568359375 2047.2249938964844 741.3370849609375 0.5512230282738095 2025.013916015625 626.9125030517578 2148.298095703125 811.8385345458985 0.7931082589285714 
233 1886.8559631347657 604.8979705810547 2052.658807373047 721.9353424072266 0.5372023809523809 2032.1523071289062 632.4067504882812 2152.440710449219 814.4648315429688 0.8015485491071429 
234 1885.7360229492188 608.2559020996093 2045.5081176757812 732.1607238769532 0.5196242559523809 2033.594189453125 634.4665161132813 2150.977587890625 813.8024047851562 0.8089192708333334 
235 1889.0369873046875 617.7041931152344 2058.7701416015625 745.0040588378906 0.5064871651785714 2032.7828125 642.5615417480469 2153.55458984375 815.5588195800781 0.8063383556547619 
236 1887.0406433105468 622.9699829101562 2056.6955627441407 746.9485961914063 0.5201241629464286 2036.1161254882813 642.4200469970704 2153.5696655273437 815.3375823974609 0.814453125 
237 1882.56064453125 624.1161315917968 2055.4466796875 735.0241271972657 0.5588030133928571 2034.1182006835938 644.9427032470703 2154.812219238281 814.5667572021484 0.8204752604166666 
238 1872.1622497558594 626.9734466552734 2058.0278137207033 737.8405792236329 0.4532993861607143 2035.9546752929687 651.4294219970703 2150.0826782226563 811.2085784912109 0.8156389508928571 
239 1871.7801086425782 618.499380493164 2050.7759216308596 742.1692596435547 0.47719029017857145 2037.3826049804688 646.1623474121094 2148.034631347656 812.1403869628906 0.8095470610119048 
240 1867.5595642089843 605.6417785644531 2046.2027648925782 725.8198913574219 0.5416899181547619 2032.086181640625 650.7397827148437 2149.016357421875 813.1426635742188 0.8056408110119048 
241 1869.4637023925782 603.6925964355469 2041.2803161621093 720.3982238769531 0.4862467447916667 2033.6745544433593 645.0881958007812 2143.896368408203 813.6629028320312 0.7999441964285714 
242 1887.5561462402343 585.441357421875 2049.695440673828 718.395556640625 0.5359468005952381 2027.1206420898438 649.049838256836 2147.103723144531 814.4319122314453 0.8014090401785714 
243 1880.6400390625 615.9941864013672 2042.881689453125 745.7874908447266 0.5777762276785714 2024.9103637695312 648.9416961669922 2148.213903808594 817.6731109619141 0.7997349330357143 
244 1883.8537963867188 618.6625762939453 2039.4757934570312 748.3474945068359 0.5934477306547619 2021.8934631347656 649.0886413574219 2148.336395263672 817.6790588378906 0.7957124255952381 
245 1894.6548400878905 618.8687774658204 2043.802069091797 748.5619476318359 0.5855189732142857 2021.6046081542968 649.2967468261719 2151.2978576660157 817.8979553222656 0.7962239583333334 
246 1883.6265747070313 603.9914672851562 2046.0526245117187 727.4352905273438 0.5694754464285714 2028.4357421875 645.8474151611329 2148.63115234375 818.0191009521484 0.8013160342261905 
247 1871.6211242675781 602.3779357910156 2037.4258728027344 719.4164978027344 0.5093354724702381 2023.6713317871095 649.2684112548828 2150.463067626953 815.0730804443359 0.8184058779761905 
248 1880.422833251953 608.7079711914063 2046.4205505371094 725.8828491210937 0.5287155877976191 2025.5143676757812 653.5248321533203 2149.198767089844 816.267709350586 0.8008045014880952 
249 1882.017352294922 607.711459350586 2045.0059631347656 734.8425567626953 0.5504673549107143 2029.4593505859375 650.4646240234375 2153.3306884765625 819.97275390625 0.8099190848214286 
250 1901.7031005859376 602.8369689941406 2051.7153564453124 736.5435241699219 0.5594540550595238 2023.9956787109375 648.1165954589844 2157.7020751953123 824.2178771972656 0.8116396949404762 
251 1894.3113830566406 602.5511047363282 2047.594744873047 729.7436950683593 0.5602097284226191 2024.8907470703125 646.7047180175781 2155.3446044921875 826.0788513183594 0.8077566964285714 
252 1886.8386840820312 616.9636169433594 2046.9694213867188 744.4145568847656 0.5356212797619048 2028.8699279785155 655.1737091064454 2156.320867919922 821.8403900146484 0.8166852678571429 
253 1870.443896484375 608.5113922119141 2050.143505859375 732.6675018310547 0.5459798177083334 2030.1629333496094 651.3628723144532 2154.319122314453 817.9934509277343 0.8020600818452381 
254 1885.399395751953 616.7703552246094 2048.950091552734 718.1717834472656 0.6002604166666666 2027.9401123046875 653.7579711914062 2155.5095947265627 827.1216674804688 0.7997116815476191 
255 1877.4863403320312 609.5568634033203 2047.5156127929688 737.0788177490234 0.5710565476190477 2031.9212036132812 646.279165649414 2149.6337280273438 826.1178680419922 0.7915271577380952 
256 1869.347430419922 571.5896057128906 2056.104840087891 686.2652526855469 0.5608956473214286 2033.5477478027344 650.4763336181641 2151.4997375488283 824.1279754638672 0.7974330357142857 
257 1876.1781066894532 580.4353240966797 2053.2861267089843 698.5073638916016 0.521240234375 2033.985888671875 646.7877777099609 2155.337841796875 823.8958770751954 0.8178013392857143 
258 1877.2420532226563 597.8345336914062 2048.224743652344 719.4953002929688 0.5453520275297619 2040.1309204101562 644.1213165283203 2158.5036010742188 824.9683441162109 0.8052455357142857 
259 1892.3912963867188 605.5379302978515 2047.1677856445312 737.2626678466797 0.548583984375 2040.9615112304687 639.6090545654297 2159.5138305664063 827.3167877197266 0.8066638764880952 
260 1891.6009460449218 598.9266967773438 2049.8999084472657 707.7572631835938 0.5192522321428571 2043.6847412109375 646.3656524658203 2159.1111572265627 827.7500091552735 0.7995256696428571 
261 1881.1778442382813 559.4595306396484 2056.461071777344 678.5199005126954 0.5398065476190477 2042.46904296875 645.9564239501954 2164.83662109375 831.1614349365234 0.8088727678571429 
262 1883.3060791015625 568.3588623046875 2052.0178955078127 700.681787109375 0.5479445684523809 2040.9484985351562 645.8440643310547 2166.6552612304686 834.4042877197265 0.8018740699404762 
263 1862.48125 532.0150634765625 2060.4494140625 654.09541015625 0.5772646949404762 2046.3632690429688 649.5269470214844 2168.4436157226564 830.9977111816406 0.8001534598214286 
264 1870.2057189941406 600.8011444091796 2051.330535888672 716.0624420166016 0.5236118861607143 2047.1507080078125 651.0854949951172 2165.7052490234373 835.5035552978516 0.8047107514880952 
265 1877.5520141601562 595.8782257080078 2055.1635620117186 724.1533294677735 0.4972563244047619 2046.308251953125 655.9676544189454 2164.716162109375 833.5792816162109 0.7872953869047619 
266 1897.7006286621095 618.4988739013672 2071.585626220703 746.4519927978515 0.5155901227678571 2045.0862915039063 655.3453796386718 2166.477917480469 835.7919494628907 0.8041759672619048 
267 1896.1382690429687 628.3961059570313 2056.8517211914063 785.8297241210937 0.49931408110119047 2044.867626953125 650.21982421875 2162.942919921875 837.172265625 0.8099888392857143 
268 1899.9270263671874 622.0969970703125 2066.8976806640626 766.1500732421875 0.5153924851190477 2044.1061767578126 655.7177429199219 2161.9675537109374 835.7840881347656 0.8160807291666666 
269 1897.3164672851562 591.0734130859375 2067.5780639648438 708.9468505859375 0.5195893787202381 2044.406298828125 656.9364196777344 2162.279736328125 837.0208557128906 0.8042224702380952 
270 1891.384503173828 577.1855194091797 2068.328753662109 708.255337524414 0.5168922061011905 2041.8627685546876 657.213754272461 2159.8257080078124 837.4347442626953 0.7940615699404762 
271 1889.1438049316407 547.0878997802735 2082.174920654297 681.2280792236328 0.5758928571428571 2044.1725463867188 657.1935760498047 2158.6826782226562 840.409390258789 0.8030831473214286 
272 1890.0722717285157 558.5538909912109 2073.188348388672 689.3510772705079 0.5562918526785714 2043.8845947265625 658.5382629394531 2158.3322021484373 838.3843444824219 0.7961309523809523 
273 1887.3695739746095 612.0671264648438 2060.670587158203 752.6699340820312 0.5134393601190477 2039.6683715820313 657.467495727539 2157.3821655273437 840.5780975341797 0.8026646205357143 
274 1890.6799438476562 612.4587371826171 2054.3107788085936 759.7265045166016 0.5474562872023809 2041.9756469726562 658.6529968261718 2159.7897338867188 841.9195129394532 0.8032691592261905 
275 1879.9285400390625 614.7021575927735 2050.0133544921873 771.7034210205078 0.5180431547619048 2039.4457885742188 654.0782531738281 2157.1970336914064 840.5173278808594 0.8035714285714286 
276 1887.8679443359374 601.7886688232422 2061.5131591796876 736.1180084228515 0.5230538504464286 2043.3673217773437 665.298974609375 2158.038684082031 838.944189453125 0.7994559151785714 
277 1889.3790649414063 616.1969909667969 2063.0950561523437 757.1363830566406 0.5139508928571429 2044.9417358398437 662.8406127929687 2159.6600708007813 836.5566040039063 0.7907133556547619 
278 1886.239764404297 604.3531066894532 2049.850445556641 771.2360046386718 0.5248325892857143 2039.6561279296875 658.2187683105469 2160.7281494140625 838.1905334472656 0.7911783854166666 
279 1897.5657653808594 614.1396789550781 2074.413848876953 754.9632263183594 0.5479096912202381 2042.923876953125 665.4055389404297 2160.822705078125 842.2537017822266 0.7981305803571429 
280 1874.4244079589844 545.3825256347657 2062.044464111328 706.6699645996093 0.5302966889880952 2041.1555908203125 656.6632751464844 2166.2355224609373 840.9917541503906 0.8001302083333334 
281 1881.1373291015625 622.7050689697265 2059.1351318359375 757.8515106201172 0.5171828497023809 2042.273486328125 665.9367065429688 2164.234814453125 843.9345092773438 0.8084077380952381 
282 1883.6213500976562 602.2359924316406 2071.0971557617186 723.9308776855469 0.49838402157738093 2047.3147338867188 666.625454711914 2175.587854003906 844.2342254638672 0.8064546130952381 
283 1869.9800109863281 568.4475830078125 2061.1055603027344 710.144091796875 0.5202171688988095 2049.5721923828123 662.3627105712891 2178.0874755859377 846.8977264404297 0.8088262648809523 
284 1882.6731811523437 570.3189147949219 2067.4569458007813 725.4053283691406 0.4962797619047619 2051.59296875 660.4264129638672 2180.28154296875 848.5099273681641 0.7989908854166666 
285 1841.90673828125 548.6054077148438 2056.340087890625 667.3684692382812 0.5285877046130952 2052.660534667969 665.3383422851563 2178.021350097656 850.0808471679687 0.810546875 
286 1838.5347290039062 543.0309997558594 2059.5680541992188 661.7951721191406 0.5245884486607143 2055.1271850585936 665.2210571289063 2180.4892700195314 846.6662719726562 0.8112909226190477 
287 1843.484307861328 533.6347808837891 2067.6005310058595 662.1720428466797 0.556884765625 2052.6425659179686 664.4537414550781 2177.8840454101564 845.7242370605469 0.80712890625 
288 1847.942578125 558.7606903076172 2068.548388671875 677.2951568603515 0.5399925595238095 2054.3646606445313 665.8975616455078 2176.1917358398437 843.6993011474609 0.8032924107142857 
289 1859.6302917480468 567.8552368164062 2063.4203674316404 705.9066040039063 0.4895135788690476 2050.778210449219 661.1536560058594 2175.681994628906 845.2221984863281 0.8102678571428571 
290 1871.7241577148438 603.6721466064453 2072.341516113281 731.935824584961 0.48825799851190477 2052.4821655273436 663.3767517089843 2177.4570434570314 844.2613098144532 0.8028506324404762 
291 1883.6589660644531 582.1878265380859 2080.9703063964844 720.3057647705078 0.5095912388392857 2051.7530151367187 669.0807006835937 2173.4283813476563 843.3724243164063 0.8034784226190477 
292 1867.9205017089844 559.1102935791016 2068.518341064453 697.2268035888671 0.5328776041666666 2051.5700927734374 665.4802337646485 2173.2438720703126 846.3470977783203 0.8038736979166666 
293 1875.7397888183593 582.4117462158204 2069.722735595703 720.5012786865234 0.48765345982142855 2051.007373046875 668.9073852539062 2172.657666015625 846.4510131835938 0.8016183035714286 
294 1870.7468383789062 567.9821350097657 2074.5678588867186 712.6291931152343 0.5134742373511905 2052.187841796875 664.5821014404297 2173.822900390625 848.678335571289 0.8031529017857143 
295 1868.4796264648437 562.9206756591797 2075.845812988281 711.0393463134766 0.5219145275297619 2053.058312988281 667.9963012695313 2174.844763183594 849.0301879882812 0.806640625 
296 1863.7791442871094 546.4521087646484 2071.248321533203 688.0580841064453 0.5748232886904762 2050.602734375 668.9324279785156 2175.74296875 846.7631286621094 0.8088030133928571 
297 1866.7695373535157 553.9586120605469 2070.839227294922 711.9481262207031 0.5384579613095238 2050.2043579101564 673.9698913574218 2178.5707885742186 845.1250793457032 0.8177315848214286 
298 1862.7423889160157 549.5822235107422 2083.375653076172 687.8896392822265 0.510498046875 2051.0786254882814 672.0577453613281 2176.2140991210936 846.5886169433594 0.8151971726190477 
299 1871.6107055664063 559.1017303466797 2069.796276855469 694.5285797119141 0.5061965215773809 2052.391455078125 671.0257507324219 2181.212060546875 849.3928283691406 0.8215448288690477 
