0 1971.5181640625 1227.3760559082032 2133.44814453125 1330.0635192871093 0.8363095238095238 1775.7892150878906 1096.3586181640626 1856.7543640136719 1228.6672607421874 0.8622581845238095 
1 1957.6598999023438 1228.6426086425781 2139.0463989257814 1327.0542907714844 0.8464471726190477 1771.15244140625 1094.2354553222656 1857.986474609375 1225.451190185547 0.8776274181547619 
2 1958.3974487304688 1227.1387573242187 2136.9655883789064 1329.1776489257813 0.8396112351190477 1773.26328125 1096.948553466797 1855.679345703125 1228.4216857910155 0.8643973214285714 
3 1964.4012145996094 1227.2247253417968 2134.235137939453 1329.9150451660157 0.8420293898809523 1774.3635131835938 1094.68447265625 1853.3559692382812 1226.996923828125 0.8582356770833334 
4 1963.4822082519531 1227.5281311035155 2135.8726501464844 1330.565985107422 0.8378441220238095 1773.029803466797 1094.5390319824219 1852.2896545410156 1227.2994689941406 0.8686988467261905 
5 1964.9973876953125 1228.4328002929688 2133.7682373046873 1329.6953735351562 0.8440057663690477 1770.4142272949218 1093.6450988769532 1851.8214904785157 1224.6907165527343 0.8695824032738095 
6 1960.5594055175782 1227.5977111816405 2136.6924255371096 1332.485906982422 0.8485863095238095 1772.3240661621094 1093.4809143066407 1851.4848937988281 1226.0753601074218 0.8589332217261905 
7 1964.9833618164062 1226.847235107422 2135.005651855469 1331.6284729003905 0.8371000744047619 1771.6933715820312 1093.0954956054688 1850.7734252929688 1223.5776000976562 0.8606305803571429 
8 1964.1012756347657 1227.6437194824218 2134.886395263672 1330.9091369628907 0.8341471354166666 1769.9440551757812 1095.0484619140625 1849.3789428710938 1222.1444091796875 0.8750697544642857 
9 1959.1400756835938 1229.4362060546875 2136.2444458007812 1330.9231689453125 0.8480050223214286 1769.8662048339843 1092.8193725585938 1849.4637512207032 1224.1552368164062 0.8702101934523809 
10 1963.7946838378907 1227.691180419922 2134.482049560547 1330.8975646972656 0.8369605654761905 1769.7483642578125 1093.4160949707032 1849.1378662109375 1222.4241149902343 0.8664667038690477 
11 1968.186541748047 1228.6756225585937 2133.330181884766 1330.1495727539063 0.8457961309523809 1766.3866149902344 1093.8362731933594 1849.953350830078 1223.1658020019531 0.8643508184523809 
12 1965.7786926269532 1229.18359375 2134.2983337402343 1330.29541015625 0.8447730654761905 1765.156494140625 1093.3004272460937 1848.425048828125 1222.1683227539063 0.8709542410714286 
13 1963.3448852539063 1228.2117431640625 2134.0108276367187 1331.4049560546875 0.8408435639880952 1767.7965148925782 1093.9535034179687 1847.1760192871093 1222.9451782226563 0.8601190476190477 
14 1971.9716857910157 1227.3203674316405 2132.636102294922 1330.462957763672 0.8325892857142857 1764.2370910644531 1093.1283081054687 1847.5445251464844 1222.0565063476563 0.8579334077380952 
15 1964.273016357422 1228.1866821289063 2134.0732971191405 1330.8565307617187 0.8313569568452381 1764.7047302246094 1091.3441650390625 1847.630352783203 1221.6558349609375 0.8575613839285714 
16 1955.823797607422 1229.2389221191406 2135.4312072753905 1331.8717956542969 0.8478422619047619 1761.5651977539062 1092.6733825683593 1848.4084350585938 1220.9644348144532 0.8557710193452381 
17 1956.3181396484374 1228.400128173828 2135.3747314453126 1330.7181579589844 0.8482607886904762 1762.882421875 1090.2858276367188 1847.4916015625 1222.1187133789062 0.8591889880952381 
18 1954.7383972167968 1228.9776550292968 2134.9780334472657 1330.8523010253907 0.8338448660714286 1762.367120361328 1091.4619750976562 1846.6095642089845 1222.7235717773438 0.8571196056547619 
19 1954.0374694824218 1231.266534423828 2134.4421447753907 1328.2582458496095 0.8412853422619048 1762.0683471679688 1089.9570068359376 1847.4211547851562 1221.8657470703124 0.8761393229166666 
20 1958.4459350585937 1230.5715454101562 2135.749621582031 1327.8027221679688 0.8517950148809523 1762.223699951172 1090.0043518066407 1848.0159240722655 1223.4589050292968 0.8828125 
21 1956.0227966308594 1230.7410278320312 2136.152618408203 1328.4711303710938 0.85107421875 1763.6583068847656 1087.7574645996094 1847.974383544922 1223.812969970703 0.8826962425595238 
22 1950.7878356933593 1230.3792358398437 2136.845098876953 1329.2220825195313 0.8422619047619048 1762.8672241210938 1090.9108337402345 1846.2052856445312 1222.701348876953 0.8742327008928571 
23 1957.678533935547 1228.1070983886718 2134.2961975097655 1332.1151916503907 0.8481910342261905 1760.0026428222657 1090.81337890625 1844.3866394042968 1220.332861328125 0.86669921875 
24 1950.611865234375 1230.1670043945312 2138.372998046875 1328.8867065429688 0.8463541666666666 1761.6595947265625 1090.872412109375 1844.8938720703125 1222.498681640625 0.8673270089285714 
25 1953.3464477539062 1229.0799377441406 2135.9409057617186 1331.175799560547 0.8558175223214286 1761.2368286132812 1091.4920532226563 1841.7355834960938 1221.0753295898437 0.8623744419642857 
26 1955.1549682617188 1227.995867919922 2135.8203735351562 1332.0750549316406 0.8484235491071429 1761.2716918945312 1090.381884765625 1841.7856811523438 1221.953564453125 0.8572591145833334 
27 1948.168231201172 1230.4616088867188 2137.896343994141 1329.1978149414062 0.8532598586309523 1759.407861328125 1088.1655578613281 1842.656103515625 1219.8135681152344 0.8729771205357143 
28 1947.8224487304688 1229.0125549316406 2137.3174438476562 1330.597430419922 0.8433779761904762 1758.853692626953 1089.1080444335937 1840.9030212402345 1218.0425903320313 0.8708379836309523 
29 1958.0371032714843 1228.393212890625 2134.458624267578 1330.32578125 0.8470052083333334 1757.5648559570313 1089.5178344726562 1841.8550659179687 1218.8935424804688 0.8702334449404762 
30 1954.3735961914062 1229.0075927734374 2135.2326049804688 1331.2321533203126 0.8658389136904762 1755.0658752441407 1088.221990966797 1841.5636413574218 1217.9685607910155 0.8627464657738095 
31 1953.4553833007812 1228.7092895507812 2135.7870483398438 1332.6188354492188 0.8612351190476191 1756.645556640625 1088.3032287597657 1840.9494140625 1219.6605163574218 0.8600027901785714 
32 1950.7462280273437 1229.1234069824218 2136.358996582031 1330.7219299316407 0.8417736235119048 1756.7922302246093 1087.471533203125 1838.8526672363282 1218.37734375 0.8699311755952381 
33 1949.5246887207031 1229.6787414550781 2136.7686462402344 1331.1023864746094 0.8586774553571429 1755.90439453125 1086.545166015625 1839.774072265625 1219.17626953125 0.8667457217261905 
34 1957.2922973632812 1228.7687683105469 2135.7582397460938 1330.7494201660156 0.8520275297619048 1753.9346496582032 1086.3581298828126 1838.2646911621093 1219.7173095703124 0.8632347470238095 
35 1952.4419555664062 1230.1679260253907 2135.2623901367188 1329.3578308105468 0.8492140997023809 1756.1567504882812 1085.7218383789063 1837.8425170898438 1217.9749389648437 0.8722098214285714 
36 1955.135107421875 1229.9101989746093 2137.003076171875 1329.4590637207032 0.8464471726190477 1754.7856323242188 1088.1709106445312 1835.1904418945312 1216.4357788085938 0.8806966145833334 
37 1951.8218933105468 1231.6642944335938 2135.6289123535157 1328.4047973632812 0.8438197544642857 1755.2898681640625 1084.544287109375 1836.5519287109375 1218.0462890625 0.8863002232142857 
38 1954.601171875 1229.736083984375 2136.14541015625 1331.24462890625 0.8367047991071429 1756.0889831542968 1086.7080627441405 1836.1245178222657 1217.497869873047 0.8740234375 
39 1953.2447204589844 1228.0312866210938 2135.907257080078 1332.1293579101562 0.8501441592261905 1753.282861328125 1085.8597106933594 1835.775732421875 1217.4553527832031 0.8641880580357143 
40 1953.2345703125 1227.5417602539062 2135.87822265625 1333.5930053710938 0.8560732886904762 1753.2932495117188 1085.3847961425781 1835.7775512695312 1218.9307556152344 0.8660249255952381 
41 1952.3889465332031 1227.616033935547 2137.0621032714844 1333.7048889160155 0.8569800967261905 1752.6033569335937 1085.635302734375 1835.1168579101563 1217.264111328125 0.8670944940476191 
42 1955.7296508789063 1228.401025390625 2135.9361206054687 1332.215673828125 0.8512137276785714 1753.2984680175782 1085.1095336914063 1833.6079040527343 1216.3470092773437 0.8769298735119048 
43 1948.11640625 1229.666064453125 2136.9490234375 1330.895947265625 0.8574451264880952 1752.3204956054688 1085.75791015625 1834.0830688476562 1214.24208984375 0.8871372767857143 
44 1958.6636474609375 1228.1468200683594 2133.1918212890623 1332.0793762207031 0.8473772321428571 1752.3070007324218 1083.184259033203 1832.7075256347657 1214.5707458496095 0.8816964285714286 
45 1956.7607421875 1228.3798828125 2134.6728515625 1330.0439453125 0.8414713541666666 1751.251953125 1084.080078125 1833.365234375 1211.16015625 0.8813011532738095 
46 1949.8118713378906 1229.6520263671875 2136.6743347167967 1330.8692138671875 0.8578171502976191 1749.0992858886718 1084.4891174316406 1832.7980529785157 1211.010760498047 0.8898344494047619 
47 1950.86220703125 1231.0841064453125 2136.23154296875 1329.5616455078125 0.8453078497023809 1750.7137268066406 1083.4421691894531 1829.881854248047 1212.8145446777344 0.8831612723214286 
48 1958.1982421875 1229.9243408203124 2138.1416015625 1327.5531982421876 0.8525855654761905 1750.497784423828 1083.5548278808594 1828.9835388183594 1211.812237548828 0.8865327380952381 
49 1950.3627380371095 1231.393572998047 2138.910821533203 1329.5154846191406 0.8483537946428571 1749.6788635253906 1084.5065063476563 1830.4853210449219 1211.4878784179687 0.8811151413690477 
50 1954.056903076172 1228.9585876464844 2138.414898681641 1328.8191223144531 0.8491908482142857 1749.0916748046875 1083.8210998535155 1827.8280029296875 1212.487615966797 0.8826729910714286 
51 1952.9940002441406 1229.4675415039062 2138.5805847167967 1328.0602905273438 0.8486793154761905 1749.6369750976562 1081.4295288085937 1828.8979370117188 1212.8866333007813 0.8859514508928571 
52 1957.4839721679687 1230.721484375 2135.9327758789063 1329.4376953125 0.8364722842261905 1750.0484680175782 1084.3262878417968 1827.8823181152343 1211.5185607910157 0.8929268973214286 
53 1959.1494995117187 1229.8971862792969 2134.7609008789063 1331.8651428222656 0.8426804315476191 1747.8058349609375 1084.934375 1829.0025146484375 1209.56171875 0.8949962797619048 
54 1958.4669677734375 1230.4746643066405 2134.3738525390627 1330.722723388672 0.8373790922619048 1748.2224426269531 1083.3762329101562 1829.5557556152344 1210.1049682617188 0.8983909970238095 
55 1959.5222412109374 1230.9471740722656 2134.7956298828126 1328.9494323730469 0.8398902529761905 1746.9180419921875 1082.7113830566407 1829.8431884765625 1208.9835632324218 0.9006696428571429 
56 1955.7930541992187 1230.7944274902343 2135.5939086914063 1331.1043762207032 0.8418898809523809 1747.3116271972656 1083.6053833007813 1828.695086669922 1210.4121948242187 0.8988560267857143 
57 1956.3954711914062 1229.846417236328 2138.427526855469 1327.5687438964844 0.8477492559523809 1748.716729736328 1083.3364135742188 1827.2780212402345 1211.7168090820312 0.8892996651785714 
58 1960.4035339355469 1229.2988708496093 2138.5052795410156 1328.8826477050782 0.8507254464285714 1747.75673828125 1083.3112426757812 1828.189794921875 1209.7060913085938 0.8839983258928571 
59 1951.8394653320313 1229.396990966797 2137.913708496094 1328.2488830566406 0.8561197916666666 1749.438983154297 1082.6846008300781 1828.9083068847656 1212.5489196777344 0.8879045758928571 
60 1956.0413757324218 1231.306817626953 2137.3981994628907 1328.6666931152345 0.8450055803571429 1749.13330078125 1083.8719543457032 1827.403076171875 1211.7761169433593 0.8820452008928571 
61 1956.015087890625 1230.8871276855468 2137.135302734375 1330.0265686035157 0.8537016369047619 1745.7835876464844 1083.8644653320312 1829.670880126953 1211.6018432617188 0.8925316220238095 
62 1954.450018310547 1231.1426391601562 2136.5774475097655 1328.0189819335938 0.8427501860119048 1750.1899719238281 1082.996319580078 1829.6285095214844 1210.8731872558594 0.8738839285714286 
63 1953.0666015625 1230.2446228027343 2138.27470703125 1329.6722473144532 0.8467029389880952 1749.0377380371094 1082.9029846191406 1830.919171142578 1211.5739440917969 0.8871837797619048 
64 1953.4649230957032 1231.0822387695312 2138.4592712402346 1327.4336303710938 0.8464704241071429 1747.347186279297 1083.7390380859374 1830.2093322753906 1210.9225830078126 0.8861607142857143 
65 1952.9737060546875 1228.73095703125 2138.1088134765623 1330.068115234375 0.8437267485119048 1749.0249572753905 1084.8950317382812 1830.874334716797 1211.5666381835938 0.8813709077380952 
66 1952.4021484375 1230.1015930175781 2137.50361328125 1329.4717712402344 0.8605840773809523 1751.7133056640625 1082.8447814941405 1831.5991943359375 1211.441473388672 0.8868815104166666 
67 1958.317529296875 1228.9049987792969 2136.850439453125 1330.9237365722656 0.8480747767857143 1749.0732543945312 1084.3279052734374 1831.4731323242188 1209.8896240234376 0.8701869419642857 
68 1957.6017211914063 1228.5128601074218 2136.0498901367187 1330.4833557128907 0.8540736607142857 1749.9652282714844 1082.2697814941407 1832.325909423828 1209.7327819824218 0.8770926339285714 
69 1956.9902648925781 1229.0135559082032 2138.7815856933594 1328.7055603027343 0.8498651413690477 1750.464013671875 1082.783673095703 1832.563330078125 1211.7967712402344 0.8857886904761905 
70 1955.2920471191405 1227.8208129882812 2137.161444091797 1329.5112182617188 0.8585379464285714 1750.1812622070313 1081.7537231445312 1832.3158081054687 1210.8222045898438 0.8861607142857143 
71 1956.0227783203125 1226.6432312011718 2136.2511474609373 1330.4704162597657 0.8586774553571429 1750.1013671875 1082.2797607421876 1834.33857421875 1209.6150146484374 0.8759765625 
72 1952.1263549804687 1229.7919372558595 2139.186389160156 1328.142999267578 0.8485398065476191 1749.490460205078 1082.5618835449218 1828.5570251464844 1209.8398498535157 0.8783482142857143 
73 1952.6462158203126 1229.6195373535156 2138.8655029296874 1328.5485534667969 0.8605375744047619 1751.8038635253906 1083.2403076171875 1829.3952331542969 1209.3263427734375 0.8906715029761905 
74 1957.3243286132813 1227.759716796875 2139.367810058594 1327.40458984375 0.8466099330357143 1749.4117065429687 1085.0731384277344 1829.8939575195313 1207.712872314453 0.8838588169642857 
75 1957.1024780273438 1228.9051147460937 2138.0344848632812 1327.9415649414063 0.8459123883928571 1749.2136535644531 1084.5989135742188 1827.3001403808594 1202.6808715820312 0.8881370907738095 
76 1956.1166931152343 1229.5584899902344 2139.171514892578 1325.903057861328 0.8450288318452381 1749.7909606933595 1085.7085693359375 1832.647393798828 1195.5414306640625 0.8870442708333334 
77 1956.3704406738282 1226.9580444335938 2138.5781677246096 1328.8376098632812 0.8651413690476191 1753.8921447753905 1091.997540283203 1836.179510498047 1187.9996520996094 0.8480747767857143 
78 1958.9203857421876 1229.7356689453125 2138.3603759765624 1327.9554931640625 0.8433082217261905 1753.5451354980469 1100.7133666992188 1836.6542053222656 1183.8222778320312 0.8607468377976191 
79 1955.7290283203124 1226.8828186035157 2138.2704833984376 1326.8001647949218 0.8428431919642857 1752.0514343261718 1104.720477294922 1842.3612854003907 1187.3445861816406 0.8518647693452381 
80 1953.2919921875 1227.6618103027345 2137.869140625 1327.641046142578 0.8456101190476191 1751.558642578125 1102.465802001953 1851.538037109375 1185.1410095214844 0.8430292038690477 
81 1960.6293212890625 1227.6605834960938 2138.4785888671877 1325.1907348632812 0.8459821428571429 1754.683251953125 1102.4747436523437 1856.03818359375 1188.5308715820313 0.8584914434523809 
82 1955.1768737792968 1224.8020324707031 2135.8481506347657 1325.8226013183594 0.8520042782738095 1754.9289489746093 1102.5612365722657 1857.8922180175782 1188.0402038574218 0.8452380952380952 
83 1962.6993591308594 1225.0755920410156 2137.2407043457033 1325.6264343261719 0.8415643601190477 1759.1895263671875 1103.655584716797 1863.5348388671875 1181.4402404785155 0.84326171875 
84 1961.8763610839844 1225.1140197753907 2135.5544250488283 1324.0919128417968 0.8408900669642857 1764.854229736328 1100.206494140625 1865.6996032714844 1186.111865234375 0.8561895461309523 
85 1963.5865844726563 1222.1409240722655 2138.7974487304687 1324.347235107422 0.8477260044642857 1770.2648620605469 1098.6648376464843 1868.8209533691406 1188.0955383300782 0.8543294270833334 
86 1975.5539489746093 1221.0683837890624 2137.363165283203 1324.6989501953126 0.8234747023809523 1774.3062927246094 1099.6764099121094 1874.300762939453 1188.762432861328 0.8576776413690477 
87 1967.893017578125 1217.4257690429688 2140.812060546875 1324.3859985351562 0.8499581473214286 1782.4267700195312 1103.1291809082031 1875.1257202148438 1190.4800720214844 0.8279854910714286 
88 1971.3333923339844 1216.073486328125 2139.1017883300783 1322.326904296875 0.8483770461309523 1788.0069519042968 1104.9449523925782 1879.3476623535157 1192.5573669433593 0.8471214657738095 
89 1971.0343017578125 1213.9568786621094 2138.2156982421875 1322.4470520019531 0.8496791294642857 1792.6342834472657 1104.9880310058593 1881.5606628417968 1197.4713195800782 0.8452613467261905 
90 1979.9375793457032 1211.2485595703124 2133.9172790527346 1317.7038330078126 0.8498418898809523 1802.3416381835937 1108.5954223632812 1885.9850219726563 1192.2388061523438 0.8361467633928571 
91 1970.5841247558594 1209.8226379394532 2135.5151184082033 1315.7258239746093 0.8576078869047619 1805.4525939941407 1108.9941833496093 1885.3138854980468 1197.5362121582032 0.8336821056547619 
92 1965.5629516601562 1211.6109680175782 2134.398229980469 1312.9121032714843 0.8545619419642857 1807.4591735839845 1110.3097106933594 1889.211114501953 1200.947735595703 0.8256603422619048 
93 1966.2991333007812 1208.6831787109375 2135.1928100585938 1314.8947021484375 0.8581194196428571 1813.1429138183594 1111.5793151855469 1893.2368469238281 1200.3790588378906 0.8198009672619048 
94 1966.3486633300781 1209.6024291992187 2135.3748474121094 1314.8126098632813 0.8366350446428571 1818.0857360839843 1116.2663818359374 1892.2503234863282 1202.5043701171876 0.8094075520833334 
95 1968.7539306640624 1213.10048828125 2130.2275146484376 1313.325537109375 0.8618396577380952 1820.9149047851563 1116.5160522460938 1902.5797241210937 1200.0369262695312 0.8212425595238095 
96 1966.6689331054688 1212.3646423339844 2132.8781860351564 1318.738507080078 0.8472609747023809 1825.9664611816406 1116.0271789550782 1904.0846862792969 1204.1182067871093 0.8371698288690477 
97 1963.9122741699218 1213.6436645507813 2132.5395080566404 1321.1021850585937 0.8414248511904762 1829.4301635742188 1118.0118225097656 1907.1308715820312 1205.631854248047 0.8465169270833334 
98 1957.8738403320312 1215.2271484375 2133.2167358398438 1321.09462890625 0.8485165550595238 1833.1741088867188 1119.5392700195312 1909.2663208007812 1205.5566772460938 0.8355422247023809 
99 1960.3365844726563 1217.279071044922 2132.3228393554687 1321.4629943847656 0.8416573660714286 1836.7531188964845 1119.9642944335938 1911.170343017578 1207.6111450195312 0.8460053943452381 
100 1958.4614318847657 1216.9718017578125 2132.874871826172 1323.9234619140625 0.8465866815476191 1839.675390625 1120.525323486328 1913.718896484375 1207.7321228027345 0.8459821428571429 
101 1957.3044006347657 1217.5149169921874 2133.611981201172 1324.6176513671876 0.8467959449404762 1839.8083618164062 1122.009716796875 1913.9562866210938 1210.987353515625 0.8403785342261905 
102 1957.428692626953 1218.0146911621093 2133.992083740234 1325.2727844238282 0.8415876116071429 1839.571600341797 1120.9111083984376 1915.4773498535155 1211.6679931640624 0.8430757068452381 
103 1957.3161010742188 1217.8552124023438 2133.4619750976562 1324.8598754882812 0.8436104910714286 1841.1939880371094 1123.7039428710937 1915.274151611328 1212.6000122070313 0.8423781622023809 
104 1956.9675598144531 1217.5791137695312 2134.7471618652344 1324.5761596679688 0.8442847842261905 1841.2334228515624 1122.168035888672 1913.6620849609376 1211.0579162597655 0.8353794642857143 
105 1959.2532653808594 1217.755908203125 2133.232208251953 1326.082470703125 0.8440987723214286 1839.5006225585937 1124.2642578125 1913.3597290039063 1211.25380859375 0.8320777529761905 
106 1957.8288146972657 1216.959405517578 2133.622235107422 1325.3927673339845 0.8511439732142857 1839.4115478515625 1121.922344970703 1913.3433349609375 1210.6405212402344 0.8350074404761905 
107 1955.7911987304688 1217.146435546875 2133.6636352539062 1325.846240234375 0.8479352678571429 1838.5397521972657 1123.1425476074219 1912.6532409667968 1212.0787658691406 0.8345424107142857 
108 1956.3111389160156 1217.0553344726563 2133.7219421386717 1325.4729858398437 0.8411690848214286 1839.5536193847656 1123.295391845703 1911.8320007324219 1212.0008728027344 0.8386114211309523 
109 1957.4200500488282 1217.6233154296874 2133.3664489746093 1326.1510986328126 0.8410063244047619 1838.8995971679688 1122.1240661621093 1912.8958129882812 1214.2080871582032 0.8435872395833334 
110 1956.6915161132813 1217.6792236328124 2134.012341308594 1326.0419677734376 0.8455171130952381 1839.803692626953 1121.0622131347657 1913.6873962402344 1213.0062683105468 0.8389136904761905 
111 1958.0090942382812 1218.612109375 2132.4442749023438 1325.577099609375 0.8414946056547619 1839.0183837890625 1121.3941955566406 1914.7167236328125 1215.1943054199219 0.8480980282738095 
112 1964.543389892578 1217.7619567871093 2130.7562927246095 1324.7305969238282 0.8288457961309523 1840.80166015625 1120.7306823730469 1916.5025390625 1212.8883361816406 0.8418898809523809 
113 1961.5379577636718 1217.0350402832032 2134.0271057128907 1323.8142028808593 0.8336588541666666 1845.0919311523437 1121.8184448242187 1920.6585571289063 1210.5272583007813 0.8421223958333334 
114 1960.069189453125 1216.693798828125 2133.348779296875 1322.31181640625 0.8393322172619048 1845.2476745605468 1128.086407470703 1924.4611877441407 1220.5020935058594 0.8539574032738095 
115 1962.327978515625 1215.7550903320312 2134.020654296875 1321.4121459960938 0.8485630580357143 1851.2737609863282 1129.0833862304687 1928.8657653808593 1226.4859497070313 0.8622581845238095 
116 1968.4629516601562 1215.9313659667969 2133.0148315429688 1321.2445373535156 0.8407273065476191 1860.1118957519532 1132.4529418945312 1932.5146911621093 1226.2474975585938 0.8512369791666666 
117 1967.0673583984376 1214.5366149902343 2135.3735595703124 1320.1405090332032 0.8371233258928571 1864.9539916992187 1135.3337097167969 1939.2066528320313 1234.3373107910156 0.8570731026785714 
118 1968.0862243652343 1213.3716552734375 2134.444171142578 1320.4337646484375 0.8274739583333334 1870.6532775878907 1131.7130004882813 1948.0675476074218 1243.7164428710937 0.8806036086309523 
119 1964.0417053222657 1213.7820434570312 2135.791668701172 1321.1256713867188 0.8264508928571429 1879.1195373535156 1132.5437744140625 1950.1315612792969 1261.3561279296875 0.8706519717261905 
120 1959.1106994628906 1214.2983642578124 2135.8676940917967 1321.6740478515626 0.8277297247023809 1880.707452392578 1137.5469909667968 1955.0443786621095 1271.3535217285157 0.8746512276785714 
121 1959.2412963867187 1214.9817687988282 2136.4205688476563 1322.6140563964843 0.8193126860119048 1881.7333190917968 1143.6514709472656 1957.9037658691407 1284.401385498047 0.8743722098214286 
122 1957.2274353027344 1216.861798095703 2136.0217102050783 1322.8138610839844 0.8258928571428571 1882.0931518554687 1148.2222045898438 1961.5572387695313 1297.2172485351562 0.8863467261904762 
123 1957.6040893554687 1217.1409851074218 2136.0465454101563 1322.8845275878907 0.8161504836309523 1880.9655029296875 1149.9073913574218 1963.5777099609375 1298.6093322753907 0.8821382068452381 
124 1960.8241149902344 1217.3514099121094 2135.4225891113283 1324.4165344238281 0.8211030505952381 1881.5071838378906 1154.6960388183593 1963.865008544922 1299.6458801269532 0.8772088913690477 
125 1957.7203308105468 1217.6591247558595 2135.5732482910157 1324.700128173828 0.8291015625 1882.6014709472656 1156.6646850585937 1964.9408874511719 1298.2881958007813 0.8767438616071429 
126 1957.4966064453124 1218.4622497558594 2135.0361083984376 1323.6706848144531 0.8328450520833334 1882.3205139160157 1158.8398315429688 1966.1586120605468 1298.5698364257812 0.8854864211309523 
127 1958.4700744628906 1218.4332214355468 2135.7285339355467 1323.4753479003907 0.8407738095238095 1882.1503967285157 1156.88515625 1965.8558288574218 1302.959326171875 0.8913225446428571 
128 1958.9483642578125 1218.5864990234375 2134.6102294921875 1323.6554443359375 0.8330543154761905 1881.1569763183593 1159.7378967285156 1964.8836730957032 1304.207537841797 0.8903227306547619 
129 1960.4974609375 1218.8908264160157 2134.44736328125 1325.5582702636718 0.83154296875 1879.8340759277344 1160.2552368164063 1965.1679992675781 1304.6666381835937 0.8786969866071429 
130 1966.1827209472656 1220.1458679199218 2132.9865905761717 1324.8071350097657 0.8212658110119048 1881.4600830078125 1163.160906982422 1964.8619384765625 1303.7994201660156 0.8740466889880952 
131 1961.0991821289062 1219.6258422851563 2134.2203979492188 1324.1517456054687 0.8369373139880952 1881.008770751953 1164.1592834472656 1964.3028747558594 1302.982684326172 0.8626534598214286 
132 1961.7394409179688 1218.996240234375 2133.2134399414062 1325.146826171875 0.8331938244047619 1880.0224182128907 1163.9110107421875 1964.9427917480468 1301.0902099609375 0.8582589285714286 
133 1961.7428283691406 1219.6398864746093 2133.400115966797 1325.9039367675782 0.8313569568452381 1879.9383178710937 1163.2382080078125 1964.9496215820313 1300.5640380859375 0.8585379464285714 
134 1962.5351013183595 1220.4315002441406 2134.014337158203 1324.952166748047 0.8320079985119048 1879.370782470703 1163.7114624023438 1965.9269470214845 1302.5280395507812 0.8552129836309523 
135 1961.8142150878907 1219.7894104003906 2133.485467529297 1326.062030029297 0.8365652901785714 1880.0030822753906 1165.8984069824219 1965.0212097167969 1303.2355041503906 0.8613746279761905 
136 1960.956884765625 1221.3642211914062 2133.754052734375 1325.6946166992188 0.8361235119047619 1879.5742614746093 1163.6816650390624 1964.3426086425782 1300.6152099609376 0.8597237723214286 
137 1961.7327514648437 1220.1785827636718 2134.6210083007813 1326.1950744628907 0.8320545014880952 1879.0523559570313 1163.90830078125 1963.8656127929687 1300.914208984375 0.8599795386904762 
138 1961.759698486328 1220.632342529297 2134.5614685058595 1324.9654357910156 0.8284970238095238 1879.308984375 1164.2022399902344 1962.44931640625 1301.1394348144531 0.8612118675595238 
139 1960.1994689941407 1220.5358520507812 2134.536737060547 1324.8122924804688 0.8293108258928571 1879.2348388671876 1163.9483520507813 1962.3301025390624 1302.4405639648437 0.8632347470238095 
140 1961.159112548828 1220.9667114257813 2134.0497497558595 1325.3536010742187 0.8318219866071429 1877.22314453125 1164.3193908691405 1962.037353515625 1302.958074951172 0.8624441964285714 
141 1958.9856201171874 1221.4478637695313 2134.9953369140626 1327.3797729492187 0.8346819196428571 1876.7474487304687 1163.9688903808594 1961.4927856445313 1300.865460205078 0.8563290550595238 
142 1960.8230102539062 1222.1560363769531 2135.2670776367186 1326.4964294433594 0.8243582589285714 1878.3664001464845 1165.5337707519532 1963.142999267578 1304.1108825683593 0.8674200148809523 
143 1959.1487670898437 1222.4119689941406 2135.4203247070313 1326.869158935547 0.8259858630952381 1876.788311767578 1164.2826354980468 1961.6598083496094 1304.6469299316407 0.86669921875 
144 1961.4320434570313 1221.6931518554688 2136.3890014648437 1326.3402954101562 0.82421875 1877.6640197753907 1166.5395080566407 1961.0546081542968 1302.2538269042968 0.8583519345238095 
145 1958.9456604003906 1222.4292419433593 2135.4233581542967 1327.0086242675782 0.8213820684523809 1877.9342651367188 1165.8657287597657 1961.2710571289062 1303.1263366699218 0.8583286830357143 
146 1957.3027587890624 1221.7706665039063 2135.4325927734376 1326.3606811523437 0.8271484375 1877.728826904297 1168.0929626464845 1961.0740295410155 1302.098809814453 0.8633277529761905 
147 1958.9200805664063 1222.1557678222657 2135.4195190429687 1326.7481628417968 0.8306594122023809 1876.4530090332032 1167.030987548828 1961.4343200683593 1302.6742126464844 0.8614443824404762 
148 1958.1019409179687 1221.7908447265625 2136.598986816406 1328.2340576171875 0.8204287574404762 1875.6555480957031 1165.105047607422 1960.8101501464844 1304.3001037597655 0.8681408110119048 
149 1956.3540283203124 1221.4054870605469 2136.6738037109376 1326.3187561035156 0.8265671502976191 1876.7234008789062 1165.0397827148438 1960.3261596679688 1299.4599731445312 0.8697219122023809 
150 1956.9139221191406 1219.897882080078 2135.7466003417967 1326.5412048339845 0.8284970238095238 1877.215283203125 1165.1248107910155 1959.248583984375 1298.018865966797 0.8588402157738095 
151 1958.381854248047 1221.2103881835938 2135.560650634766 1326.2053833007812 0.8284737723214286 1877.2379516601563 1165.1794982910155 1959.2652221679687 1296.423162841797 0.8551199776785714 
152 1960.1538818359375 1220.7899230957032 2135.5262939453123 1327.3247009277343 0.8327752976190477 1878.8976623535157 1164.6229675292968 1960.8473327636718 1299.0204650878907 0.8614676339285714 
153 1960.7950317382813 1220.1978698730468 2136.160778808594 1326.7285217285157 0.8223121279761905 1879.3526977539063 1164.2219482421874 1962.9383178710937 1296.9755615234376 0.8540504092261905 
154 1959.0063110351562 1219.7521362304688 2135.953894042969 1326.2483520507812 0.8205450148809523 1880.1107238769532 1163.6052185058593 1965.3078552246093 1297.9544738769532 0.8490280877976191 
155 1964.27421875 1220.1945739746093 2136.17255859375 1326.6077941894532 0.8321940104166666 1881.0955688476563 1163.713641357422 1966.2262084960937 1301.2322814941406 0.8612816220238095 
156 1963.66357421875 1221.3920471191407 2136.81494140625 1325.9361999511718 0.8230794270833334 1883.3706176757812 1165.0362487792968 1968.3127319335938 1300.6169494628907 0.8556082589285714 
157 1963.5576293945312 1220.1601928710938 2136.7956420898436 1326.3910766601562 0.8257765997023809 1883.0358947753907 1165.4104736328125 1969.6549011230468 1299.4247314453125 0.8449125744047619 
158 1963.446710205078 1219.5160522460938 2136.9022888183595 1327.5166625976562 0.82861328125 1884.0826782226563 1167.2150634765626 1970.8103881835937 1303.0339599609374 0.8448660714285714 
159 1963.0779113769531 1220.0227966308594 2136.2237243652344 1327.8305969238281 0.8213355654761905 1884.92353515625 1168.8831665039063 1973.129931640625 1306.0931518554687 0.8400762648809523 
160 1964.3938598632812 1219.9029052734375 2135.8710327148438 1327.6886474609375 0.8230096726190477 1886.44384765625 1166.0728515625 1971.365966796875 1304.887841796875 0.8428664434523809 
161 1963.7538757324219 1220.2712890625 2134.9049377441406 1327.852001953125 0.8279854910714286 1885.5760803222656 1167.7975524902345 1973.5966491699219 1306.348321533203 0.8568405877976191 
162 1964.8812377929687 1221.3470642089844 2134.713732910156 1327.492413330078 0.8198939732142857 1885.3037170410157 1166.9555419921876 1971.8528991699218 1309.0268798828124 0.8672107514880952 
163 1963.561505126953 1220.869775390625 2134.558001708984 1328.353369140625 0.8201497395833334 1885.4541320800781 1169.8838989257813 1973.3953552246094 1306.6812866210937 0.8478887648809523 
164 1962.0111206054687 1220.5126098632813 2134.693713378906 1328.0320678710937 0.8211263020833334 1883.8779174804688 1170.9510375976563 1973.4773071289062 1306.1646850585937 0.8491443452380952 
165 1965.672344970703 1220.0828491210937 2133.939349365234 1327.9044555664063 0.8229864211309523 1884.8060668945313 1170.1932678222656 1969.7564331054687 1307.4208679199219 0.8564453125 
166 1962.53310546875 1220.7755065917968 2135.62607421875 1328.5502990722657 0.8293573288690477 1883.334912109375 1169.6515686035157 1969.881396484375 1306.8195007324218 0.8586542038690477 
167 1963.5362854003906 1220.345770263672 2134.939666748047 1328.0850158691405 0.8294503348214286 1882.7318969726562 1169.0503356933593 1970.8821166992188 1307.8054992675782 0.8562825520833334 
168 1964.2103149414063 1221.045147705078 2133.698132324219 1326.9749938964844 0.8310779389880952 1882.099072265625 1171.2768432617188 1970.10234375 1306.5412719726562 0.8483305431547619 
169 1963.5772216796875 1218.8304077148437 2133.4843017578123 1328.2897094726563 0.8239862351190477 1882.5196472167968 1170.5728576660156 1970.7404846191407 1306.171649169922 0.8435872395833334 
170 1965.080987548828 1217.6928649902343 2132.0746520996095 1327.3846496582032 0.8381928943452381 1882.4028564453124 1169.1438049316407 1969.1740478515626 1306.6678405761718 0.8483770461309523 
171 1967.14677734375 1218.4972229003906 2132.1388671875 1327.9474792480469 0.8306361607142857 1881.7604614257812 1168.7986328125 1969.9741577148438 1306.0197265625 0.8566313244047619 
172 1965.4555236816407 1219.727880859375 2133.600018310547 1327.47109375 0.8328915550595238 1880.5042358398437 1168.8073486328126 1968.6576293945313 1304.3025146484374 0.8543991815476191 
173 1966.6623962402343 1218.7137329101563 2133.382159423828 1328.2257202148437 0.8317057291666666 1881.6050537109375 1167.5410217285157 1968.2340576171875 1306.4742370605468 0.8548874627976191 
174 1965.2661682128905 1218.773419189453 2133.602362060547 1328.2738220214844 0.8298921130952381 1880.2180908203125 1167.6063598632813 1968.4720947265625 1306.5244995117187 0.8555850074404762 
175 1965.5250183105468 1218.9368774414063 2133.9135803222657 1328.4710815429687 0.83056640625 1880.4503967285157 1169.1999084472657 1968.7318542480468 1306.5265319824218 0.8573056175595238 
176 1966.7154846191406 1218.1725830078126 2133.472381591797 1327.7090087890624 0.8372163318452381 1880.1930114746094 1169.5037780761718 1968.476055908203 1308.4677795410157 0.8653971354166666 
177 1965.12021484375 1220.1638305664062 2133.55654296875 1328.0939819335938 0.8278227306547619 1881.4681030273437 1168.777606201172 1968.1393188476563 1307.7784240722656 0.8581194196428571 
178 1966.6423950195312 1220.0836853027345 2133.3397827148438 1327.946710205078 0.8343331473214286 1880.150860595703 1168.9180419921875 1968.4024841308594 1306.1981689453125 0.8584449404761905 
179 1965.6515380859375 1220.6760803222655 2134.8489501953127 1326.424383544922 0.8401460193452381 1881.5534301757812 1172.2446533203124 1966.1521362304688 1307.2770751953126 0.8628162202380952 
180 1964.2739379882812 1220.3330871582032 2133.9763061523436 1328.0288513183593 0.8407273065476191 1881.1799377441407 1170.3135131835938 1966.0311218261718 1309.0126586914062 0.8611188616071429 
181 1968.203143310547 1220.4440795898438 2133.035748291016 1328.1565063476562 0.8464936755952381 1882.2090270996093 1169.5379943847656 1965.4412414550782 1304.9945983886719 0.8546084449404762 
182 1968.9496643066407 1220.6226684570313 2134.180584716797 1328.5953491210937 0.8357282366071429 1880.0422119140626 1170.8521850585937 1965.1115966796874 1306.6358520507813 0.8628394717261905 
183 1969.2283508300782 1220.1174743652343 2134.4878356933596 1328.1087219238282 0.8434244791666666 1881.941668701172 1169.268359375 1963.7532775878906 1303.439404296875 0.8717447916666666 
184 1968.6448547363282 1219.6622802734375 2134.3105895996096 1327.9190185546875 0.8414946056547619 1882.2161499023437 1170.1391723632812 1965.8690551757813 1302.9997436523438 0.8732793898809523 
185 1969.508721923828 1220.0783386230469 2134.9345153808595 1328.1781311035156 0.8374953497023809 1884.465106201172 1167.9182006835938 1967.9969299316406 1302.2241333007812 0.8695824032738095 
186 1970.5913391113281 1218.8783630371095 2132.8318786621094 1328.677423095703 0.8397274925595238 1885.1220947265624 1169.3994079589843 1968.7004150390626 1303.7804016113282 0.8649088541666666 
187 1969.9930358886718 1219.1687744140625 2135.4426330566407 1328.9222900390625 0.8399135044642857 1884.55908203125 1168.2612670898438 1971.379150390625 1304.2245727539062 0.8713960193452381 
188 1967.4105712890625 1219.528741455078 2135.7954833984377 1327.4257263183595 0.8455868675595238 1886.2993041992188 1168.3467590332032 1972.9438598632812 1305.6702087402343 0.8656296502976191 
189 1968.6264221191407 1219.673779296875 2135.533123779297 1327.67216796875 0.8435872395833334 1885.8023864746094 1169.7023376464845 1974.164776611328 1307.154962158203 0.8695591517857143 
190 1968.0273071289062 1219.8017150878907 2136.538854980469 1327.7799499511718 0.8443080357142857 1885.5963439941406 1169.8397033691406 1972.3061218261719 1307.266619873047 0.8813011532738095 
191 1967.0193664550782 1219.7166748046875 2136.9697692871096 1327.5697021484375 0.8479817708333334 1884.6838989257812 1169.8125549316405 1972.9274291992188 1307.080145263672 0.8730933779761905 
192 1966.9627258300782 1219.8673706054688 2137.7002380371096 1328.2202758789062 0.8366815476190477 1883.17236328125 1169.7322265625 1970.182861328125 1307.635693359375 0.8623511904761905 
193 1967.7052673339845 1219.362353515625 2136.581964111328 1327.574658203125 0.8332170758928571 1884.0235961914063 1167.8417358398438 1969.2818237304687 1307.2061157226562 0.8670014880952381 
194 1965.6773376464844 1219.32880859375 2136.031768798828 1327.43828125 0.8403785342261905 1882.2641357421876 1165.1479858398438 1967.4414306640624 1306.0180297851562 0.8713960193452381 
195 1967.1246643066406 1219.2997131347656 2135.798553466797 1327.3820495605469 0.8401460193452381 1881.2131591796874 1165.5104675292969 1964.7311767578126 1303.0697326660156 0.8686988467261905 
196 1968.1620971679688 1219.2862670898437 2137.0691040039064 1327.5179321289063 0.8319149925595238 1879.4196655273438 1165.0442932128906 1964.6931274414062 1306.073504638672 0.8673735119047619 
197 1966.85107421875 1218.8033081054687 2136.009765625 1327.1962036132813 0.8367513020833334 1877.9764099121094 1166.3123107910155 1963.3769836425781 1302.624578857422 0.8640718005952381 
198 1965.0582458496094 1219.935302734375 2135.5561340332033 1326.49658203125 0.8274972098214286 1876.3412475585938 1164.63701171875 1963.2295532226562 1302.346875 0.8580031622023809 
199 1966.3830993652343 1219.9234741210937 2135.102374267578 1326.3968383789063 0.8330078125 1875.2193115234375 1163.5997436523437 1960.3978759765625 1299.5579711914063 0.8682570684523809 
200 1965.0235473632813 1219.1222595214845 2135.939587402344 1327.588311767578 0.8395647321428571 1873.5606750488282 1159.895849609375 1960.6621032714843 1299.58681640625 0.8853469122023809 
201 1966.8300659179688 1219.4606079101563 2136.0671508789064 1327.9036499023437 0.8419131324404762 1871.4053283691405 1159.1723388671876 1958.488348388672 1297.1906982421874 0.8899972098214286 
202 1964.4755065917968 1219.4400512695313 2136.5241271972654 1325.9464233398437 0.8395879836309523 1869.880194091797 1158.2462280273437 1955.0852600097655 1292.6080200195313 0.8902297247023809 
203 1964.1690002441405 1217.22275390625 2134.606268310547 1325.384912109375 0.8381696428571429 1869.5586975097656 1157.8471801757812 1953.138446044922 1288.9526245117188 0.8864862351190477 
204 1964.7350830078126 1214.5383422851562 2133.9045654296874 1322.9382202148438 0.8328450520833334 1868.463885498047 1156.1059631347657 1952.2273986816406 1289.1422058105468 0.8907412574404762 
205 1962.0543334960937 1210.7650573730468 2130.769641113281 1319.9337951660157 0.8287295386904762 1867.454168701172 1155.9263610839844 1951.8118225097655 1288.2519836425781 0.8750697544642857 
206 1960.628643798828 1209.7934631347657 2125.988421630859 1317.2772155761718 0.8199404761904762 1866.9461059570312 1153.6983154296875 1951.2794799804688 1284.3324462890625 0.8736746651785714 
207 1956.2517028808593 1207.9076904296876 2123.297735595703 1317.0664306640624 0.8201962425595238 1865.0952697753905 1153.073992919922 1951.099188232422 1285.3875549316406 0.8734421502976191 
208 1951.6490966796875 1207.7091064453125 2121.9763916015627 1315.1971435546875 0.8250558035714286 1864.7046142578124 1154.34677734375 1950.6950439453126 1283.332421875 0.8696521577380952 
209 1949.5017028808593 1209.6769714355469 2119.626348876953 1317.0372619628906 0.8225678943452381 1865.2016357421876 1153.4558471679688 1951.0898681640624 1285.5915161132812 0.8750930059523809 
210 1946.5755187988282 1210.7213317871094 2120.2456481933596 1318.231427001953 0.8279854910714286 1866.54736328125 1155.6939697265625 1950.9013671875 1288.0140380859375 0.8716285342261905 
211 1941.1143188476562 1212.0537719726562 2120.0499877929688 1319.7465209960938 0.8301943824404762 1866.4303466796875 1153.8104431152344 1952.5845458984375 1291.325909423828 0.8690243675595238 
212 1943.2713562011718 1212.9825378417968 2120.3244689941407 1320.5383361816407 0.8400995163690477 1867.2186340332032 1153.1587524414062 1953.2631774902343 1293.8085327148438 0.8733258928571429 
213 1944.8215270996093 1213.2069213867187 2120.132208251953 1320.7086059570313 0.8362862723214286 1867.5348083496094 1154.6852111816406 1951.882305908203 1295.2643737792969 0.8770228794642857 
214 1947.3643371582032 1212.7569152832032 2120.9709899902346 1321.8809020996093 0.8185221354166666 1868.6373413085937 1154.2521728515626 1952.9605590820313 1296.4441162109374 0.8772321428571429 
215 1947.5542846679687 1213.1286743164062 2120.9630493164063 1322.1284057617188 0.8200567336309523 1867.2654907226563 1153.2295837402344 1954.7955444335937 1296.9111633300781 0.8819521949404762 
216 1946.773126220703 1213.4425842285157 2120.9586853027345 1321.2716491699218 0.8258231026785714 1867.4007873535156 1154.742742919922 1955.3229675292969 1295.7500549316405 0.8794875372023809 
217 1947.0708862304687 1212.6778747558594 2120.8414672851563 1321.905010986328 0.8341703869047619 1867.8874816894531 1155.5817993164062 1955.6001892089844 1296.2531616210938 0.8814871651785714 
218 1947.2287170410157 1212.9243957519532 2120.698895263672 1321.9626892089843 0.8356584821428571 1868.372802734375 1155.9269897460938 1954.281982421875 1296.3552368164062 0.8841610863095238 
219 1949.3645385742188 1213.0303955078125 2120.700158691406 1321.7625732421875 0.8335425967261905 1867.8154296875 1154.7357788085938 1955.130615234375 1296.4170532226562 0.8863234747023809 
220 1948.4466979980468 1214.6393676757812 2121.0666076660154 1321.4993041992188 0.83642578125 1867.0687561035156 1155.0127685546875 1955.8446960449219 1296.3966552734375 0.8916945684523809 
221 1947.762432861328 1214.4106994628905 2120.688616943359 1321.460272216797 0.8363327752976191 1867.697039794922 1154.8683044433594 1954.9835021972656 1294.856182861328 0.8897414434523809 
222 1949.1940368652345 1215.0747497558593 2120.641534423828 1320.5808898925782 0.8287527901785714 1867.7817626953124 1155.4739318847655 1953.5055908203126 1293.950750732422 0.8884858630952381 
223 1951.0122375488281 1214.8717712402345 2121.2381286621094 1320.643243408203 0.8341471354166666 1866.4713439941406 1153.4683837890625 1954.0634460449219 1295.5987548828125 0.8916713169642857 
224 1951.5694946289063 1214.6320373535157 2121.5118041992187 1321.8771179199218 0.83203125 1865.9003173828125 1153.9019653320313 1953.3462646484375 1292.4957397460937 0.8930199032738095 
225 1952.512677001953 1214.7472839355469 2120.811419677734 1321.9964904785156 0.8330543154761905 1865.1903930664062 1154.0151489257812 1954.2895874023438 1292.6140014648438 0.8965308779761905 
226 1952.4888916015625 1214.9197387695312 2122.1395263671875 1321.9808959960938 0.8323567708333334 1864.2425720214844 1152.8370239257813 1953.185772705078 1292.8399780273437 0.8990187872023809 
227 1951.103778076172 1215.033056640625 2122.334820556641 1322.05263671875 0.8325427827380952 1864.348388671875 1151.8980407714844 1953.2568359375 1290.1999816894531 0.8932291666666666 
228 1949.4023132324219 1216.3611145019531 2121.8927307128906 1321.4981384277344 0.8329380580357143 1863.2203430175782 1153.5570251464844 1950.2868591308593 1288.263653564453 0.8825567336309523 
229 1952.865655517578 1214.7356018066407 2120.8305114746095 1321.7718444824218 0.8224051339285714 1863.5633422851563 1156.340673828125 1949.1922729492187 1286.430810546875 0.8697916666666666 
230 1951.8110107421876 1212.9141052246093 2119.6728759765624 1321.5305969238282 0.8348446800595238 1862.942938232422 1154.5548461914063 1945.2280822753905 1286.2112670898437 0.8765345982142857 
231 1952.3363098144532 1211.9627746582032 2118.3295837402343 1320.4335876464843 0.8359607514880952 1862.1335205078126 1156.7791259765625 1944.3083740234374 1283.3285400390625 0.8747442336309523 
232 1947.589581298828 1209.3789489746093 2118.522601318359 1317.8557922363282 0.83349609375 1860.479443359375 1152.7384765625 1942.658740234375 1280.93828125 0.8835332961309523 
233 1946.3126098632813 1207.457568359375 2117.184216308594 1315.89521484375 0.8265206473214286 1860.687188720703 1150.647723388672 1941.1940368652345 1280.4444396972656 0.8772786458333334 
234 1945.8083068847657 1206.7601440429687 2115.146160888672 1315.2679321289063 0.8291480654761905 1859.9378967285156 1146.8153015136718 1940.4967956542969 1281.6279357910157 0.8764880952380952 
235 1943.2156188964843 1206.7398681640625 2114.581866455078 1313.8438720703125 0.8294038318452381 1858.6097534179687 1146.8503845214843 1939.3497192382813 1278.6707336425782 0.8735816592261905 
236 1935.151434326172 1206.478369140625 2114.4985900878905 1316.719384765625 0.8354724702380952 1857.9446533203125 1146.6748962402344 1938.5687744140625 1281.5967102050781 0.8718377976190477 
237 1933.5487487792968 1207.1681213378906 2112.9416076660154 1317.4372253417969 0.8349841889880952 1857.5882873535156 1147.3493896484374 1938.2328796386719 1282.3056396484376 0.8733491443452381 
238 1933.2774353027344 1208.461004638672 2111.141143798828 1317.1555725097655 0.8358909970238095 1856.8872802734375 1148.4130432128907 1939.2316162109375 1283.4576843261718 0.8711170014880952 
239 1932.6225463867188 1208.569287109375 2112.1682250976564 1318.932177734375 0.8346354166666666 1857.6745971679688 1150.3467529296875 1940.0351196289062 1282.1234619140625 0.8719540550595238 
240 1931.9873168945312 1209.0191833496094 2112.7599975585936 1320.769512939453 0.8368443080357143 1858.8564819335938 1152.3854370117188 1939.3825317382812 1283.8565063476562 0.8656063988095238 
241 1932.6515808105469 1210.8956726074218 2112.0228576660156 1319.5058166503907 0.8455403645833334 1859.4220031738282 1152.3499938964844 1938.4111267089843 1285.644268798828 0.8750697544642857 
242 1935.5066772460937 1210.8765563964844 2111.7020629882813 1321.2043762207031 0.8477492559523809 1858.9359375 1152.4826416015626 1941.2701171875 1285.8640380859374 0.8787434895833334 
243 1935.4771728515625 1211.5911193847655 2111.6976318359375 1320.287908935547 0.8480980282738095 1860.3522705078126 1152.998876953125 1941.0512939453124 1286.39931640625 0.8794410342261905 
244 1935.798077392578 1211.8369995117187 2113.142230224609 1320.2140258789063 0.8506556919642857 1859.631103515625 1153.60654296875 1941.73486328125 1284.97255859375 0.8724423363095238 
245 1936.8947875976562 1211.730157470703 2112.5956909179686 1320.1063903808595 0.8516787574404762 1859.08623046875 1153.5000854492187 1942.831494140625 1284.8651489257813 0.8730236235119048 
246 1936.8013854980468 1211.403546142578 2112.5976623535157 1321.4815856933594 0.8520972842261905 1859.1401916503905 1153.3313232421874 1941.287908935547 1284.7677978515626 0.87353515625 
247 1937.3486328125 1211.2296203613282 2113.0009765625 1321.2175231933593 0.8541666666666666 1858.2988647460938 1154.0890747070312 1942.0209594726562 1288.7009643554688 0.88134765625 
248 1937.7156555175782 1211.6629028320312 2112.1221130371096 1321.9010620117188 0.8537946428571429 1857.2202758789062 1156.2273742675782 1939.4874877929688 1286.2097595214843 0.8800920758928571 
249 1937.0458129882813 1211.189141845703 2113.1707397460937 1321.4728454589845 0.8506789434523809 1856.517266845703 1154.0846008300782 1940.4645446777345 1287.4128356933593 0.8802083333333334 
250 1939.9759948730468 1212.2917236328126 2112.9259826660154 1322.6501708984374 0.8535388764880952 1856.66865234375 1152.8045288085937 1939.02568359375 1284.5758422851563 0.8806268601190477 
251 1938.7107482910155 1213.7816955566407 2113.394598388672 1322.5470397949218 0.8485863095238095 1855.3619567871094 1153.8846435546875 1939.407940673828 1287.3695068359375 0.8793480282738095 
252 1938.3510620117188 1214.4030456542969 2112.8820922851564 1321.4269104003906 0.8510044642857143 1855.075146484375 1153.10185546875 1939.04765625 1286.469921875 0.8867885044642857 
253 1941.3481323242188 1214.5775024414063 2112.8449829101564 1321.7630737304687 0.8517950148809523 1855.2191650390625 1153.5642333984374 1937.6695068359375 1283.8359130859376 0.8907412574404762 
254 1939.1243957519532 1214.6503967285157 2113.7949157714843 1321.7596374511718 0.8549339657738095 1854.514422607422 1150.7652282714844 1938.5540588378906 1284.2397766113281 0.8905319940476191 
255 1939.8515258789062 1215.141375732422 2112.819128417969 1322.2166564941406 0.8556082589285714 1853.8111999511718 1150.0093933105468 1937.8241760253907 1283.4414123535157 0.89599609375 
256 1941.8171508789062 1215.592059326172 2111.0878784179686 1322.4134338378906 0.8539109002976191 1853.073193359375 1150.803973388672 1936.88701171875 1282.2764709472656 0.8935081845238095 
257 1938.820068359375 1213.6039245605468 2111.565185546875 1320.5414611816407 0.8490978422619048 1852.8904602050782 1148.745361328125 1936.7952087402343 1280.36083984375 0.8832775297619048 
258 1941.0052368164063 1209.6359130859375 2112.371960449219 1318.3877685546875 0.8302873883928571 1851.3292175292968 1148.8589660644532 1932.0693420410157 1279.0317810058593 0.8780459449404762 
259 1938.92890625 1209.3219909667969 2109.99443359375 1316.2379455566406 0.8375418526785714 1850.6758056640624 1147.1968933105468 1931.2739013671876 1277.1408752441407 0.8775809151785714 
260 1939.4268005371093 1208.1073059082032 2107.365313720703 1313.4804626464843 0.828125 1848.3651733398438 1147.1883666992187 1927.3950805664062 1275.6119262695313 0.8830915178571429 
261 1934.120831298828 1206.7160705566407 2107.415179443359 1313.9935241699218 0.8341238839285714 1847.2196655273438 1147.4913024902344 1926.4400024414062 1272.9233703613281 0.8733491443452381 
262 1935.2836669921876 1204.41728515625 2105.9638916015624 1312.128125 0.8380068824404762 1846.7567993164062 1144.7620056152343 1922.9829467773438 1272.3579895019532 0.8698846726190477 
263 1928.4003112792968 1203.8946228027344 2105.5207092285154 1313.1465148925781 0.8407738095238095 1845.6337341308595 1145.767022705078 1923.434259033203 1273.2274841308595 0.8720935639880952 
264 1925.2436279296876 1206.406671142578 2103.6616455078124 1312.1359313964845 0.8540271577380952 1845.3748413085937 1143.8204772949218 1923.0196899414063 1274.3300354003907 0.8841610863095238 
265 1923.8423461914062 1207.548516845703 2102.4161987304688 1315.0233825683595 0.8522832961309523 1844.9849426269532 1145.2892456054688 1924.3511169433593 1274.2593383789062 0.8810686383928571 
266 1924.0376831054687 1207.9906188964844 2102.4166625976563 1315.348370361328 0.8568870907738095 1846.5368103027345 1144.1477416992188 1925.816339111328 1276.2802368164062 0.8843703497023809 
267 1923.3667846679687 1209.8074890136718 2101.3966430664063 1315.3066467285157 0.8532598586309523 1847.2856750488281 1145.8993896484376 1926.4100036621094 1277.7732177734374 0.8810918898809523 
268 1926.4662353515625 1208.4657653808595 2101.9414794921877 1316.068536376953 0.8517485119047619 1848.406561279297 1144.477069091797 1927.8669982910155 1276.9112365722656 0.8838355654761905 
269 1926.7622314453124 1209.6911071777345 2102.0673583984376 1315.535577392578 0.85205078125 1848.7782348632813 1145.3828552246093 1928.1617065429687 1279.3423645019532 0.8884858630952381 
270 1926.4416015625 1209.1519836425782 2101.81083984375 1316.6896911621093 0.8541899181547619 1848.2380493164062 1144.6293151855468 1929.3049194335938 1281.9467346191407 0.8856724330357143 
271 1925.4016723632812 1210.1059997558593 2102.1981811523438 1315.8533508300782 0.8502371651785714 1848.7603149414062 1145.66611328125 1929.7230834960938 1281.154931640625 0.8859514508928571 
272 1927.7525329589844 1209.3012939453124 2103.204132080078 1316.8896240234376 0.8429827008928571 1848.048028564453 1144.748468017578 1930.8082946777345 1282.1303161621095 0.8860444568452381 
273 1926.867901611328 1209.8649963378907 2102.542620849609 1317.5899597167968 0.8407273065476191 1848.3369140625 1146.8872497558593 1931.202392578125 1281.1292297363282 0.8817196800595238 
274 1927.6518310546876 1209.0390014648438 2103.3720947265624 1316.7920532226562 0.8404250372023809 1847.6341186523437 1145.853692626953 1932.1788696289063 1281.7882751464845 0.8835332961309523 
275 1925.9642822265625 1209.310479736328 2103.3374755859377 1318.7182067871095 0.8429594494047619 1847.4151550292968 1144.6604125976562 1931.9575256347657 1283.9067260742188 0.8919735863095238 
276 1927.7169616699218 1209.1777282714843 2101.6762268066404 1318.5235656738282 0.8383091517857143 1847.5554321289062 1144.7554504394532 1932.0500366210938 1282.2661560058593 0.8864164806547619 
277 1925.7580261230469 1210.1543579101562 2103.2250061035156 1317.9613647460938 0.8417736235119048 1845.7003356933594 1145.8530151367188 1931.945782470703 1280.1970336914062 0.8827194940476191 
278 1927.2533081054687 1210.3324462890625 2102.868518066406 1318.0210693359375 0.8441452752976191 1844.5434020996095 1145.9105712890625 1930.694268798828 1281.7637451171875 0.8929036458333334 
279 1929.3848266601562 1210.321112060547 2102.8869018554688 1317.7271057128905 0.8491675967261905 1845.8115112304688 1144.7971557617188 1928.4316528320312 1280.2939086914062 0.8954148065476191 
280 1928.6182189941405 1211.1793701171875 2102.464178466797 1318.7981689453125 0.8427734375 1843.6056213378906 1145.90751953125 1926.3893737792969 1278.3615234375 0.8900902157738095 
281 1931.9492065429688 1211.374005126953 2102.6906860351564 1317.4657165527344 0.8408203125 1842.816796875 1145.83173828125 1924.043310546875 1278.446337890625 0.8895089285714286 
282 1933.3558715820313 1211.0712646484376 2102.4920288085937 1317.1958251953124 0.8470284598214286 1841.6448791503906 1144.2332458496094 1921.238299560547 1276.8889465332031 0.8880905877976191 
283 1932.6060302734375 1211.507177734375 2103.4208251953123 1317.64443359375 0.8423781622023809 1839.7996643066406 1142.1096923828125 1919.402606201172 1274.7814208984375 0.8839285714285714 
284 1934.2164978027345 1211.0685485839845 2103.093194580078 1317.030450439453 0.8499813988095238 1839.0162353515625 1140.3211608886718 1916.8321533203125 1274.4292053222657 0.9004603794642857 
285 1933.3752868652343 1212.3961242675782 2103.617999267578 1316.5251403808593 0.8441220238095238 1838.5274780273437 1139.0353210449218 1916.2110473632813 1272.9154846191407 0.8919735863095238 
286 1930.8726135253905 1211.0178955078125 2102.725408935547 1318.4259521484375 0.8448195684523809 1837.1288452148438 1139.5185302734376 1918.0979614257812 1271.7129150390624 0.8789295014880952 
287 1931.5230590820313 1210.9263854980468 2103.645153808594 1316.8476623535157 0.8392392113095238 1838.9055786132812 1136.386785888672 1920.0016479492188 1270.4434143066405 0.8810453869047619 
288 1925.957958984375 1211.86201171875 2103.491748046875 1316.39140625 0.8374720982142857 1840.062518310547 1135.4751586914062 1921.3631408691406 1271.5292358398438 0.8852074032738095 
289 1926.6821533203124 1212.3731628417968 2101.1493896484376 1317.0534729003907 0.8337286086309523 1840.2791931152344 1135.8757934570312 1921.697247314453 1272.1266479492188 0.8831380208333334 
290 1925.2517883300782 1211.4532897949218 2102.4448669433596 1315.7819396972657 0.8379603794642857 1840.7952575683594 1139.2256652832032 1921.9397277832031 1273.3625915527343 0.8888578869047619 
291 1928.9781494140625 1210.9462646484376 2102.3294677734375 1314.9570556640624 0.8371698288690477 1840.5879272460938 1138.9387268066407 1921.4853149414062 1272.6668640136718 0.8895321800595238 
292 1923.9171020507813 1210.2589294433594 2103.650036621094 1314.141339111328 0.8416573660714286 1841.8513305664062 1141.0674682617187 1919.3508178710938 1272.9816040039063 0.8863467261904762 
293 1921.4415222167968 1209.5163696289062 2102.5761779785157 1313.2570678710938 0.8469819568452381 1840.754327392578 1138.5825561523438 1919.7948669433595 1275.2567993164062 0.8885788690476191 
294 1923.8582580566406 1209.8546875 2102.0180847167967 1313.7810546875 0.8484468005952381 1840.1079895019532 1140.2530822753906 1919.2900817871093 1275.5224304199219 0.8954380580357143 
295 1922.8487121582032 1209.7154296875 2102.8093688964846 1313.72939453125 0.8526320684523809 1839.0279602050782 1138.5948608398437 1919.9277282714843 1275.6290161132813 0.896484375 
296 1923.189190673828 1210.2429931640625 2101.288714599609 1314.1344482421875 0.8518647693452381 1839.46728515625 1139.7770874023438 1918.62255859375 1271.7026489257812 0.8958333333333334 
297 1923.2764465332032 1211.7876525878905 2100.9138610839846 1314.717596435547 0.8394019717261905 1837.331231689453 1136.0588806152343 1918.6791442871095 1275.5122863769532 0.8942754836309523 
298 1925.0444580078124 1210.3734375 2101.0732177734376 1314.99423828125 0.8439592633928571 1836.1360290527343 1134.8139038085938 1919.1682922363282 1274.3084106445312 0.8983212425595238 
299 1924.5993957519531 1211.3487731933594 2101.1158142089844 1316.259503173828 0.8357282366071429 1836.9178405761718 1134.4912536621093 1918.5148986816407 1272.7068664550782 0.8936476934523809 
