0 1658.9390625 867.8398529052735 1799.13466796875 1014.6071075439453 0.8429594494047619 1342.909112548828 851.4106628417969 1476.5331481933595 1009.1307189941406 0.8228934151785714 
1 1658.0255493164063 869.0461364746094 1800.5713745117187 1013.7849182128906 0.8338681175595238 1339.9544677734375 852.5985687255859 1475.9212646484375 1008.3023712158204 0.8194056919642857 
2 1660.5049743652344 866.8881469726563 1800.4477844238281 1013.3907836914062 0.8459123883928571 1340.251239013672 850.4885803222656 1471.4476135253906 1007.9242614746094 0.8265671502976191 
3 1658.6029052734375 865.754849243164 1800.8411865234375 1014.5579559326172 0.8660016741071429 1340.292059326172 851.5309906005859 1469.4006896972655 1006.8990020751953 0.8243350074404762 
4 1658.8143371582032 867.4905944824219 1799.3217712402343 1014.5843566894531 0.8366117931547619 1337.2684020996094 851.2781585693359 1468.9941711425781 1007.1536651611328 0.8465866815476191 
5 1660.3916625976562 868.3975311279297 1798.9879760742188 1013.5937408447265 0.8576311383928571 1338.4385681152344 850.2057281494141 1466.0351867675781 1006.4016326904297 0.8401692708333334 
6 1657.84443359375 865.9551422119141 1802.643359375 1015.1419647216796 0.8544921875 1335.3376770019531 850.006982421875 1466.9729919433594 1005.7756103515625 0.8353794642857143 
7 1662.7939331054688 864.5098480224609 1799.0168579101562 1013.9155059814453 0.8553292410714286 1333.9832092285155 848.2847839355469 1463.614569091797 1006.4790100097656 0.8175920758928571 
8 1660.9224243164062 865.1166351318359 1799.4552612304688 1014.6441680908204 0.8548409598214286 1333.7887634277345 848.8783569335938 1463.525811767578 1007.2015991210938 0.8322870163690477 
9 1660.2201416015625 867.0423278808594 1801.3640869140625 1014.8022766113281 0.8504696800595238 1332.637713623047 849.0601165771484 1460.5491760253906 1005.6414825439454 0.8330543154761905 
10 1660.2554260253905 866.1593994140625 1799.097235107422 1013.8166748046875 0.8521205357142857 1332.6461181640625 849.8849243164062 1460.4688720703125 1006.3575073242188 0.8404250372023809 
11 1658.643017578125 865.5046142578125 1801.88994140625 1015.362939453125 0.8544689360119048 1331.294091796875 849.2303924560547 1461.318212890625 1007.9039459228516 0.8496558779761905 
12 1660.2417053222657 864.381137084961 1799.0828796386718 1014.2416046142578 0.8493536086309523 1331.1928283691407 850.3105499267579 1456.8111999511718 1004.5786712646484 0.8611886160714286 
13 1660.2286987304688 865.5957061767579 1801.1387329101562 1015.3125579833984 0.8538178943452381 1329.8015441894531 849.8449401855469 1457.5013122558594 1003.9652404785156 0.8521902901785714 
14 1657.0861572265626 865.8557891845703 1800.2397705078124 1015.6164398193359 0.859375 1330.204833984375 849.8463073730469 1457.94189453125 1006.2139953613281 0.85791015625 
15 1656.6595581054687 866.4330322265625 1801.7647583007813 1015.93525390625 0.86279296875 1328.6510131835937 848.5062591552735 1458.3663208007813 1006.8027618408203 0.8475864955357143 
16 1656.8733764648437 866.169873046875 1801.9525512695313 1015.6454345703125 0.86328125 1327.2322998046875 850.4445281982422 1456.9244384765625 1004.3163970947265 0.8520740327380952 
17 1655.0513244628905 865.2512969970703 1802.389471435547 1016.9876556396484 0.8560267857142857 1327.4732849121094 849.773193359375 1455.019757080078 1003.7086181640625 0.8440522693452381 
18 1656.9090942382813 865.277197265625 1801.9685913085937 1014.7324462890625 0.8504464285714286 1327.5666870117188 847.3561248779297 1455.0431762695312 1005.6027984619141 0.8508184523809523 
19 1657.354296875 866.5772094726562 1800.335888671875 1016.1581420898438 0.8583984375 1325.7889465332032 848.8948760986328 1453.3725524902343 1005.0749114990234 0.8601655505952381 
20 1655.391131591797 865.8895843505859 1800.7396057128906 1015.6424591064454 0.8612583705357143 1325.3927368164063 849.8809326171875 1453.1231323242187 1006.24052734375 0.8560732886904762 
21 1657.309033203125 866.3947937011719 1800.559130859375 1016.2564514160156 0.85595703125 1325.1212829589845 848.6792846679688 1452.944512939453 1005.1525024414062 0.8598865327380952 
22 1657.2032531738282 868.0565551757812 1800.5036560058593 1015.7661987304688 0.8664202008928571 1323.2031555175781 846.6886962890625 1451.0711364746094 1003.2168212890625 0.8493303571428571 
23 1656.533837890625 865.6846588134765 1801.62412109375 1015.1717254638672 0.8507719494047619 1321.7943969726562 848.0133514404297 1451.4963745117188 1004.0954742431641 0.8372163318452381 
24 1655.9350036621095 866.0556457519531 1800.931817626953 1015.4463073730469 0.8719540550595238 1321.4114685058594 848.3957580566406 1451.0298156738281 1004.3771911621094 0.8437732514880952 
25 1655.9306091308595 867.1237030029297 1800.835382080078 1014.2238922119141 0.8688848586309523 1319.9309997558594 849.4751129150391 1449.4668273925781 1003.1617889404297 0.8347284226190477 
26 1655.9248657226562 866.572640991211 1800.8244018554688 1015.8630889892578 0.8752557663690477 1318.2480407714843 846.98251953125 1447.7794250488282 1005.0547119140625 0.8282645089285714 
27 1655.6177307128905 866.0503143310547 1800.616766357422 1015.4432769775391 0.8740699404761905 1317.70908203125 846.7002410888672 1447.3294921875 1002.6839752197266 0.8363095238095238 
28 1657.0717163085938 867.16689453125 1799.9971313476562 1014.4899658203125 0.8621651785714286 1317.433575439453 848.0538208007813 1442.7682067871094 999.7745483398437 0.8531668526785714 
29 1657.328466796875 866.8909057617187 1800.393212890625 1016.5588012695313 0.8609561011904762 1315.4119689941406 845.5581695556641 1443.069842529297 1004.0300262451171 0.8344029017857143 
30 1656.5546020507813 867.2434448242187 1801.7251831054687 1014.6134887695313 0.8581891741071429 1315.370263671875 847.61669921875 1440.7447265625 1003.784912109375 0.8480980282738095 
31 1656.7098266601563 865.8629486083985 1801.7559936523437 1015.3044708251953 0.8723493303571429 1313.62001953125 846.5065765380859 1443.28232421875 1002.5410919189453 0.8507486979166666 
32 1656.9700500488282 863.7512634277343 1802.1074645996093 1015.4857971191407 0.8697684151785714 1313.6644409179687 846.0742858886719 1443.4083129882813 1004.4059387207031 0.8337286086309523 
33 1657.1116760253906 865.5295684814453 1802.368426513672 1015.188021850586 0.8710239955357143 1311.830828857422 845.6371612548828 1441.6815002441406 1006.2999114990234 0.8340308779761905 
34 1656.9992797851562 866.2577331542968 1802.0854370117188 1015.7404357910157 0.8673735119047619 1310.4327758789063 846.6423767089843 1440.1309448242187 1004.9181701660157 0.8334495907738095 
35 1657.1622802734375 865.3498046875 1802.3338134765625 1014.9205810546875 0.8712100074404762 1310.3916015625 845.4691345214844 1440.166259765625 1006.0377014160156 0.8417271205357143 
36 1656.7547729492187 864.6426818847656 1801.6949340820313 1016.1709167480469 0.8726515997023809 1311.0441040039063 845.3004791259766 1436.2195678710937 1003.4168670654296 0.8465169270833334 
37 1655.098779296875 865.6719360351562 1802.439306640625 1015.2116088867188 0.8721400669642857 1308.6537292480468 846.0490447998047 1438.4015686035157 1004.385220336914 0.8354027157738095 
38 1657.9251586914063 862.314453125 1800.8607299804687 1016.2451171875 0.8683500744047619 1307.605859375 844.3840515136719 1437.347509765625 1007.1108215332031 0.8342633928571429 
39 1657.2961303710938 863.7279113769531 1802.4914672851562 1015.5230651855469 0.8698614211309523 1307.0842163085938 843.8439086914062 1436.8801391601562 1006.6387573242188 0.8298456101190477 
40 1657.0074523925782 863.0424621582031 1802.2343688964843 1014.8706237792969 0.8688848586309523 1307.22705078125 845.1006072998047 1432.650390625 1005.7305084228516 0.8397507440476191 
41 1656.498309326172 864.2377624511719 1803.8970764160156 1016.0364074707031 0.8750930059523809 1307.0400695800781 846.2994750976562 1432.4388122558594 1006.8980346679688 0.8230329241071429 
42 1659.2838745117188 863.9017181396484 1800.0637817382812 1015.6801300048828 0.8630952380952381 1307.672381591797 846.2196380615235 1430.8548400878906 1004.5970733642578 0.8461449032738095 
43 1659.1493530273438 864.8841278076172 1799.7166137695312 1014.236782836914 0.8662806919642857 1308.0693481445312 846.7219207763671 1431.0656616210938 1007.0563385009766 0.8326125372023809 
44 1651.0546325683595 866.359732055664 1802.513360595703 1015.6233612060547 0.8601888020833334 1304.5738037109375 846.5197998046875 1429.6918212890625 1006.7587646484375 0.8424711681547619 
45 1652.2227172851562 865.3270263671875 1803.8793334960938 1016.983642578125 0.8492838541666666 1305.2890563964843 845.4611450195313 1430.5706848144532 1008.1074584960937 0.8421921502976191 
46 1652.918994140625 864.1736297607422 1804.28583984375 1017.7341461181641 0.8692336309523809 1305.2142395019532 846.2863922119141 1428.0624938964843 1008.6217498779297 0.8359142485119048 
47 1653.9358947753906 863.760400390625 1803.394793701172 1017.6152099609375 0.8651646205357143 1305.3111938476563 843.8945983886719 1428.3951049804687 1008.7389465332031 0.8331240699404762 
48 1658.5045349121094 864.7872955322266 1799.669903564453 1014.7755096435546 0.8590262276785714 1304.2338134765625 844.8510711669921 1427.7534912109375 1005.8678619384766 0.8464704241071429 
49 1654.541796875 865.510122680664 1799.84345703125 1015.2149139404297 0.8498418898809523 1304.8353149414063 845.6115844726562 1428.1217163085937 1006.3240844726563 0.8445405505952381 
50 1657.762274169922 865.3491638183593 1800.9976135253905 1015.1952697753907 0.8544689360119048 1304.0815551757812 845.4318572998047 1427.4841186523438 1006.2959869384765 0.8386346726190477 
51 1655.9022644042968 866.6133911132813 1801.1352111816407 1016.2473266601562 0.8529343377976191 1302.9760864257812 844.5237426757812 1426.2040893554688 1009.5612182617188 0.8307989211309523 
52 1659.5903564453124 865.3226898193359 1800.4626220703126 1014.9993927001954 0.8392392113095238 1302.6690612792968 844.9199157714844 1425.9321350097657 1010.0045227050781 0.8392159598214286 
53 1655.4388671875 864.8287933349609 1800.71640625 1014.5086700439454 0.8456101190476191 1302.4044677734375 844.4256164550782 1425.6702392578125 1009.5137145996093 0.8412853422619048 
54 1655.5105773925782 864.1112701416016 1800.5972106933593 1015.7927215576171 0.8525390625 1303.4473022460938 844.2421356201172 1422.1545043945312 1006.9150299072265 0.8427734375 
55 1653.1703552246095 863.3032135009765 1802.448663330078 1016.9721160888672 0.8504696800595238 1301.3360473632813 843.4613311767578 1426.4664428710937 1008.1066009521485 0.8350771949404762 
56 1660.0831909179688 865.3488922119141 1800.7297973632812 1014.7858123779297 0.8420293898809523 1302.043017578125 843.2883117675781 1425.108837890625 1008.1085388183594 0.8450753348214286 
57 1656.278076171875 865.2660949707031 1801.347412109375 1014.7313415527344 0.8540271577380952 1304.5105529785155 845.3993743896484 1421.005438232422 1005.8547149658203 0.8392624627976191 
58 1655.1614685058594 864.2576782226563 1802.3088684082031 1015.7974975585937 0.8536086309523809 1303.4268981933594 846.3499298095703 1424.219464111328 1006.6746673583984 0.8319382440476191 
59 1655.5055725097657 865.1127227783203 1802.3441589355468 1016.334603881836 0.8615606398809523 1302.5700744628907 843.6179779052734 1425.3008972167968 1005.7979766845704 0.8368908110119048 
60 1655.8443725585937 865.0250946044922 1802.5333129882813 1016.092886352539 0.8564685639880952 1303.521337890625 843.5522705078125 1423.937646484375 1005.5669921875 0.83837890625 
61 1652.7452819824218 862.6967498779297 1805.9572326660157 1015.9087799072265 0.8482840401785714 1302.4622192382812 845.1026275634765 1427.2206420898438 1004.8808319091797 0.8403552827380952 
62 1655.8860412597655 863.9839385986328 1802.475164794922 1014.9487396240235 0.8584216889880952 1303.8032653808593 844.2087524414062 1424.1375305175782 1006.1130249023438 0.8374720982142857 
63 1654.2236083984376 863.6264770507812 1802.8076416015624 1016.5805541992188 0.8581426711309523 1302.597344970703 843.8769165039063 1424.9606384277345 1007.7562622070312 0.8439825148809523 
64 1652.1934387207032 864.6510650634766 1805.1733825683593 1015.4454315185546 0.86083984375 1304.6266784667969 844.8981719970703 1424.8251037597656 1006.6197113037109 0.833984375 
65 1650.6780212402343 863.2845886230468 1803.6646301269532 1016.2711975097657 0.8629789806547619 1304.7770751953126 843.5307861328125 1424.9807373046874 1007.4450439453125 0.8335658482142857 
66 1651.9660400390626 862.9452362060547 1805.2727294921874 1016.2518463134766 0.8662574404761905 1305.5942626953124 843.402865600586 1423.8593505859376 1005.4698760986328 0.8299386160714286 
67 1657.1068908691407 867.0941131591796 1801.5873229980468 1013.7636138916016 0.8401925223214286 1302.6415649414062 843.1824157714843 1425.2309936523438 1007.3647033691407 0.8428199404761905 
68 1653.4893127441405 865.9100982666016 1802.455633544922 1014.8763397216796 0.8524925595238095 1302.6434143066406 841.7283599853515 1425.321551513672 1010.4107391357422 0.8307291666666666 
69 1655.0802185058594 865.7577209472656 1801.768048095703 1014.6348571777344 0.8507021949404762 1302.7600952148437 844.0324768066406 1423.1754516601563 1006.0457702636719 0.8366117931547619 
70 1657.8885070800782 866.8345977783204 1800.1155212402343 1013.4379241943359 0.8429594494047619 1303.8357666015625 843.4387237548829 1421.9935791015625 1003.1705902099609 0.8548409598214286 
71 1656.4794189453125 865.0163970947266 1800.6321533203125 1015.7215789794922 0.8506789434523809 1303.0699401855468 841.9150115966797 1423.1972717285157 1003.5408599853515 0.8456333705357143 
72 1659.126153564453 865.554818725586 1801.3766540527345 1014.3707794189453 0.83251953125 1305.0150329589844 842.1550170898438 1423.192364501953 1004.1018188476562 0.8453543526785714 
73 1659.7691223144532 865.2870147705078 1799.5173767089843 1013.769564819336 0.8334495907738095 1304.5196960449218 842.1916442871094 1422.4323303222657 1001.5919250488281 0.8368443080357143 
74 1652.7865112304687 864.2963806152344 1803.3887817382813 1014.8988098144531 0.8563755580357143 1303.7313659667968 839.7836456298828 1423.7768127441407 999.1165618896484 0.8519577752976191 
75 1652.5788146972657 865.6153625488281 1803.2006042480468 1014.0541931152344 0.8498418898809523 1305.4099365234374 840.5956878662109 1423.2878173828126 1002.1320343017578 0.8380998883928571 
76 1658.7247497558594 864.3386627197266 1802.606915283203 1012.5809539794922 0.8480515252976191 1305.0562805175782 837.6751708984375 1418.4179626464843 998.9976806640625 0.8552362351190477 
77 1656.3174255371093 863.5472930908203 1804.5750305175782 1013.985238647461 0.8506324404761905 1307.9788696289063 841.4931121826172 1408.2708862304687 994.1113189697265 0.8395879836309523 
78 1654.4521728515624 865.1150756835938 1802.4972900390626 1013.1601928710937 0.8603748139880952 1298.2394775390626 849.6239227294922 1398.3877197265624 986.7833648681641 0.8382626488095238 
79 1653.5788208007812 867.1070190429688 1803.7551635742188 1012.9304565429687 0.8693963913690477 1292.4524536132812 846.5980346679687 1394.7465209960938 981.5390502929688 0.8357282366071429 
80 1657.6924194335938 867.4214691162109 1801.4665161132812 1013.3740020751953 0.8467959449404762 1288.2868347167969 841.6158477783204 1395.0282287597656 978.8547943115234 0.8458658854166666 
81 1655.8086181640624 866.363070678711 1803.6950439453126 1014.2494171142578 0.8691871279761905 1290.107684326172 831.98447265625 1403.1973693847656 973.3464599609375 0.8290085565476191 
82 1659.7977966308595 864.954296875 1803.255303955078 1012.758837890625 0.8503766741071429 1295.3023315429687 832.7683532714843 1395.2877563476563 969.7049133300782 0.8073614211309523 
83 1665.4062072753907 867.5976989746093 1802.1298034667968 1013.0020324707032 0.83349609375 1296.6367980957032 826.6140014648438 1402.9773376464843 965.5077026367187 0.80712890625 
84 1669.523699951172 869.207144165039 1801.7579162597656 1010.1124969482422 0.8311011904761905 1301.8357666015625 817.0138366699218 1412.3922607421875 962.2547180175782 0.8006184895833334 
85 1671.95546875 868.6763458251953 1802.13828125 1007.5380706787109 0.8142671130952381 1309.6967346191407 812.5976104736328 1411.6732604980468 960.1381683349609 0.7890625 
86 1680.2361389160155 870.9081939697265 1799.752508544922 1005.6356903076172 0.8017345610119048 1315.9201110839845 808.9769683837891 1420.225274658203 958.9156707763672 0.8053617931547619 
87 1682.108905029297 871.3843444824219 1799.6959045410156 1006.3915344238281 0.7901785714285714 1323.4855712890626 811.5020904541016 1428.0073486328124 957.3970184326172 0.8117792038690477 
88 1689.4703002929687 868.1643981933594 1802.7794555664063 1005.4427795410156 0.8040364583333334 1332.2782897949219 813.772671508789 1432.5133361816406 957.5881072998047 0.8103608630952381 
89 1691.3443603515625 870.2105377197265 1800.5303955078125 1003.4174530029297 0.7958286830357143 1335.7339233398438 811.8380279541016 1440.5524536132812 955.9635467529297 0.8086867559523809 
90 1693.6196350097657 868.8338256835938 1798.4818054199218 999.9116577148437 0.7769949776785714 1345.0870300292968 809.9328460693359 1441.2106994628907 956.3030548095703 0.7912481398809523 
91 1692.5617797851562 868.4754486083984 1795.2043334960938 997.3245391845703 0.7745303199404762 1353.5560729980468 808.4187042236329 1438.7274963378907 948.1871917724609 0.8075474330357143 
92 1681.1617614746094 864.7374633789062 1796.958721923828 1002.3828979492188 0.8168247767857143 1360.3250305175782 805.1582885742188 1445.5342224121093 949.3583129882812 0.8024553571428571 
93 1675.4580017089843 865.3651000976563 1793.3573059082032 1000.7310913085937 0.8528413318452381 1366.8537658691407 809.6903930664063 1452.0032897949218 947.2396606445312 0.8158947172619048 
94 1667.7324768066405 862.0969024658203 1794.174139404297 999.4386810302734 0.8487490699404762 1375.440899658203 809.8600708007813 1462.6419860839844 949.3818725585937 0.8147321428571429 
95 1663.8377319335937 859.480517578125 1794.5140747070313 1001.04658203125 0.8587239583333334 1380.4544860839844 807.293798828125 1469.749981689453 951.037744140625 0.8101981026785714 
96 1663.9797119140626 858.9858123779297 1792.0132080078124 1002.2098052978515 0.8677687872023809 1388.2984191894532 803.3988464355468 1475.1008728027343 950.9629699707032 0.8007114955357143 
97 1665.0336791992188 858.5376983642578 1790.7734497070312 1001.6209320068359 0.8835797991071429 1396.5442687988282 801.5879821777344 1478.9255798339843 946.8390197753906 0.8058965773809523 
98 1662.5090576171874 859.7576324462891 1792.6283935546876 1002.8887908935546 0.8712797619047619 1400.3521728515625 800.870327758789 1489.2669677734375 948.3388397216797 0.8103608630952381 
99 1667.7449768066406 860.5767639160156 1789.048846435547 1003.5420104980469 0.8841610863095238 1406.5583923339843 803.673861694336 1495.3701965332032 948.8053253173828 0.81640625 
100 1660.0328430175782 862.3921722412109 1792.1518493652343 1005.3406768798828 0.8956705729166666 1412.038751220703 807.6618499755859 1498.6742614746095 948.4445343017578 0.8217308407738095 
101 1661.1043823242187 860.3832244873047 1790.7625610351563 1005.1681060791016 0.8862769717261905 1415.0864807128905 807.6888580322266 1501.525213623047 948.1517791748047 0.8115234375 
102 1664.1141418457032 859.0694366455078 1791.8120056152343 1004.0823577880859 0.8840215773809523 1419.6233459472655 809.8716186523437 1501.869451904297 948.3914428710938 0.8179175967261905 
103 1661.8407775878907 860.7213745117188 1791.7945983886718 1003.6705932617188 0.8826962425595238 1421.0097534179688 809.3230407714843 1501.1479614257812 950.1062805175782 0.81103515625 
104 1664.9828735351562 860.1055450439453 1792.8122924804688 1003.1011810302734 0.8705357142857143 1419.990283203125 812.5236785888671 1504.487744140625 949.0194732666016 0.8071754092261905 
105 1666.6842529296875 859.4306030273438 1791.9685791015625 1004.1555786132812 0.8828357514880952 1418.857177734375 811.9919738769531 1503.10009765625 950.2367858886719 0.8094308035714286 
106 1665.3007690429688 859.4642211914063 1793.2304809570312 1004.7404907226562 0.8815336681547619 1416.780010986328 811.8449768066406 1501.3436462402344 950.6163269042969 0.8112909226190477 
107 1665.2594299316406 859.6037139892578 1793.3400573730469 1005.0511322021484 0.8825334821428571 1416.1952697753907 811.9283416748046 1503.0294616699218 950.8632232666016 0.8154296875 
108 1662.5365905761719 860.2020812988281 1792.7928771972656 1005.6549743652344 0.8872535342261905 1417.3040161132812 810.6045654296875 1501.9706420898438 951.7155029296875 0.8144066220238095 
109 1661.1022888183593 860.3726409912109 1793.7027648925782 1006.0157257080078 0.8949497767857143 1419.3950988769532 810.7102233886719 1501.9985778808593 952.0057189941406 0.8225213913690477 
110 1665.1719604492187 860.2523742675781 1793.5409301757813 1006.0274108886719 0.9085286458333334 1421.069805908203 812.4695556640625 1503.7481872558594 951.7174560546875 0.8152901785714286 
111 1662.8896057128907 860.1807525634765 1793.2115905761718 1005.7068817138672 0.9037853422619048 1423.0470275878906 812.4795379638672 1503.4123229980469 951.4896392822266 0.8166155133928571 
112 1664.6542907714843 858.779263305664 1794.9346984863282 1006.4302703857422 0.8982514880952381 1424.8883728027345 812.763540649414 1505.227960205078 953.9005828857422 0.822265625 
113 1663.7479431152344 859.8259979248047 1792.100567626953 1005.582388305664 0.9087379092261905 1426.3706970214844 809.3718536376953 1509.0386047363281 957.303744506836 0.8327520461309523 
114 1662.837579345703 859.5196014404297 1793.2179626464845 1005.110952758789 0.9137834821428571 1434.8391479492188 810.5433380126954 1513.0673461914062 960.4807708740234 0.8406575520833334 
115 1663.5649963378905 857.4545715332031 1793.669256591797 1004.9060241699219 0.8905087425595238 1449.3934204101563 818.8403625488281 1527.4559448242187 968.4601745605469 0.8364490327380952 
116 1667.5951782226562 857.8209014892578 1792.8664916992188 1002.5307220458984 0.8963913690476191 1460.8311889648437 816.2022644042969 1549.3851196289063 976.0310119628906 0.8669782366071429 
117 1667.3360595703125 855.8144836425781 1796.6917724609375 1002.4175720214844 0.8896716889880952 1471.3125244140624 819.2466217041016 1574.7970947265626 980.9411834716797 0.8833240327380952 
118 1670.26728515625 854.9981140136719 1795.09013671875 1001.3422180175781 0.8780459449404762 1485.433331298828 828.6760314941406 1590.8871032714844 987.9328552246094 0.8871372767857143 
119 1668.5848571777344 856.6071380615234 1794.884014892578 1000.0317169189453 0.8807663690476191 1494.1204711914063 837.0117950439453 1605.4351928710937 993.2803802490234 0.8885091145833334 
120 1671.900323486328 855.1273895263672 1793.8192810058595 1002.713491821289 0.8819289434523809 1503.171856689453 842.3760620117188 1618.6739685058594 1000.6567749023437 0.8900204613095238 
121 1670.4672790527343 851.6201690673828 1796.6883605957032 1003.513314819336 0.8703031994047619 1505.9027038574218 849.4808502197266 1632.1237854003907 1005.6526336669922 0.8874860491071429 
122 1673.0688598632812 856.877651977539 1794.2624389648438 1001.4595672607422 0.8685128348214286 1514.4212768554687 858.0224822998047 1635.6148559570313 1006.8568511962891 0.8841145833333334 
123 1673.9119079589843 854.8397613525391 1794.7476379394532 1003.2343963623047 0.8749302455357143 1516.8744873046876 861.3625793457031 1641.9499755859374 1009.7572937011719 0.8800688244047619 
124 1674.1629516601563 856.9666778564454 1792.8917358398437 1003.2573822021484 0.8746744791666666 1518.2499694824219 863.2455993652344 1645.4593811035156 1011.6565002441406 0.8792085193452381 
125 1673.8938354492188 857.8292297363281 1794.2514282226562 1001.4136901855469 0.8716285342261905 1518.6145874023437 865.7068664550782 1647.4183715820313 1011.4028747558593 0.8653506324404762 
126 1673.6008850097655 856.0002655029297 1793.602850341797 1001.2656646728516 0.8690708705357143 1522.262384033203 867.3364379882812 1648.5802673339845 1012.6019165039063 0.8487025669642857 
127 1673.6612670898437 858.5092224121094 1793.8963500976563 1001.9476867675781 0.8702566964285714 1522.0287536621095 867.7581024169922 1648.591973876953 1015.4152984619141 0.8388206845238095 
128 1673.6403381347657 858.7902557373047 1793.7648132324218 1002.0967681884765 0.8678152901785714 1524.2545776367188 869.8948699951172 1646.4866333007812 1015.308804321289 0.8193359375 
129 1674.7711059570313 858.3193634033203 1792.8492553710937 1001.699984741211 0.8717680431547619 1524.578192138672 872.4303741455078 1651.0906311035155 1020.0280609130859 0.8377511160714286 
130 1672.9504028320312 857.9851684570312 1792.9975952148438 1001.1994018554688 0.8713030133928571 1526.6579711914062 875.5629608154297 1650.9174682617188 1020.883267211914 0.8401227678571429 
131 1674.7622314453124 857.6542388916016 1794.7824462890626 1000.8361785888671 0.8690941220238095 1528.5027648925782 876.8477478027344 1652.7341735839843 1022.1352844238281 0.8343331473214286 
132 1674.8675537109375 857.779541015625 1794.9144287109375 1003.099609375 0.8681640625 1528.818505859375 877.4634246826172 1650.971533203125 1020.6772613525391 0.8424479166666666 
133 1672.9651428222655 857.9255157470703 1794.909490966797 1002.9971527099609 0.8683965773809523 1528.7829711914062 877.575634765625 1652.8298217773438 1020.5448486328125 0.8407040550595238 
134 1675.3211608886718 858.0434417724609 1795.1057189941407 1003.0457305908203 0.8566545758928571 1529.5915100097657 879.7857055664062 1651.4774597167968 1018.4835815429688 0.8301013764880952 
135 1674.465966796875 859.6801849365235 1794.01962890625 1002.3055938720703 0.8743257068452381 1528.7751586914062 879.2830871582031 1652.5236694335938 1019.8111511230469 0.8270321800595238 
136 1674.269677734375 859.739144897461 1793.79794921875 1002.3344024658203 0.8778831845238095 1528.609600830078 877.4829284667969 1652.3319274902344 1020.0781066894531 0.8280552455357143 
137 1673.9269409179688 859.833950805664 1793.4072875976562 1002.3719207763672 0.8845563616071429 1528.32529296875 877.5705841064453 1651.99794921875 1020.1085540771485 0.8372395833333334 
138 1675.160662841797 859.7576385498047 1794.4615295410156 1002.0815338134765 0.8837890625 1528.1677612304688 879.3190826416015 1651.6547485351562 1019.5499969482422 0.8321940104166666 
139 1675.421697998047 859.6734313964844 1794.8628479003905 1002.1648254394531 0.8844401041666666 1528.739306640625 877.6460571289062 1648.180615234375 1018.0419311523438 0.8331008184523809 
140 1675.8280090332032 858.3991638183594 1795.2929626464843 1005.1104797363281 0.8573288690476191 1529.1165832519532 878.7130493164062 1648.5815368652343 1017.0408569335938 0.8181966145833334 
141 1675.7401977539062 858.1433410644531 1795.0796264648438 1004.7004089355469 0.8683965773809523 1527.5726135253906 878.1942352294922 1646.911883544922 1018.4703765869141 0.8165225074404762 
142 1673.8340637207032 860.7218536376953 1793.2349060058593 1003.164926147461 0.8773484002976191 1528.8128234863282 878.688345336914 1648.2136657714843 1019.0366912841797 0.8227074032738095 
143 1675.128759765625 859.1419250488282 1794.4310546875 1001.4673278808593 0.8898344494047619 1530.4687866210938 878.70361328125 1647.6779418945312 1018.93603515625 0.8169177827380952 
144 1675.4618408203125 860.6100860595703 1792.6338623046875 1002.8903411865234 0.8865792410714286 1526.9045288085938 878.5561004638672 1648.2612426757812 1018.744009399414 0.8241024925595238 
145 1675.5281677246094 861.1304748535156 1794.7680969238281 1003.3816101074219 0.8828125 1527.4841186523438 877.222280883789 1646.7238891601562 1019.4733367919922 0.8173363095238095 
146 1675.7020080566406 859.3225982666015 1794.873065185547 1003.5823699951172 0.8797433035714286 1530.0752502441405 877.4958068847657 1642.974188232422 1017.5741394042968 0.8222888764880952 
147 1677.3524230957032 859.9527069091797 1794.2783142089843 1004.0222076416015 0.8824637276785714 1527.7417419433593 877.8609771728516 1646.7556945800782 1019.8425750732422 0.8156854538690477 
148 1676.952813720703 858.2723602294922 1795.9518493652345 1002.3237701416016 0.8797433035714286 1527.842755126953 877.784292602539 1644.7540466308594 1019.7481170654297 0.8173130580357143 
149 1677.3192565917968 858.1895416259765 1794.2321350097657 1002.2430145263672 0.8788132440476191 1528.2071228027344 877.7017974853516 1643.0322570800781 1019.6675262451172 0.8063383556547619 
150 1678.1444519042968 857.9030670166015 1795.1271545410157 1002.0425506591797 0.8729306175595238 1526.8542175292969 877.1859741210938 1645.9259338378906 1021.3253784179688 0.8062220982142857 
151 1677.6560363769531 859.0351409912109 1794.8186950683594 1003.3963165283203 0.8586774553571429 1526.615948486328 876.7383270263672 1641.6864196777344 1021.0995025634766 0.7854352678571429 
152 1679.1728637695312 859.5983978271485 1794.2377807617188 1001.8604034423828 0.865234375 1527.6572875976562 878.9099822998047 1644.8143920898438 1021.171987915039 0.7911086309523809 
153 1680.7714111328125 859.7622497558593 1793.8428466796875 1002.1482727050782 0.8649321056547619 1526.7884155273437 879.0906799316406 1648.2352661132813 1021.4767028808594 0.7930385044642857 
154 1683.0012756347655 860.6736572265625 1793.907049560547 1000.87529296875 0.8529575892857143 1526.7835327148437 879.9896453857422 1652.3373168945313 1020.1912017822266 0.7956426711309523 
155 1682.3804870605468 858.6047515869141 1795.3952697753907 1000.9196014404297 0.8498186383928571 1527.7499084472656 879.7748901367188 1655.4147644042969 1019.9968383789062 0.7995024181547619 
156 1681.8801513671874 858.9983062744141 1794.7084716796876 1001.0782928466797 0.8706519717261905 1526.7815490722655 879.8924102783203 1660.503973388672 1021.9723968505859 0.7850399925595238 
157 1682.7537902832032 859.1153350830078 1793.3098083496093 1000.9607757568359 0.8599097842261905 1529.7564025878905 880.2156372070312 1659.086248779297 1019.9751586914062 0.7596028645833334 
158 1680.9245544433593 861.270376586914 1793.4093078613282 1000.8347869873047 0.8549339657738095 1529.5027099609374 882.3412261962891 1662.8180908203126 1019.8226531982422 0.7532319568452381 
159 1680.9636657714843 859.9301879882812 1793.3411437988282 1001.4426147460938 0.8588634672619048 1531.2871704101562 880.980990600586 1664.4752807617188 1020.4122589111328 0.7703218005952381 
160 1682.2830017089843 862.0535125732422 1792.5022766113282 1001.3873443603516 0.8565615699404762 1530.3914855957032 883.0895446777344 1667.6457458496093 1020.3438049316406 0.7652994791666666 
161 1680.843017578125 861.7962005615234 1793.196533203125 1001.1976348876954 0.8544456845238095 1530.7183898925782 882.8424133300781 1668.0393005371093 1020.1633239746094 0.7691359747023809 
162 1682.0099365234375 862.0547485351562 1792.2407958984375 1001.4032592773438 0.8601422991071429 1531.9422973632813 883.0930053710938 1667.1311889648437 1020.3617065429687 0.7730422247023809 
163 1680.0091247558594 858.5074523925781 1794.4756164550781 1002.1109558105469 0.8632347470238095 1532.1631652832032 881.1606201171875 1665.3606384277343 1022.6828857421875 0.7728329613095238 
164 1676.3199279785156 858.8029602050781 1792.866229248047 1002.4045593261719 0.8724190848214286 1533.9989807128907 881.695947265625 1663.0323913574218 1021.1352294921875 0.7684151785714286 
165 1679.9579223632813 857.1861114501953 1792.4222045898437 1002.9731292724609 0.8564685639880952 1533.6102172851563 881.6975494384766 1664.8184936523437 1023.3192352294922 0.7735537574404762 
166 1679.3256225585938 858.3795989990234 1793.8960571289062 1002.1136260986328 0.8695824032738095 1531.3452392578124 881.0533721923828 1664.6637939453126 1022.7042572021485 0.7864118303571429 
167 1681.040460205078 859.8601928710938 1793.3934997558595 1001.3418334960937 0.8648390997023809 1531.3964782714843 880.6662750244141 1664.5555480957032 1022.1479949951172 0.7888764880952381 
168 1681.2947082519531 858.7805114746094 1791.8335876464844 1000.6041320800781 0.8614443824404762 1531.048291015625 881.2412750244141 1664.529345703125 1023.0648162841796 0.7961774553571429 
169 1681.1063232421875 857.2320983886718 1791.6697998046875 1001.1732971191407 0.8461681547619048 1532.6719299316405 883.3886108398438 1664.096502685547 1023.1576538085938 0.7885509672619048 
170 1680.0817932128907 858.3862609863281 1790.6441589355468 1000.2397155761719 0.8568173363095238 1531.8898559570312 880.8517059326172 1661.2268432617188 1022.7052398681641 0.7930152529761905 
171 1681.6284118652343 859.0616638183594 1792.2120422363282 1000.9427307128906 0.8592122395833334 1531.3210998535155 879.9265319824219 1664.856268310547 1021.8075988769531 0.7875744047619048 
172 1680.3001220703125 857.1916076660157 1793.1259033203125 1001.3578308105468 0.8649321056547619 1531.8747802734374 879.9335479736328 1663.5048583984376 1022.0103607177734 0.7973400297619048 
173 1680.0775268554687 859.1616943359375 1792.8318969726563 1001.1486083984375 0.8632579985119048 1531.7462280273437 880.0421264648437 1663.2928344726563 1022.0290405273438 0.7935035342261905 
174 1680.2117126464843 858.280712890625 1792.9637023925782 1002.35283203125 0.8555617559523809 1533.73037109375 881.0078491210937 1663.186376953125 1022.9919067382813 0.7867838541666666 
175 1680.1770446777343 856.5319183349609 1792.8972961425782 1002.6507598876954 0.8593982514880952 1531.890576171875 881.0991333007812 1663.397509765625 1023.0432006835938 0.8011765252976191 
176 1682.0809143066406 857.4037475585938 1792.822283935547 1001.5764770507812 0.8410993303571429 1532.041571044922 881.7539642333984 1661.5881896972655 1023.8372833251954 0.79443359375 
177 1681.123065185547 857.2601776123047 1791.8165100097656 1001.3706207275391 0.8583751860119048 1532.7550659179688 881.3588623046875 1662.2456665039062 1025.469384765625 0.7938988095238095 
178 1681.6019165039063 856.907992553711 1792.3104370117187 1001.0381134033203 0.8493071056547619 1531.8479370117188 881.2510650634765 1659.2672973632812 1023.2923309326172 0.7984095982142857 
179 1681.5767761230468 856.8584197998047 1792.2207092285157 1002.9918609619141 0.8551432291666666 1531.9104797363282 881.4281311035156 1659.2554138183593 1023.3863220214844 0.8050362723214286 
180 1681.4823791503907 857.6491302490234 1791.9171569824218 1001.4228302001953 0.8586542038690477 1532.0986389160157 881.9319671630859 1659.2029968261718 1023.6220489501953 0.8023623511904762 
181 1680.2401611328125 857.0325012207031 1792.6006591796875 1002.6850280761719 0.8484700520833334 1531.54658203125 879.9207580566406 1656.391650390625 1021.4117614746094 0.8048502604166666 
182 1682.0216674804688 855.5059539794922 1792.2661743164062 1001.1119049072265 0.8462146577380952 1531.5355712890625 879.7469360351563 1656.3406494140625 1023.2728393554687 0.7981305803571429 
183 1681.9550048828125 855.3438537597656 1794.3028076171875 1000.9798767089844 0.8395182291666666 1531.917919921875 879.8298950195312 1654.66826171875 1021.3048706054688 0.7983863467261905 
184 1682.2790588378907 856.8399169921875 1794.5870300292968 1002.424365234375 0.8414481026785714 1532.055029296875 879.4774688720703 1656.84169921875 1022.9821868896485 0.7927594866071429 
185 1684.230291748047 858.1084411621093 1794.5085998535155 1001.6783020019532 0.8457263764880952 1533.9381164550782 879.1557800292969 1656.7006774902343 1020.6448791503906 0.7897832961309523 
186 1682.0018371582032 855.7269927978516 1794.4335876464843 1001.4717987060546 0.8355654761904762 1532.4932556152344 878.3895294189454 1663.6636047363281 1022.0523040771484 0.7801571800595238 
187 1685.8303344726562 856.4801666259766 1794.3000366210938 1000.4111297607421 0.8448893229166666 1531.8708435058593 879.1850311279297 1667.4578918457032 1021.029995727539 0.7936895461309523 
188 1686.1009399414063 857.4739227294922 1794.6449096679687 1001.5034332275391 0.8472377232142857 1532.0359130859374 880.1943237304688 1667.7157958984376 1022.1364868164062 0.7893415178571429 
189 1685.9947692871094 857.7587158203125 1794.457012939453 1001.6797607421875 0.8447265625 1532.0457336425782 878.8575439453125 1667.6235778808593 1020.6927490234375 0.7950148809523809 
190 1686.3376159667969 856.5101989746094 1794.8785705566406 1000.5358215332031 0.84765625 1532.517529296875 879.2299194335938 1666.106494140625 1021.1682739257812 0.7940848214285714 
191 1688.2114196777343 856.8528717041015 1794.6024230957032 1000.7936737060547 0.8430989583333334 1532.63671875 879.5592803955078 1666.14697265625 1021.4139251708984 0.7913876488095238 
192 1686.8520751953124 858.5242645263672 1795.6020263671876 1000.735806274414 0.8423316592261905 1530.8858154296875 879.4377166748047 1666.8234130859375 1021.6492584228515 0.7982700892857143 
193 1682.944158935547 857.501513671875 1795.7456604003905 1001.6367919921875 0.8487258184523809 1532.7029541015625 880.4796081542969 1666.3934814453125 1020.4370178222656 0.7975725446428571 
194 1684.247540283203 856.9013366699219 1795.1444274902344 1001.2763977050781 0.8377976190476191 1530.5372375488282 879.9176422119141 1662.3579040527343 1020.1079315185547 0.8167550223214286 
195 1680.6114013671875 857.1664245605468 1795.8746826171875 1001.7693664550782 0.8475399925595238 1530.6080688476563 878.3652038574219 1660.5411010742187 1020.8724670410156 0.8174525669642857 
196 1682.7232177734375 858.4060791015625 1795.9552490234375 1000.99443359375 0.8514462425595238 1529.4084899902343 879.6168975830078 1657.3186828613282 1020.1083831787109 0.8187779017857143 
197 1682.9861267089843 857.2769622802734 1794.0940734863282 1001.9269561767578 0.8549339657738095 1529.9505493164063 878.4825988769531 1653.6368530273437 1021.0361999511719 0.8256603422619048 
198 1682.6321228027343 857.8319061279296 1795.8570129394532 1002.5082427978516 0.8560035342261905 1528.4397827148437 877.1866516113281 1650.0516723632813 1021.8629089355469 0.8142438616071429 
199 1682.5075134277345 858.3005981445312 1795.804132080078 1000.9705200195312 0.8507021949404762 1526.6034912109376 877.6675415039062 1648.2925048828124 1020.3374633789062 0.8213123139880952 
200 1682.5404296875 856.193228149414 1795.974951171875 1001.1372772216797 0.8463541666666666 1526.9316528320312 877.4419525146484 1644.5673706054688 1020.2854034423829 0.8007579985119048 
201 1682.3564880371093 856.1520294189453 1795.7400695800782 1001.0310150146485 0.8458193824404762 1523.5872863769532 875.5338653564453 1641.1701599121093 1020.4128509521485 0.8078497023809523 
202 1682.5755676269532 855.94521484375 1794.0583435058593 1001.08310546875 0.8480050223214286 1520.7718566894532 875.6043548583984 1632.2546325683593 1018.6388702392578 0.8091285342261905 
203 1681.6431945800782 856.8312866210938 1793.1323181152343 1001.9774291992187 0.8580031622023809 1516.594140625 874.3880096435547 1628.08310546875 1021.6376861572265 0.8548409598214286 
204 1676.9585998535156 857.7556884765625 1789.699481201172 1001.813525390625 0.8584914434523809 1512.906182861328 873.3338287353515 1627.7348083496095 1021.5672332763672 0.8269391741071429 
205 1671.8734313964844 857.1112976074219 1790.098370361328 1002.7812805175781 0.8766276041666666 1512.075 873.107388305664 1621.85517578125 1020.8885223388672 0.8328218005952381 
206 1667.2838928222657 858.2685699462891 1787.3036315917968 1003.5557098388672 0.8490745907738095 1511.3877075195312 872.6029479980468 1620.8793823242188 1019.9956848144532 0.8269159226190477 
207 1663.521173095703 858.2721862792969 1783.4914001464845 1003.4994201660156 0.8394949776785714 1511.170184326172 874.7054260253906 1618.5120666503906 1017.8277770996094 0.8214983258928571 
208 1659.7721801757812 860.0125030517578 1779.8288940429688 1003.237924194336 0.8364490327380952 1510.5520141601562 874.5942901611328 1617.9711791992188 1017.819711303711 0.8192429315476191 
209 1657.4437133789063 861.3811798095703 1777.4991577148437 1004.6053314208984 0.8566313244047619 1509.3590576171875 875.9628448486328 1620.9895751953125 1019.1869964599609 0.826171875 
210 1655.3607849121095 862.3990020751953 1775.357354736328 1003.4474945068359 0.8645600818452381 1510.830712890625 876.9734649658203 1620.301123046875 1018.0219573974609 0.8179175967261905 
211 1655.6789855957031 863.680941772461 1773.4002380371094 1004.5261505126953 0.8714657738095238 1512.7316040039063 876.6174133300781 1622.0442749023437 1017.4625427246094 0.8302873883928571 
212 1655.5885681152345 863.4211853027343 1775.121759033203 1003.9251281738282 0.8682338169642857 1510.8905090332032 874.2291778564453 1626.2294860839843 1018.9272552490235 0.8369838169642857 
213 1656.7752502441406 864.0311828613281 1776.225604248047 1004.4376892089844 0.8623744419642857 1511.9357604980469 874.8317016601562 1629.2904357910156 1019.4294067382813 0.8178013392857143 
214 1658.0823608398437 863.7928924560547 1775.5777954101563 1004.3676910400391 0.8685360863095238 1511.2130981445312 876.4623504638672 1628.7085327148438 1019.135366821289 0.8331240699404762 
215 1658.2708679199218 862.6788116455078 1775.9702209472657 1003.4975189208984 0.8532831101190477 1511.1468444824218 875.3703186035157 1628.8461975097657 1018.2908142089843 0.8386579241071429 
216 1659.1494567871093 862.5430969238281 1776.7224914550782 1003.2108093261719 0.8384254092261905 1512.4253967285156 877.0781829833984 1627.898944091797 1017.7459747314454 0.8248465401785714 
217 1658.1259521484376 862.6940216064453 1777.8440185546874 1003.4152923583985 0.8428664434523809 1511.3460754394532 875.3767303466797 1628.9638610839843 1018.1982818603516 0.8266834077380952 
218 1658.0031799316407 862.0950927734375 1777.5887390136718 1004.7586669921875 0.8435639880952381 1511.3857666015624 875.0057983398438 1628.8732666015626 1017.6693725585938 0.8296363467261905 
219 1659.2378295898438 862.9974700927735 1776.6342407226562 1005.5501983642578 0.8553292410714286 1512.4923461914063 875.8981658935547 1629.8887573242187 1018.450894165039 0.8294735863095238 
220 1657.7331237792969 862.0643127441406 1777.4173889160156 1002.7459899902344 0.8515159970238095 1513.0942016601562 876.6008728027343 1626.4795288085938 1017.2825500488282 0.8261951264880952 
221 1657.1419799804687 860.9444519042969 1778.8211547851563 1003.6027893066406 0.8479817708333334 1513.1119689941406 875.4684997558594 1624.3014831542969 1018.1268371582031 0.8414481026785714 
222 1654.9995666503905 863.0861358642578 1778.664129638672 1003.5189056396484 0.8585611979166666 1514.808575439453 877.8387847900391 1623.8011657714844 1016.1755584716797 0.8330078125 
223 1657.4279724121093 862.7265380859375 1778.8914855957032 1003.03798828125 0.8558407738095238 1514.1362731933593 877.2248291015625 1620.9405090332032 1017.536279296875 0.853515625 
224 1659.1934753417968 862.63046875 1778.5305236816407 1002.9038330078125 0.8581194196428571 1514.088720703125 877.3664245605469 1620.863916015625 1015.5461730957031 0.8542596726190477 
225 1657.4945373535156 862.9873352050781 1779.0085144042969 1003.3570251464844 0.8511904761904762 1514.6269653320312 875.8801055908203 1617.2853881835938 1016.2497161865234 0.8517252604166666 
226 1655.9126708984375 862.4174835205079 1779.4913818359375 1004.8472259521484 0.8562825520833334 1514.6912963867187 875.3070709228516 1619.4190551757813 1017.7368133544921 0.8452845982142857 
227 1657.8266174316407 862.9055786132812 1779.1888854980468 1003.0999145507812 0.8572823660714286 1513.28642578125 873.689730834961 1617.909130859375 1018.0689971923828 0.8407505580357143 
228 1657.631982421875 862.0354705810547 1778.820166015625 1004.1181549072265 0.8452613467261905 1511.2097595214843 874.6525390625 1619.8611633300782 1018.8246337890625 0.8537016369047619 
229 1659.9255859375 863.9179595947265 1777.065869140625 1004.0679412841797 0.8418201264880952 1511.48896484375 874.6987274169921 1618.17021484375 1019.0322906494141 0.8574683779761905 
230 1658.4425415039063 861.3618713378906 1777.4956909179687 1003.3902038574219 0.8337518601190477 1511.1925720214845 875.8217712402344 1611.447930908203 1017.8501037597656 0.8294503348214286 
231 1658.1507873535156 864.4243194580079 1775.1547546386719 1002.3218353271484 0.8328218005952381 1510.8512756347657 876.799771118164 1609.0509460449218 1018.8759490966797 0.8184988839285714 
232 1655.122784423828 863.6780151367187 1774.2779724121094 1001.6471801757813 0.8609793526785714 1507.9878356933593 876.0598724365234 1606.2386047363282 1018.2098419189454 0.8009905133928571 
233 1654.7370544433593 862.9969116210938 1771.8682922363282 1001.0444702148437 0.8489815848214286 1505.6681579589845 875.1444671630859 1603.974786376953 1019.4669219970704 0.8041294642857143 
234 1651.0130493164063 863.6048919677735 1770.1893432617187 1001.5984161376953 0.8371465773809523 1503.3696716308593 875.7476654052734 1605.8194152832032 1020.0136260986328 0.8063151041666666 
235 1647.5657653808594 861.1310455322266 1768.8369445800781 1001.2200897216796 0.8427501860119048 1501.7669738769532 876.9734649658203 1604.2202087402343 1019.1534271240234 0.7958984375 
236 1645.1083923339843 861.7285400390625 1768.2825988769532 1001.6042236328125 0.8561662946428571 1500.0135375976563 875.459115600586 1600.2230346679687 1021.5979522705078 0.8144298735119048 
237 1642.838720703125 862.9335296630859 1765.603662109375 1002.3444854736329 0.8675362723214286 1501.90712890625 876.8586273193359 1597.62216796875 1020.4311065673828 0.8053850446428571 
238 1641.203680419922 862.0881500244141 1766.1260314941405 1003.6666717529297 0.87451171875 1499.9455200195312 876.0217346191406 1599.8833374023438 1021.7643981933594 0.8122209821428571 
239 1639.778094482422 864.2226593017579 1764.4649475097656 1003.4563568115234 0.8716750372023809 1500.1448364257812 876.2917022705078 1601.9723510742188 1021.7597503662109 0.8078729538690477 
240 1641.1378356933594 862.843392944336 1765.834210205078 1004.1659454345703 0.8596307663690477 1501.4937744140625 875.1531524658203 1603.3292236328125 1020.6323089599609 0.7980840773809523 
241 1641.5778015136718 863.283822631836 1766.3078186035157 1004.6444610595703 0.8619791666666666 1500.0572570800782 877.4358612060547 1603.9990173339843 1020.875357055664 0.7903878348214286 
242 1643.4884704589845 864.9513275146485 1766.116143798828 1004.2064483642578 0.8575381324404762 1501.7552429199218 877.5018493652344 1605.6770080566407 1018.8354309082031 0.7940615699404762 
243 1643.5412292480469 865.5775939941407 1766.1993713378906 1002.7883728027343 0.8510277157738095 1501.7727661132812 877.8913482666015 1605.7203979492188 1019.2600799560547 0.8053617931547619 
244 1643.1880676269532 864.2899871826172 1766.1912048339843 1003.9716705322265 0.8523763020833334 1501.020654296875 876.8789611816406 1605.260595703125 1018.6454528808594 0.814453125 
245 1643.7846618652343 865.4601043701172 1766.5684875488282 1002.8115631103516 0.8564220610119048 1501.63056640625 877.7864868164063 1607.76591796875 1019.3001831054687 0.8144298735119048 
246 1643.6190307617187 865.5742370605469 1766.5169555664063 1003.0532043457031 0.8550037202380952 1501.5734252929688 877.9120819091797 1605.7241821289062 1019.557095336914 0.8118257068452381 
247 1643.7728210449218 863.7721405029297 1766.7375549316407 1005.4942779541016 0.8634207589285714 1500.0466064453126 878.2008422851562 1604.2541748046874 1019.9230590820313 0.8287295386904762 
248 1644.605157470703 866.1857788085938 1767.4413513183595 1003.5957153320312 0.8599330357142857 1497.586181640625 878.5173919677734 1603.7666015625 1020.0913116455079 0.8315197172619048 
249 1644.4313842773438 863.7048767089843 1767.2671020507812 1003.1963684082032 0.8593982514880952 1499.4947692871094 877.8782257080078 1601.510968017578 1019.4516693115235 0.8322870163690477 
250 1644.6111877441406 865.5176208496093 1767.663836669922 1003.1698791503907 0.8581426711309523 1497.5735412597655 877.871044921875 1601.855535888672 1019.6945068359375 0.8274274553571429 
251 1646.4558959960937 864.9949310302734 1769.4737915039063 1004.6931182861329 0.8578636532738095 1497.8561218261718 877.3448211669922 1602.1085998535157 1021.213101196289 0.8333100818452381 
252 1643.9648742675781 865.363427734375 1769.0462341308594 1005.0375732421875 0.8600260416666666 1495.3907348632813 875.86708984375 1601.7098510742187 1021.795263671875 0.83251953125 
253 1645.9686279296875 863.819937133789 1768.9385986328125 1003.4636932373047 0.8513997395833334 1495.8235961914063 877.768276977539 1600.0352905273437 1021.5805389404297 0.8424479166666666 
254 1647.079815673828 865.0945922851563 1767.6346618652344 1002.2776000976562 0.8571893601190477 1497.3455810546875 876.926220703125 1599.1937255859375 1022.423388671875 0.8402157738095238 
255 1644.0094909667969 864.3057830810546 1768.6988830566406 1003.5421783447266 0.8566545758928571 1498.2189697265626 876.3750518798828 1597.9704833984374 1021.8459564208985 0.8299153645833334 
256 1644.0026611328126 863.2109466552735 1768.5195556640624 1002.2546905517578 0.8402157738095238 1494.9817810058594 875.024057006836 1596.6704406738281 1022.3689483642578 0.8309616815476191 
257 1648.3500610351562 865.0431579589844 1768.6479858398438 1001.9340148925781 0.8477492559523809 1495.9831176757812 875.2541564941406 1595.5400756835938 1020.4414001464844 0.8294503348214286 
258 1643.849627685547 863.7535400390625 1768.2413146972656 1002.65771484375 0.8376116071428571 1494.101092529297 875.7940124511719 1589.4681213378906 1020.9177795410156 0.8213355654761905 
259 1641.0783081054688 863.0298217773437 1767.9187622070312 1002.3462768554688 0.8505394345238095 1490.8852661132812 873.0266693115234 1588.6147338867188 1022.7398712158204 0.8449823288690477 
260 1640.2188415527344 864.0121246337891 1765.3303527832031 999.5495819091797 0.8507952008928571 1487.759210205078 871.9518920898438 1585.7633728027345 1022.0857055664062 0.8308221726190477 
261 1636.2742309570312 863.3371276855469 1761.6483764648438 1001.2486877441406 0.82861328125 1486.9503479003906 873.1420288085938 1583.0705261230469 1023.5910034179688 0.8215448288690477 
262 1634.740185546875 862.7448211669922 1758.8806640625 1001.6140045166015 0.8370070684523809 1484.379541015625 870.9993438720703 1579.0630859375 1022.4929046630859 0.8159412202380952 
263 1629.1673828125 865.844189453125 1755.240087890625 1000.321826171875 0.8294968377976191 1482.4864501953125 870.3698791503906 1577.0411376953125 1021.6572204589844 0.8221726190476191 
264 1628.9922302246093 865.5288146972656 1752.4336730957032 999.4315124511719 0.8096633184523809 1480.8462646484375 871.6445953369141 1577.0887939453125 1022.2850311279296 0.8257300967261905 
265 1624.3612365722656 866.3682800292969 1751.5881042480469 1001.9378723144531 0.8309384300595238 1481.9730407714844 870.8605072021485 1577.914532470703 1023.1156280517578 0.8301711309523809 
266 1623.2879638671875 868.0555694580078 1750.1585693359375 1001.1656829833985 0.8225678943452381 1480.5786437988281 872.53525390625 1582.4910583496094 1022.28408203125 0.8325427827380952 
267 1624.8754943847657 866.9807678222656 1749.5963073730468 1002.0949157714844 0.8478190104166666 1482.0062561035156 873.5365509033203 1583.8615417480469 1021.1228118896485 0.8469122023809523 
268 1624.7552734375 867.4775970458984 1749.3013671875 1000.3266632080079 0.8452845982142857 1483.6831359863281 873.5452728271484 1585.3955993652344 1023.0004425048828 0.8375651041666666 
269 1626.8696228027343 867.236685180664 1749.2662414550782 1000.0059295654297 0.8420991443452381 1482.2116577148438 873.5400573730469 1585.9377563476562 1020.8309143066406 0.8577706473214286 
270 1625.2155212402345 868.992431640625 1749.712579345703 999.7144775390625 0.8497256324404762 1484.1984741210938 875.0576751708984 1585.8711059570312 1022.3793975830079 0.8416806175595238 
271 1626.7564453125 868.2122497558594 1751.2923828125 1001.0504455566406 0.8398670014880952 1483.8596252441407 874.518832397461 1587.6395202636718 1021.8862579345703 0.8408900669642857 
272 1626.7386169433594 868.0036895751953 1751.3835754394531 1000.958285522461 0.8438197544642857 1483.9562866210938 872.4781005859375 1585.7495239257812 1022.05205078125 0.8546549479166666 
273 1626.5099182128906 866.5321350097656 1751.3945007324219 1001.8236999511719 0.8420526413690477 1483.4529602050782 873.0965209960938 1585.4421813964843 1020.8766235351562 0.8532598586309523 
274 1627.949609375 866.8307312011718 1750.78818359375 1000.0793029785157 0.8356584821428571 1482.7695373535157 873.1568603515625 1586.8699890136718 1020.9794921875 0.8537016369047619 
275 1627.0760192871094 864.9462738037109 1752.6128234863281 1000.9444122314453 0.8142671130952381 1483.5135498046875 873.3958740234375 1583.9429931640625 1019.8553466796875 0.8589332217261905 
276 1625.9607727050782 865.4352416992188 1751.7410095214843 1001.6972045898438 0.8172433035714286 1480.0234130859376 870.1923034667968 1584.8403564453124 1021.1286193847657 0.8551664806547619 
277 1627.3591735839843 865.8668426513672 1750.9243957519532 1001.9979644775391 0.8313337053571429 1479.7092346191407 872.4719757080078 1584.4254089355468 1021.169076538086 0.8463774181547619 
278 1628.3854919433593 865.5775115966796 1752.0611633300782 999.7341949462891 0.8188011532738095 1479.2328979492188 870.0923828125 1581.9465454101562 1021.018701171875 0.8388671875 
279 1628.3896728515624 864.7360870361329 1751.9391845703126 1000.8499114990234 0.8065011160714286 1479.3894104003907 871.3404266357422 1581.9981628417968 1020.0186431884765 0.8546549479166666 
280 1628.8331176757813 865.1676086425781 1752.2179077148437 1001.0999694824219 0.8221726190476191 1476.8139892578124 868.0631896972657 1579.2861083984376 1020.7257507324218 0.8583751860119048 
281 1630.4504821777343 865.3459594726562 1753.7522766113282 1001.1867553710938 0.8354259672619048 1473.4699829101562 868.239614868164 1577.9628784179688 1020.7992645263672 0.8584449404761905 
282 1629.120623779297 864.8754821777344 1754.5723693847656 1000.7815002441406 0.8322870163690477 1470.9389770507812 865.9209442138672 1573.3911010742188 1020.6446685791016 0.8575148809523809 
283 1629.6000183105468 866.3234436035157 1755.3234436035157 1000.4286315917968 0.8161272321428571 1466.2398803710937 865.5175689697265 1568.9141723632813 1020.5766082763672 0.8373093377976191 
284 1630.0950744628906 862.8457550048828 1757.870379638672 998.999887084961 0.8111746651785714 1465.6627502441406 865.7461303710937 1566.2072448730469 1018.6576782226563 0.8185918898809523 
285 1631.9594665527343 862.2925018310547 1756.1080383300782 1001.1705718994141 0.8284272693452381 1463.0559875488282 862.2115356445313 1564.0581481933593 1015.8191040039062 0.8259858630952381 
286 1629.822265625 862.2106658935547 1757.7783203125 1000.6548736572265 0.8201032366071429 1463.5440490722656 863.985629272461 1564.230731201172 1015.0156524658203 0.8175223214285714 
287 1629.6204162597655 863.1052032470703 1757.645819091797 1001.6244720458984 0.8284737723214286 1466.7230224609375 863.0244812011719 1565.3656005859375 1016.2351623535156 0.8346586681547619 
288 1627.6901489257812 866.3306091308593 1755.6909545898438 1000.6265441894532 0.8404715401785714 1466.1959899902345 862.5373901367187 1566.917901611328 1015.7187133789063 0.8420061383928571 
289 1627.1307312011718 864.422573852539 1755.3735412597657 1001.0746795654297 0.8233584449404762 1468.565740966797 864.3417144775391 1569.4780822753905 1015.7102264404297 0.8243815104166666 
290 1625.5076965332032 865.1475524902344 1755.6494079589843 1001.5864562988281 0.8280784970238095 1466.9480285644531 863.2099670410156 1571.9009704589844 1016.4412780761719 0.8368675595238095 
291 1622.4581420898437 866.4421417236329 1754.8331176757813 1000.9182708740234 0.8282877604166666 1469.3138122558594 864.5025787353516 1570.1709289550781 1015.7882537841797 0.8254975818452381 
292 1625.1359069824218 865.9014495849609 1753.6078674316407 1000.6916290283203 0.8282877604166666 1469.2847106933593 861.8512115478516 1572.4834777832032 1017.7024383544922 0.8394949776785714 
293 1622.6195007324218 867.2994079589844 1753.2522033691407 1000.0392150878906 0.8180106026785714 1466.702862548828 863.2475524902344 1572.0518981933594 1017.0571350097656 0.8324032738095238 
294 1621.6832702636718 865.9072845458984 1754.1732971191407 1000.5003692626954 0.8214518229166666 1466.30263671875 863.7233856201171 1571.453466796875 1017.2435943603516 0.8301013764880952 
295 1623.0306335449218 867.9085083007812 1750.9655822753907 1000.0381469726562 0.8375186011904762 1464.3621398925782 862.0199340820312 1569.2268493652343 1017.2198120117188 0.8456566220238095 
296 1622.1044921875 866.6507080078125 1752.25048828125 1000.9950439453125 0.8263346354166666 1461.6824645996094 862.8560913085937 1568.7380676269531 1016.0926391601563 0.8384021577380952 
297 1622.9064514160157 865.4316528320312 1753.0126159667968 999.7347290039063 0.8206845238095238 1462.7757873535156 863.2524505615235 1567.7001647949219 1016.4419464111328 0.8546084449404762 
298 1624.4455139160157 864.9505340576172 1754.2945983886718 1001.0826080322265 0.8139415922619048 1459.5564697265625 862.7756439208985 1566.3678466796875 1017.7567657470703 0.8458426339285714 
299 1627.768865966797 864.6923736572265 1753.8528381347655 999.1818328857422 0.8183826264880952 1458.6063720703125 862.5101501464844 1565.7776611328125 1015.9122131347656 0.8464471726190477 
