0 2038.3700317382813 547.7386657714844 2245.7762084960937 676.4737365722656 0.7828311011904762 2216.4809326171876 883.1925506591797 2406.0073486328124 1036.9593658447266 0.8841378348214286 
1 2027.8393188476562 549.8644195556641 2242.580847167969 682.2883514404297 0.7937127976190477 2221.5198974609375 882.8514068603515 2404.0499267578125 1040.3285858154297 0.8896251860119048 
2 2031.3921997070313 549.357275390625 2238.915173339844 685.3205810546875 0.7928059895833334 2217.8599853515625 882.2472229003906 2407.4930419921875 1043.2563171386719 0.8962983630952381 
3 2037.430908203125 549.0245574951172 2241.381103515625 677.8352447509766 0.7942475818452381 2217.1604125976564 880.6846405029297 2413.9545776367186 1045.2761138916017 0.8986235119047619 
4 2036.57216796875 548.7458618164062 2247.63681640625 677.5312377929688 0.7866675967261905 2220.669140625 879.927944946289 2410.26982421875 1048.0644256591797 0.9042271205357143 
5 2034.9891357421875 552.2604156494141 2242.5162353515625 677.4924530029297 0.7865978422619048 2221.4608642578123 883.5059692382813 2411.0977294921877 1048.0965698242187 0.9027390252976191 
6 2029.5875122070313 553.3134399414063 2240.919079589844 682.2616333007812 0.7877139136904762 2218.6012573242188 878.1637725830078 2415.6055297851562 1057.258529663086 0.9094354538690477 
7 2040.7811889648438 547.0436340332031 2244.6853637695312 682.9798034667969 0.7765997023809523 2220.8829833984373 884.5450897216797 2414.0554931640627 1052.6766510009766 0.9019484747023809 
8 2029.4245727539062 554.1172790527344 2240.7231323242186 683.0453186035156 0.7864815848214286 2221.9901123046875 882.0848663330078 2411.8009033203125 1057.570346069336 0.8955775669642857 
9 2027.5251098632812 551.9264251708985 2246.297399902344 681.0379913330078 0.7726004464285714 2220.778771972656 883.1196441650391 2414.446081542969 1058.8549041748047 0.9046688988095238 
10 2025.116064453125 554.8022583007812 2247.615380859375 683.9954711914063 0.7835751488095238 2222.080322265625 889.7935150146484 2412.281494140625 1058.4624053955079 0.9011579241071429 
11 2027.4714721679688 554.8986541748047 2250.013635253906 684.1165435791015 0.7779017857142857 2221.2984375 886.7789520263672 2415.125390625 1059.069497680664 0.9049479166666666 
12 2027.4662475585938 553.4623413085938 2250.1975708007812 689.9750366210938 0.7749953497023809 2221.0436279296873 885.6248474121094 2418.6277587890627 1065.2468566894531 0.9119233630952381 
13 2024.611083984375 550.2819549560547 2243.579833984375 683.0989654541015 0.7713216145833334 2219.9708618164063 887.7090057373047 2420.9912963867187 1063.6018463134765 0.9071568080357143 
14 2027.772900390625 553.0691040039062 2246.629931640625 685.8185913085938 0.7716238839285714 2220.6871826171873 890.3244354248047 2418.0174072265627 1066.1277740478515 0.9029017857142857 
15 2033.0450073242187 547.1860107421875 2255.5528930664063 697.917138671875 0.7793201264880952 2220.4927368164062 888.9538055419922 2421.4674682617188 1068.3956207275392 0.8972051711309523 
16 2030.721240234375 552.7213897705078 2249.687451171875 689.1265716552734 0.771484375 2220.9705078125 890.1446502685546 2418.39912109375 1069.6251861572266 0.9035295758928571 
17 2027.6571533203125 558.4913269042969 2250.4160888671877 687.8354553222656 0.7759486607142857 2221.673095703125 893.0447509765625 2415.689208984375 1069.0963623046875 0.9059942336309523 
18 2027.6366577148438 549.6918518066407 2246.7879028320312 689.8050964355468 0.7716238839285714 2224.4031494140627 890.5787353515625 2414.8131591796873 1070.2110595703125 0.8994140625 
19 2027.4154663085938 553.0768341064453 2246.5667114257812 682.411996459961 0.7721586681547619 2223.7671630859377 893.1343475341797 2417.7699462890623 1069.1738189697267 0.8987397693452381 
20 2034.0033325195313 553.690771484375 2253.3684936523437 690.344384765625 0.7806687127976191 2221.8330688476562 894.9099975585938 2419.6212768554688 1071.1212524414063 0.8991582961309523 
21 2036.201416015625 554.0058166503907 2248.486083984375 687.1334655761718 0.7832496279761905 2223.2998168945314 891.3916412353516 2421.1921264648436 1074.8919891357423 0.9066685267857143 
22 2025.4512573242187 550.7808532714844 2245.2740844726563 687.7196350097656 0.7813197544642857 2225.592395019531 898.6718658447265 2416.586071777344 1071.647164916992 0.9000651041666666 
23 2035.4893676757813 552.8534423828125 2244.453259277344 686.1580322265625 0.7788550967261905 2224.7763427734376 899.8334228515625 2426.5346923828124 1076.3718994140625 0.8973911830357143 
24 2036.080517578125 553.4162536621094 2245.162158203125 686.7959045410156 0.7875279017857143 2225.4742065429687 899.7596069335938 2427.3458618164063 1083.6070922851563 0.8955310639880952 
25 2035.6944946289063 550.6526184082031 2248.2486206054687 687.5517272949219 0.7884579613095238 2225.8013305664062 903.5695831298829 2423.9450073242188 1080.097348022461 0.8976934523809523 
26 2032.7398071289062 551.4475677490234 2252.4210815429688 691.8995391845704 0.7785063244047619 2223.1947021484375 904.2396270751954 2424.8692626953125 1084.3062103271484 0.9022274925595238 
27 2033.2022705078125 552.3577819824219 2253.1326904296875 692.9690002441406 0.7775530133928571 2224.2891479492187 908.739306640625 2422.5870727539063 1085.404736328125 0.9032738095238095 
28 2030.6265502929687 550.5305877685547 2254.2897094726563 687.6144927978515 0.7799246651785714 2225.0136596679686 912.6651214599609 2423.4245727539064 1085.8237091064452 0.9011114211309523 
29 2030.6704223632812 550.4368560791015 2254.3723022460936 687.5444061279297 0.7798549107142857 2221.899548339844 915.8256683349609 2423.952746582031 1085.4060821533203 0.8980189732142857 
30 2027.7434692382812 547.6251007080078 2255.1942749023438 684.8177093505859 0.7816452752976191 2222.2847412109377 915.6012908935547 2424.4633056640623 1088.8973052978515 0.9008091517857143 
31 2028.4271362304687 547.329135131836 2252.386096191406 684.5942657470703 0.7820405505952381 2225.8498291015626 912.304312133789 2424.5232177734374 1089.3040252685546 0.9009719122023809 
32 2031.8612426757813 548.2339477539062 2252.1531616210937 681.8536987304688 0.7799944196428571 2222.845812988281 918.6744934082031 2425.081188964844 1092.0189880371095 0.9032273065476191 
33 2029.0134887695312 549.8968811035156 2253.2269897460938 687.3180847167969 0.7762509300595238 2226.243444824219 921.685092163086 2428.758752441406 1091.6533477783203 0.9059942336309523 
34 2030.3661987304688 547.2137451171875 2251.2478149414064 688.4332275390625 0.76025390625 2228.2683715820312 919.899462890625 2423.8031616210938 1090.087109375 0.9036225818452381 
35 2041.3011596679687 546.190966796875 2247.797717285156 691.1006591796875 0.7690894717261905 2223.692419433594 919.4726776123047 2419.320520019531 1089.7414947509765 0.8966936383928571 
36 2048.019177246094 547.4191986083985 2243.489855957031 688.5925811767578 0.7758556547619048 2226.226208496094 919.5656005859375 2421.696887207031 1093.3174560546875 0.9090401785714286 
37 2044.3916748046875 548.9478332519532 2247.2177001953123 693.8234069824218 0.7606724330357143 2229.1081298828126 922.1417388916016 2424.6902099609374 1092.3704071044922 0.9098307291666666 
38 2041.1978149414062 545.2788146972656 2255.0582885742188 693.8937927246094 0.7637648809523809 2227.733117675781 928.3875305175782 2419.845251464844 1091.5015075683593 0.8925083705357143 
39 2031.040869140625 541.8617553710938 2263.163232421875 690.5651245117188 0.7616722470238095 2224.94111328125 931.6151733398438 2420.79423828125 1087.5723266601562 0.8963448660714286 
40 2036.4197021484374 546.3311889648437 2250.4137939453126 687.7848999023438 0.7633928571428571 2225.861608886719 935.6777313232421 2418.093713378906 1088.012515258789 0.89990234375 
41 2041.1959106445313 542.4342895507813 2258.805310058594 694.7609008789062 0.7576264880952381 2228.2563720703124 932.1783264160156 2420.4780029296876 1091.758563232422 0.9056454613095238 
42 2041.2116455078126 546.6660675048828 2254.8845458984374 691.529183959961 0.7606259300595238 2223.5441162109373 928.1853454589843 2426.3523681640627 1098.3994934082032 0.8984607514880952 
43 2034.7512939453125 545.0755126953125 2255.6237060546873 693.5306884765625 0.7607189360119048 2226.6567260742186 930.557666015625 2425.8039672851564 1093.4962890625 0.9037853422619048 
44 2029.2537719726563 545.59375 2257.774792480469 687.0592041015625 0.7683454241071429 2228.756298828125 934.1354125976562 2421.003955078125 1093.7373901367187 0.9077380952380952 
45 2034.65498046875 551.9816040039062 2245.12041015625 678.9867797851563 0.7824358258928571 2229.349499511719 936.2070953369141 2421.671740722656 1095.8707244873046 0.9073195684523809 
46 2033.003759765625 549.0083709716797 2254.316064453125 683.246939086914 0.7752046130952381 2228.082421875 933.1650817871093 2427.62607421875 1100.0562316894532 0.9052036830357143 
47 2030.5288208007812 553.0416748046875 2251.8376342773436 683.65009765625 0.7728562127976191 2227.976428222656 933.5642120361329 2431.144909667969 1104.080746459961 0.8995768229166666 
48 2036.8259033203126 550.0477722167968 2250.7907958984374 687.8555480957032 0.7697870163690477 2227.357629394531 930.4139404296875 2434.069372558594 1108.1134033203125 0.9021809895833334 
49 2036.0797973632812 546.8609893798828 2253.519079589844 691.820590209961 0.7665318080357143 2226.8967529296874 933.7916412353516 2433.4640869140626 1107.7432098388672 0.9022042410714286 
50 2037.058203125 547.3741790771485 2251.00087890625 692.4199493408203 0.7658575148809523 2223.944226074219 930.9086273193359 2437.886584472656 1112.2157012939454 0.9003441220238095 
51 2036.1355834960937 547.7998291015625 2246.7987426757813 685.82041015625 0.7638811383928571 2226.5427490234374 931.9665161132813 2433.5734619140626 1106.3083862304688 0.9099934895833334 
52 2036.1184936523437 547.3453948974609 2246.7562622070313 688.9812042236329 0.7632300967261905 2223.2901245117187 931.4661376953125 2433.9278930664063 1109.4188720703125 0.9044596354166666 
53 2039.81650390625 546.2650115966796 2246.94814453125 691.6205474853516 0.7638346354166666 2224.7252807617188 934.6716339111329 2428.2232055664062 1105.464291381836 0.8980422247023809 
54 2027.7933349609375 547.7731201171875 2245.9464111328125 685.9368408203125 0.7620907738095238 2224.410925292969 935.1350616455078 2435.292443847656 1109.6576019287108 0.9012276785714286 
55 2028.759228515625 550.1736602783203 2247.165576171875 692.1378021240234 0.7544410342261905 2225.6048583984375 935.6049133300781 2436.7310791015625 1110.3300231933595 0.8925083705357143 
56 2031.7873291015626 550.7047119140625 2250.1955810546874 692.6700439453125 0.7492792038690477 2226.2546630859374 939.7793579101562 2433.7424072265626 1107.2257690429688 0.8996465773809523 
57 2028.0159301757812 547.4414794921875 2246.4086303710938 689.3966552734375 0.7591145833333334 2225.269323730469 939.2881439208984 2432.742150878906 1106.7224151611329 0.8998790922619048 
58 2027.7226684570312 548.2759704589844 2249.6852905273436 686.5477600097656 0.7534877232142857 2228.1327880859376 939.579623413086 2435.5405517578124 1106.9612091064453 0.9025530133928571 
59 2029.7480346679688 543.3052459716797 2248.0080688476564 692.4496978759765 0.7534412202380952 2227.301477050781 935.3341613769531 2431.010778808594 1106.3046325683595 0.9036923363095238 
60 2032.82158203125 542.0793518066406 2247.35712890625 694.7996765136719 0.7574637276785714 2227.0785400390623 941.2220458984375 2430.7056396484377 1101.2147216796875 0.8832310267857143 
61 2023.9249267578125 544.242041015625 2245.6898193359375 689.661767578125 0.7575799851190477 2227.3726318359377 938.8328826904296 2430.9603759765623 1106.0656158447266 0.8878348214285714 
62 2029.6766723632813 545.8547210693359 2247.7088256835937 691.2093048095703 0.7585797991071429 2227.0235229492187 940.6881866455078 2430.5201782226563 1104.212142944336 0.8962751116071429 
63 2029.0661865234374 545.5397125244141 2246.9894775390626 687.1899627685547 0.7578125 2226.31474609375 939.3385467529297 2429.71015625 1106.4132232666016 0.8993443080357143 
64 2028.4257568359376 546.1681365966797 2249.9507080078124 684.1673736572266 0.7531622023809523 2226.066296386719 939.9128784179687 2429.433459472656 1103.3329711914062 0.8999488467261905 
65 2031.7207275390624 544.7310333251953 2246.2035888671876 686.5079193115234 0.7622302827380952 2225.9297485351562 942.0978302001953 2429.5070190429688 1105.6865325927733 0.8905319940476191 
66 2028.5140991210938 544.6969787597657 2246.7195434570312 686.5304382324218 0.76513671875 2226.017822265625 942.6418853759766 2429.676025390625 1102.6590789794923 0.8918108258928571 
67 2025.8798706054688 548.2104461669921 2244.2985961914064 682.9019195556641 0.7653692336309523 2226.376904296875 942.4841125488281 2430.234423828125 1106.2982360839844 0.8990885416666666 
68 2031.572509765625 545.3686676025391 2246.402587890625 683.7336883544922 0.7577659970238095 2226.0958740234373 940.1571838378907 2430.0022705078127 1104.0106628417968 0.9022274925595238 
69 2024.541259765625 544.2651641845703 2246.487060546875 682.526400756836 0.7692522321428571 2225.77578125 941.9762603759766 2425.89072265625 1102.0683563232421 0.8985537574404762 
70 2026.7876831054687 542.8518585205078 2248.8385375976563 684.8188568115235 0.7728794642857143 2221.6772216796876 940.7514617919921 2429.1675048828124 1104.559634399414 0.8968331473214286 
71 2031.9641723632812 540.8663909912109 2250.3505249023438 690.0971710205079 0.7523251488095238 2224.0322387695314 939.1417724609375 2427.8596069335936 1106.5713623046875 0.9023204985119048 
72 2028.5297973632812 546.1817108154297 2254.3264038085936 684.5732330322265 0.7553478422619048 2227.5726684570313 937.8239440917969 2427.8758178710937 1105.3504943847656 0.9119698660714286 
73 2032.4199340820312 544.2424468994141 2251.1389038085936 686.4097137451172 0.7704613095238095 2224.7803588867187 933.0293731689453 2428.9181274414063 1108.0045013427734 0.9002278645833334 
74 2030.8534545898438 547.2117706298828 2249.8777465820312 678.6264251708984 0.7555803571428571 2225.8692260742187 932.0488494873047 2433.9425415039063 1110.9187408447265 0.9121326264880952 
75 2024.8793823242188 546.6565521240234 2255.9045532226564 678.6709014892579 0.7513253348214286 2220.7852172851562 927.6081726074219 2440.8092651367188 1107.2942932128906 0.9141787574404762 
76 2023.3912109375 544.0274139404297 2251.7240234375 676.6076568603515 0.7512555803571429 2218.4372436523436 920.096533203125 2450.4526489257814 1107.918603515625 0.9009254092261905 
77 2020.25625 546.7500885009765 2245.22861328125 675.8326141357422 0.7599981398809523 2217.142687988281 920.5221588134766 2456.867321777344 1104.9257781982421 0.9043666294642857 
78 2027.5603637695312 545.9406005859375 2252.8910522460938 675.2287109375 0.7491396949404762 2215.809606933594 932.9524932861328 2459.610070800781 1106.567953491211 0.8816034226190477 
79 2021.4670959472655 546.6120056152344 2249.655340576172 668.0669494628906 0.73876953125 2209.4533813476564 934.1920959472657 2452.3632690429686 1107.1735046386718 0.9047619047619048 
80 2035.1623291015626 548.4206573486329 2246.7849365234374 676.1238372802734 0.7588588169642857 2203.4218994140624 943.1778594970704 2440.5849365234376 1103.7190521240234 0.9161086309523809 
81 2033.0497314453125 544.4313201904297 2247.2202880859377 675.1117095947266 0.7621140252976191 2195.2832275390624 940.3817626953125 2431.2338623046876 1100.1021240234375 0.9085286458333334 
82 2043.2955810546875 539.0392242431641 2242.2888916015627 680.1435760498047 0.7464890252976191 2185.7915771484377 933.6859924316407 2428.2015869140623 1103.7347839355468 0.9122721354166666 
83 2039.2671752929687 529.678955078125 2247.7848266601563 669.88916015625 0.7602306547619048 2176.1587158203124 929.7066528320313 2420.6279052734376 1102.2730834960937 0.9150390625 
84 2025.7165405273438 526.4392578125 2247.7534301757814 655.36396484375 0.7531389508928571 2172.4096923828124 923.6814910888672 2412.3530029296876 1095.581021118164 0.9137602306547619 
85 2038.677294921875 516.9959747314454 2247.550732421875 655.0648773193359 0.7550688244047619 2162.585070800781 918.2671905517578 2406.860974121094 1095.278646850586 0.9064592633928571 
86 2041.31025390625 496.4902862548828 2268.260546875 646.6267181396485 0.7145647321428571 2157.874072265625 909.5668182373047 2398.790478515625 1087.6356353759766 0.9158528645833334 
87 2023.9672973632812 491.53260040283203 2239.4362670898436 627.0695419311523 0.7417224702380952 2155.2268188476564 900.6830291748047 2391.5478393554686 1081.3988189697266 0.9130161830357143 
88 2034.6196655273438 483.3019165039062 2262.855676269531 642.3754516601563 0.7045433407738095 2145.1465087890624 890.5620666503906 2383.7568115234376 1070.384344482422 0.9105515252976191 
89 2025.649609375 486.1232635498047 2234.62333984375 640.2842681884765 0.7458844866071429 2141.4677978515624 886.5465911865234 2374.4223388671876 1064.6880889892577 0.9200613839285714 
90 2037.3894653320312 495.0365814208984 2235.4125366210938 638.4325958251953 0.7389090401785714 2136.269738769531 879.3957366943359 2365.020544433594 1060.3479766845703 0.9264787946428571 
91 2032.130029296875 503.6294464111328 2228.436376953125 649.1670013427735 0.7451636904761905 2129.762561035156 875.0235382080078 2359.914929199219 1051.022543334961 0.9339192708333334 
92 2023.8128845214844 506.39963989257814 2225.7507141113283 654.4874450683594 0.7569056919642857 2126.464636230469 864.580517578125 2358.693322753906 1049.690234375 0.9240606398809523 
93 2025.6512084960937 519.2271331787109 2229.9349731445313 656.5325714111328 0.7569521949404762 2120.06484375 859.0130249023438 2354.4888671875 1043.2032836914063 0.9294317336309523 
94 2015.5852844238282 525.1364074707031 2232.2607849121096 651.8081726074219 0.7846214657738095 2119.948486328125 848.2263824462891 2343.290771484375 1041.5675018310546 0.9088076636904762 
95 2017.2307189941407 533.9330291748047 2235.696893310547 666.3368072509766 0.7750883556547619 2113.2235717773438 839.8621368408203 2338.3098754882812 1035.157699584961 0.9285714285714286 
96 2016.7787353515625 528.0292572021484 2229.7749755859377 657.8238311767578 0.78955078125 2112.5246826171874 832.6752807617188 2338.8332275390626 1029.0311401367187 0.9229445684523809 
97 2010.5160705566407 536.1556793212891 2236.183026123047 662.2636932373047 0.7850399925595238 2110.840869140625 826.7913146972656 2329.870556640625 1022.5906433105469 0.9058547247023809 
98 2011.251202392578 536.8109436035156 2233.003558349609 662.5810241699219 0.7919689360119048 2108.7612060546876 818.6478912353516 2323.8940673828124 1017.2321746826171 0.9075985863095238 
99 2014.6383972167969 541.3244598388671 2232.6161193847656 660.2213775634766 0.7784133184523809 2109.0191284179687 811.2559600830078 2323.6940063476563 1012.7201751708984 0.9014369419642857 
100 2011.4533813476562 543.8215728759766 2235.8598510742186 662.6250213623047 0.7770182291666666 2109.4408447265623 808.4638702392579 2320.6470458984377 1009.7697113037109 0.8966471354166666 
101 2022.1720397949218 543.5180603027344 2231.6464416503904 661.3475402832031 0.7737165178571429 2110.6698974609376 805.613070678711 2316.8716064453124 1008.5415313720703 0.9001813616071429 
102 2017.309588623047 538.0840057373047 2233.659771728516 659.3711334228516 0.79052734375 2114.6419921875 803.47841796875 2317.87998046875 1006.71640625 0.8771623883928571 
103 2015.3417419433595 540.2028137207031 2234.434747314453 657.9243835449219 0.7829008556547619 2109.1668090820312 792.6250671386719 2321.7196655273438 1011.7180725097656 0.8790690104166666 
104 2022.2737182617188 542.8207427978516 2231.479455566406 653.9613006591796 0.7831566220238095 2109.903601074219 806.7166381835938 2322.378381347656 1006.1158813476562 0.8971586681547619 
105 2021.1749694824218 540.712515258789 2233.9438049316404 658.5536590576172 0.8001069568452381 2111.8220825195312 808.2471557617188 2324.5907592773438 1007.9225219726562 0.9088309151785714 
106 2013.6957946777343 540.7461090087891 2236.671026611328 662.0708465576172 0.7889229910714286 2116.4812255859374 803.3220642089843 2323.0612548828126 1009.9019348144532 0.8766741071428571 
107 2017.4789794921876 537.9140075683594 2236.4775634765624 662.1222473144531 0.7781808035714286 2110.8866577148438 796.3877807617188 2326.6165161132812 1012.1179565429687 0.8774646577380952 
108 2021.633282470703 547.3163146972656 2237.139544677734 668.1304626464844 0.7788783482142857 2112.8090209960938 800.8753845214844 2321.7849731445312 1009.8511779785156 0.8899507068452381 
109 2017.0277282714844 546.9765472412109 2235.7424133300783 667.7593536376953 0.7893182663690477 2113.578747558594 794.6942932128907 2322.500109863281 1010.1446960449218 0.8913225446428571 
110 2017.3275817871095 542.9226257324219 2236.299981689453 667.1159484863281 0.7858305431547619 2113.2380126953126 790.9321868896484 2328.9421630859374 1009.9046661376954 0.8827659970238095 
111 2016.3240051269531 551.404507446289 2235.4712829589844 662.6136199951172 0.7874116443452381 2115.5818115234374 785.5223083496094 2324.9167236328126 1004.6695861816406 0.8943452380952381 
112 2017.9249755859375 539.3756866455078 2234.2854736328127 660.6686859130859 0.8033156622023809 2113.7489501953123 784.231234741211 2330.1094482421877 990.7572296142578 0.8631649925595238 
113 2013.6542846679688 535.9142456054688 2234.4026000976564 667.7042846679688 0.8110119047619048 2119.086279296875 771.6157745361328 2326.655908203125 969.300912475586 0.8608630952380952 
114 2013.7548583984376 539.3421661376954 2238.3584228515624 661.5530364990234 0.7943405877976191 2116.9099365234374 768.3922454833985 2328.3014892578126 953.3600128173828 0.8337751116071429 
115 2010.7478088378907 538.6128051757812 2237.840447998047 660.3871948242188 0.78662109375 2113.1547729492186 745.4520111083984 2330.3737915039064 939.6327667236328 0.8405645461309523 
116 2012.1483520507813 541.8855560302734 2235.6839233398437 656.9405548095704 0.78076171875 2114.812780761719 712.9509033203125 2325.199182128906 923.3373046875 0.8357049851190477 
117 2011.4223693847657 539.2012878417969 2236.083856201172 648.2281555175781 0.7689964657738095 2119.0514282226563 695.1173400878906 2313.9781127929687 906.5633239746094 0.8275669642857143 
118 2012.4442749023438 536.7416076660156 2237.1751098632812 649.1070251464844 0.7764601934523809 2120.8691162109376 682.1556671142578 2309.2466064453124 900.2767669677735 0.8288922991071429 
119 2016.9352722167969 535.3749420166016 2234.6781311035156 650.8446014404296 0.7682989211309523 2128.8519287109375 679.5216278076172 2300.4068603515625 887.3669830322266 0.8209402901785714 
120 2013.7858947753907 538.1872924804687 2238.460076904297 657.1325317382813 0.7514183407738095 2129.1728637695314 673.1444519042968 2300.9826538085936 877.9945861816407 0.8083844866071429 
121 2010.5064758300782 541.4125946044921 2238.6242614746093 657.1245758056641 0.7610677083333334 2132.1946655273437 670.9846008300781 2297.4974731445313 875.9601013183594 0.8109886532738095 
122 2018.3266479492188 539.0753662109375 2238.0212524414064 657.1201904296875 0.7628580729166666 2138.641564941406 670.8668853759766 2299.313757324219 870.8873260498046 0.8136625744047619 
123 2015.7473999023437 537.0986083984375 2239.8485473632813 652.4447265625 0.7571847098214286 2139.585900878906 669.1762176513672 2301.070593261719 870.2079986572265 0.8105003720238095 
124 2011.5517333984376 538.3015014648438 2242.6299072265624 653.8405883789062 0.7793433779761905 2141.438037109375 668.4417053222656 2303.192822265625 866.5087341308594 0.8142903645833334 
125 2014.689501953125 545.9266906738281 2242.326611328125 658.0956481933594 0.7494884672619048 2141.1967895507814 665.4552001953125 2306.1511108398436 863.4005126953125 0.8008277529761905 
126 2010.9557861328126 545.6926422119141 2239.5964599609374 655.0425262451172 0.7600446428571429 2146.432507324219 665.3657928466797 2305.486682128906 864.1838287353515 0.8031761532738095 
127 2010.2653442382812 543.9066680908203 2245.001989746094 656.315805053711 0.74169921875 2148.3607543945313 660.7663970947266 2310.3621459960937 862.4416717529297 0.7965262276785714 
128 2009.0260681152345 543.0546630859375 2243.988214111328 662.19033203125 0.7731119791666666 2146.8720947265624 666.6451446533204 2312.3383544921876 861.8953216552734 0.7983630952380952 
129 2010.0229064941407 539.9934692382812 2242.107342529297 662.6666870117188 0.7705775669642857 2150.6763549804687 664.1968994140625 2313.1354125976563 859.81103515625 0.8047805059523809 
130 2013.89130859375 545.3985992431641 2242.809375 658.1987518310547 0.7521158854166666 2148.3839111328125 660.1127716064453 2317.5838623046875 862.4894622802734 0.8075009300595238 
131 2014.909228515625 546.0782592773437 2244.018994140625 655.6524536132813 0.7496047247023809 2149.89736328125 660.1222473144531 2315.91904296875 865.9889587402344 0.8069661458333334 
132 2009.8409057617187 543.1270050048828 2246.0787719726563 656.255014038086 0.7555338541666666 2151.3789184570314 667.0047607421875 2314.4162475585936 859.98779296875 0.8170572916666666 
133 2012.1537841796876 546.75712890625 2244.7617431640624 656.4151123046875 0.7594866071428571 2153.1242919921874 667.1508270263672 2315.9499267578126 863.2060455322265 0.8145693824404762 
134 2011.8354858398438 544.4873840332032 2244.394250488281 660.7667663574218 0.7674618675595238 2152.7761962890627 668.1780059814453 2315.5675537109373 864.1918060302735 0.7981073288690477 
135 2014.8448974609375 547.6740417480469 2244.0340087890627 657.2861633300781 0.7579055059523809 2149.880029296875 670.5724548339844 2315.958837890625 866.5457092285156 0.7976655505952381 
136 2015.2586975097656 545.6869567871094 2240.750457763672 658.4329162597656 0.7550920758928571 2152.619909667969 668.7637329101562 2315.106896972656 864.4111938476562 0.8064546130952381 
137 2009.608135986328 549.5589050292969 2245.071429443359 662.3159729003906 0.7673223586309523 2153.2330688476563 673.7957977294922 2315.7359252929687 859.5132232666016 0.7996419270833334 
138 2006.5873474121095 551.6242584228515 2245.561212158203 664.4729705810547 0.7453264508928571 2153.6481811523436 670.0898803710937 2312.9638793945314 862.5965209960938 0.8093843005952381 
139 2006.9148193359374 551.0097900390625 2245.1823486328126 666.8342041015625 0.7372814360119048 2153.1590209960937 669.1252655029297 2315.3133911132813 864.3721099853516 0.8035481770833334 
140 2011.0000732421875 545.5788452148438 2238.7977783203123 664.4298217773437 0.7754138764880952 2152.833984375 671.794580078125 2317.90478515625 863.276708984375 0.8072916666666666 
141 2013.8226013183594 543.3518463134766 2237.992462158203 662.0299285888672 0.7797386532738095 2149.237414550781 671.9197326660156 2320.661267089844 863.1233581542969 0.8153599330357143 
142 2012.08076171875 543.8559509277344 2236.14921875 662.4804748535156 0.7747395833333334 2152.8841186523437 675.6609283447266 2320.9354614257813 860.1880096435547 0.814453125 
143 2012.1374938964843 544.5516296386719 2239.756671142578 663.3094543457031 0.7703450520833334 2153.098876953125 676.5048126220703 2324.637939453125 861.239144897461 0.8031994047619048 
144 2002.4518188476563 555.1977935791016 2246.5474487304687 664.0512908935547 0.7424897693452381 2150.0002197265626 672.9321350097656 2324.8254638671874 860.9517761230469 0.8078264508928571 
145 2010.2511779785157 552.9133911132812 2241.942059326172 662.1390991210938 0.7428152901785714 2149.1385009765627 676.5242767333984 2324.5616943359373 861.8770294189453 0.8021298363095238 
146 2012.6944274902344 552.1942962646484 2243.865753173828 657.8725372314453 0.7511858258928571 2148.348767089844 674.3847412109375 2326.680773925781 865.9265380859375 0.8022693452380952 
147 2009.8817565917968 553.2450866699219 2244.1501037597654 662.1304016113281 0.7446754092261905 2150.8743530273437 670.6330810546875 2329.0502075195313 862.0072998046875 0.7953869047619048 
148 2010.2830139160155 550.3887573242188 2244.806219482422 659.3926147460937 0.7616024925595238 2148.5069580078125 670.4454132080078 2330.1800537109375 862.0279144287109 0.7999906994047619 
149 2014.77099609375 548.1301788330078 2242.9375 660.559945678711 0.7619047619047619 2153.1460693359377 668.3180694580078 2328.4042236328123 863.4168548583984 0.8117559523809523 
150 2017.0890808105469 547.7590454101562 2245.2230529785156 656.8666870117188 0.7492792038690477 2155.826062011719 667.9300415039063 2327.753283691406 859.6949584960937 0.8089890252976191 
151 2011.744158935547 546.8603942871093 2243.341412353516 659.3505432128907 0.7601376488095238 2156.8104736328123 661.2592681884765 2322.2373779296877 863.0799041748047 0.8087332589285714 
152 2015.6804748535155 545.1748168945312 2240.053778076172 654.0618774414063 0.7246558779761905 2154.1370483398437 658.1229217529296 2322.4169067382813 865.9981109619141 0.8013625372023809 
153 2010.7021545410157 543.4126861572265 2241.247918701172 652.0986053466797 0.7462100074404762 2157.6434936523438 659.4456909179687 2322.3191528320312 860.3499633789063 0.8062686011904762 
154 2012.4235412597657 540.6614013671875 2243.155926513672 649.43515625 0.7340494791666666 2157.708874511719 661.8592010498047 2315.925158691406 862.925894165039 0.8044782366071429 
155 2014.6159790039062 539.5442749023438 2241.7392456054686 651.4601196289062 0.7320731026785714 2156.030029296875 658.4232116699219 2320.612060546875 859.2133850097656 0.7995954241071429 
156 2013.6822631835937 539.6439331054687 2241.849719238281 648.7674438476563 0.7542085193452381 2156.8908203125 655.7625549316406 2312.309375 860.7824890136719 0.8061755952380952 
157 2006.4962036132813 540.6697265625 2241.701306152344 653.303173828125 0.7626953125 2158.373095703125 660.6931549072266 2314.072216796875 859.4580291748047 0.8033854166666666 
158 2007.8965270996093 540.9145751953125 2246.605059814453 653.6381591796875 0.7491164434523809 2157.7268676757812 661.0340515136719 2313.5507202148438 859.9580139160156 0.8037109375 
159 2006.4989074707032 542.1432739257813 2242.4623962402343 655.1398071289062 0.7717633928571429 2154.5193725585937 665.8770690917969 2304.0736450195313 858.6358703613281 0.8018275669642857 
160 2007.9989318847656 541.8291381835937 2244.040496826172 658.1877075195313 0.7826915922619048 2153.5109375 668.5448608398438 2303.1150390625 861.3676147460938 0.8061988467261905 
161 2009.93251953125 541.9816864013671 2245.6958984375 651.5618316650391 0.7584402901785714 2157.8274780273437 667.7817230224609 2307.2547973632813 860.3771514892578 0.8080822172619048 
162 2012.0917419433595 540.9238220214844 2247.529962158203 653.6688293457031 0.740234375 2159.7826416015623 661.4488006591797 2309.0039794921877 857.094595336914 0.7995721726190477 
163 2008.6211669921875 544.2910400390625 2246.7084228515623 656.721044921875 0.7413736979166666 2158.44306640625 667.7860107421875 2310.5544921875 856.271728515625 0.8005487351190477 
164 2009.6172790527344 542.8397521972656 2247.117218017578 654.9925231933594 0.7590913318452381 2156.1516845703127 662.3509704589844 2311.1862060546873 860.2675598144531 0.8041294642857143 
165 2009.971258544922 538.8512573242188 2244.8096252441405 654.6166381835938 0.7596958705357143 2153.97822265625 667.4653442382812 2309.43486328125 859.3051635742188 0.8043154761904762 
166 2010.1055725097656 542.0432800292969 2244.9690124511717 654.5131164550781 0.7533482142857143 2153.7462646484373 667.7448516845703 2312.5271728515627 859.6050628662109 0.8013160342261905 
167 2010.7998962402344 542.4915496826172 2242.472686767578 655.018276977539 0.7476515997023809 2153.749645996094 667.8748931884766 2315.920520019531 863.1418914794922 0.7996419270833334 
168 2011.1884338378907 540.1727600097656 2243.628338623047 649.7515563964844 0.7319800967261905 2152.4401977539064 668.1423370361329 2311.8276245117186 864.0558441162109 0.8027808779761905 
169 2010.8667236328124 542.5518280029297 2242.9452880859376 648.644888305664 0.7438848586309523 2151.134130859375 667.3897369384765 2316.904443359375 862.9988739013672 0.8012927827380952 
170 2008.2887268066406 538.1624633789063 2243.314666748047 647.3999145507812 0.7626255580357143 2151.265087890625 668.279818725586 2316.776416015625 863.5831573486328 0.8044317336309523 
171 2012.3094604492187 538.1457214355469 2243.098498535156 643.6493225097656 0.7355608258928571 2154.3336669921873 667.7426818847656 2319.1829345703127 858.9678894042969 0.8054082961309523 
172 2010.3306091308593 544.5602752685547 2241.256915283203 646.827603149414 0.74658203125 2155.357287597656 671.6966369628906 2317.005749511719 859.7365905761719 0.8042224702380952 
173 2012.5744689941407 538.8823181152344 2241.203240966797 648.2265686035156 0.7621372767857143 2152.7593505859377 675.3714996337891 2315.1190673828123 860.9253143310547 0.8077566964285714 
174 2015.1156921386719 541.7178375244141 2243.7955627441406 647.7723358154296 0.7463960193452381 2152.78251953125 672.3738830566406 2315.17841796875 861.2834655761719 0.8070359002976191 
175 2014.6754516601563 541.7647583007813 2242.4068237304687 647.3792846679687 0.7423270089285714 2153.9291137695313 674.7984405517578 2318.9519897460937 859.6238616943359 0.8053385416666666 
176 2018.4411071777345 541.6584899902343 2243.976983642578 647.7930480957032 0.7366768973214286 2152.89521484375 672.4131652832032 2318.7302734375 861.4652526855468 0.8104771205357143 
177 2011.6302429199218 540.9486022949219 2243.2033752441407 643.5024475097656 0.7401181175595238 2154.1367065429686 673.9122894287109 2319.5461547851564 859.1707794189454 0.8039667038690477 
178 2014.35869140625 540.2108612060547 2242.73212890625 649.4329986572266 0.7510928199404762 2148.14921875 670.691796875 2320.25703125 862.6579345703125 0.8091982886904762 
179 2013.8033020019532 539.7473846435547 2242.5837829589846 645.8483795166015 0.7490699404761905 2150.382922363281 670.0782409667969 2322.797009277344 862.3863586425781 0.8118722098214286 
180 2013.7471740722656 541.6501373291015 2239.6032897949217 644.6139617919922 0.7469773065476191 2155.6737670898438 666.714111328125 2325.0657348632812 859.35595703125 0.8143833705357143 
181 2014.0571228027343 536.6073333740235 2236.499151611328 642.8482940673828 0.7473260788690477 2155.5415161132814 667.1100769042969 2324.8630249023436 859.6717834472656 0.8141508556547619 
182 2016.1052673339843 536.7701873779297 2242.004229736328 643.0755767822266 0.7378162202380952 2152.947863769531 661.4746185302735 2322.372204589844 860.7972930908203 0.8180106026785714 
183 2013.803369140625 537.3601501464843 2243.022314453125 643.6645080566407 0.7374209449404762 2150.2615356445312 662.0633483886719 2326.3280639648438 861.3840393066406 0.8144763764880952 
184 2016.0454711914062 533.8810302734375 2242.0553588867188 653.5333984375 0.7365373883928571 2152.955358886719 660.1807189941406 2322.462854003906 859.6013854980469 0.8085472470238095 
185 2010.983380126953 532.2141632080078 2243.107806396484 648.2763763427735 0.7429082961309523 2151.278271484375 660.3927368164062 2317.081591796875 859.3565307617188 0.8172898065476191 
186 2013.311328125 531.115185546875 2238.60615234375 653.7020751953125 0.7334449404761905 2158.9629028320314 660.3284545898438 2314.6813842773436 855.8048461914062 0.8160109747023809 
187 2011.5867919921875 536.0154266357422 2243.2667236328125 645.2359771728516 0.7360723586309523 2154.1591674804686 652.2373138427735 2319.6447875976564 857.4395050048828 0.8046177455357143 
188 2005.8778991699219 532.6691711425781 2240.7340393066406 645.1355163574219 0.7362816220238095 2153.8399291992187 657.2218444824218 2319.2316040039063 858.9997131347657 0.8097098214285714 
189 2013.3407958984376 531.1364196777344 2235.1958251953124 647.0308166503906 0.7328404017857143 2155.215856933594 662.4409240722656 2317.467980957031 854.4945007324219 0.8076869419642857 
190 2010.0005676269532 536.9882690429688 2241.9485290527346 643.0217407226562 0.7326311383928571 2153.1202392578125 664.6871643066406 2315.4837646484375 856.8727722167969 0.8067801339285714 
191 2007.8559814453124 528.38583984375 2239.7060302734376 647.6230712890625 0.7390485491071429 2157.1572143554686 662.2729797363281 2309.5158813476564 857.6895446777344 0.8180571056547619 
192 2008.4654907226563 533.1129730224609 2240.7925659179687 652.5954620361329 0.7391183035714286 2152.2018188476563 664.7223876953125 2311.5118041992187 860.54091796875 0.8156156994047619 
193 2011.2775451660157 536.9173400878906 2240.296063232422 646.4478942871094 0.73974609375 2152.4672607421876 668.1497436523438 2308.4653564453124 857.3387817382812 0.8117327008928571 
194 2016.729248046875 527.2534729003906 2238.973388671875 646.6682800292969 0.7603236607142857 2151.5811157226562 669.7602508544921 2310.8009643554688 858.8336822509766 0.8153599330357143 
195 2009.1733825683593 536.787353515625 2241.978594970703 646.538330078125 0.7464192708333334 2153.2057373046873 667.9001373291015 2312.8435791015627 860.7959686279297 0.8119884672619048 
196 2014.62099609375 531.5443695068359 2244.03671875 651.2395050048829 0.7314453125 2151.9635009765625 669.2704467773438 2321.5316162109375 858.7876586914062 0.8144066220238095 
197 2012.3824890136718 530.162890625 2242.3153869628904 650.127880859375 0.7309337797619048 2149.2656372070314 668.1994689941406 2325.8806030273436 858.1440368652344 0.8174525669642857 
198 2012.8656982421876 537.6950653076171 2242.8965087890624 644.3759185791016 0.7251906622023809 2151.9867553710938 668.738150024414 2332.0110473632812 862.0973602294922 0.8110119047619048 
199 2022.1777038574219 528.5702728271484 2239.5650939941406 659.0027862548828 0.7296316964285714 2152.8673828125 670.4509887695312 2330.121875 864.4274291992188 0.8119884672619048 
200 2014.4078735351563 532.5716491699219 2242.2471557617187 653.1925109863281 0.7346540178571429 2153.4569091796875 668.0123779296875 2337.7388916015625 865.696484375 0.8083612351190477 
201 2019.1879333496095 532.1032958984375 2240.813653564453 649.6320556640625 0.7237955729166666 2155.1854248046875 670.038198852539 2339.8736572265625 868.1581512451172 0.8177548363095238 
202 2018.6775756835937 528.2309753417969 2247.4061645507813 652.6861389160156 0.7161458333333334 2155.681787109375 675.3261810302735 2340.682958984375 870.4181427001953 0.8174060639880952 
203 2022.046368408203 524.1246978759766 2240.828021240234 652.0278289794921 0.7376999627976191 2155.38671875 668.7277130126953 2340.509765625 867.3142181396485 0.8143833705357143 
204 2020.827783203125 526.5778106689453 2246.339697265625 651.114144897461 0.7377232142857143 2158.3095947265624 667.8139465332031 2336.6996826171876 869.7647888183594 0.8133370535714286 
205 2021.2652404785156 531.3524017333984 2243.4841491699217 655.9295196533203 0.734375 2158.0152099609377 673.4117919921875 2339.8304931640623 868.6948974609375 0.8154529389880952 
206 2029.2290771484375 532.2981536865234 2248.4701416015623 657.0968048095704 0.7251674107142857 2160.643908691406 662.675161743164 2342.782604980469 871.7971893310547 0.8079194568452381 
207 2025.198291015625 537.4826751708985 2254.714306640625 662.3663848876953 0.7422340029761905 2157.481335449219 668.3379516601562 2343.119494628906 874.2273559570312 0.8075939360119048 
208 2023.4482055664062 552.0084625244141 2249.114050292969 659.7892059326172 0.7453729538690477 2160.635461425781 670.6708801269531 2342.515173339844 872.7597839355469 0.8102446056547619 
209 2015.2853454589845 549.824072265625 2261.368585205078 667.809228515625 0.7649507068452381 2160.108837890625 667.1609313964843 2342.143115234375 869.4212219238282 0.80908203125 
210 2019.8495239257813 558.358676147461 2255.7757202148437 669.5809600830078 0.7553245907738095 2161.275598144531 663.7476287841797 2339.905310058594 872.710806274414 0.7990373883928571 
211 2015.4223876953124 556.7829040527344 2257.7778076171876 671.2284484863281 0.7593470982142857 2160.0330322265627 668.3802612304687 2338.4332763671873 870.3430053710938 0.7995721726190477 
212 2011.4201538085938 555.6556213378906 2260.3203247070314 670.0151550292969 0.7623000372023809 2162.649133300781 679.4588684082031 2334.188513183594 864.4522644042969 0.8070126488095238 
213 2016.4850219726563 562.342495727539 2258.2954956054687 673.1723358154297 0.7443266369047619 2161.1579711914064 668.1346130371094 2335.7988159179686 869.6433410644531 0.8002697172619048 
214 2022.3456787109376 555.102978515625 2257.2641845703124 669.2062255859375 0.7619745163690477 2158.391979980469 674.885546875 2332.902697753906 869.5322998046875 0.8091517857142857 
215 2015.6745361328126 561.2262725830078 2260.6096435546874 671.9504241943359 0.7413039434523809 2160.983752441406 672.4666046142578 2332.102917480469 870.427865600586 0.8068266369047619 
216 2017.2856506347657 559.6050354003906 2252.262078857422 667.0227722167969 0.74755859375 2158.9171630859373 676.0603759765625 2330.1140869140627 870.7550537109375 0.8015718005952381 
217 2016.8590148925782 561.8375427246094 2255.0886169433593 665.8532531738281 0.7333054315476191 2161.39716796875 674.8868865966797 2332.51982421875 872.8524322509766 0.8009440104166666 
218 2017.2675231933595 559.7622375488281 2251.912286376953 670.3804626464844 0.7481863839285714 2158.6989013671873 679.4052459716797 2329.6546142578127 870.473110961914 0.8068266369047619 
219 2011.5855407714844 559.8031433105468 2256.499542236328 667.1627990722657 0.7420712425595238 2159.0758544921873 681.7440795898438 2333.5354736328127 872.9783325195312 0.8062220982142857 
220 2012.1248657226563 560.1199615478515 2253.747448730469 667.5077850341797 0.7420712425595238 2159.2668701171874 682.0929412841797 2333.7721923828126 873.3775787353516 0.8004557291666666 
221 2018.4592163085938 555.2189849853515 2253.5468872070314 666.0459686279297 0.7482793898809523 2156.799279785156 680.2545135498046 2334.794226074219 871.6829254150391 0.8042457217261905 
222 2011.0781005859376 557.4417266845703 2253.1948486328124 668.4118499755859 0.7485816592261905 2161.1077880859375 679.6640777587891 2335.9698486328125 874.7025604248047 0.8002232142857143 
223 2014.442608642578 552.8192749023438 2249.594866943359 670.3953247070312 0.7570452008928571 2157.60107421875 681.2484954833984 2339.00439453125 872.7295928955078 0.8034784226190477 
224 2012.9255249023438 552.7103729248047 2254.5766723632814 670.1797027587891 0.7524879092261905 2156.728479003906 683.604736328125 2337.967077636719 874.9119873046875 0.8035946800595238 
225 2012.050225830078 554.9746795654297 2260.4906677246095 669.122915649414 0.7356538318452381 2156.2851318359376 685.5220672607422 2340.9365478515624 876.8882720947265 0.7936430431547619 
226 2013.9143188476562 551.0342559814453 2255.9609252929686 672.0574798583984 0.7513020833333334 2157.5646850585936 682.1427124023437 2342.4614379882814 877.1246215820313 0.7991768973214286 
227 2015.9992248535157 554.4496826171875 2258.290692138672 672.230126953125 0.7410016741071429 2156.8181884765627 682.3256103515625 2345.2667724609373 880.86982421875 0.7975027901785714 
228 2015.0717224121095 559.2346649169922 2257.917657470703 677.2848052978516 0.7517903645833334 2159.1966186523437 682.214321899414 2344.7040161132813 881.2131072998047 0.8119652157738095 
229 2021.4533813476562 552.592529296875 2264.3251831054686 667.281982421875 0.7567661830357143 2160.4040649414064 683.7588684082032 2345.9311401367186 876.0323913574218 0.8117327008928571 
230 2014.2720458984375 553.9799896240235 2258.3134033203123 672.6112579345703 0.7549293154761905 2162.104931640625 681.3456115722656 2345.135791015625 871.1556091308594 0.8171735491071429 
231 2021.5916015625 554.331088256836 2258.864453125 669.5777862548828 0.7479538690476191 2163.0427368164064 674.5318908691406 2349.4711791992186 877.9084167480469 0.7990373883928571 
232 2018.6260864257813 557.8275360107422 2255.868786621094 666.2812896728516 0.7417224702380952 2165.66455078125 674.6239074707031 2348.68017578125 877.9747253417969 0.8081287202380952 
233 2020.3720703125 552.387582397461 2257.81884765625 664.3268341064453 0.7563244047619048 2167.14560546875 684.2880554199219 2353.71083984375 874.2456359863281 0.8173130580357143 
234 2016.7393798828125 556.3549835205079 2261.7874755859375 672.0722015380859 0.7662760416666666 2164.789111328125 683.4607055664062 2351.978955078125 877.4571411132813 0.8145926339285714 
235 2021.97568359375 564.2442474365234 2260.5345703125 673.2997589111328 0.7569986979166666 2166.815051269531 688.1113494873047 2354.254040527344 882.3663726806641 0.8231026785714286 
236 2022.83916015625 566.3917388916016 2271.04267578125 678.5933074951172 0.7390950520833334 2168.5179931640623 696.3781524658203 2355.5205810546877 883.3808197021484 0.8206845238095238 
237 2023.8513793945312 564.6735168457031 2278.7748413085938 687.0368103027344 0.7404436383928571 2168.04658203125 698.8025024414062 2351.5916015625 882.3475219726563 0.8242652529761905 
238 2032.6150756835937 569.1142791748047 2280.6341918945313 691.4249664306641 0.7386765252976191 2167.731787109375 697.1745971679687 2354.595361328125 887.4357543945313 0.8258231026785714 
239 2030.1125 569.2473205566406 2277.89580078125 691.4417663574219 0.7497442336309523 2167.71201171875 694.1832733154297 2354.3978515625 887.6578521728516 0.8301246279761905 
240 2024.145458984375 567.8447326660156 2268.488330078125 686.6225524902344 0.7668805803571429 2167.3314575195313 689.7551544189453 2347.1951538085937 883.193392944336 0.8086635044642857 
241 2019.4247192382813 567.7273834228515 2269.9124389648437 686.2013885498047 0.7586263020833334 2168.233190917969 691.5392456054688 2347.636682128906 887.8674926757812 0.8051292782738095 
242 2018.7743225097656 563.7904205322266 2269.218719482422 689.0126190185547 0.7718796502976191 2167.947619628906 693.5685028076172 2343.935437011719 889.8627105712891 0.8200334821428571 
243 2030.6366821289062 569.029409790039 2267.804479980469 687.6132293701172 0.7561151413690477 2167.9855834960936 696.7350494384766 2344.1670043945314 883.0810516357421 0.8064081101190477 
244 2027.4758911132812 568.2186859130859 2267.9520874023438 686.7633087158204 0.7658807663690477 2167.77548828125 695.4912963867188 2343.898828125 885.1627563476562 0.8072219122023809 
245 2026.5414794921876 567.9850402832031 2267.4839111328124 683.3659118652344 0.7578822544642857 2166.721484375 700.7252685546875 2346.57978515625 887.37080078125 0.8173363095238095 
246 2023.8643798828125 572.6156646728516 2271.8387451171875 694.9042938232421 0.7580682663690477 2167.579638671875 704.4418121337891 2347.615673828125 884.4779266357422 0.8084774925595238 
247 2023.5384033203125 564.9953674316406 2271.0836669921873 690.4636169433594 0.7847144717261905 2167.3964721679686 701.4193115234375 2343.7302368164064 887.9261474609375 0.8129185267857143 
248 2028.1473022460937 568.811376953125 2265.8260864257813 691.0462890625 0.7625325520833334 2165.008508300781 704.6279083251953 2348.360876464844 894.7710784912109 0.8098725818452381 
249 2021.7157592773438 572.1775665283203 2269.6345825195312 687.6465911865234 0.7648344494047619 2168.0112548828124 711.0278137207031 2348.0072998046876 891.0236999511719 0.81494140625 
250 2018.6703491210938 571.7683837890625 2276.8533325195312 687.2712890625 0.7446056547619048 2165.400915527344 704.2570495605469 2352.243859863281 894.4971008300781 0.8084077380952381 
251 2018.820947265625 572.2145568847657 2276.909033203125 687.6750915527343 0.7555571056547619 2165.105603027344 704.2627349853516 2355.275988769531 897.8288787841797 0.8125232514880952 
252 2024.051513671875 571.090298461914 2282.375732421875 703.6513397216797 0.7532784598214286 2166.0252319335937 708.6191040039063 2349.5712036132813 895.5642456054687 0.8191731770833334 
253 2023.751220703125 570.0108245849609 2272.204833984375 706.1498809814453 0.7545572916666666 2164.7336547851564 708.1134094238281 2348.5214721679686 895.3046813964844 0.8186383928571429 
254 2023.3279418945312 570.4893249511719 2282.0726928710938 706.6708312988281 0.7539295014880952 2162.52099609375 706.0161041259765 2349.7705078125 893.2656951904297 0.8121279761904762 
255 2024.2600219726562 570.64296875 2279.7446166992186 703.494970703125 0.7593005952380952 2162.7455932617186 708.0805725097656 2353.5075805664064 898.8424011230469 0.8139880952380952 
256 2026.02431640625 569.4441131591797 2264.4029296875 695.4443756103516 0.7557896205357143 2165.515185546875 706.0535339355469 2352.812939453125 896.7566467285156 0.81005859375 
257 2029.2702270507812 568.4101806640625 2264.406774902344 691.0900634765625 0.7510463169642857 2165.4502685546877 701.3133941650391 2356.2855712890623 898.9642547607422 0.8149879092261905 
258 2030.1886474609375 566.1687408447266 2265.6936767578127 689.0410369873047 0.7554640997023809 2163.5626831054688 699.2804321289062 2358.1104125976562 897.2412963867188 0.8220563616071429 
259 2026.0897338867187 568.156362915039 2272.233752441406 687.8097625732422 0.7529761904761905 2166.123583984375 701.484423828125 2360.987744140625 896.348583984375 0.8254510788690477 
260 2027.2326904296874 569.1878784179687 2270.9020751953126 685.8746215820313 0.7610212053571429 2167.0190551757814 705.2783996582032 2366.0729858398436 900.9003112792968 0.8294270833333334 
261 2032.3553100585937 568.8936584472656 2273.1698364257813 689.3009216308594 0.7604399181547619 2166.788122558594 708.3544219970703 2366.320031738281 904.4462982177735 0.8238699776785714 
262 2032.9746337890624 575.1340728759766 2274.0986083984376 706.0298065185547 0.7643926711309523 2167.9775146484376 713.7139709472656 2364.3213134765624 906.6130554199219 0.8231259300595238 
263 2031.8095825195312 581.8768371582031 2286.8181030273436 709.3810974121094 0.7561151413690477 2168.4593139648437 715.212924194336 2364.8846801757813 904.7462432861328 0.8129185267857143 
264 2032.3266845703124 584.0092498779297 2280.3632568359376 718.3623931884765 0.7573474702380952 2171.1848876953127 712.4000274658204 2364.1022216796873 905.3174407958984 0.8073846726190477 
265 2037.2671875 587.1365692138672 2278.79677734375 728.6038482666015 0.7743675595238095 2174.089794921875 705.1144134521485 2356.961962890625 905.2387969970703 0.8059895833333334 
266 2033.4676879882813 593.1871826171875 2277.3094116210937 723.69404296875 0.7702752976190477 2168.8617553710938 712.8625061035157 2361.1878051757812 905.1883972167968 0.8180803571428571 
267 2032.7939086914062 589.8626403808594 2289.512487792969 726.7792053222656 0.7395135788690477 2172.3433227539062 709.5329956054687 2360.6036987304688 904.6390014648438 0.8200799851190477 
268 2034.100390625 592.155160522461 2280.35517578125 725.5431427001953 0.7713913690476191 2172.750280761719 714.7563385009765 2357.441369628906 902.8676239013672 0.8233584449404762 
269 2028.549169921875 584.7172241210938 2281.885400390625 728.5027465820312 0.7804827008928571 2167.72607421875 719.5490661621094 2356.0166015625 904.4161437988281 0.8203357514880952 
270 2034.7995849609374 589.7448181152344 2273.9811767578126 723.0032287597656 0.7718563988095238 2172.5261352539064 717.4836700439453 2357.0375854492186 905.412142944336 0.8169177827380952 
271 2032.01826171875 588.2598358154297 2284.54326171875 724.7597564697265 0.7646949404761905 2168.5182983398436 722.2659637451172 2352.7929809570314 903.128384399414 0.8040597098214286 
272 2029.2218383789063 588.282583618164 2285.1177612304687 724.7604461669922 0.7652529761904762 2165.699841308594 724.8916656494141 2353.356555175781 905.7247283935546 0.8048037574404762 
273 2031.558154296875 589.8212585449219 2274.258251953125 726.5537414550781 0.7770414806547619 2166.7128784179686 724.0557312011719 2354.7199829101564 905.2262512207031 0.8138485863095238 
274 2033.6488159179687 592.1283111572266 2283.017443847656 721.9366912841797 0.7717168898809523 2166.8732421875 722.4622283935547 2354.7537109375 906.926626586914 0.8135230654761905 
275 2033.8301391601562 589.0539428710938 2283.1232299804688 722.2379272460937 0.7718331473214286 2167.01435546875 722.7633331298828 2354.8376953125 903.7569915771485 0.8146391369047619 
276 2029.733154296875 587.8278533935547 2275.317626953125 720.852749633789 0.7646949404761905 2164.20107421875 720.5903198242188 2358.62216796875 908.1895874023437 0.8106863839285714 
277 2027.8424682617188 586.5873229980468 2270.7339477539062 726.8484680175782 0.7888997395833334 2168.3669189453126 723.5590209960938 2356.5222412109374 908.2932739257812 0.8147321428571429 
278 2036.1270751953125 587.7017761230469 2289.3763427734375 724.5932678222656 0.7494884672619048 2163.5413208007812 726.9625366210937 2362.0341186523438 911.7659790039063 0.8063848586309523 
279 2037.39287109375 587.4806610107422 2276.91279296875 720.927359008789 0.7599516369047619 2165.838659667969 726.3231201171875 2364.297814941406 911.095458984375 0.8098028273809523 
280 2032.5976196289062 587.6981964111328 2279.198034667969 724.6984710693359 0.7644391741071429 2161.5622680664064 729.704248046875 2363.6376831054686 914.654638671875 0.7978050595238095 
281 2033.7939819335938 587.2672576904297 2269.945520019531 724.1667633056641 0.7783435639880952 2164.506555175781 734.8291473388672 2363.010778808594 916.2209625244141 0.7972005208333334 
282 2031.6870483398438 586.6144165039062 2273.253137207031 717.7503295898438 0.7465355282738095 2169.194055175781 736.8631958007812 2369.348669433594 923.2141967773438 0.8190104166666666 
283 2028.5500854492188 584.6230407714844 2274.254846191406 716.1269592285156 0.7571847098214286 2166.4428100585938 737.9555023193359 2370.6199340820312 924.8294708251954 0.8134068080357143 
284 2031.7128295898438 583.4903625488281 2273.9822387695312 718.4689880371094 0.7441638764880952 2169.619982910156 737.6375152587891 2370.357312011719 921.0699432373046 0.8197777157738095 
285 2030.2574340820313 586.1460174560547 2268.610974121094 717.4132476806641 0.7500232514880952 2170.1606567382814 727.776480102539 2370.5158569335936 921.2229705810547 0.8256370907738095 
286 2031.4923950195312 583.4048767089844 2259.424353027344 718.0918273925781 0.7785760788690477 2170.5626220703125 722.7408477783204 2367.4129638671875 916.1375091552734 0.8233351934523809 
287 2026.7677856445312 585.5705261230469 2284.679724121094 719.6846008300781 0.7505115327380952 2168.8177124023437 727.3557800292969 2364.8304809570313 916.4910217285156 0.8188011532738095 
288 2030.73525390625 585.1711486816406 2273.8365234375 718.7056823730469 0.7782273065476191 2170.9860595703126 722.524691772461 2362.7278076171874 921.1145294189453 0.8288457961309523 
289 2030.8444702148438 586.872348022461 2274.1333129882814 720.5097930908203 0.7769484747023809 2168.172265625 721.6959350585937 2363.48837890625 920.4388305664063 0.8154064360119048 
290 2034.3822265625 588.6983581542969 2271.4341796875 722.6842102050781 0.7675316220238095 2169.028674316406 727.70537109375 2361.418835449219 916.65986328125 0.8168247767857143 
291 2029.9735961914062 587.9434387207032 2270.956335449219 725.6477478027343 0.7822265625 2167.5454956054687 724.1912475585938 2363.7740844726563 920.4198364257812 0.82421875 
292 2030.567138671875 589.4991668701172 2277.967041015625 720.0713287353516 0.7712053571428571 2168.6724609375 730.3796691894531 2364.5306640625 922.8017272949219 0.8171968005952381 
293 2036.5031005859375 587.1185516357422 2273.3919189453127 721.0121246337891 0.7798316592261905 2168.019885253906 734.3487030029297 2363.710827636719 919.739859008789 0.8125 
294 2035.2563232421876 589.9727813720704 2275.5005126953124 720.3911712646484 0.7780645461309523 2169.766711425781 733.723388671875 2365.394177246094 922.48681640625 0.8213588169642857 
295 2034.8137084960938 591.6196075439453 2279.2959106445314 722.4693206787109 0.7616489955357143 2170.1664428710938 735.8456909179688 2366.4407348632812 925.2334106445312 0.8164992559523809 
296 2034.3558959960938 589.6785919189454 2272.4295043945312 724.2420013427734 0.7744605654761905 2168.7867065429687 740.6974822998047 2368.9064086914063 923.5657623291015 0.8181268601190477 
297 2033.998828125 588.5061401367187 2282.53876953125 719.6801391601563 0.7739722842261905 2167.0313110351562 738.7986114501953 2367.2443237304688 925.203646850586 0.8224748883928571 
298 2035.0860473632813 588.1722045898438 2276.943493652344 716.0111450195312 0.7661597842261905 2167.4432861328123 740.8613677978516 2367.8394287109377 927.4371551513672 0.8213588169642857 
299 2032.6199829101563 586.4929260253906 2274.604382324219 721.3128601074219 0.7625325520833334 2164.6477661132812 740.0600219726563 2368.6058959960938 926.7338012695312 0.8132207961309523 
