0 1856.0207824707031 606.6623016357422 2048.7935485839844 817.9709381103515 0.7931082589285714 1993.471142578125 185.18573226928712 2230.730029296875 366.836988067627 0.7936662946428571 
1 1851.1139587402345 606.0596008300781 2054.452081298828 820.4889831542969 0.7807849702380952 1995.1570373535155 180.47130432128907 2231.768621826172 361.6271453857422 0.7822033110119048 
2 1847.6366577148438 606.4851989746094 2054.6734008789062 820.9161682128906 0.7787620907738095 1994.5246520996093 184.1643051147461 2234.835333251953 361.62442169189455 0.7662527901785714 
3 1848.1200012207032 606.1188049316406 2054.9667907714843 820.3529968261719 0.7803896949404762 1995.2994384765625 181.34418563842775 2231.6956787109375 358.6414253234863 0.7707403273809523 
4 1847.9411743164062 605.9489624023438 2054.6408569335936 820.0306518554687 0.7722516741071429 1988.4856323242188 181.4766975402832 2232.095666503906 358.64773788452146 0.7630440848214286 
5 1853.5973205566406 609.9997436523438 2050.194549560547 814.0156372070312 0.7751116071428571 1997.6925476074218 177.28644638061525 2231.3832580566404 347.91785354614257 0.7693684895833334 
6 1851.3034423828126 609.4192779541015 2050.7544189453124 816.2574188232422 0.7684849330357143 1991.0895751953126 176.13894348144532 2234.8630615234374 346.0416595458984 0.7436290922619048 
7 1848.6307800292968 609.0786315917969 2051.1576721191404 818.9700744628906 0.7733677455357143 1987.991943359375 177.9655731201172 2234.706298828125 343.6693145751953 0.7564406622023809 
8 1851.5995971679688 612.1562225341797 2050.6103637695314 818.537808227539 0.7667643229166666 1990.6519409179687 176.99729232788087 2237.5729125976563 346.52500076293944 0.7568359375 
9 1848.2968017578125 615.1748016357421 2051.2732666015627 818.1511871337891 0.7667875744047619 2003.8646850585938 179.4144187927246 2236.3650512695312 345.48598709106443 0.7536272321428571 
10 1848.4177368164062 609.8002014160156 2051.5087768554686 816.5838317871094 0.7783900669642857 2007.3400634765626 180.3265739440918 2236.2790771484374 342.79941787719724 0.7510463169642857 
11 1848.1151611328125 609.5829803466797 2051.1963623046877 816.3565338134765 0.7737630208333334 2007.029718017578 177.29003143310547 2235.9574645996095 339.75492095947266 0.7525809151785714 
12 1848.532421875 607.240267944336 2051.33623046875 813.7313507080078 0.7830403645833334 2007.2299926757812 175.9632354736328 2235.8449584960936 334.5188812255859 0.7603236607142857 
13 1845.7667724609375 606.8016326904296 2052.2979248046877 817.0206939697266 0.7829938616071429 2008.1830139160156 172.60417556762695 2233.154266357422 334.87853622436523 0.7524181547619048 
14 1845.8303283691407 606.874462890625 2052.559686279297 817.295458984375 0.7859002976190477 2008.4025634765626 172.2598434448242 2233.5901123046874 334.6901382446289 0.7473028273809523 
15 1849.1062377929688 606.8666717529297 2051.831018066406 816.9632232666015 0.7862258184523809 2007.7419555664062 169.66160430908204 2236.2680541992186 335.52733001708987 0.7597191220238095 
16 1848.9473815917968 609.6561309814454 2052.0481018066407 816.4495208740234 0.7830171130952381 2008.3033752441406 168.79986801147462 2233.560272216797 331.2804084777832 0.7554640997023809 
17 1845.5747436523438 609.5326385498047 2052.800012207031 816.7578277587891 0.7876441592261905 2004.8364013671876 171.0294219970703 2237.9648681640624 330.14873962402345 0.7607654389880952 
18 1852.7758422851562 610.2205596923828 2045.8528198242188 814.4364837646484 0.7889229910714286 2008.8653198242187 169.7996810913086 2235.3595336914063 329.45938262939455 0.7616722470238095 
19 1849.3982177734374 610.1160125732422 2049.3766845703126 813.7976226806641 0.7895042782738095 2008.3554138183595 164.7227294921875 2237.960137939453 327.668017578125 0.765625 
20 1853.3219665527345 609.7488250732422 2046.154718017578 813.7065582275391 0.7843656994047619 2012.0667419433594 160.8991455078125 2238.274200439453 324.06533203125 0.7586495535714286 
21 1853.4831420898438 612.3372039794922 2046.3112915039062 816.2901763916016 0.7839936755952381 2012.2240661621095 160.64556961059571 2238.426446533203 323.807967376709 0.7609979538690477 
22 1853.4332092285156 609.7578277587891 2046.119647216797 813.5608367919922 0.7858072916666666 2008.7795715332031 158.398291015625 2238.5210876464844 321.4406982421875 0.7553478422619048 
23 1849.4278503417968 610.4271057128906 2048.7898010253907 813.4808532714844 0.7846214657738095 2014.0008911132813 157.46109848022462 2239.2058959960937 323.5959846496582 0.7449544270833334 
24 1845.1816833496093 615.8271606445312 2049.701739501953 812.9101440429688 0.7736235119047619 2004.3640441894531 155.4424934387207 2242.3511657714844 326.495662689209 0.7497442336309523 
25 1848.4975952148438 616.0080749511719 2049.435510253906 813.2248352050781 0.7719261532738095 2014.371514892578 155.74022903442383 2241.3568786621095 323.1884056091309 0.7416759672619048 
26 1845.2127502441406 615.9141510009765 2049.7629577636717 813.0260955810547 0.7677873883928571 2010.9985412597657 153.03014678955077 2241.582391357422 320.38931732177736 0.7320498511904762 
27 1845.4838989257812 615.2035827636719 2050.0825073242186 816.0823059082031 0.7665085565476191 2010.8797973632813 155.50030441284179 2245.2381225585937 322.8992469787598 0.7298642113095238 
28 1848.9703979492188 612.7996826171875 2049.7007446289062 813.530029296875 0.7716238839285714 2017.1034240722656 151.00557403564454 2247.571746826172 314.56360931396483 0.7366768973214286 
29 1849.722021484375 613.198617553711 2046.456201171875 813.6448272705078 0.7788783482142857 2020.9007507324218 143.06372985839843 2243.6189025878907 310.1022247314453 0.7403273809523809 
30 1852.3303161621093 616.2129364013672 2049.578497314453 813.4611968994141 0.7737630208333334 2024.3857421875 144.84965057373046 2243.9638671875 308.6029556274414 0.7400251116071429 
31 1856.0690490722657 619.4030334472657 2050.070721435547 813.4047058105468 0.7730887276785714 2021.9461608886718 146.4522262573242 2245.7941955566407 310.6074966430664 0.7310267857142857 
32 1843.2689392089844 610.1014862060547 2052.7826965332033 812.1327056884766 0.7913178943452381 2023.2839111328126 148.19256439208985 2244.0217529296874 312.81057891845705 0.7508835565476191 
33 1849.3199584960937 611.0565063476563 2050.255969238281 815.7135131835937 0.7789248511904762 2021.34638671875 143.49375381469727 2244.60869140625 307.21942672729494 0.7335844494047619 
34 1856.1848937988282 617.0069427490234 2049.3486755371096 813.8854522705078 0.7742047991071429 2024.631689453125 144.0982749938965 2243.798486328125 303.82996292114257 0.7323753720238095 
35 1848.953564453125 611.313916015625 2052.792041015625 815.152392578125 0.7866908482142857 2013.3072631835937 142.3427764892578 2250.501086425781 309.1197479248047 0.7528599330357143 
36 1850.977490234375 614.2675140380859 2048.855517578125 815.8791534423829 0.7850864955357143 2031.0494995117188 140.25039138793946 2236.3945922851562 293.325887298584 0.7561383928571429 
37 1853.9221740722655 617.8271423339844 2050.530828857422 814.4357971191406 0.7805524553571429 2028.7013305664063 139.43173522949218 2243.8579956054687 302.6540191650391 0.7503952752976191 
38 1857.1117065429687 613.2580993652343 2050.497180175781 817.8003723144532 0.7828543526785714 2029.0415771484375 137.8046661376953 2244.7406494140623 297.71950378417966 0.75 
39 1851.3910766601562 613.5759429931641 2052.380407714844 814.5653533935547 0.7799246651785714 2020.6000366210938 141.02179031372071 2243.9216918945312 293.624861907959 0.7307245163690477 
40 1851.5772583007813 613.5727966308593 2048.950329589844 814.6698791503907 0.7800641741071429 2017.1528930664062 140.76564331054686 2244.3180541992188 293.45042114257814 0.7209123883928571 
41 1848.9949523925782 611.0200103759765 2048.6714294433596 814.3942352294922 0.7741582961309523 2022.3607543945313 141.5525390625 2247.9212280273437 296.8565185546875 0.7215169270833334 
42 1854.5768981933593 614.2561889648438 2050.504766845703 813.8807739257812 0.7823660714285714 2035.7178466796875 139.22349395751954 2239.0389892578123 290.7903305053711 0.7438848586309523 
43 1848.5547241210938 612.8337524414062 2048.204064941406 816.1802856445313 0.7787388392857143 2035.8325927734375 141.01284561157226 2239.1791259765623 292.59846725463865 0.7351888020833334 
44 1848.8504272460937 612.7951751708985 2048.3258422851563 815.9645294189453 0.7752046130952381 2032.2710693359375 141.38534088134764 2242.8285400390623 292.83887176513673 0.7428385416666666 
45 1851.875048828125 612.8054992675782 2051.2365234375 815.8589294433593 0.7735770089285714 2035.6172119140624 138.39895629882812 2242.3622802734376 293.4579162597656 0.7464657738095238 
46 1845.37392578125 612.3614135742188 2048.88486328125 815.8723510742187 0.7785760788690477 2035.6496337890626 136.8858627319336 2242.8606201171874 292.29422149658205 0.7616722470238095 
47 1845.5456604003907 612.2843078613281 2049.342401123047 816.0810485839844 0.7717633928571429 2035.6609130859374 136.14104614257812 2246.8683837890626 291.76764526367185 0.7481398809523809 
48 1851.7149475097656 610.9470916748047 2047.632342529297 814.257681274414 0.7843191964285714 2034.4102172851562 136.3660987854004 2248.8102416992188 287.92490158081057 0.7534644717261905 
49 1851.937725830078 613.7827270507812 2047.3568298339844 812.8890258789063 0.7770647321428571 2037.004345703125 138.42353591918945 2250.859423828125 278.5353721618652 0.7423270089285714 
50 1844.8365478515625 614.9250396728515 2050.7386474609375 813.4734588623047 0.7754836309523809 2036.7384643554688 136.79657821655275 2246.3174438476562 287.5463325500488 0.7634161086309523 
51 1851.547265625 615.867333984375 2050.053076171875 814.37314453125 0.7726469494047619 2040.1561279296875 137.84159088134766 2246.0137939453125 288.55895233154297 0.7550223214285714 
52 1847.3264465332031 610.9650573730469 2053.3562927246094 816.9949035644531 0.7826450892857143 2039.347509765625 132.96446990966797 2249.056298828125 287.48685455322266 0.7582310267857143 
53 1850.3205200195312 610.8538879394531 2052.636511230469 816.8485046386719 0.7819010416666666 2038.6300903320312 132.93517456054687 2251.981481933594 287.43109741210935 0.7652994791666666 
54 1850.2182006835938 613.8470458984375 2052.5481567382812 816.177001953125 0.7780877976190477 2038.5407592773438 129.38696670532227 2251.9067504882814 287.5722465515137 0.7673456101190477 
55 1850.7786804199218 614.0160766601563 2049.3693908691407 816.2844604492187 0.7779250372023809 2038.6195190429687 133.38103103637695 2251.920764160156 284.16296005249023 0.7553943452380952 
56 1850.075860595703 614.2361389160156 2052.5338806152345 816.6941589355469 0.7835286458333334 2038.5175903320312 132.72573852539062 2252.0187866210936 287.3300476074219 0.7612537202380952 
57 1846.8670959472656 610.5475311279297 2049.386688232422 816.7491607666016 0.7795061383928571 2038.1985961914063 132.573152923584 2251.764538574219 283.5422187805176 0.7666480654761905 
58 1850.1458618164063 613.6326782226563 2052.530407714844 816.0172241210937 0.7759951636904762 2038.5192016601563 132.72176818847657 2251.9429565429687 283.5902435302734 0.7668805803571429 
59 1850.2331115722657 610.7518157958984 2049.078045654297 816.9613800048828 0.7811104910714286 2038.3143432617187 132.7593002319336 2251.888537597656 283.73413848876953 0.7636951264880952 
60 1850.1757202148438 614.2046508789062 2052.7691040039062 816.7980346679688 0.7766229538690477 2035.48505859375 132.37236557006835 2252.8123046875 287.0800422668457 0.7640438988095238 
61 1856.683123779297 617.6867950439453 2049.194683837891 813.9005462646485 0.7701590401785714 2040.5090454101562 132.99036254882813 2244.1269409179686 284.77837524414065 0.7522553943452381 
62 1860.4446350097655 614.0248138427735 2045.805242919922 814.2142608642578 0.7717866443452381 2037.1074340820312 135.22416000366212 2248.4186889648436 283.5126106262207 0.7419317336309523 
63 1856.379083251953 617.2254272460938 2049.0172790527345 813.5682739257812 0.7717168898809523 2039.898388671875 131.78274383544922 2247.355029296875 287.3751846313477 0.7547200520833334 
64 1852.574041748047 618.1907318115234 2052.1448303222655 814.0656768798829 0.771484375 2038.4988159179688 131.48842849731446 2252.852502441406 283.01430282592776 0.7609979538690477 
65 1851.4738647460938 610.6138397216797 2051.3796508789064 817.923452758789 0.7867140997023809 2040.985791015625 132.91891555786134 2251.997119140625 284.69917221069335 0.7641834077380952 
66 1851.7552185058594 614.1828491210938 2051.496124267578 817.6226928710937 0.7819707961309523 2041.11083984375 130.76429901123046 2251.9482421875 282.41944732666013 0.7579287574404762 
67 1854.6980346679688 614.0538757324218 2050.687951660156 813.7417785644532 0.7799479166666666 2043.5764770507812 130.33685989379882 2254.3583374023438 281.95176010131837 0.7526041666666666 
68 1844.6996215820313 613.0504608154297 2051.5884643554687 816.2448883056641 0.7743443080357143 2043.6311401367188 130.21508102416993 2250.519982910156 281.68727798461913 0.7430943080357143 
69 1851.3989501953124 613.9422760009766 2047.2831787109376 813.5225067138672 0.7808082217261905 2047.14091796875 131.76556243896485 2246.72138671875 272.2109085083008 0.7410946800595238 
70 1851.639990234375 610.8770721435546 2047.50771484375 814.1359283447266 0.7864350818452381 2046.9391357421875 131.58414611816406 2250.1980712890627 275.71315612792966 0.7478143601190477 
71 1848.497052001953 613.1120208740234 2048.197650146484 816.5108428955078 0.7759719122023809 2043.5039306640624 133.48921890258788 2254.2988037109376 277.71743087768556 0.7430943080357143 
72 1854.5521728515625 613.4440307617188 2054.6087158203127 817.2053833007812 0.7909923735119048 2044.2068725585937 129.68903427124025 2255.3778442382813 277.8790962219238 0.7672991071428571 
73 1851.46943359375 613.0378631591797 2055.088916015625 816.6572662353516 0.7864815848214286 2043.839892578125 126.34472274780273 2258.565869140625 278.1337471008301 0.7605561755952381 
74 1855.7065795898438 612.9342498779297 2052.048791503906 816.6856842041016 0.7833426339285714 2044.4971557617187 125.9255157470703 2259.3624633789063 277.8129486083984 0.7734607514880952 
75 1852.2019470214843 612.8573913574219 2052.250079345703 816.6100158691406 0.7878999255952381 2050.8250732421875 124.27857208251953 2258.2823486328125 265.0531234741211 0.7690662202380952 
76 1843.8120666503905 613.3256622314453 2051.430731201172 817.2368988037109 0.7794828869047619 2058.9882202148438 117.09402389526367 2255.4846801757812 246.85572891235353 0.7700892857142857 
77 1837.8111511230468 613.2517700195312 2052.4106506347657 816.7512817382812 0.7713913690476191 2057.8184326171877 123.4296974182129 2265.0179931640623 230.72946701049804 0.7403273809523809 
78 1841.521044921875 610.1522064208984 2052.241650390625 817.1758575439453 0.7746930803571429 2055.227392578125 122.31000137329102 2262.251123046875 244.30610275268555 0.7326543898809523 
79 1845.2311950683593 610.3818908691406 2051.950079345703 817.1007751464844 0.7792503720238095 2067.99345703125 116.44285125732422 2263.63837890625 223.49373321533204 0.6986839657738095 
80 1841.1934326171875 609.6469299316407 2052.0143310546873 816.7692077636718 0.7758324032738095 2074.2060424804686 123.5638442993164 2262.8352172851564 253.01528778076172 0.6624813988095238 
81 1845.033135986328 613.7704315185547 2048.0878356933595 816.8252105712891 0.7746698288690477 2072.6530639648436 117.91923522949219 2272.0161254882814 261.9035186767578 0.6876395089285714 
82 1846.655938720703 610.9155914306641 2054.0746520996095 818.3342254638671 0.7847842261904762 2075.8706787109377 117.86884155273438 2272.1776611328123 277.13677368164065 0.7024972098214286 
83 1841.7222961425782 617.0941162109375 2049.9465270996093 814.1634521484375 0.7663457961309523 2072.971398925781 121.98973388671875 2284.913610839844 296.74927978515626 0.7327706473214286 
84 1828.0083984375 611.5630950927734 2045.458154296875 814.0164337158203 0.7814360119047619 2070.2602294921876 123.8871063232422 2287.7099853515624 303.8456207275391 0.7467447916666666 
85 1824.3844848632812 617.8656005859375 2039.7290405273438 810.5423583984375 0.7528599330357143 2078.5259643554687 133.12217178344727 2282.5367797851563 295.57513961791994 0.7361188616071429 
86 1815.0255920410157 624.6141510009766 2046.1356628417968 808.7187957763672 0.7320033482142857 2076.4180297851562 128.7970397949219 2287.9425659179688 301.1503479003906 0.7297712053571429 
87 1802.9613708496095 634.0104797363281 2045.067803955078 822.3154479980469 0.7226329985119048 2074.628955078125 143.4420295715332 2293.677685546875 304.8462852478027 0.7284691220238095 
88 1813.796649169922 626.6939178466797 2044.3338439941406 814.249624633789 0.7300269717261905 2074.9921142578123 145.0302505493164 2282.0850341796877 313.04894256591797 0.7347237723214286 
89 1813.5886962890625 628.8382629394531 2041.9513427734375 815.3344665527344 0.7333751860119048 2072.546032714844 157.1814712524414 2289.490832519531 320.84138641357424 0.7344215029761905 
90 1825.9499145507812 623.1535766601562 2038.5141967773438 812.9431030273438 0.7429547991071429 2074.574182128906 166.19875411987306 2283.342565917969 318.0303871154785 0.7151925223214286 
91 1829.0045349121094 608.3125610351562 2040.990704345703 812.7277221679688 0.771484375 2069.381555175781 168.03390197753907 2292.724157714844 327.0234100341797 0.7310267857142857 
92 1835.3849060058594 613.5111083984375 2051.6335266113283 807.38916015625 0.7448149181547619 2076.7286865234373 173.70039825439454 2289.2488525390627 326.56580657958983 0.7343517485119048 
93 1841.7603088378905 598.0623931884766 2056.653387451172 805.5454559326172 0.7886439732142857 2073.4685546875 182.6687889099121 2280.95185546875 334.5760383605957 0.7261207217261905 
94 1850.7128173828125 594.2813537597656 2061.3509033203127 808.6148864746094 0.7967122395833334 2072.8634399414063 192.61921081542968 2279.8062377929687 340.43541564941404 0.7164015997023809 
95 1863.7552185058594 604.8773681640625 2062.217071533203 807.01435546875 0.7819475446428571 2067.5884033203124 203.28902740478514 2288.1015380859376 357.64819793701173 0.7353050595238095 
96 1858.909716796875 599.5491394042969 2064.272900390625 808.5795227050781 0.7873186383928571 2067.6580078125 210.9670166015625 2273.02119140625 364.989404296875 0.7298409598214286 
97 1859.4505920410156 605.9077453613281 2068.263885498047 807.3942565917969 0.7809709821428571 2065.163952636719 222.94247436523438 2273.977404785156 373.1415100097656 0.7261439732142857 
98 1859.3945617675781 605.3857727050781 2064.2405700683594 810.2317810058594 0.7858305431547619 2061.567333984375 234.24312591552734 2270.071337890625 387.8776321411133 0.7301432291666666 
99 1860.0732666015624 602.9299957275391 2064.5934814453126 811.1024139404296 0.8087797619047619 2061.924694824219 241.64837646484375 2270.097033691406 391.38641357421875 0.7463727678571429 
100 1866.7148742675781 606.8524322509766 2064.0135192871094 811.4584197998047 0.8118954613095238 2062.6084228515624 241.76554260253906 2267.2143310546876 395.2200531005859 0.7513020833333334 
101 1864.0707885742188 596.7841552734375 2064.5415161132814 815.479638671875 0.8204055059523809 2059.4946533203124 245.46958923339844 2267.2553466796876 398.55641174316406 0.7655552455357143 
102 1861.5939697265626 599.5753112792969 2065.6596923828124 814.5731262207031 0.8151274181547619 2057.3904052734374 251.57050018310548 2265.1003173828126 397.3316909790039 0.7683686755952381 
103 1861.5367248535156 605.4062713623047 2065.3506042480467 812.8596588134766 0.8021065848214286 2057.5115966796875 250.55187072753907 2261.3253173828125 403.41224060058596 0.7619977678571429 
104 1868.4492065429688 610.7983154296875 2064.2956665039064 810.2715087890625 0.8005254836309523 2056.484033203125 250.77004852294922 2266.837744140625 403.0950332641602 0.7545572916666666 
105 1872.2800537109374 605.0856750488281 2060.9501708984376 811.8972351074219 0.8136393229166666 2053.9728881835936 249.37539825439453 2264.4126098632814 394.50634613037107 0.7614629836309523 
106 1870.8946166992187 608.700537109375 2063.3177856445313 812.0156494140625 0.80908203125 2055.9168212890627 249.54779357910155 2266.4933349609373 394.77288513183595 0.7662295386904762 
107 1870.2222595214844 609.7328887939453 2062.431671142578 812.8221038818359 0.7964564732142857 2055.0390625 247.35252075195314 2265.38134765625 399.66945190429686 0.7702287946428571 
108 1874.4344421386718 607.0510498046875 2062.8022521972657 813.531103515625 0.7993629092261905 2055.83603515625 248.7064697265625 2265.93837890625 397.22718505859376 0.7665550595238095 
109 1863.508856201172 606.5709686279297 2062.5686584472655 812.8694000244141 0.7997814360119048 2054.3556396484373 250.908056640625 2264.2732666015627 402.9174438476563 0.7684151785714286 
110 1864.039599609375 603.2207153320312 2063.0138671875 813.0482055664063 0.8000604538690477 2051.604113769531 251.7458480834961 2265.049450683594 396.4544387817383 0.7641834077380952 
111 1861.1328918457032 603.4582550048829 2063.6943786621096 813.2540863037109 0.7981305803571429 2052.703820800781 255.23610076904296 2258.882360839844 396.3057388305664 0.7626023065476191 
112 1865.372998046875 602.630160522461 2064.127001953125 812.2252471923828 0.8187546502976191 2051.2011474609376 253.9071487426758 2253.5688720703124 402.0692611694336 0.7730887276785714 
113 1864.6730590820312 596.1044677734375 2063.751745605469 813.2812744140625 0.8209867931547619 2038.4144653320313 260.7335403442383 2251.9715209960937 416.37684173583983 0.7921549479166666 
114 1868.506036376953 598.8412780761719 2060.4586853027345 816.1461486816406 0.8089192708333334 2023.544677734375 266.4762237548828 2248.093017578125 418.5896331787109 0.7831566220238095 
115 1867.5496398925782 603.5916290283203 2063.4175231933596 817.5953216552734 0.8077799479166666 2011.241876220703 281.05144958496095 2243.3815368652345 437.0202667236328 0.779296875 
116 1863.6219421386718 602.7650085449219 2063.2758850097657 816.9392150878906 0.8020600818452381 1989.4178100585937 305.0992156982422 2236.2626098632813 461.1922882080078 0.7877371651785714 
117 1868.08515625 604.6424896240235 2060.866015625 819.2474639892578 0.8000837053571429 1976.5068786621093 321.4870834350586 2223.848223876953 492.4435501098633 0.7705310639880952 
118 1869.239239501953 606.95693359375 2062.798480224609 822.4284423828125 0.7871791294642857 1959.9788940429687 346.39651641845705 2219.275256347656 507.08715667724607 0.7765299479166666 
119 1870.1382385253905 616.9824188232421 2063.712713623047 821.5139801025391 0.7715308779761905 1945.573223876953 364.26793975830077 2215.847064208984 543.233006286621 0.7601376488095238 
120 1869.794854736328 609.9086212158203 2063.9342712402345 822.363168334961 0.7930617559523809 1940.2372436523438 393.65014495849607 2207.6370239257812 551.1595779418946 0.7592540922619048 
121 1871.8056213378907 610.1754913330078 2062.217694091797 818.8963470458984 0.8098958333333334 1934.6191101074219 410.8907638549805 2190.9430236816406 564.6850723266601 0.7719029017857143 
122 1872.4231567382812 607.0723327636719 2059.5663452148438 819.9017883300781 0.8080357142857143 1926.4773010253907 430.3730209350586 2183.340447998047 584.4909011840821 0.7826683407738095 
123 1865.543389892578 607.2791778564454 2063.8151306152345 820.2377288818359 0.8048735119047619 1921.7486572265625 441.77025604248047 2171.4241943359375 595.9816055297852 0.7773204985119048 
124 1867.6774169921875 611.0313354492188 2062.1702392578127 820.2027954101562 0.7998046875 1921.0289245605468 445.19025268554685 2166.8969787597657 599.3165832519531 0.7820638020833334 
125 1869.1370544433594 612.2089874267579 2060.194366455078 817.9629486083984 0.7938290550595238 1916.901318359375 449.41456909179686 2159.397021484375 596.3816955566406 0.7580217633928571 
126 1869.0174438476563 617.1593780517578 2059.919079589844 815.4034271240234 0.8003162202380952 1916.7428405761718 448.0024108886719 2159.0409729003904 594.8498840332031 0.7649972098214286 
127 1858.7798767089844 608.5990600585938 2064.392364501953 821.5549926757812 0.7948753720238095 1913.8546264648437 449.58827209472656 2156.183703613281 596.4543914794922 0.7701125372023809 
128 1861.8365966796875 608.0360626220703 2064.0545166015627 821.284066772461 0.7936662946428571 1914.5829711914062 455.31201629638673 2149.890905761719 595.026271057129 0.7752511160714286 
129 1864.4320251464844 614.1822235107422 2062.9516418457033 820.054409790039 0.8034784226190477 1911.0926330566406 452.5669189453125 2146.3750183105467 588.5895751953125 0.7896902901785714 
130 1855.7236633300781 613.5494079589844 2061.3059997558594 819.1317443847656 0.7893182663690477 1911.6375610351563 457.38590850830076 2146.588757324219 596.8882308959961 0.7791806175595238 
131 1857.7692138671875 610.0691131591797 2059.3904541015627 819.0221343994141 0.7973400297619048 1910.3598388671876 451.73296508789065 2144.9736572265624 591.0349792480469 0.7876441592261905 
132 1852.3177795410156 609.9725128173828 2061.442108154297 819.0967620849609 0.7907598586309523 1911.8659301757812 453.9054428100586 2143.003454589844 596.990461730957 0.7791341145833334 
133 1858.7721740722657 614.0978790283203 2060.432293701172 819.4246429443359 0.7922479538690477 1911.3730529785157 458.12855224609376 2146.032098388672 597.4573852539063 0.7724841889880952 
134 1859.3087463378906 616.9271453857422 2060.666717529297 818.2851959228516 0.7927827380952381 1911.8307250976563 457.952897644043 2146.1382690429687 597.0730117797851 0.7720191592261905 
135 1861.9337585449218 621.2885284423828 2059.5253479003904 815.2209320068359 0.7875744047619048 1914.0056579589843 457.895491027832 2148.188311767578 604.2596298217774 0.7796223958333334 
136 1860.9815734863282 617.7061309814453 2061.9758239746093 818.7003021240234 0.7893182663690477 1913.4087707519532 459.01910705566405 2147.2927673339846 597.8878143310546 0.7911318824404762 
137 1861.0152404785156 617.7523010253906 2062.1440612792967 818.8811218261719 0.7887137276785714 1913.4774536132813 455.7240280151367 2147.5183959960937 598.3426528930664 0.7904808407738095 
138 1861.0019470214843 617.6638641357422 2062.007940673828 818.6699371337891 0.7910621279761905 1910.1992309570312 455.7345596313477 2147.7516967773436 598.2661422729492 0.7913876488095238 
139 1861.5573791503907 614.172265625 2058.860467529297 818.7829345703125 0.7927362351190477 1910.321026611328 459.16839599609375 2147.815570068359 594.3576049804688 0.7867140997023809 
140 1860.6529418945313 614.1879455566407 2061.069714355469 821.8926208496093 0.7886439732142857 1912.9295166015625 460.44166107177733 2146.1417724609373 591.6235549926757 0.7839936755952381 
141 1860.8513488769531 614.9217376708984 2061.1778259277344 818.8905792236328 0.7917131696428571 1913.1043395996094 460.4042205810547 2146.211700439453 595.1693267822266 0.7829241071428571 
142 1861.0873046875 618.472689819336 2061.21494140625 818.6002471923828 0.7902018229166666 1916.5071960449218 461.7294525146484 2145.7443908691407 589.0833526611328 0.7736700148809523 
143 1860.6612182617187 614.7264984130859 2060.8856567382813 822.2319366455079 0.7909923735119048 1916.5279479980468 461.54770812988284 2142.2358459472657 588.9633392333984 0.7692057291666666 
144 1864.580224609375 618.3752532958985 2057.67783203125 818.7595733642578 0.7935035342261905 1916.848388671875 462.2716781616211 2142.736083984375 582.502278137207 0.7667178199404762 
145 1859.5791442871093 621.5982940673828 2059.636798095703 814.381137084961 0.7805989583333334 1914.5600219726562 458.0546905517578 2147.354284667969 589.0015228271484 0.7767159598214286 
146 1864.3722839355469 620.2736450195313 2057.4291076660156 820.6155151367187 0.7809942336309523 1916.6292724609375 460.9808776855469 2142.4693603515625 584.8285705566407 0.7681129092261905 
147 1857.5501586914063 617.4247406005859 2058.306530761719 818.1810333251954 0.7824125744047619 1913.1442138671875 456.53894958496096 2143.1013916015627 591.5931915283203 0.7644159226190477 
148 1857.7585754394531 621.4907257080079 2058.8467712402344 815.2666595458984 0.7875511532738095 1916.6788146972656 457.9483306884766 2143.3601257324217 582.2574188232422 0.7650437127976191 
149 1849.3530334472657 617.0181701660156 2061.566766357422 821.9143249511719 0.7833193824404762 1911.9757995605469 450.54003143310547 2142.4837951660156 585.9178848266602 0.7634161086309523 
150 1853.6093811035157 621.0682983398438 2062.617547607422 822.7428588867188 0.7831333705357143 1913.1245178222657 441.253564453125 2144.133660888672 587.9260009765625 0.7720889136904762 
151 1853.8645385742188 617.5462524414063 2062.578332519531 822.5984008789062 0.7848539806547619 1913.2958435058595 444.46305084228516 2143.979669189453 587.2672653198242 0.7762276785714286 
152 1858.9966125488281 623.4952972412109 2059.9292907714844 820.7746612548829 0.7613699776785714 1911.829278564453 443.9204345703125 2141.9884704589845 590.0533203125 0.7692522321428571 
153 1855.1197875976563 627.6582794189453 2063.1194702148437 817.4123382568359 0.7559058779761905 1911.5407653808593 453.0621932983398 2141.434942626953 599.0268264770508 0.7728329613095238 
154 1848.7651916503905 627.5739440917969 2064.127996826172 821.0354309082031 0.76708984375 1911.6613037109375 456.1541580200195 2141.6248291015627 602.1628280639649 0.7738560267857143 
155 1845.5585632324219 624.5252532958984 2064.5773010253906 817.9918975830078 0.7796921502976191 1912.1065490722656 456.3300247192383 2138.4260437011717 598.6922836303711 0.7681129092261905 
156 1851.8557067871093 639.3943237304687 2071.123907470703 825.7723022460938 0.7526506696428571 1912.8571899414062 455.6868621826172 2139.4345581054686 601.865689086914 0.7878301711309523 
157 1846.4047485351562 629.7050964355469 2069.912390136719 820.2361877441406 0.7630673363095238 1910.8076782226562 461.2992370605469 2137.9791870117188 596.8694641113282 0.7629045758928571 
158 1839.181707763672 623.2992492675781 2069.7322326660155 817.2545837402344 0.7677873883928571 1912.37236328125 455.38302154541014 2142.923046875 616.4024703979492 0.7706705729166666 
159 1842.948065185547 623.5568969726562 2070.0581604003905 817.6993286132813 0.7709263392857143 1912.9690063476562 459.98694915771483 2143.7421752929686 606.5095413208007 0.7604631696428571 
160 1843.0773864746093 624.0619567871094 2070.184942626953 818.2023254394531 0.7741117931547619 1913.5201538085937 460.0711929321289 2140.627551269531 610.2551925659179 0.7638811383928571 
161 1845.4249938964845 623.7546173095703 2069.167657470703 818.1538909912109 0.76806640625 1909.4723510742188 462.78971710205076 2140.5508422851562 609.5061508178711 0.7688802083333334 
162 1842.4888000488281 627.2158508300781 2065.7779235839844 817.5606384277344 0.7672061011904762 1912.4602661132812 463.3391677856445 2139.4096069335938 609.7582138061523 0.7748093377976191 
163 1843.086444091797 624.1078186035156 2066.085797119141 817.8612976074219 0.7666945684523809 1912.9671142578125 463.2558288574219 2139.6222412109373 613.1406555175781 0.7718331473214286 
164 1844.1305053710937 629.5221069335937 2070.749133300781 819.5893432617188 0.7408621651785714 1914.4216247558593 459.83926544189455 2141.040411376953 609.7000106811523 0.7798316592261905 
165 1850.344415283203 627.1896240234375 2066.5355895996095 817.7310302734375 0.7624395461309523 1913.9052307128907 463.1436431884766 2141.089276123047 609.7139617919922 0.7720656622023809 
166 1847.0962951660156 630.5319732666015 2070.8925964355467 817.6403289794922 0.7566964285714286 1914.404559326172 459.7920181274414 2141.869488525391 610.2124679565429 0.7761114211309523 
167 1848.421856689453 627.341552734375 2065.019915771484 814.5704345703125 0.7676943824404762 1911.678643798828 462.5632614135742 2142.9613708496095 609.4094253540039 0.7838774181547619 
168 1850.9913757324218 636.3250274658203 2071.6979553222654 816.5687103271484 0.7351422991071429 1915.2227355957032 455.3740203857422 2143.2859313964846 609.8685943603516 0.7882021949404762 
169 1853.3818603515624 633.5021911621094 2070.5656494140626 813.8751281738281 0.7450241815476191 1913.9781860351563 459.35875396728517 2145.8863159179687 602.9208786010743 0.7775297619047619 
170 1848.537353515625 627.0728515625 2069.480224609375 814.8742919921875 0.7653459821428571 1909.155047607422 459.3828628540039 2144.827496337891 602.995768737793 0.7806687127976191 
171 1849.0188415527343 630.261669921875 2070.055499267578 814.4589111328125 0.7564174107142857 1909.6621704101562 462.50048675537107 2145.4347534179688 602.4903884887696 0.7815290178571429 
172 1846.6404113769531 629.6605773925781 2067.4888610839844 813.7008728027344 0.7601376488095238 1910.063525390625 461.6176452636719 2145.635205078125 605.1690979003906 0.7750418526785714 
173 1848.0189025878906 628.7147491455078 2068.7937194824217 816.3734466552735 0.7732979910714286 1914.675830078125 450.96263580322267 2146.489697265625 609.1846725463868 0.7857142857142857 
174 1848.7502502441407 629.5252807617187 2069.190545654297 816.8995239257813 0.7567196800595238 1912.05615234375 455.2926818847656 2147.1923828125 609.6008728027343 0.7893182663690477 
175 1843.9949584960937 632.0681060791015 2072.1776489257813 819.7667938232422 0.7545805431547619 1914.3465637207032 451.87174530029296 2146.2094665527343 606.4471328735351 0.7774600074404762 
176 1850.260809326172 629.5244415283203 2067.3543029785155 817.1815521240235 0.7691824776785714 1913.6622741699218 459.1329376220703 2145.4740783691404 602.6354339599609 0.7889927455357143 
177 1849.1341796875 633.5503997802734 2073.198828125 817.2099151611328 0.7684384300595238 1913.697528076172 463.4533721923828 2141.435406494141 603.0346038818359 0.7878301711309523 
178 1857.3365844726563 636.8061676025391 2066.7327514648437 820.4871063232422 0.7698567708333334 1911.3105346679688 463.863508605957 2142.7483032226564 603.4610458374024 0.7856677827380952 
179 1854.1959167480468 636.6585479736328 2070.5727600097657 820.0287689208984 0.7622302827380952 1914.9901306152344 464.00850067138674 2142.3693664550783 603.3698257446289 0.7799479166666666 
180 1846.8842895507812 633.6220642089844 2070.6306030273436 820.6886047363281 0.7600446428571429 1913.7542785644532 464.61319122314455 2144.8364196777343 600.3281845092773 0.7781808035714286 
181 1845.973651123047 633.4503601074218 2070.023541259766 817.0977355957032 0.7586495535714286 1912.9344055175782 463.7884582519531 2144.3301208496096 599.6874938964844 0.7801106770833334 
182 1850.1700134277344 636.0862701416015 2066.852813720703 819.7157928466797 0.7706938244047619 1913.4515502929687 463.1920227050781 2144.824572753906 602.7504821777344 0.78515625 
183 1853.2786437988282 639.9080627441406 2070.6809509277346 824.1473571777344 0.7702520461309523 1913.935888671875 460.3455520629883 2146.077294921875 604.0522445678711 0.7885044642857143 
184 1845.2392700195312 629.8740631103516 2069.7885620117186 821.2931121826172 0.7645554315476191 1912.3492614746094 459.8339096069336 2144.2607238769533 603.398176574707 0.7777622767857143 
185 1848.65263671875 632.1761047363282 2069.831005859375 823.8640563964843 0.7668108258928571 1912.1705139160156 461.8971237182617 2148.0940124511717 605.6630874633789 0.7937825520833334 
186 1844.602734375 628.9359405517578 2069.6423828125 820.772982788086 0.7682756696428571 1908.5957397460938 464.2001678466797 2144.702844238281 608.0779693603515 0.7790876116071429 
187 1838.156805419922 626.1881744384766 2069.8467346191405 821.1019256591796 0.7752743675595238 1914.5380126953125 457.86641998291014 2146.2281005859377 616.0040328979492 0.7901320684523809 
188 1840.581884765625 622.4532470703125 2066.140771484375 822.1282958984375 0.7727399553571429 1907.1402648925782 464.30601959228517 2147.4899841308593 604.8180953979493 0.7826915922619048 
189 1839.4892822265624 625.6726959228515 2071.8058837890626 821.1136199951172 0.77392578125 1912.8150207519532 453.6336212158203 2148.8191345214846 615.8864593505859 0.7991303943452381 
190 1845.0698303222657 629.2414947509766 2069.874139404297 820.8779510498047 0.7712518601190477 1908.9958129882812 458.15774993896486 2144.855993652344 609.2557327270508 0.8026181175595238 
191 1844.5441772460938 629.9239929199218 2069.7517211914064 821.9042541503907 0.7633928571428571 1908.5849365234376 461.79926147460935 2144.8681884765624 609.4763732910156 0.7972005208333334 
192 1846.4359924316407 629.0115142822266 2073.204266357422 822.3221649169922 0.7637416294642857 1911.3494689941406 463.0103363037109 2145.5527526855467 607.9932647705078 0.7944103422619048 
193 1844.144970703125 629.2766693115234 2074.180224609375 822.2094757080079 0.7760416666666666 1909.3596923828125 457.4636749267578 2143.1051513671873 605.8735443115235 0.7968052455357143 
194 1842.519598388672 628.7598815917969 2073.2954650878905 822.3137268066406 0.7683919270833334 1910.8075317382813 459.68654479980466 2145.3055053710937 604.8519683837891 0.7823660714285714 
195 1840.3681396484376 628.0687652587891 2074.6963134765624 821.4825653076172 0.7683221726190477 1908.6065612792968 455.8274520874023 2146.6543029785157 604.6072708129883 0.7911551339285714 
196 1848.064501953125 633.0997589111328 2067.5861328125 819.135043334961 0.7733444940476191 1912.1751281738282 457.5110382080078 2146.5796325683596 602.618539428711 0.7747860863095238 
197 1857.6714782714844 627.1815002441406 2065.984893798828 820.6153747558594 0.7762974330357143 1912.754412841797 461.93289947509766 2139.667095947266 599.5685348510742 0.7682989211309523 
198 1855.9410278320313 632.9477386474609 2068.472302246094 823.1072540283203 0.7677176339285714 1914.0214538574219 454.5476638793945 2145.1959533691406 599.9637802124023 0.7872023809523809 
199 1850.3452453613281 628.4794860839844 2067.8960876464844 823.5250305175781 0.7846214657738095 1912.0903930664062 450.74566955566405 2144.6447143554688 585.7772186279296 0.7670665922619048 
200 1846.0666015625 630.6087371826172 2071.64580078125 822.351040649414 0.7581612723214286 1911.2820068359374 442.04771881103517 2148.1403564453126 588.6741744995118 0.7635556175595238 
201 1848.1080749511718 622.4639465332032 2069.3319885253904 820.8026550292968 0.7697870163690477 1910.8957580566407 433.3673553466797 2147.376580810547 566.8645172119141 0.7487676711309523 
202 1840.7678833007812 625.0238067626954 2068.5138549804688 819.1679046630859 0.7665085565476191 1910.843524169922 420.9714050292969 2153.523785400391 566.5794982910156 0.7560453869047619 
203 1849.3010375976562 617.5071044921875 2067.1948120117186 816.287451171875 0.7763671875 1910.9052307128907 417.4035675048828 2155.558026123047 566.4888275146484 0.7681129092261905 
204 1854.4095336914063 613.0075408935547 2060.313854980469 811.4244049072265 0.7790643601190477 1906.8214904785157 405.08741302490233 2157.650555419922 558.5797317504882 0.7429547991071429 
205 1862.779052734375 600.2569549560546 2060.990966796875 805.9485504150391 0.7922712053571429 1908.0887084960937 405.3533660888672 2162.3983520507813 554.947232055664 0.7453264508928571 
206 1862.9571105957032 601.211312866211 2060.1897399902346 798.4440216064453 0.7862025669642857 1911.3349487304688 400.68662414550784 2160.6667602539064 549.5414642333984 0.7417922247023809 
207 1868.1620361328125 594.9340179443359 2068.7200439453127 795.4919464111329 0.7807384672619048 1910.7305725097656 401.37561798095703 2163.2849304199217 546.2229843139648 0.7403506324404762 
208 1868.610791015625 592.8693267822266 2068.26298828125 792.5216033935546 0.7779715401785714 1913.8311462402344 399.33172912597655 2165.245147705078 550.9195526123046 0.7477213541666666 
209 1873.4678955078125 583.6872100830078 2069.1058349609375 794.0901947021484 0.7666015625 1912.9362182617188 404.3761611938477 2160.2520141601562 544.6448043823242 0.7493024553571429 
210 1879.1121337890625 583.5930908203125 2067.0909912109373 793.6871826171875 0.7806222098214286 1915.2619323730469 403.2694351196289 2158.5287170410156 554.3897140502929 0.7587890625 
211 1877.4245727539062 581.9580993652344 2068.7375366210936 791.6664123535156 0.77685546875 1913.0834716796876 404.795556640625 2163.2617431640624 555.6384033203125 0.7497907366071429 
212 1871.4845581054688 584.7159118652344 2070.0217895507812 794.2829895019531 0.7870861235119048 1910.37177734375 406.8242813110352 2164.0583984375 564.9187301635742 0.7546270461309523 
213 1877.0184265136718 587.5811065673828 2071.7941955566407 797.057015991211 0.7937360491071429 1909.8109313964844 403.2649261474609 2163.3869445800783 568.6406524658203 0.7603469122023809 
214 1879.0419921875 587.8291717529297 2070.30322265625 797.481069946289 0.7885044642857143 1912.2863891601562 410.7143325805664 2158.7192260742186 561.5165939331055 0.75048828125 
215 1880.8817443847656 589.8517669677734 2068.903289794922 799.9933868408203 0.7830868675595238 1918.3159118652343 412.32313232421876 2150.577764892578 563.4776489257813 0.7718563988095238 
216 1881.3758361816406 593.2023803710938 2069.0888854980467 802.9994018554687 0.7800874255952381 1915.4925354003906 415.9649887084961 2151.0542175292967 566.8715896606445 0.7703683035714286 
217 1877.1450134277343 589.7721954345703 2072.412725830078 799.7771820068359 0.7861095610119048 1918.2391052246094 418.87747344970705 2150.349884033203 562.5651229858398 0.7834123883928571 
218 1880.36796875 592.8491455078125 2071.77900390625 802.664892578125 0.7852492559523809 1917.7441650390624 418.8521530151367 2153.3266357421876 566.0912368774414 0.7875046502976191 
219 1880.718975830078 590.5495025634766 2068.584368896484 800.5167205810546 0.7941778273809523 1917.6970520019531 418.835383605957 2153.4497985839844 569.8644149780273 0.7851329985119048 
220 1878.059307861328 593.4368255615234 2069.841204833984 799.9710723876954 0.7928292410714286 1915.5078735351562 421.5140808105469 2151.5470581054688 569.0385314941407 0.7856212797619048 
221 1878.4815063476562 596.5504333496094 2070.2521362304688 799.3848693847656 0.7923409598214286 1915.9277648925781 418.5383758544922 2151.9534606933594 566.0543365478516 0.7813662574404762 
222 1878.192559814453 596.4853942871093 2069.8151306152345 799.1630432128907 0.7912946428571429 1918.8698791503907 418.61088409423826 2151.027947998047 566.0128646850586 0.77392578125 
223 1878.0856384277345 592.7211273193359 2073.400323486328 802.7767364501954 0.7918759300595238 1915.5044189453124 412.43045806884766 2155.0414794921876 563.5231246948242 0.7715773809523809 
224 1881.2421630859376 589.4286895751953 2069.2673583984374 803.2613128662109 0.7941080729166666 1917.8262939453125 412.74745178222656 2157.4661865234375 560.2181854248047 0.76904296875 
225 1880.8580749511718 597.1495361328125 2068.8424865722654 799.8778076171875 0.7967122395833334 1917.4342102050782 400.0919647216797 2157.0222106933593 565.9605865478516 0.7726702008928571 
226 1881.6970520019531 596.6925323486328 2069.5313415527344 802.941928100586 0.7895740327380952 1914.5609436035156 394.1260360717773 2161.323699951172 563.5452590942383 0.7613932291666666 
227 1881.7189880371093 600.8126983642578 2069.417120361328 799.5518646240234 0.7856677827380952 1914.5589965820313 404.904541015625 2161.1429077148437 559.4794921875 0.7582310267857143 
228 1880.0954040527345 595.7679229736328 2068.307061767578 798.7412933349609 0.7910621279761905 1916.2899230957032 409.5433181762695 2159.8579040527343 553.4699569702149 0.7676013764880952 
229 1883.341064453125 596.6841888427734 2064.18896484375 795.9859161376953 0.7862723214285714 1916.274151611328 407.6030212402344 2156.174456787109 547.8524230957031 0.7596261160714286 
230 1877.067071533203 590.2026519775391 2069.4894470214845 793.7263641357422 0.78564453125 1913.3597473144532 401.0537902832031 2161.2885681152343 541.6700866699218 0.7606956845238095 
231 1878.8641784667968 583.98037109375 2070.9396545410154 794.52451171875 0.7764369419642857 1915.517578125 398.8663055419922 2159.3056640625 539.2290924072265 0.7559523809523809 
232 1881.197442626953 571.6941314697266 2069.7667907714845 789.8431610107422 0.7684849330357143 1910.9191101074218 392.9371307373047 2162.3451721191404 533.4398834228516 0.7457217261904762 
233 1875.38671875 568.1779235839844 2071.62451171875 786.6314025878906 0.783203125 1911.7006286621095 377.3514739990234 2163.477716064453 521.7529571533203 0.7360956101190477 
234 1877.2458740234374 562.1952453613281 2073.2189697265626 784.0517028808594 0.7842959449404762 1916.781719970703 381.4391586303711 2164.521380615234 518.2506301879882 0.7511393229166666 
235 1874.2590087890626 560.4143371582031 2069.9363037109374 774.5517272949219 0.7745768229166666 1916.575244140625 385.61120147705077 2163.940869140625 514.8320663452148 0.7498139880952381 
236 1880.2638061523437 560.6334197998046 2075.658312988281 774.4611236572266 0.7739490327380952 1916.8471252441407 382.8217254638672 2163.854901123047 515.5424102783203 0.7569754464285714 
237 1883.4686401367187 561.1223114013671 2078.609240722656 774.6723052978516 0.7784598214285714 1917.1720947265626 377.02756958007814 2163.8591552734374 516.9395935058594 0.7496279761904762 
238 1880.6401916503905 555.9094543457031 2075.160467529297 772.4510192871094 0.7845517113095238 1917.4832580566406 382.139697265625 2159.7163269042967 514.266796875 0.7499302455357143 
239 1881.830303955078 559.1339172363281 2076.205218505859 771.8459411621094 0.7819475446428571 1918.2226135253907 380.98045349121094 2163.941815185547 524.0110015869141 0.7491861979166666 
240 1883.4304809570312 558.7325164794922 2077.3529663085938 774.608609008789 0.7805524553571429 1913.6869567871095 387.04491729736327 2162.493341064453 529.7426498413085 0.7308175223214286 
241 1880.9840515136718 561.6669830322265 2078.1059143066404 780.6913543701172 0.7759254092261905 1913.9781860351563 384.7626892089844 2165.8560424804687 530.7789367675781 0.7326078869047619 
242 1889.6476501464845 568.7873382568359 2075.694757080078 780.3701934814453 0.7892717633928571 1919.3927978515626 394.3858840942383 2163.8073974609374 536.6570541381836 0.7509533110119048 
243 1889.159130859375 569.3110595703125 2075.122607421875 777.152685546875 0.7886904761904762 1919.3116271972656 398.6341094970703 2159.9704772949217 529.9024505615234 0.7493722098214286 
244 1888.9534729003906 568.5774597167969 2074.9272644042967 780.0770812988281 0.7901553199404762 1919.1075927734375 398.7326095581055 2159.7796142578127 526.361720275879 0.7496047247023809 
245 1886.2744750976562 567.9860565185547 2072.3512573242188 779.6028717041015 0.7794828869047619 1922.4795166015624 397.62606658935545 2159.6362060546876 528.9744277954102 0.7467447916666666 
246 1886.991717529297 571.6480895996094 2073.000103759766 779.5400207519531 0.7818312872023809 1919.956884765625 394.89796142578126 2160.673974609375 529.8453247070313 0.7500930059523809 
247 1886.4196411132812 571.676138305664 2072.520544433594 779.6714569091797 0.7829241071428571 1918.9802978515625 395.2591384887695 2163.4659912109373 526.6245590209961 0.7520461309523809 
248 1886.4907165527343 568.7282867431641 2076.293096923828 780.4309539794922 0.7880394345238095 1919.0603881835937 392.2626007080078 2167.2635864257813 527.3143035888672 0.7582077752976191 
249 1890.1670288085938 569.593618774414 2075.968957519531 780.8976531982422 0.7821103050595238 1919.8729431152344 390.6577575683594 2163.9655578613283 525.4551574707032 0.7538829985119048 
250 1890.22685546875 577.6995666503906 2076.0265625 781.7149841308594 0.7842494419642857 1919.5121215820313 389.09737396240234 2167.2449584960937 527.5363845825195 0.7543247767857143 
251 1890.2903930664063 580.1955383300781 2076.091687011719 784.2125427246094 0.7745070684523809 1919.575830078125 388.3690155029297 2167.310888671875 530.4523345947266 0.7498604910714286 
252 1888.8648498535156 578.5937103271484 2074.4514343261717 782.3749786376953 0.7772042410714286 1921.3355407714844 387.4088592529297 2165.145050048828 525.6889801025391 0.7618582589285714 
253 1893.6440185546876 589.166650390625 2071.9160400390624 781.99130859375 0.7777622767857143 1919.671124267578 385.1475357055664 2163.430804443359 527.037370300293 0.7619512648809523 
254 1896.1236083984375 585.9711334228516 2074.4730712890623 782.5194061279296 0.77734375 1922.1621032714843 385.0831665039062 2166.027471923828 527.0346923828125 0.7644391741071429 
255 1896.5799438476563 585.9817810058594 2075.271862792969 786.5542297363281 0.7888067336309523 1923.089129638672 382.7444107055664 2163.776226806641 521.3217208862304 0.7744605654761905 
256 1892.1300415039063 582.2258178710938 2074.7295776367187 783.0853393554687 0.7800409226190477 1924.7169799804688 374.20270385742185 2165.7485961914062 527.5863586425781 0.7789481026785714 
257 1887.5594543457032 571.6950927734375 2078.2324157714843 784.3688720703125 0.7864118303571429 1927.6121215820312 374.2525863647461 2162.2865600585938 513.5905838012695 0.7768787202380952 
258 1886.5704162597656 568.3256469726563 2077.3303405761717 781.0962280273437 0.7802734375 1924.2426696777343 374.46167449951173 2155.355596923828 506.52621002197264 0.7678571428571429 
259 1885.5828979492187 562.4761596679688 2069.081896972656 771.6650756835937 0.7773902529761905 1925.2468505859374 370.9313659667969 2156.4557861328126 503.0506896972656 0.7596028645833334 
260 1886.5831359863282 556.6850311279297 2069.7722106933593 769.1841705322265 0.7899228050595238 1928.9985107421876 368.7049926757812 2159.8164306640624 500.6010375976563 0.7704613095238095 
261 1888.260321044922 554.8924591064454 2074.7676330566405 766.9988372802734 0.8013857886904762 1931.0191650390625 367.2599868774414 2161.4105224609375 498.9121627807617 0.7640671502976191 
262 1892.7476318359375 551.1320861816406 2071.9540283203123 763.2537780761719 0.7825288318452381 1929.0390930175781 356.1715026855469 2159.4471130371094 502.4622863769531 0.7594866071428571 
263 1893.1966064453125 546.5469116210937 2074.8214599609373 757.2316528320313 0.7878069196428571 1931.6172302246093 355.2820587158203 2167.729571533203 504.21434020996094 0.7663922991071429 
264 1899.4630065917968 544.1061004638672 2073.3169006347657 754.1794830322266 0.7790411086309523 1931.3640197753907 356.182356262207 2166.791131591797 504.68248138427737 0.7608351934523809 
265 1904.46552734375 548.3267974853516 2077.61943359375 753.9468231201172 0.7764601934523809 1927.4972534179688 357.136296081543 2165.5835571289062 512.2531387329102 0.7666713169642857 
266 1907.7135681152345 542.9223999023437 2076.882257080078 751.6838012695313 0.7799711681547619 1930.2785217285157 361.7097427368164 2167.834637451172 509.28247528076173 0.7651832217261905 
267 1904.0740783691406 544.2785675048829 2076.7368347167967 752.9127777099609 0.7835984002976191 1929.8074279785155 365.94341735839845 2167.218817138672 513.4262115478516 0.7672293526785714 
268 1902.0715576171874 547.128662109375 2078.5827392578126 752.4578857421875 0.7845052083333334 1931.4439453125 371.7259887695312 2165.5912109375 512.2143798828125 0.7648809523809523 
269 1901.8012145996095 546.7081237792969 2074.943536376953 752.3145812988281 0.7789481026785714 1931.2132141113282 371.48487396240233 2162.0693786621096 508.5558059692383 0.7564406622023809 
270 1900.3790893554688 545.7370544433594 2076.9439086914062 758.3354553222656 0.7912481398809523 1932.5321411132813 377.07201232910154 2166.7508178710937 513.9997650146485 0.7704148065476191 
271 1897.9255126953126 547.499609375 2077.9875732421874 759.972802734375 0.7942708333333334 1930.4752136230468 373.39344329833983 2164.5556701660157 510.2406204223633 0.7738327752976191 
272 1897.706396484375 547.5627349853515 2077.936669921875 760.2346893310547 0.7964797247023809 1930.286474609375 373.70969543457034 2164.586083984375 507.08022155761716 0.7707170758928571 
273 1897.6233520507812 547.477734375 2081.3070678710938 759.9744140625 0.7952473958333334 1930.5921875 373.7679382324219 2164.698828125 507.0285705566406 0.7736932663690477 
274 1897.079656982422 544.0611694335937 2080.9971252441405 760.4346801757813 0.7939453125 1930.5066040039062 370.5461715698242 2161.3051635742186 503.97656402587893 0.7699032738095238 
275 1897.917010498047 550.7130279541016 2078.225201416016 759.8702850341797 0.7876441592261905 1930.5111572265625 374.01116333007815 2164.9116943359377 503.83295288085935 0.7764601934523809 
276 1904.6881713867188 549.8176849365234 2077.7300415039062 758.9100372314454 0.7888532366071429 1930.894091796875 373.1706604003906 2165.221630859375 502.9521423339844 0.7847377232142857 
277 1905.9566223144532 553.1581115722656 2075.6721618652346 758.9832458496094 0.7832263764880952 1934.983349609375 375.3874450683594 2166.085009765625 508.99323120117185 0.7742513020833334 
278 1902.982977294922 556.1272155761719 2080.0640197753905 762.1196105957031 0.7756696428571429 1935.6470764160156 375.8490615844727 2166.9367858886717 505.94955291748045 0.7643229166666666 
279 1901.7986267089843 555.296743774414 2079.296710205078 765.3963104248047 0.7881324404761905 1937.32607421875 369.85737762451174 2169.16025390625 496.64161529541013 0.7768787202380952 
280 1903.1997009277343 555.6720428466797 2076.993292236328 765.6727447509766 0.7891555059523809 1938.2926696777345 369.9022735595703 2170.017510986328 500.2475067138672 0.7784598214285714 
281 1900.1125244140626 552.7657318115234 2081.3869873046874 763.0441436767578 0.7907598586309523 1938.4589477539062 360.33582458496096 2174.116003417969 498.10448303222654 0.7829473586309523 
282 1900.6560302734374 559.493783569336 2077.7448486328126 761.8807891845703 0.7920851934523809 1941.6617065429687 355.71675262451174 2172.9610961914063 493.05079498291013 0.7818080357142857 
283 1903.2782165527344 553.6247406005859 2080.0539367675783 766.4771270751953 0.7940383184523809 1941.020001220703 345.07377471923826 2175.518450927734 489.38047943115237 0.7904110863095238 
284 1900.4669067382813 554.0562530517578 2077.064099121094 766.6939300537109 0.7990606398809523 1946.903338623047 336.98292083740233 2177.561138916016 484.7480667114258 0.7935500372023809 
285 1900.8733459472655 557.4513153076172 2080.857489013672 766.2329498291016 0.7969447544642857 1944.0695861816407 337.45531768798827 2181.648553466797 485.0423324584961 0.8010137648809523 
286 1896.7413269042968 550.2266876220704 2076.9682678222657 766.4987152099609 0.7949916294642857 1945.9572265625 336.7273345947266 2180.2517578125 480.90871276855466 0.8021763392857143 
287 1900.765447998047 556.3355224609375 2077.6179748535155 765.6710693359375 0.8001534598214286 1946.8526245117187 336.58861389160154 2181.4527954101563 477.34876403808596 0.8004557291666666 
288 1907.0516845703125 553.8957916259766 2073.0435302734377 763.1898406982422 0.7877604166666666 1943.1367980957032 338.91132202148435 2181.2991149902346 486.8605895996094 0.7946893601190477 
289 1902.3964599609376 550.405239868164 2075.3491455078124 762.9927703857422 0.7867838541666666 1944.8032165527343 338.92632751464845 2182.612921142578 486.65668029785155 0.8019205729166666 
290 1902.05205078125 550.8205352783203 2075.5119140625 760.4176849365234 0.7907133556547619 1941.8033264160156 347.0609558105469 2180.3103210449217 491.61073608398436 0.7911551339285714 
291 1905.8676513671876 550.7693145751953 2072.2060791015624 760.5003997802735 0.7865745907738095 1942.4454040527344 352.4426986694336 2177.488800048828 497.08479766845704 0.7915271577380952 
292 1906.1667541503907 549.2003356933594 2072.480584716797 755.2847717285156 0.7951311383928571 1942.7392272949219 350.06882934570314 2177.7477111816406 498.3050109863281 0.7955961681547619 
293 1903.4426025390626 545.4872406005859 2076.7571044921874 758.5199005126954 0.7957821800595238 1943.5771911621093 347.869612121582 2178.274005126953 492.2985092163086 0.7917596726190477 
294 1904.7328125 544.8309814453125 2074.2837890625 757.6717041015625 0.7850167410714286 1941.2236389160157 350.5826751708984 2179.316766357422 491.2739532470703 0.7843656994047619 
295 1902.4390930175782 541.3670257568359 2075.4020935058593 757.5706573486328 0.79150390625 1945.2640991210938 347.753840637207 2179.4846801757812 488.2862289428711 0.7913411458333334 
296 1904.6729736328125 541.8754089355468 2074.1712646484375 758.2560607910157 0.7904808407738095 1947.53310546875 338.9492614746094 2178.33896484375 486.80934448242186 0.7995256696428571 
297 1907.4235595703126 544.717431640625 2076.8596435546874 761.018896484375 0.7823195684523809 1947.0789123535155 342.2814086914062 2181.405340576172 486.4823852539063 0.8004092261904762 
298 1906.3671997070312 550.7675811767579 2072.4133178710936 760.1301849365234 0.7888764880952381 1948.4341064453124 342.0992172241211 2183.0644287109376 482.8774978637695 0.7969680059523809 
299 1906.2116088867188 553.0504089355469 2075.9780883789062 762.5495666503906 0.7916434151785714 1952.3347045898438 339.1056762695313 2179.8940551757814 476.3637451171875 0.7976422991071429 
