0 2245.908984375 485.7424377441406 2359.567578125 673.6271911621094 0.8567475818452381 1854.3486083984376 634.462191772461 2067.7485595703124 801.4708526611328 0.8822312127976191 
1 2245.885388183594 488.2006134033203 2359.134875488281 675.4089447021485 0.8487955729166666 1854.2235961914062 634.8738067626953 2064.543981933594 798.970004272461 0.8902064732142857 
2 2246.6423217773436 482.6871337890625 2364.9775512695314 675.2718505859375 0.8741629464285714 1851.9240783691407 633.77421875 2065.391473388672 800.83564453125 0.8929036458333334 
3 2246.74912109375 483.6639099121094 2364.7279296875 675.6686096191406 0.8729538690476191 1849.6606079101562 634.2959655761719 2062.485144042969 800.8541809082031 0.8895786830357143 
4 2246.5606079101562 483.3977325439453 2362.7750854492188 676.3138763427735 0.8675362723214286 1847.587139892578 634.74482421875 2059.097552490234 802.093798828125 0.8888811383928571 
5 2244.8921020507814 483.6769485473633 2361.1154663085936 676.6078109741211 0.8752790178571429 1845.6199157714843 635.035595703125 2059.471026611328 802.397265625 0.89306640625 
6 2245.9976318359377 481.2294525146484 2364.1332275390623 678.1219268798828 0.8798595610119048 1844.8182006835937 636.1597839355469 2057.9252075195313 802.9392150878906 0.8858351934523809 
7 2246.2912109375 486.204345703125 2362.44951171875 676.703857421875 0.8658389136904762 1843.6689147949219 635.4230041503906 2057.4000549316406 802.6908874511719 0.8916015625 
8 2245.8256713867186 484.5393997192383 2357.7307250976564 675.7106918334961 0.8549339657738095 1843.0388488769531 634.2842651367188 2057.5237731933594 802.1420043945312 0.8909272693452381 
9 2245.1222412109373 484.1658660888672 2361.7674072265627 675.463833618164 0.8700009300595238 1840.543194580078 633.7407806396484 2057.503070068359 804.0426055908204 0.8857189360119048 
10 2244.8256591796876 485.1351577758789 2361.3159423828124 676.1790206909179 0.85546875 1838.9919738769531 634.7802154541016 2055.6636657714844 802.5259979248046 0.8865327380952381 
11 2244.7196044921875 486.95287628173827 2358.9996337890625 675.8647201538085 0.8580031622023809 1838.191339111328 636.4856964111328 2055.0902770996095 804.4073089599609 0.8885788690476191 
12 2244.792517089844 484.06976013183595 2361.360559082031 675.2410919189454 0.8602585565476191 1838.9569396972656 637.4013916015625 2053.441864013672 805.259130859375 0.8884161086309523 
13 2246.7876220703124 482.13356323242186 2361.1679443359376 675.8797424316406 0.86669921875 1838.645703125 637.7230285644531 2051.0662109375 805.7919860839844 0.8903924851190477 
14 2243.59716796875 482.339599609375 2364.869140625 675.908203125 0.8737909226190477 1836.0984741210937 637.7865142822266 2052.9886840820313 805.7014617919922 0.8912062872023809 
15 2245.8875 483.05174865722654 2362.45966796875 676.5617156982422 0.8820219494047619 1836.4497802734375 636.3891571044921 2050.9427978515623 806.5846588134766 0.8934849330357143 
16 2246.008825683594 481.61900482177737 2362.526086425781 675.0377639770508 0.8830682663690477 1834.702703857422 636.6766723632812 2051.4248596191405 806.7919555664063 0.8909505208333334 
17 2245.7402954101562 482.9151947021484 2362.3356323242188 676.4634063720703 0.8767206101190477 1834.1589904785155 636.2828674316406 2051.026190185547 806.5119323730469 0.8936011904761905 
18 2246.079541015625 483.57433166503904 2362.758349609375 674.9276824951172 0.8801153273809523 1832.4080139160155 636.7826934814453 2049.430731201172 807.1338714599609 0.8913225446428571 
19 2245.894177246094 481.3063598632813 2362.660266113281 677.4730590820312 0.8782087053571429 1833.980224609375 636.9642730712891 2048.829345703125 807.4424041748047 0.8919735863095238 
20 2245.9209106445314 480.3029388427734 2360.1701538085936 676.1591583251953 0.8706984747023809 1832.3269470214843 637.5080261230469 2049.167803955078 807.7164611816406 0.8872767857142857 
21 2246.3083984375 482.5998275756836 2360.690625 676.3492996215821 0.8667922247023809 1832.2340270996094 638.1919982910156 2049.3268859863283 806.2638122558594 0.8885091145833334 
22 2244.1464111328123 482.09178466796874 2360.9820068359377 676.0387084960937 0.8722795758928571 1831.9867919921876 639.9095581054687 2046.9641357421874 805.8160278320313 0.8889741443452381 
23 2246.3424560546873 483.2496597290039 2363.3684814453127 675.1726730346679 0.8724190848214286 1829.6388732910157 638.9845306396485 2047.3077819824218 807.5023468017578 0.8911365327380952 
24 2244.2316772460936 484.3656860351563 2363.4365356445314 676.0287231445312 0.8776041666666666 1828.3623657226562 639.8896026611328 2045.7362670898438 808.1790618896484 0.8916015625 
25 2246.2769287109377 483.8331573486328 2360.8324462890623 675.5384857177735 0.8766973586309523 1827.978173828125 639.3914215087891 2045.4 807.7180145263671 0.8916248139880952 
26 2244.3873291015625 483.3074234008789 2359.3529052734375 675.698893737793 0.8667689732142857 1824.5913818359375 637.3469604492187 2042.7914306640625 808.6222778320313 0.8907412574404762 
27 2246.4034423828125 483.92533721923826 2361.0008544921875 675.7006088256836 0.8825567336309523 1826.152978515625 639.5404022216796 2043.654150390625 807.9284088134766 0.8915318080357143 
28 2244.375048828125 482.4925842285156 2361.385205078125 674.3893737792969 0.8744419642857143 1824.6683288574218 637.9362243652344 2037.6269592285157 808.7711730957031 0.8932756696428571 
29 2241.8515380859376 483.4009780883789 2363.5088134765624 677.5847091674805 0.8880208333333334 1822.5298706054687 637.0022491455078 2037.7696899414063 810.1298919677735 0.8946010044642857 
30 2242.294189453125 482.0704544067383 2361.547607421875 676.1496078491211 0.8845563616071429 1820.8598754882812 637.6575592041015 2038.3220092773438 808.3537322998047 0.8938104538690477 
31 2243.050341796875 485.58382720947264 2360.098583984375 677.5433395385742 0.8817196800595238 1818.2543212890625 637.4767150878906 2042.9873779296875 808.3675231933594 0.9005998883928571 
32 2241.1612548828125 484.27315216064454 2363.0076904296875 678.7585556030274 0.8884393601190477 1818.304345703125 636.3106292724609 2043.251318359375 809.7072540283203 0.8971586681547619 
33 2245.6433715820312 484.22606201171874 2362.8036499023438 676.3686645507812 0.8837890625 1817.1076049804688 635.993505859375 2039.7119750976562 809.39052734375 0.9022972470238095 
34 2241.34482421875 483.8478302001953 2360.75185546875 678.176644897461 0.8837425595238095 1817.0274169921875 637.5638549804687 2039.4518310546875 810.8209106445313 0.9002743675595238 
35 2242.5619384765623 487.0116439819336 2362.4571044921877 675.082502746582 0.8758603050595238 1814.9720153808594 636.6545715332031 2035.9553527832031 812.9710388183594 0.8987165178571429 
36 2240.9473876953125 486.01330108642577 2362.7557373046875 678.095799255371 0.8781622023809523 1812.8159423828124 637.7332275390625 2037.6930908203126 811.0759765625 0.8981584821428571 
37 2241.302587890625 485.7623229980469 2360.944482421875 678.1275695800781 0.8849283854166666 1814.3455505371094 637.705615234375 2037.2077941894531 811.3035400390625 0.8984375 
38 2242.876013183594 485.8106063842773 2362.414758300781 675.6661087036133 0.8789760044642857 1812.9517883300782 639.4258331298828 2033.2778259277343 810.530160522461 0.8994605654761905 
39 2240.960559082031 486.47652435302734 2362.802868652344 676.2688674926758 0.8857654389880952 1811.4494689941407 637.9679412841797 2031.7025085449218 811.3585357666016 0.8954148065476191 
40 2242.7403076171877 483.3360763549805 2359.7714111328123 677.6078018188476 0.8818824404761905 1809.5450134277344 638.8074645996094 2029.5635070800781 812.0135803222656 0.9010649181547619 
41 2242.7507568359374 484.45372161865237 2362.3234619140626 676.7076858520508 0.8966936383928571 1808.8267456054687 638.112582397461 2031.5599731445313 811.6101348876953 0.9024135044642857 
42 2242.8828125 487.36788787841795 2360.85400390625 678.4810195922852 0.8756510416666666 1809.8381774902343 638.0986145019531 2031.6238586425782 812.6958190917969 0.8995070684523809 
43 2244.275744628906 484.9458465576172 2361.896862792969 675.4925689697266 0.8865327380952381 1808.8954833984376 639.1203735351562 2030.0237060546874 810.8476440429688 0.8987165178571429 
44 2243.5632080078126 484.92124633789064 2360.6120849609374 674.5401794433594 0.8857886904761905 1806.701483154297 638.0749694824219 2026.7529846191405 811.3071105957031 0.9019252232142857 
45 2245.22509765625 484.0484878540039 2359.95263671875 676.0413253784179 0.8815569196428571 1806.2171264648437 639.299755859375 2026.3065551757813 812.561572265625 0.9031343005952381 
46 2241.8490600585938 481.9732391357422 2361.7991333007812 677.1861236572265 0.8848586309523809 1805.017236328125 638.1978302001953 2026.10166015625 812.2430267333984 0.9009951636904762 
47 2243.172570800781 486.2382110595703 2363.257849121094 676.961557006836 0.8867885044642857 1806.3927490234375 638.4727813720704 2023.0166748046875 812.7138031005859 0.9031575520833334 
48 2244.9303466796873 484.9233825683594 2361.7215087890627 678.7968322753907 0.8774646577380952 1803.3696350097657 636.2129547119141 2025.2730651855468 811.3997772216796 0.9006696428571429 
49 2243.493518066406 486.4618774414063 2362.745983886719 678.2010864257812 0.8794642857142857 1804.0761413574219 637.9107025146484 2021.5365295410156 810.9436065673829 0.90234375 
50 2244.4718994140626 485.50268096923827 2363.7868896484374 677.342381286621 0.89697265625 1804.8242248535157 636.7609008789062 2022.3985534667968 812.2240844726563 0.8989722842261905 
51 2242.304479980469 486.2486938476562 2364.160119628906 676.0623413085938 0.8963448660714286 1804.2729370117188 637.7571502685547 2019.8637817382812 811.167105102539 0.9010184151785714 
52 2243.7726440429688 485.6575592041016 2365.1636352539062 677.0820037841797 0.8899042038690477 1803.2809753417969 636.5883666992188 2022.7186584472656 811.6716430664062 0.900390625 
53 2244.210095214844 486.29251861572266 2360.817492675781 675.1965866088867 0.8697219122023809 1804.689599609375 637.0748870849609 2014.58310546875 809.6539337158204 0.9007161458333334 
54 2244.0241821289064 485.57635803222655 2363.0786010742186 676.9973114013671 0.8826032366071429 1804.0792236328125 636.5043731689453 2016.5098876953125 811.5845550537109 0.8989025297619048 
55 2244.1200561523438 486.1795623779297 2363.8416137695312 676.3257476806641 0.8826032366071429 1803.7862121582032 635.8767639160156 2015.0598571777343 811.9380554199219 0.9000418526785714 
56 2242.3197509765623 482.4087142944336 2361.9356201171877 674.7321853637695 0.8868582589285714 1802.3752868652343 635.8525421142579 2013.4619934082032 811.7582366943359 0.8987165178571429 
57 2241.695593261719 483.84835052490234 2363.348107910156 675.6846389770508 0.8800455729166666 1802.865771484375 637.1734222412109 2015.757275390625 810.2939239501953 0.8970656622023809 
58 2243.0090087890626 483.91837005615236 2362.5652099609374 676.1459915161133 0.8836495535714286 1803.2837890625 637.5561950683593 2014.265283203125 811.0298645019532 0.8992047991071429 
59 2242.9626586914064 484.0215209960937 2362.5629760742186 676.3202758789063 0.8821382068452381 1803.0745849609375 635.6417205810546 2014.1341552734375 811.5247222900391 0.9000418526785714 
60 2245.436669921875 483.84315490722656 2362.352880859375 675.5856170654297 0.86669921875 1802.6841796875 637.0932159423828 2015.47158203125 810.1291351318359 0.8985770089285714 
61 2243.71943359375 481.38737030029296 2360.87431640625 675.8641250610351 0.8777669270833334 1801.8661376953125 634.95009765625 2015.0877197265625 810.6821044921875 0.8997860863095238 
62 2244.6158081054687 484.2143814086914 2362.0572875976563 674.4695480346679 0.8739769345238095 1801.1387634277344 636.0752380371093 2019.5798645019531 809.8885070800782 0.8993443080357143 
63 2242.45302734375 484.27579498291016 2362.30185546875 676.9741744995117 0.8799525669642857 1800.8374633789062 636.4822143554687 2019.3856811523438 810.3807006835938 0.8966238839285714 
64 2243.908898925781 483.4123870849609 2363.232458496094 675.2657745361328 0.8805338541666666 1802.97001953125 634.6813903808594 2015.88056640625 810.1571105957031 0.8984607514880952 
65 2245.1334228515625 481.2132064819336 2364.1614990234375 674.925862121582 0.8801153273809523 1803.4900207519531 636.2371704101563 2015.8738708496094 808.9448364257812 0.8967866443452381 
66 2244.6100219726563 480.59170989990236 2361.2764526367187 676.5914260864258 0.8810686383928571 1802.5336486816407 635.5786590576172 2017.2001159667968 810.5783843994141 0.8933454241071429 
67 2244.5828247070312 481.0026260375977 2361.2924194335938 674.7407516479492 0.8769066220238095 1802.3427307128907 636.0469909667969 2017.0885437011718 808.7773498535156 0.8934384300595238 
68 2245.027294921875 481.5619369506836 2361.858447265625 673.165266418457 0.8684895833333334 1802.326434326172 636.4982116699218 2017.2960021972656 809.4085266113282 0.8922758556547619 
69 2243.4642700195313 479.59759826660155 2365.3167358398437 676.4362762451171 0.8952752976190477 1801.5686340332031 635.518344116211 2019.4971618652344 808.9238555908203 0.8973911830357143 
70 2244.1518310546876 479.67309722900393 2363.0669189453124 675.532926940918 0.8808128720238095 1802.660223388672 634.549429321289 2017.1733947753905 809.4242645263672 0.8933454241071429 
71 2246.3572509765627 481.73815002441404 2365.0768310546873 674.9481903076172 0.8805571056547619 1802.0098693847656 634.300668334961 2016.170428466797 808.8881134033203 0.8962983630952381 
72 2246.3451293945313 481.5190963745117 2360.6248413085937 672.7626724243164 0.8658389136904762 1802.1433349609374 636.1644500732422 2019.0414794921876 808.7501617431641 0.8941359747023809 
73 2243.0276489257812 481.29449768066405 2362.2636108398438 675.3449676513671 0.8917410714285714 1801.873095703125 636.8585998535157 2019.303173828125 807.5294616699218 0.8923921130952381 
74 2248.3446655273438 477.69923248291013 2362.7024536132812 673.7409225463867 0.8778134300595238 1800.2494201660156 634.7839385986329 2017.2956237792969 807.4872406005859 0.8891369047619048 
75 2245.3020629882812 478.9698516845703 2364.3920288085938 675.1182220458984 0.87109375 1799.2979309082032 636.6788940429688 2016.4622009277343 804.8060913085938 0.8869977678571429 
76 2244.2212036132814 478.96547546386716 2361.1935913085936 673.1395660400391 0.8664899553571429 1801.5257995605468 634.088833618164 2012.0761291503907 809.5473358154297 0.8979957217261905 
77 2245.281298828125 478.922380065918 2362.240673828125 675.4141983032226 0.8669317336309523 1803.714581298828 632.4990875244141 2004.8846618652344 807.9382293701171 0.8860677083333334 
78 2245.0280639648436 476.87315826416017 2362.1191528320314 675.9280807495118 0.8661876860119048 1804.8555297851562 625.2185943603515 1989.8595581054688 803.1971160888672 0.8690941220238095 
79 2246.8654907226564 480.0487030029297 2361.8891479492186 674.8842193603516 0.8760230654761905 1807.2668212890626 621.5256408691406 1976.2807861328124 795.2344909667969 0.8596540178571429 
80 2245.9054931640626 478.29126892089846 2360.4914794921874 674.7241729736328 0.8565383184523809 1806.7198974609375 615.9022491455078 1970.4138916015625 788.950228881836 0.8393787202380952 
81 2246.3374755859377 480.67169189453125 2360.8422119140623 672.2915649414062 0.8673037574404762 1807.1937622070313 610.7251770019532 1973.1084838867187 781.3135192871093 0.8215448288690477 
82 2250.441857910156 484.4795913696289 2362.027624511719 668.130973815918 0.8551432291666666 1808.2123291015625 600.267578125 1970.9414794921875 772.29541015625 0.7898995535714286 
83 2253.0962036132814 479.905908203125 2369.7194702148436 664.170751953125 0.8720703125 1814.3234741210938 600.4764953613281 1970.5986450195312 766.0816101074219 0.7876674107142857 
84 2259.2588134765624 476.0336517333984 2371.7094482421876 658.7660919189453 0.8580961681547619 1813.6006958007813 597.1343963623046 1977.5914428710937 761.1250640869141 0.7785993303571429 
85 2268.463513183594 479.21915740966796 2373.949816894531 650.3412979125976 0.8423084077380952 1817.57763671875 593.6311492919922 1986.35546875 757.7208404541016 0.7911551339285714 
86 2274.246960449219 477.3375869750977 2379.923693847656 639.3755172729492 0.8405877976190477 1822.545965576172 592.9499267578125 1991.6289611816405 754.9878173828125 0.7904575892857143 
87 2278.9409423828124 482.0681091308594 2384.7328857421876 637.2297424316406 0.83984375 1825.933935546875 593.6470458984375 2002.254052734375 753.510546875 0.8163364955357143 
88 2283.821887207031 482.54505615234376 2387.351208496094 633.1330444335938 0.8227074032738095 1831.9675170898438 591.8661193847656 2008.4377563476562 751.8659362792969 0.8190336681547619 
89 2282.4923461914063 477.8904495239258 2383.7085815429687 628.5379867553711 0.8174060639880952 1835.891094970703 588.2506256103516 2010.0772888183594 755.3752899169922 0.8381463913690477 
90 2276.076867675781 471.00663604736326 2381.867224121094 630.8674789428711 0.8438662574404762 1841.4327270507813 587.7375732421875 2015.3988159179687 754.6510986328125 0.8529808407738095 
91 2271.987170410156 472.68365783691405 2377.465222167969 627.3850067138671 0.8251720610119048 1845.2962280273437 586.9967834472657 2023.4371704101563 751.0740173339843 0.8504696800595238 
92 2268.994982910156 471.5768814086914 2369.680554199219 630.800895690918 0.8219168526785714 1849.6811157226562 586.8521850585937 2025.2956909179688 746.0761596679688 0.8707682291666666 
93 2260.801025390625 469.9764938354492 2368.381103515625 633.6855239868164 0.8452613467261905 1855.1264099121095 583.5833465576172 2032.867608642578 744.9537017822265 0.8798828125 
94 2252.4666259765627 468.99189453125 2369.2628662109373 644.186572265625 0.8718377976190477 1860.92890625 582.0148956298829 2038.459521484375 743.1940277099609 0.8794410342261905 
95 2252.1055541992187 466.81800384521483 2363.9230102539063 648.5208938598632 0.8688383556547619 1866.21103515625 578.2767669677735 2045.584375 741.3435333251953 0.8779296875 
96 2250.2911376953125 470.06347198486327 2366.3358154296875 646.4513900756835 0.8666294642857143 1871.4499633789062 575.4856231689453 2052.4797241210936 735.627230834961 0.8719540550595238 
97 2250.230603027344 469.9589324951172 2366.025500488281 650.5988677978515 0.8696521577380952 1877.5495178222657 575.9557647705078 2058.189373779297 733.4367523193359 0.8788364955357143 
98 2252.5783203125 472.8508728027344 2363.8171875 651.2963439941407 0.8588402157738095 1882.6737365722656 571.5217559814453 2063.436737060547 729.1100189208985 0.8779529389880952 
99 2254.8265869140623 474.89839324951174 2365.4922607421877 650.1192153930664 0.8504464285714286 1888.6008850097655 568.9820281982422 2068.432684326172 728.0640533447265 0.8826962425595238 
100 2253.3225708007812 474.6348388671875 2368.4071655273438 654.166552734375 0.8611421130952381 1891.5148315429688 569.3581939697266 2073.3482055664062 725.8730682373047 0.8749534970238095 
101 2255.273486328125 475.5480529785156 2365.269482421875 654.2915466308593 0.8658854166666666 1894.525390625 571.8826965332031 2075.560546875 725.4186950683594 0.8801850818452381 
102 2253.097802734375 476.82159729003905 2367.646337890625 655.5170867919921 0.8594447544642857 1896.4997436523438 571.103759765625 2077.4863403320314 726.8895263671875 0.8823009672619048 
103 2249.708251953125 478.7349380493164 2366.797119140625 655.5162521362305 0.8601888020833334 1898.1765991210937 573.2184539794922 2077.2538208007813 727.041128540039 0.8827659970238095 
104 2251.5633544921875 477.0403854370117 2366.3131103515625 653.7548110961914 0.8613978794642857 1898.3992980957032 572.9887390136719 2075.1137634277343 729.0482482910156 0.8750465029761905 
105 2251.2349853515625 477.13158111572267 2365.6610107421875 655.6359664916993 0.8538178943452381 1895.2823547363282 573.0732940673828 2073.7868591308593 728.692514038086 0.8808826264880952 
106 2251.726611328125 476.86596832275393 2363.918896484375 657.7469161987304 0.8581659226190477 1895.3365295410156 573.1186279296875 2073.9279968261717 728.813623046875 0.8798363095238095 
107 2249.941198730469 477.42325897216796 2364.446252441406 658.3414199829101 0.8541434151785714 1895.5037048339843 573.695687866211 2074.131671142578 729.4226593017578 0.8783249627976191 
108 2246.486291503906 479.57099609375 2363.264440917969 660.4626953125 0.8628394717261905 1895.8875671386718 574.0680053710937 2074.4895080566407 729.7722045898438 0.8792085193452381 
109 2245.981799316406 479.5133773803711 2365.367565917969 660.887776184082 0.8722563244047619 1898.5094848632812 574.5274597167969 2075.292028808594 728.3513244628906 0.8832775297619048 
110 2248.5994140625 476.97015075683595 2361.38837890625 658.8136016845704 0.8489583333333334 1897.3953430175782 572.2299163818359 2076.9370544433596 726.4515411376954 0.8820452008928571 
111 2246.6418212890626 478.4255737304687 2363.6589599609374 659.6873413085938 0.8614676339285714 1902.3856994628907 575.6750854492187 2081.352947998047 724.8145385742188 0.8850446428571429 
112 2247.407177734375 476.4112915039062 2364.047900390625 661.6641479492188 0.87060546875 1909.8001098632812 571.324819946289 2085.9047241210938 726.8456512451172 0.8952752976190477 
113 2246.41513671875 480.16845703125 2365.1302734375 660.5244140625 0.8738839285714286 1915.9087036132812 571.1367065429688 2098.5475952148436 724.0968139648437 0.8796037946428571 
114 2245.5573486328126 474.68565826416017 2363.7234130859374 658.7521774291993 0.8719540550595238 1930.0396362304687 569.2535705566406 2116.3785766601563 721.5060729980469 0.8745349702380952 
115 2249.2646362304686 473.9059600830078 2363.7087524414064 657.9138031005859 0.8616071428571429 1940.2834838867188 567.8086700439453 2144.487268066406 715.9125823974609 0.8820452008928571 
116 2250.4208862304686 469.57446746826173 2366.4646118164064 654.798243713379 0.8545386904761905 1955.8481018066407 562.7013671875 2170.082928466797 714.4509765625 0.8669549851190477 
117 2249.14130859375 469.05619659423826 2368.55595703125 654.8123031616211 0.8560035342261905 1967.8704345703125 564.9961303710937 2195.6427490234373 715.3702026367188 0.8786039806547619 
118 2252.4279296875 471.1139877319336 2366.74541015625 651.3842117309571 0.8622581845238095 1981.684307861328 565.4768249511719 2214.716448974609 719.3660705566406 0.8547712053571429 
119 2250.693713378906 469.8107192993164 2366.556530761719 653.4424240112305 0.857421875 1996.8549560546876 571.8843566894532 2228.5805908203124 716.1664245605468 0.8590727306547619 
120 2255.117785644531 468.92224884033203 2361.560681152344 660.0852890014648 0.8602585565476191 2006.13779296875 572.2739318847656 2242.9193359375 722.1632019042969 0.8686290922619048 
121 2251.1097412109375 466.7054183959961 2364.1837158203125 660.2358963012696 0.8603748139880952 2012.16552734375 577.1031097412109 2253.53515625 727.1435333251953 0.8672340029761905 
122 2252.8524169921875 470.09051818847655 2365.5455322265625 658.6343963623046 0.8668619791666666 2017.7978088378907 580.5328552246094 2260.520916748047 736.5691955566406 0.857421875 
123 2252.991345214844 470.36724853515625 2365.250598144531 660.3446655273438 0.8659551711309523 2022.1622802734375 584.204248046875 2263.9514892578127 737.4814208984375 0.8541899181547619 
124 2253.6262817382812 471.2612014770508 2363.6517944335938 661.1090072631836 0.8563058035714286 2024.8629516601563 586.9289825439453 2262.1729370117187 737.9442474365235 0.8478887648809523 
125 2253.4068603515625 470.98849029541014 2365.5159912109375 660.7120407104492 0.8620721726190477 2028.6076904296874 586.3317596435547 2263.6061767578126 739.4041412353515 0.8445172991071429 
126 2253.2207763671877 473.48270721435546 2364.9706298828123 660.4485977172851 0.8670944940476191 2031.043701171875 588.2080535888672 2263.139404296875 740.7894439697266 0.8355887276785714 
127 2254.8900390625 472.4896896362305 2364.290625 663.4041397094727 0.8726050967261905 2033.11923828125 588.9029296875 2262.64541015625 743.3506103515625 0.8500279017857143 
128 2250.215783691406 473.8931884765625 2363.470983886719 664.076904296875 0.8601655505952381 2034.964453125 589.6143463134765 2261.47548828125 745.6077606201172 0.8494931175595238 
129 2254.122766113281 473.1008697509766 2363.232946777344 663.5090545654297 0.8647925967261905 2035.0791625976562 592.4968200683594 2259.7179565429688 746.5349182128906 0.8502139136904762 
130 2251.7968994140624 471.4254180908203 2362.6098388671876 669.6097991943359 0.8603050595238095 2035.2529296875 590.8442016601563 2261.140625 748.5393432617187 0.8475399925595238 
131 2251.8071533203124 472.65863342285155 2364.5688232421876 668.3959930419921 0.8700241815476191 2035.61220703125 591.8849456787109 2263.26328125 747.1983673095704 0.8477725074404762 
132 2254.71328125 473.2279815673828 2361.02890625 666.7223968505859 0.8633975074404762 2036.5209106445313 592.1378784179688 2261.9099975585937 747.3587036132812 0.8533063616071429 
133 2252.895788574219 469.52518157958986 2358.952111816406 668.9113723754883 0.8603050595238095 2035.2351806640625 595.650765991211 2260.0748779296873 748.3721221923828 0.8535621279761905 
134 2253.9525756835938 470.1033462524414 2359.8298950195312 669.1522384643555 0.8560267857142857 2036.904736328125 596.0155975341797 2259.246630859375 748.4786041259765 0.8513997395833334 
135 2253.7403198242187 472.47939453125 2361.6539672851563 669.2634033203125 0.8567708333333334 2035.7151977539063 596.4256744384766 2255.774792480469 748.7745819091797 0.8536551339285714 
136 2253.738134765625 470.8405563354492 2359.535791015625 669.7400405883789 0.8525855654761905 2037.34150390625 598.2859405517578 2255.28447265625 750.6345306396485 0.8518415178571429 
137 2252.678955078125 470.5828521728516 2360.436767578125 671.3082000732422 0.8553059895833334 2037.3258178710937 597.8443084716797 2250.728625488281 752.0859283447265 0.8508649553571429 
138 2254.495227050781 472.7435104370117 2360.189099121094 667.2202651977539 0.8582356770833334 2035.3021850585938 597.7061767578125 2250.9177856445312 752.019287109375 0.8516555059523809 
139 2252.555212402344 472.8120880126953 2360.376184082031 669.4263763427734 0.8600492931547619 2035.2061645507813 598.0337463378906 2250.847790527344 752.3654235839844 0.8523065476190477 
140 2254.1213134765626 472.10999755859376 2359.7571044921874 670.7053100585938 0.8619791666666666 2035.0490356445312 597.2477600097657 2250.545935058594 753.5887878417968 0.85791015625 
141 2254.7078491210937 470.3570053100586 2360.4442504882813 669.141438293457 0.8573521205357143 2035.6709594726562 597.4847229003906 2249.2584838867188 751.8598815917969 0.8585844494047619 
142 2252.646936035156 472.99232177734376 2360.417761230469 669.5151245117188 0.8625604538690477 2033.773681640625 596.2863677978515 2249.314697265625 752.6593719482422 0.8590959821428571 
143 2254.2083251953127 472.3140838623047 2362.0607177734373 671.1010162353516 0.8597237723214286 2035.4126098632812 597.5726501464844 2249.0026733398436 754.0644348144531 0.8618861607142857 
144 2254.0067138671875 470.8433151245117 2361.9010009765625 669.7072525024414 0.8609793526785714 2033.4989990234376 597.7777526855468 2247.1718994140624 754.3301574707032 0.8603748139880952 
145 2255.279577636719 473.69730682373046 2363.627404785156 669.1484268188476 0.8663504464285714 2035.7239624023437 597.651889038086 2248.1708129882813 752.7380645751953 0.8609328497023809 
146 2255.6820556640623 473.51109924316404 2363.4912841796877 667.9906707763672 0.8716052827380952 2035.34775390625 598.2316680908203 2248.85244140625 754.6608489990234 0.8607700892857143 
147 2255.775 475.7007232666016 2365.711328125 668.0893768310547 0.8700706845238095 2035.9022338867187 598.5659942626953 2247.318225097656 755.0139007568359 0.8634207589285714 
148 2257.8386840820312 477.6150726318359 2361.3578491210938 665.6398712158203 0.8603283110119048 2035.52392578125 598.2791900634766 2248.900390625 754.6144256591797 0.8659784226190477 
149 2257.5434814453124 475.15549621582034 2361.0502685546876 665.2701019287109 0.8563058035714286 2034.7681518554687 597.6737548828125 2252.3439086914063 753.990185546875 0.8702799479166666 
150 2258.9720458984375 473.7039855957031 2362.4864501953125 665.9448181152344 0.8689778645833334 2034.3119140625 598.5873840332031 2254.01572265625 750.6900817871094 0.8656296502976191 
151 2258.8984252929686 473.514697265625 2362.3103149414064 665.5652587890625 0.8700474330357143 2034.4607788085937 598.5180114746094 2253.9471801757813 748.3596740722656 0.8616303943452381 
152 2258.3964721679686 472.53741455078125 2366.0041625976564 664.5429077148438 0.8779994419642857 2036.6081665039062 597.2679901123047 2251.8232299804686 749.1844635009766 0.8582821800595238 
153 2258.5493774414062 476.59967346191405 2366.2326049804688 662.4061248779296 0.8724423363095238 2036.6048583984375 595.5710388183594 2251.9713134765625 749.7059387207031 0.8542829241071429 
154 2260.5040283203125 474.5669250488281 2366.0941162109375 664.6292419433594 0.8739304315476191 2038.0336181640625 597.782583618164 2255.5493896484377 747.7206512451172 0.8581659226190477 
155 2259.3705932617186 474.37561950683596 2366.9655883789064 660.0302032470703 0.8689546130952381 2038.01298828125 598.8485717773438 2263.7521484375 746.5283813476562 0.8511207217261905 
156 2259.0272827148438 474.93532409667966 2364.3142700195312 658.1343170166016 0.8536551339285714 2039.463916015625 601.0364837646484 2264.777783203125 744.2265167236328 0.8478655133928571 
157 2256.91640625 474.83567962646487 2364.196875 659.9469436645508 0.8584681919642857 2041.0611206054687 599.1870544433593 2266.1398071289063 744.3311340332032 0.84033203125 
158 2256.4189331054686 475.98141021728514 2363.5949829101564 660.9124801635742 0.8569103422619048 2042.1479125976562 600.6966766357422 2269.108679199219 741.4964996337891 0.8466796875 
159 2257.985070800781 474.4591720581055 2363.051794433594 661.4777481079102 0.8623511904761905 2044.2151489257812 600.7815460205078 2264.8549194335938 743.6721282958985 0.8429827008928571 
160 2257.9275756835937 474.7656524658203 2362.9784301757813 661.7562591552735 0.8645600818452381 2044.1894165039062 601.3115966796875 2264.796179199219 742.0797607421875 0.8427966889880952 
161 2258.0436279296873 475.702458190918 2363.1804931640627 662.8464004516602 0.8666062127976191 2044.1302124023437 600.2494201660156 2264.9178833007813 745.3385925292969 0.8457961309523809 
162 2259.737512207031 474.3777618408203 2362.728552246094 663.5446624755859 0.8686988467261905 2044.297509765625 602.5909210205078 2262.890478515625 745.5170501708984 0.8479120163690477 
163 2258.468115234375 475.0002716064453 2363.427880859375 661.8290130615235 0.8746977306547619 2043.5422607421874 602.5669860839844 2261.8591064453126 747.4117736816406 0.8450288318452381 
164 2258.882214355469 477.11900482177737 2363.981311035156 662.0937942504883 0.8740699404761905 2043.6712158203125 602.9956085205079 2262.2775146484373 748.0326507568359 0.8479585193452381 
165 2258.7056396484377 475.483837890625 2363.8158447265623 660.4777099609375 0.8747442336309523 2041.6128051757812 602.9905212402343 2262.3439819335936 748.0425598144532 0.8498651413690477 
166 2258.185302734375 476.538835144043 2365.593994140625 663.9773086547851 0.8677455357142857 2041.1809936523437 602.6588348388672 2260.2103637695313 750.0824371337891 0.8388671875 
167 2258.3193237304686 474.4793533325195 2365.7492797851564 664.0615097045899 0.8685360863095238 2039.1656982421875 602.4878631591797 2262.4514892578127 749.9406646728515 0.8397739955357143 
168 2261.0508422851562 472.7302185058594 2364.7350463867188 663.1705383300781 0.8826264880952381 2041.1492309570312 602.9458221435547 2259.0975952148438 751.0660797119141 0.8508417038690477 
169 2259.6928833007814 473.2132202148438 2365.5632202148436 661.6627563476562 0.8749767485119048 2041.5179931640625 601.3979675292969 2259.6114013671877 751.7341125488281 0.8493768601190477 
170 2260.433215332031 473.2157867431641 2363.854626464844 663.1739227294922 0.8797898065476191 2041.33193359375 600.9910339355469 2256.6177734375 752.9575744628906 0.8426106770833334 
171 2261.1349853515626 472.10003356933595 2360.5373779296874 664.5599395751954 0.8676292782738095 2040.8554321289062 602.2504577636719 2258.694616699219 752.4114074707031 0.8503534226190477 
172 2262.9706298828123 472.3104873657227 2360.3887451171877 662.9112838745117 0.8665132068452381 2040.7659545898437 600.5180206298828 2256.7801879882813 752.9986419677734 0.8548642113095238 
173 2260.5154418945312 472.52259674072263 2366.7069702148438 663.6670700073242 0.8666062127976191 2039.80068359375 599.4621551513671 2260.67880859375 752.3777496337891 0.8481910342261905 
174 2259.8783203125 474.6289581298828 2365.48935546875 662.6164642333985 0.8715122767857143 2040.6136352539063 600.6309844970704 2258.172253417969 752.7107513427734 0.8519577752976191 
175 2261.9014892578125 472.7725372314453 2365.7523193359375 661.3998870849609 0.8698614211309523 2040.0157470703125 598.9588500976563 2258.3148193359375 753.6756713867187 0.8540969122023809 
176 2257.921008300781 472.18154296875 2365.538220214844 664.2048095703125 0.8778366815476191 2040.981591796875 599.9265197753906 2256.216650390625 753.9671569824219 0.8518182663690477 
177 2261.387939453125 471.4514617919922 2366.670166015625 665.1704254150391 0.8793015252976191 2041.4296752929688 601.0293212890625 2256.2048461914064 752.6354736328125 0.8474934895833334 
178 2258.851318359375 471.2799041748047 2366.196533203125 664.9220611572266 0.8829985119047619 2040.5992065429687 602.4254821777344 2257.3942016601563 753.9714904785156 0.8522135416666666 
179 2259.345068359375 472.96851043701173 2366.723291015625 662.4594985961915 0.8750930059523809 2039.648876953125 599.9436706542969 2254.405322265625 755.7473693847656 0.8536086309523809 
180 2260.58203125 471.7155487060547 2366.01025390625 667.8123443603515 0.8859979538690477 2040.0745483398437 597.9863067626953 2257.2567504882813 754.0203460693359 0.8525158110119048 
181 2260.261608886719 471.80792541503905 2367.817248535156 663.7208221435546 0.8799525669642857 2039.9593505859375 597.6138702392578 2257.1793212890625 753.6748870849609 0.8532366071428571 
182 2261.23740234375 473.610009765625 2366.660546875 663.371923828125 0.8729771205357143 2040.7405517578125 595.6577728271484 2257.9122802734373 753.7927276611329 0.8556547619047619 
183 2261.2840087890627 473.4355895996094 2366.6735107421873 663.1370422363282 0.8759068080357143 2040.857421875 595.6876190185546 2257.9599609375 751.6643707275391 0.8543991815476191 
184 2264.2649658203127 472.4802307128906 2365.5221435546873 662.3375183105469 0.8782087053571429 2039.438134765625 594.8326843261718 2260.938330078125 750.9375793457032 0.8542829241071429 
185 2261.0633056640627 472.8494583129883 2368.7316162109373 658.6300033569336 0.8719075520833334 2042.15400390625 594.8085021972656 2259.60185546875 751.0330505371094 0.8594680059523809 
186 2263.3581787109374 473.00333404541016 2368.8517822265626 658.6716842651367 0.86962890625 2040.6048583984375 593.2657989501953 2262.1412353515625 749.3960052490235 0.8577008928571429 
187 2263.20927734375 473.21647491455076 2368.73017578125 658.9329086303711 0.8670479910714286 2040.3983154296875 593.5101013183594 2261.9918212890625 749.6806945800781 0.8547247023809523 
188 2264.0536865234376 473.2992172241211 2367.5693603515624 659.205207824707 0.8735119047619048 2041.0151611328124 592.0905242919922 2260.7221435546876 748.420523071289 0.8570963541666666 
189 2263.6239379882813 472.1653106689453 2367.4109741210937 660.6761810302735 0.8793247767857143 2041.3864868164062 593.3858276367188 2263.7870971679686 748.0071166992187 0.8472609747023809 
190 2263.4985961914062 472.2790222167969 2367.1383666992188 660.5227355957031 0.8783482142857143 2041.331884765625 593.3276794433593 2265.532373046875 747.7298156738282 0.8485863095238095 
191 2263.3707885742188 472.84391021728516 2367.1978149414062 659.3088912963867 0.8820684523809523 2041.291455078125 593.866830444336 2261.659228515625 748.5480255126953 0.8475632440476191 
192 2262.9479370117188 472.468994140625 2366.6353149414062 660.7991943359375 0.8782087053571429 2040.9233032226562 593.3291076660156 2263.110632324219 749.9183288574219 0.8488188244047619 
193 2261.5983154296873 471.88016510009766 2365.4148681640627 660.4446334838867 0.8788597470238095 2041.172021484375 592.890625 2261.516943359375 749.674560546875 0.8496326264880952 
194 2261.6798706054688 472.77015075683596 2367.6460571289062 663.5092071533203 0.8762323288690477 2040.0475341796875 594.0606079101562 2258.3377197265627 750.8905639648438 0.8519577752976191 
195 2263.4839599609377 472.4394012451172 2367.4515869140623 663.4006256103515 0.8782552083333334 2039.9612548828125 593.871206665039 2256.3839599609373 750.8837371826172 0.8532598586309523 
196 2263.370068359375 470.970475769043 2367.499560546875 664.3535293579101 0.8805803571428571 2037.6203735351562 594.4708618164062 2256.5043823242186 751.7273803710938 0.8552827380952381 
197 2261.5894287109377 471.7222869873047 2367.9120361328123 663.1030914306641 0.8818126860119048 2037.8209106445313 594.8111968994141 2254.719372558594 754.2951873779297 0.8544689360119048 
198 2262.1325927734374 471.8355010986328 2366.3820556640626 663.3142181396485 0.8735584077380952 2036.3677001953124 594.9874542236328 2253.3769287109376 754.553012084961 0.8518880208333334 
199 2263.5878662109376 470.81739349365233 2365.6308837890624 662.1480911254882 0.8744884672619048 2034.7268432617188 595.5094329833985 2249.442346191406 754.9516876220703 0.8590959821428571 
200 2261.702038574219 469.2719100952148 2367.956408691406 664.7800003051758 0.87451171875 2031.5386474609375 596.0415740966797 2248.2977783203123 755.423208618164 0.8588634672619048 
201 2262.835888671875 468.7055374145508 2367.124072265625 664.5122055053711 0.8618861607142857 2030.92939453125 595.4232482910156 2243.7625 757.1766052246094 0.8664667038690477 
202 2263.973107910156 469.2261657714844 2366.500769042969 657.1937561035156 0.8594215029761905 2027.9455688476562 595.9070831298828 2239.4091674804686 753.9707855224609 0.8630719866071429 
203 2262.501513671875 471.89501037597654 2367.578076171875 656.3151336669922 0.8660016741071429 2027.935009765625 595.5290618896485 2235.943896484375 752.0717071533203 0.8607933407738095 
204 2261.5372924804688 473.51378479003904 2364.6089477539062 651.7417694091797 0.8576543898809523 2026.6529541015625 595.168017578125 2232.7962646484375 749.775341796875 0.8671409970238095 
205 2259.5963134765625 471.5696823120117 2365.2752685546875 650.5771987915039 0.8589332217261905 2025.8412475585938 597.8205444335938 2230.7293090820312 746.6340454101562 0.8714192708333334 
206 2255.4353637695312 473.0791473388672 2359.0497436523438 654.4043121337891 0.8596307663690477 2024.544873046875 597.7816772460938 2229.614794921875 748.8860473632812 0.8769996279761905 
207 2248.600549316406 473.84411468505857 2356.371374511719 659.210237121582 0.8621884300595238 2023.2761962890625 598.8584838867188 2230.1964599609373 749.7378295898437 0.8769298735119048 
208 2245.4879516601563 476.4338943481445 2351.1856323242187 659.7867782592773 0.8397972470238095 2024.966748046875 599.637075805664 2229.890673828125 750.6336151123047 0.8758835565476191 
209 2236.436962890625 477.8462249755859 2348.056689453125 664.5945098876953 0.8369140625 2022.1966857910156 595.2450378417968 2230.410125732422 751.9418518066407 0.8651878720238095 
210 2233.5486572265627 482.53057250976565 2345.3302490234373 665.2505554199219 0.8411923363095238 2024.206103515625 596.7925659179688 2230.572216796875 749.4175170898437 0.8664434523809523 
211 2234.017919921875 484.5463134765625 2343.592431640625 665.021923828125 0.8361235119047619 2024.5374389648437 597.0956787109375 2230.7953247070313 747.4919677734375 0.8651181175595238 
212 2235.8911743164062 484.17438354492185 2341.0670776367188 666.6223693847656 0.8333333333333334 2023.9708251953125 596.6151733398438 2234.3226318359375 749.0128784179688 0.8639555431547619 
213 2238.117395019531 483.7630920410156 2341.209997558594 666.3224792480469 0.8379836309523809 2024.1676635742188 598.1725006103516 2234.6480102539062 748.5155487060547 0.8602585565476191 
214 2237.976708984375 483.71307983398435 2343.232275390625 666.2991271972656 0.8389369419642857 2026.1439331054687 598.1392120361328 2234.506701660156 748.5041595458985 0.8600260416666666 
215 2236.19697265625 482.94323272705077 2343.6970703125 665.6930892944335 0.83447265625 2026.0759399414062 597.472036743164 2234.6259643554686 747.9718719482422 0.8583054315476191 
216 2235.058972167969 482.6322967529297 2342.709826660156 665.638638305664 0.8252185639880952 2024.6432861328126 597.073373413086 2233.4856201171874 749.9375518798828 0.8590959821428571 
217 2236.0684204101562 481.73452911376955 2343.5802612304688 666.6549667358398 0.8310546875 2024.2700805664062 598.1781646728516 2232.8429565429688 748.6948211669921 0.8582589285714286 
218 2235.906640625 481.1452270507813 2343.4283203125 668.2331909179687 0.8338448660714286 2023.8405395507812 597.8477661132813 2234.583044433594 748.3783081054687 0.8603748139880952 
219 2235.4405883789063 482.97876434326173 2342.8521362304687 667.726466369629 0.833984375 2023.59228515625 597.4132537841797 2234.11865234375 749.9375152587891 0.8603515625 
220 2235.808801269531 481.2364212036133 2343.287634277344 668.2499984741211 0.8282877604166666 2023.8270141601563 597.3965209960937 2234.485729980469 752.1663452148438 0.8620721726190477 
221 2236.855017089844 481.3009521484375 2342.029016113281 668.038525390625 0.8290783110119048 2023.2874267578125 597.2895690917969 2233.6354248046873 751.8310363769531 0.8560035342261905 
222 2234.2691650390625 481.60135345458986 2341.4715576171875 670.2774612426758 0.8258928571428571 2024.7297119140626 597.7097106933594 2232.7024169921874 752.0810607910156 0.8583286830357143 
223 2234.6819702148437 481.43359375 2341.9100708007813 668.01025390625 0.82763671875 2023.4429931640625 597.0748260498046 2231.4652099609375 753.6276275634766 0.8632347470238095 
224 2233.888427734375 479.6862823486328 2343.163330078125 670.3820159912109 0.8287527901785714 2023.0847412109374 597.3671051025391 2230.9216064453126 753.7804168701172 0.8646763392857143 
225 2236.350927734375 480.87140197753905 2343.430810546875 667.1904266357421 0.8271484375 2022.3559265136719 595.6116180419922 2227.9493713378906 758.3730621337891 0.8668852306547619 
226 2236.2255737304686 481.3094116210938 2341.2815063476564 669.9811157226562 0.8155459449404762 2021.496026611328 598.8169250488281 2229.4638122558595 755.3287048339844 0.8714657738095238 
227 2236.4319702148437 481.1832672119141 2341.4764770507813 669.8347381591797 0.8145693824404762 2023.869317626953 598.6781799316407 2227.5270446777345 755.1731384277343 0.8769996279761905 
228 2235.1260375976562 479.994367980957 2342.4537963867188 671.0380722045899 0.8117792038690477 2022.2864501953125 599.5412048339844 2228.3561279296873 756.2399230957031 0.8801385788690477 
229 2239.7974365234377 482.18397521972656 2342.9843017578123 669.2101287841797 0.8324730282738095 2021.1869140625 599.7574462890625 2227.56064453125 756.6873779296875 0.8814639136904762 
230 2238.0998291015626 481.05967102050784 2341.2981201171874 668.1067718505859 0.8284505208333334 2021.3667785644532 600.7962341308594 2225.6135681152346 753.4438781738281 0.8802315848214286 
231 2235.4623168945313 481.787451171875 2345.0574584960937 664.445703125 0.8314499627976191 2019.5785766601562 600.9699035644531 2223.725866699219 753.5432800292969 0.8783017113095238 
232 2235.4097290039062 478.578791809082 2342.8834838867188 661.2842147827148 0.8321242559523809 2017.3206604003906 599.4454559326172 2223.6704284667967 752.0582672119141 0.8741396949404762 
233 2231.902551269531 480.31082305908205 2343.685095214844 665.1820663452148 0.8364025297619048 2016.1918518066407 599.7825927734375 2220.410076904297 752.4088134765625 0.8765811011904762 
234 2228.2145874023436 484.13042907714845 2342.3984497070314 665.1010772705079 0.8431222098214286 2015.8392211914063 599.8057861328125 2218.353894042969 754.9234619140625 0.87646484375 
235 2225.41982421875 486.7118835449219 2339.4478515625 667.4352111816406 0.8412155877976191 2013.0865234375 600.5741973876953 2217.4759765625 755.4799407958984 0.8698614211309523 
236 2222.5172485351563 489.0879364013672 2338.9361206054687 668.0279693603516 0.8414713541666666 2011.653369140625 601.2778259277344 2216.464306640625 756.5029357910156 0.8678850446428571 
237 2219.674450683594 489.26829681396487 2335.412219238281 675.7347854614258 0.8386811755952381 2009.796649169922 601.2965545654297 2215.552593994141 759.9002838134766 0.8798363095238095 
238 2222.20234375 490.3512817382813 2336.2849609375 675.4667114257812 0.8421921502976191 2011.4223022460938 603.1094146728516 2215.9104614257812 758.0897430419922 0.8759765625 
239 2221.8254150390626 491.2795013427734 2337.7571044921874 675.9114776611328 0.8375418526785714 2011.59609375 603.7431518554688 2217.696875 758.3187377929687 0.8701404389880952 
240 2222.2873779296874 493.10003051757815 2333.8874267578126 675.5232604980469 0.8223818824404762 2011.3863037109375 603.6270629882813 2219.5634033203123 758.1502807617187 0.8724190848214286 
241 2222.187219238281 493.5701049804687 2333.760290527344 671.6580444335938 0.8214053199404762 2012.9874450683594 603.5752746582032 2221.1142395019533 758.0611999511718 0.8703264508928571 
242 2222.7419189453126 492.6392456054688 2334.3445068359374 675.0664428710937 0.8263113839285714 2011.83623046875 603.1686614990234 2220.0177734375 757.6952911376953 0.8742559523809523 
243 2223.073974609375 493.2750244140625 2334.754638671875 673.6817626953125 0.8272879464285714 2012.0213623046875 603.6337768554688 2220.3482666015625 758.2680786132812 0.8728841145833334 
244 2222.6547241210938 491.3535552978516 2334.3147583007812 673.8747772216797 0.8282645089285714 2011.6405029296875 605.2434631347656 2219.9293212890625 759.8496765136719 0.8726515997023809 
245 2223.012158203125 490.8869201660156 2338.808642578125 675.3036315917968 0.8355654761904762 2010.883349609375 604.8689758300782 2221.032666015625 759.2644470214843 0.8746279761904762 
246 2223.50576171875 492.673828125 2336.8990234375 676.670166015625 0.8384719122023809 2011.860662841797 604.5034240722656 2219.3914123535155 760.6863952636719 0.8746977306547619 
247 2221.460974121094 493.2051208496094 2336.981652832031 677.1825744628907 0.8371930803571429 2010.0843078613282 605.0232788085938 2217.5937927246096 761.1902221679687 0.8756045386904762 
248 2222.768115234375 491.41527099609374 2336.052197265625 677.3720825195312 0.8352167038690477 2011.8199584960937 604.7815246582031 2214.876086425781 762.9516296386719 0.8772321428571429 
249 2221.8862548828124 490.53570861816405 2335.0605224609376 676.3120086669921 0.8319847470238095 2011.1428527832031 605.6808715820313 2214.0020446777344 761.5621704101562 0.8820452008928571 
250 2222.2185913085937 493.2303405761719 2332.8807739257813 676.2486633300781 0.8307291666666666 2010.0612426757812 603.9744506835938 2214.360876464844 763.5834106445312 0.8815801711309523 
251 2222.284375 492.51837463378905 2337.68095703125 676.2983367919921 0.833984375 2009.9839111328124 605.6137420654297 2212.9965576171876 763.749966430664 0.8759300595238095 
252 2221.7799560546873 494.84682006835936 2337.0413330078127 678.4113586425781 0.8287992931547619 2009.72841796875 604.2795288085938 2212.50302734375 764.3648803710937 0.8804873511904762 
253 2219.5315795898437 494.66567077636716 2336.9222778320313 676.0873199462891 0.8297526041666666 2009.3781616210938 605.4888244628906 2212.1435668945314 765.5667175292969 0.8811848958333334 
254 2221.093225097656 495.29664916992186 2338.626745605469 676.9394348144531 0.8263346354166666 2009.2862854003906 604.6110870361329 2210.161834716797 764.8840911865234 0.8738141741071429 
255 2220.5097900390624 494.8262969970703 2338.0512451171876 676.4813812255859 0.8258928571428571 2008.4419494628905 603.9015045166016 2211.468084716797 766.3225555419922 0.8790225074404762 
256 2221.1196533203124 491.5970794677734 2332.1420654296876 675.2112091064453 0.8339378720238095 2006.6294006347657 606.4790924072265 2211.594110107422 762.3376190185547 0.8900204613095238 
257 2221.0060913085936 492.65411376953125 2332.0288208007814 674.1336059570312 0.8384486607142857 2007.0080505371093 603.5125915527344 2207.703009033203 763.6415832519531 0.8815336681547619 
258 2219.2944580078124 491.26719360351564 2334.7919677734376 673.0689880371094 0.8379371279761905 2001.6259338378907 602.3225616455078 2206.954998779297 762.7358489990235 0.8716750372023809 
259 2217.1260986328125 488.2350616455078 2332.4534912109375 671.9048919677734 0.8391462053571429 2000.0243041992187 600.7698272705078 2202.915393066406 763.082650756836 0.8734654017857143 
260 2213.059130859375 487.15393524169923 2337.223095703125 673.3996841430665 0.8498651413690477 1998.0779541015625 601.8490478515625 2201.4498779296873 764.5464599609375 0.8697451636904762 
261 2212.4360107421876 489.81553649902344 2334.6518798828124 674.2113800048828 0.8494698660714286 1995.218243408203 600.8984069824219 2198.911517333984 765.9969787597656 0.8631649925595238 
262 2209.6211547851562 494.3460388183594 2334.3986206054688 675.0582580566406 0.8329613095238095 1991.6743469238281 601.7473541259766 2198.2024841308594 769.5515350341797 0.8616303943452381 
263 2208.7801025390627 499.9497039794922 2327.1315185546873 676.4008209228516 0.8239164806547619 1990.03701171875 604.0657836914063 2196.6138671875 767.6058471679687 0.8635137648809523 
264 2207.4253051757814 500.1958251953125 2321.4841186523436 676.66416015625 0.8178013392857143 1989.8198608398438 604.3220611572266 2196.416711425781 767.8780731201172 0.8627464657738095 
265 2203.624377441406 502.2874389648438 2319.899792480469 678.8541625976562 0.8167782738095238 1991.363214111328 604.8153869628907 2195.9223083496095 768.4625671386718 0.8608630952380952 
266 2200.9119140625 500.91246643066404 2322.90498046875 684.9723602294922 0.8240792410714286 1992.0746643066407 607.5947967529297 2197.537030029297 765.9719146728515 0.8604678199404762 
267 2201.1752075195313 501.5050903320313 2323.1355834960937 687.6551879882812 0.8218470982142857 1994.2869201660155 606.5128570556641 2197.554266357422 766.9870819091797 0.8636765252976191 
268 2202.582238769531 501.3011169433594 2322.324743652344 687.3294982910156 0.8180106026785714 1993.937762451172 608.3784484863281 2197.072125244141 764.4712829589844 0.8625837053571429 
269 2204.4405883789063 501.36151733398435 2322.6050659179687 683.9793029785156 0.8137555803571429 1992.6536193847655 608.2052703857422 2198.904364013672 767.1901763916015 0.8595842633928571 
270 2201.5123046875 502.23740539550784 2324.2708984375 685.2981781005859 0.8157319568452381 1993.5189147949218 609.3404022216797 2195.9626525878907 768.7109283447265 0.8663969494047619 
271 2204.7312744140627 499.7944305419922 2322.5367919921873 686.1415435791016 0.8293108258928571 1994.0816528320313 608.4556732177734 2195.422009277344 766.9578399658203 0.8628162202380952 
272 2204.8626342773437 503.2430908203125 2321.0917114257813 684.0440185546875 0.8115001860119048 1992.934747314453 608.3791412353515 2195.2594665527345 767.6561981201172 0.8643973214285714 
273 2204.1740112304688 501.5752288818359 2324.7271118164062 688.8630645751953 0.8185221354166666 1992.9575927734375 609.1291595458985 2193.1620361328123 768.4314483642578 0.8700474330357143 
274 2202.620947265625 501.16913452148435 2325.119287109375 685.9911437988281 0.8200567336309523 1993.4149658203125 608.0452056884766 2195.4297607421877 769.2271942138672 0.8656296502976191 
275 2203.384814453125 499.8981079101562 2323.625927734375 686.7013793945313 0.8181268601190477 1994.3667602539062 608.8254028320313 2194.0529174804688 767.7154907226562 0.8684895833333334 
276 2202.3259887695312 501.8000762939453 2324.8246459960938 686.6229583740235 0.8166155133928571 1993.3669555664062 608.9246246337891 2193.2333862304686 767.9582489013671 0.8706752232142857 
277 2203.884411621094 500.9097198486328 2324.122668457031 685.5615325927735 0.8230561755952381 1993.219464111328 607.6873962402344 2192.901019287109 768.7209289550781 0.8733258928571429 
278 2203.93857421875 501.88274841308595 2326.398828125 684.4990264892579 0.8201264880952381 1991.7401733398438 608.4777923583985 2191.5437622070312 769.6097930908203 0.8791852678571429 
279 2207.292932128906 502.763427734375 2325.505651855469 683.306640625 0.8209635416666666 1991.2031982421875 609.402963256836 2191.0902587890623 768.4529327392578 0.8789992559523809 
280 2207.199841308594 502.8537292480469 2325.508410644531 685.6940002441406 0.8271716889880952 1991.183575439453 609.5794982910156 2189.081439208984 770.9091491699219 0.8838123139880952 
281 2207.1048828125 501.43507690429686 2327.7408203125 682.3891418457031 0.8347981770833334 1987.4578491210937 607.8201293945312 2187.7997192382813 771.5404663085938 0.8841378348214286 
282 2207.1297119140627 501.05323181152346 2325.9191162109373 682.4771026611328 0.8290085565476191 1985.2510375976562 607.9637115478515 2183.9533081054688 769.9493133544922 0.8809756324404762 
283 2205.797265625 505.2026824951172 2326.890234375 680.3547515869141 0.8294503348214286 1980.3285766601562 607.9152862548829 2181.428991699219 772.2555511474609 0.8822777157738095 
284 2204.0928466796877 501.96673889160155 2325.2880126953123 681.5953338623046 0.8247535342261905 1976.2692260742188 607.1801544189453 2181.8682250976562 769.4951995849609 0.8741629464285714 
285 2204.472692871094 502.7336761474609 2323.427453613281 682.2472198486328 0.8244047619047619 1974.6322998046876 606.216030883789 2182.2622314453124 768.4269744873047 0.8719308035714286 
286 2206.4782592773436 506.82398986816406 2325.4165161132814 679.8249969482422 0.8255905877976191 1973.0932312011719 602.63994140625 2182.8570861816406 766.99091796875 0.8663039434523809 
287 2207.3419555664063 503.2148742675781 2324.2178588867187 680.6929626464844 0.8247535342261905 1971.3428039550781 601.0276397705078 2185.6150817871094 767.6838470458985 0.8628394717261905 
288 2206.845458984375 501.99968872070315 2325.679931640625 681.3316101074219 0.8208705357142857 1973.1657104492188 603.7153106689453 2187.0674438476562 765.7621673583984 0.8668852306547619 
289 2203.18193359375 501.990087890625 2321.9884765625 685.60048828125 0.8231026785714286 1974.7904357910156 603.9312225341797 2186.482391357422 768.1005767822265 0.8733956473214286 
290 2203.0927978515624 504.1439178466797 2321.8593505859376 683.3737213134766 0.8187313988095238 1974.7781311035155 603.8914001464843 2186.398992919922 768.0054504394532 0.8716285342261905 
291 2202.589001464844 505.4510162353516 2323.493762207031 682.4900848388672 0.8194986979166666 1974.5640869140625 604.9316772460937 2186.1473388671875 769.0166870117188 0.8703264508928571 
292 2204.2625366210937 503.6879943847656 2322.9481567382813 682.7955261230469 0.8155459449404762 1976.6017456054688 606.9362823486329 2183.7622680664062 768.7803314208984 0.8746279761904762 
293 2202.5190673828124 503.75648193359376 2321.1777099609376 682.8232299804688 0.8201729910714286 1976.5697448730468 606.9812408447266 2183.6828186035154 768.7884735107422 0.8692801339285714 
294 2204.3612670898438 504.64573974609374 2320.8709106445312 681.5682495117187 0.8221028645833334 1976.4864074707032 607.629263305664 2183.6150329589846 769.4485565185547 0.8708147321428571 
295 2203.6310302734373 505.1089233398437 2322.2185791015627 684.0680786132813 0.8311011904761905 1976.1589111328126 606.3643371582032 2183.1477294921874 770.2305114746093 0.8833937872023809 
296 2201.2347900390623 502.5639404296875 2321.9868896484377 683.6924072265625 0.8306826636904762 1975.902294921875 609.3003662109375 2180.750048828125 771.0221435546875 0.8857654389880952 
297 2202.2653076171873 502.72010192871096 2322.9221923828127 681.5509552001953 0.8277529761904762 1977.6078735351562 609.1236297607422 2177.984655761719 770.717739868164 0.8840448288690477 
298 2202.1852416992188 504.39625244140626 2325.1948852539062 683.5153686523438 0.8318684895833334 1975.505792236328 607.4021759033203 2178.3637145996095 771.4149017333984 0.8801618303571429 
299 2202.186145019531 501.1051971435547 2325.253552246094 684.6272857666015 0.8366350446428571 1973.9875183105469 607.9798400878906 2174.7821350097656 772.0700866699219 0.8730003720238095 
