0 2000.6438537597655 581.9750579833984 2264.893133544922 825.3625274658203 0.7410249255952381 1955.4433959960938 124.62058715820312 2240.554406738281 298.46876831054686 0.6601795014880952 
1 1996.8132385253907 582.1884185791016 2274.668084716797 818.3651092529296 0.7220284598214286 1947.9215209960937 130.6742790222168 2232.722766113281 297.387198638916 0.5900297619047619 
2 1991.2155822753907 574.5318908691406 2272.898065185547 821.8627624511719 0.7434430803571429 1960.2991943359375 118.185205078125 2235.1114501953125 289.9427856445312 0.6353004092261905 
3 1996.4745483398438 574.6617492675781 2271.1804809570312 821.8970886230469 0.7404436383928571 1967.1549255371094 136.71709899902345 2221.2577941894533 287.80536193847655 0.5614304315476191 
4 1995.4765869140624 574.5920288085938 2277.2001708984376 821.9592407226562 0.7297944568452381 1967.7270568847657 148.57072525024415 2215.094110107422 285.99694747924804 0.47183082217261907 
5 1999.8720153808595 577.5799743652344 2263.341485595703 820.2491271972656 0.7232375372023809 1966.2716552734375 123.97524185180664 2243.6077392578127 276.51015548706056 0.5882859002976191 
6 1986.8984619140624 570.4386138916016 2268.1142333984376 817.3596649169922 0.724609375 1937.8309020996094 121.70701370239257 2232.764434814453 279.46216049194334 0.5980980282738095 
7 1985.9159301757813 576.9424682617188 2273.8040405273437 816.8492797851562 0.7281901041666666 1947.4254272460937 116.37402725219727 2249.022570800781 280.8815727233887 0.6520414806547619 
8 1996.3831848144532 574.8187255859375 2271.1625915527343 822.1202392578125 0.7431640625 1958.601055908203 120.11161880493164 2240.249896240234 278.1098014831543 0.5846819196428571 
9 1989.94716796875 574.8365295410156 2278.46591796875 822.1382019042969 0.7338634672619048 1959.0345092773437 114.05214080810546 2240.6835083007813 278.91993560791013 0.6107003348214286 
10 2000.3151977539062 581.5341888427735 2278.0038940429686 831.4540313720703 0.6685267857142857 1969.8763488769532 129.75589141845703 2233.6806579589843 268.6002792358398 0.48521205357142855 
11 1995.508319091797 574.8329040527344 2277.169537353516 822.1453674316406 0.7386997767857143 1969.8787231445312 120.10566864013671 2244.6703491210938 278.11085357666013 0.6188848586309523 
12 2005.931982421875 582.3450073242187 2276.730615234375 825.3694702148438 0.6718052455357143 1970.1460510253905 134.2186264038086 2227.057440185547 280.0332962036133 0.45958891369047616 
13 1994.8005065917969 581.7515899658204 2279.5301818847656 831.7582366943359 0.6770600818452381 1965.1522827148438 123.67328872680665 2229.0481567382812 269.51047286987307 0.47903878348214285 
14 1995.1592041015624 583.25751953125 2272.6235107421876 826.0388671875 0.6771995907738095 1959.4088745117188 124.90765151977538 2223.0000610351562 270.5764640808105 0.47831798735119047 
15 1993.7658569335938 583.1591430664063 2271.2876098632814 825.9906372070312 0.7055199032738095 1962.5446655273438 106.30204048156739 2233.1284301757814 272.81507835388186 0.5367140997023809 
16 2000.4545654296876 582.8450714111328 2271.0722900390624 825.7071136474609 0.6835007440476191 1951.6153442382813 112.06624755859374 2229.172009277344 271.66132202148435 0.5170200892857143 
17 2000.415478515625 583.771841430664 2270.904345703125 819.5825897216797 0.6896856398809523 1946.264404296875 100.9466724395752 2223.688720703125 267.40131187438965 0.5472005208333334 
18 2000.8611938476563 583.8518249511719 2264.345104980469 819.6004455566406 0.7060779389880952 1957.39169921875 107.28758850097657 2227.80947265625 266.7645965576172 0.5744745163690477 
19 1994.6794860839843 582.7446014404297 2272.222979736328 825.5950592041015 0.6789899553571429 1953.5817321777345 106.6509822845459 2217.247979736328 266.23842964172366 0.5475725446428571 
20 1999.4355529785157 578.0365661621094 2262.716180419922 820.5317932128906 0.7221447172619048 1965.8594177246093 108.76825981140136 2242.996661376953 261.1938449859619 0.6327659970238095 
21 2000.655535888672 583.9049560546875 2264.067242431641 819.589306640625 0.7205403645833334 1967.8622497558595 107.47071495056153 2238.206231689453 266.9042316436768 0.6034923735119048 
22 1999.9506713867188 582.5199523925781 2270.5280883789064 825.3458923339844 0.7121698288690477 1967.9296752929688 106.47444381713868 2238.5070922851564 266.04577407836916 0.5714285714285714 
23 1993.090966796875 577.8334716796875 2263.214208984375 820.2517333984375 0.7204706101190477 1982.435205078125 107.11577262878419 2252.558447265625 273.3454471588135 0.6599004836309523 
24 1988.436102294922 571.07861328125 2276.4043518066405 831.621337890625 0.6770600818452381 1973.404718017578 102.20716514587403 2254.5165466308595 266.7604633331299 0.6677129836309523 
25 1991.8379821777344 571.6140625 2261.945831298828 820.944287109375 0.7153552827380952 1976.6544616699218 108.6483081817627 2239.8363830566404 261.01678428649905 0.5961681547619048 
26 1999.7902404785157 576.7410400390625 2263.111492919922 826.2032958984375 0.7220749627976191 1978.4687072753907 102.06971435546875 2241.789959716797 261.4484130859375 0.6316266741071429 
27 1990.8567138671874 578.168701171875 2267.6037353515626 820.322265625 0.7091006324404762 1972.761737060547 104.23963088989258 2221.834088134766 256.45041732788087 0.5477818080357143 
28 1984.0699157714844 577.7964050292969 2267.926788330078 820.1132629394531 0.7084728422619048 1983.5373107910157 109.67225532531738 2225.854168701172 255.06235618591307 0.5587332589285714 
29 1991.4211120605469 577.2223480224609 2261.7416076660156 819.8176300048829 0.7020786830357143 1984.7564819335937 109.36005401611328 2220.420520019531 247.98592376708984 0.5446661086309523 
30 1998.7684448242187 582.9507354736328 2262.101916503906 825.494760131836 0.7038922991071429 1997.4357360839845 102.92683944702148 2226.120050048828 255.38308181762696 0.5436430431547619 
31 1990.2224243164062 571.8987731933594 2267.1240112304686 821.1101379394531 0.7090541294642857 1999.541162109375 98.50375328063964 2241.829931640625 250.79956855773926 0.5914015997023809 
32 1996.6730407714845 577.2034973144531 2266.991632080078 819.7971130371094 0.6992420014880952 1993.7406616210938 103.21283798217773 2243.2654418945312 248.76901931762694 0.5567801339285714 
33 1988.9878723144532 577.5979705810547 2272.9993103027346 820.0466217041015 0.7094494047619048 1992.1850036621095 103.89067764282227 2248.487969970703 249.35985641479493 0.5796828497023809 
34 1990.7607177734376 571.646240234375 2267.8022705078124 820.9837646484375 0.7121465773809523 1998.4859313964844 104.13846130371094 2254.749542236328 249.5853240966797 0.6251395089285714 
35 1989.1901062011718 571.3010162353515 2272.8368713378904 827.2750946044922 0.7083565848214286 1991.5848693847656 94.4761516571045 2254.477020263672 239.75871925354005 0.5609654017857143 
36 1988.5967407226562 582.5819885253907 2272.7194213867188 825.1257751464843 0.7125883556547619 1991.7951171875 103.35816802978516 2248.19853515625 248.88441619873046 0.5474097842261905 
37 1991.2411682128907 576.9142303466797 2268.413006591797 826.3687896728516 0.7041015625 1998.9700988769532 97.7269443511963 2255.3539978027343 250.1713939666748 0.6062360491071429 
38 1998.661083984375 583.6219787597656 2261.869189453125 819.1239929199219 0.7055199032738095 2001.8579223632812 98.49849929809571 2237.3600952148436 243.95561752319335 0.60302734375 
39 1998.5464172363281 582.6211761474609 2261.8670349121094 825.1532989501953 0.7029622395833334 2000.9450988769531 98.08985862731933 2243.4771423339844 243.60915412902833 0.5770554315476191 
40 1999.122137451172 583.7189453125 2262.2773986816405 819.1735107421875 0.7107514880952381 2012.1733703613281 93.36628608703613 2254.5530700683594 238.7940761566162 0.5632440476190477 
41 1999.6869567871095 583.3522247314453 2269.669122314453 825.643930053711 0.7166108630952381 2020.9873901367187 76.40358200073243 2290.9693969726563 235.62380752563476 0.5996558779761905 
42 1993.7963989257812 583.2124328613281 2264.0583374023436 818.8255310058594 0.7219122023809523 2016.7179382324218 80.2691780090332 2273.1205627441404 239.65448226928712 0.5954008556547619 
43 1999.5050842285157 583.3736206054688 2262.902508544922 819.0449584960937 0.7234235491071429 2013.9013610839843 74.974072265625 2291.161749267578 234.39879150390624 0.5661737351190477 
44 2000.2409057617188 583.4034820556641 2270.6431274414062 819.1386932373047 0.7130766369047619 2026.9079345703126 76.46611557006835 2297.3098388671874 222.06728591918946 0.5496186755952381 
45 1995.0555786132813 583.214877319336 2265.5701538085937 819.0480010986328 0.7031947544642857 2020.1328857421875 82.20274276733399 2304.5199462890623 220.9281318664551 0.5444568452380952 
46 1990.2139465332032 582.229116821289 2274.8093688964846 825.1762176513672 0.7151925223214286 2021.4500122070312 77.11264724731446 2312.9867553710938 208.99823837280275 0.6366722470238095 
47 1994.9053161621093 581.9397430419922 2272.544024658203 824.8736724853516 0.6946614583333334 2015.4612426757812 82.19002914428711 2300.0409545898438 214.06843948364258 0.5710100446428571 
48 1999.417901611328 582.9808135986328 2263.3910583496095 812.2207855224609 0.7188197544642857 2024.5326904296876 69.72901153564453 2302.3994384765624 208.66234588623047 0.5621279761904762 
49 1988.1904663085938 586.7254150390625 2280.188684082031 830.057421875 0.7004510788690477 2026.4284423828126 70.11290969848633 2311.4743896484374 202.20741806030273 0.6320219494047619 
50 1989.8252258300781 551.4990417480469 2248.9881286621094 788.3204162597656 0.8609793526785714 2040.0080078125 57.920757675170904 2281.29765625 223.24886665344238 0.8138718377976191 
51 1989.4796997070312 551.6533447265625 2248.483435058594 788.32919921875 0.8587239583333334 2039.6315551757812 58.37823143005372 2280.772985839844 223.6047779083252 0.8141276041666666 
52 1999.9459106445313 580.3682891845704 2277.953259277344 830.5748870849609 0.6989164806547619 2031.2218627929688 65.52023048400879 2316.1792602539062 190.62349967956544 0.6043759300595238 
53 1985.093359375 549.9205871582031 2249.5189453125 791.9372009277344 0.8547014508928571 2034.9101196289062 58.81985015869141 2285.890417480469 224.64606170654298 0.8011067708333334 
54 1987.8831359863282 551.1096343994141 2247.5449645996096 788.3870086669922 0.8561895461309523 2037.6458251953125 53.137137222290036 2283.8771240234373 218.7836009979248 0.8056175595238095 
55 1987.0410461425781 555.0167510986328 2247.8035583496094 788.8038665771485 0.8580031622023809 2040.4731689453124 55.452545928955075 2287.7480224609376 212.8092185974121 0.8059663318452381 
56 1987.9156677246094 556.5452728271484 2247.3505676269533 789.1420440673828 0.8596772693452381 2045.0324951171874 55.567650985717776 2286.5754150390626 216.59617500305177 0.8170107886904762 
57 1991.3195739746093 556.4349334716796 2246.877325439453 789.5753814697266 0.8607468377976191 2044.6038208007812 54.28621826171875 2286.7113647460938 215.69116821289063 0.8141508556547619 
58 1990.0326782226562 555.5685302734375 2250.889929199219 789.440625 0.8547944568452381 2040.0245727539063 55.30376014709473 2287.3892456054687 217.21518363952637 0.8132672991071429 
59 1990.1161071777344 555.3867126464844 2250.3508117675783 788.7006896972656 0.8565150669642857 2039.9886840820313 52.34659881591797 2286.7630249023437 218.35847930908204 0.8097795758928571 
60 1989.7093811035156 579.7285247802735 2275.294403076172 830.4862579345703 0.716796875 2028.8232421875 79.01679725646973 2300.4775390625 211.36115531921388 0.6477864583333334 
61 1990.877862548828 552.9125732421875 2251.7914489746095 791.3333984375 0.8589797247023809 2036.382177734375 55.48151245117188 2292.797021484375 226.42476806640624 0.80712890625 
62 1987.4903930664063 556.2336456298829 2252.9268432617187 790.1775482177734 0.8557245163690477 2041.477490234375 52.354486083984376 2288.918017578125 214.3156494140625 0.8115234375 
63 1987.9147094726563 551.9411499023438 2253.2940307617187 790.3327758789062 0.85595703125 2041.8900634765625 55.60894508361817 2289.2779052734377 217.53536491394044 0.8079659598214286 
64 1987.3040771484375 555.9458129882812 2252.9058837890625 790.0356323242188 0.8503534226190477 2040.8052124023438 54.69567947387695 2292.902062988281 221.25962753295897 0.8062918526785714 
65 1987.8569763183593 552.1404815673828 2253.676348876953 790.9273284912109 0.8546781994047619 2041.4020141601563 54.465876770019534 2293.7051635742187 221.16608123779298 0.8086867559523809 
66 1991.1124206542968 555.8199279785156 2252.3354553222657 790.0200378417969 0.8519345238095238 2040.6547973632812 54.33375473022461 2292.8703491210936 220.97613601684571 0.8085704985119048 
67 1988.1799560546874 551.2513000488282 2253.6027587890626 789.6818054199218 0.8560267857142857 2041.6451538085937 54.319134902954104 2293.571887207031 220.77064018249513 0.80712890625 
68 1988.022637939453 556.3919616699219 2253.2970642089845 790.1931213378906 0.8520042782738095 2041.97685546875 55.76013450622558 2289.26630859375 222.1186267852783 0.8052920386904762 
69 1996.3540100097657 557.7884490966796 2259.044305419922 797.0242340087891 0.8431919642857143 2037.12880859375 58.20776519775391 2290.437109375 217.69830169677735 0.7903878348214286 
70 1984.8706481933593 550.8738830566406 2259.240313720703 793.2339050292969 0.8559337797619048 2044.3172973632813 60.877558898925784 2291.2503295898437 220.9266098022461 0.7868071056547619 
71 1998.20439453125 549.6994110107422 2260.99482421875 798.4116119384765 0.8453078497023809 2040.0775512695313 66.53350524902343 2284.0970092773437 216.69937438964843 0.7711123511904762 
72 1988.6153869628906 552.0755889892578 2258.616912841797 794.6192962646485 0.8443312872023809 2039.4828491210938 53.61125373840332 2295.7551879882812 222.93424034118652 0.7958519345238095 
73 1992.6596313476562 554.4952880859375 2254.196081542969 793.0900390625 0.8454241071428571 2043.6609741210937 58.775821685791016 2291.4325317382813 219.36845016479492 0.7853422619047619 
74 1992.1142944335938 573.0884552001953 2278.336145019531 824.4052581787109 0.7362816220238095 2038.2964965820313 75.82493934631347 2296.594372558594 215.44537773132325 0.6662481398809523 
75 1995.5508666992187 567.7587982177735 2274.5338500976563 818.8434356689453 0.7187034970238095 2039.276025390625 70.14973106384278 2311.284521484375 216.61577949523925 0.6476934523809523 
76 2006.6104919433594 579.6662017822266 2271.4662902832033 823.6124237060546 0.7307012648809523 2035.8303955078125 66.30677490234375 2279.7765380859373 205.704638671875 0.6318591889880952 
77 1972.6234558105468 581.0223846435547 2289.4303771972654 828.9582672119141 0.7038690476190477 2038.8456176757813 64.75407562255859 2286.7815795898437 195.60914459228516 0.6527157738095238 
78 1972.3626953125 581.0434722900391 2289.12216796875 828.9420623779297 0.6938941592261905 2077.2429931640627 37.57351951599121 2311.3693115234373 175.29495735168456 0.5727074032738095 
79 1995.9110778808595 554.1930450439453 2257.450860595703 792.380990600586 0.8589099702380952 2070.6366333007813 46.202324104309085 2276.1321655273437 172.3018529891968 0.7277948288690477 
80 1991.8658142089844 552.4368957519531 2253.797882080078 790.9822937011719 0.8564685639880952 2073.3596923828127 42.0647912979126 2283.8409912109373 182.38562908172608 0.7119838169642857 
81 1991.0142639160156 554.3850708007812 2253.0329772949217 793.0093383789062 0.8596075148809523 2091.610888671875 47.4436653137207 2292.803662109375 187.81083602905272 0.6895693824404762 
82 1983.8530395507812 550.6634521484375 2257.3649780273436 796.360595703125 0.8505161830357143 2077.99541015625 61.230410766601565 2277.33466796875 191.03268127441407 0.6219540550595238 
83 1991.8404235839844 543.2784484863281 2249.830596923828 792.0546813964844 0.8423549107142857 2079.195666503906 49.09258041381836 2286.509167480469 219.5503791809082 0.7227492559523809 
84 1989.8992980957032 535.6201324462891 2247.4194274902343 793.1401824951172 0.8490280877976191 2087.7075439453124 49.409637451171875 2294.6430419921876 228.75393676757812 0.7256789434523809 
85 1986.2869079589843 522.1946563720703 2253.077471923828 798.1847991943359 0.8514694940476191 2083.5911254882812 65.21873245239257 2304.3832397460938 253.81198348999024 0.7596028645833334 
86 1985.655450439453 525.0352996826172 2255.2780212402345 799.2279449462891 0.8422154017857143 2089.8837646484376 72.09026412963867 2309.2378173828124 250.31545181274413 0.7570219494047619 
87 1989.84423828125 525.4104248046875 2255.068359375 799.7802490234375 0.8284040178571429 2093.0846313476563 75.6901081085205 2317.1534057617187 254.03049583435057 0.7528134300595238 
88 1995.5048828125 532.2042114257813 2255.96826171875 797.2369506835937 0.8167550223214286 2094.10146484375 84.74176216125488 2322.577734375 267.52297019958496 0.7605794270833334 
89 1997.7425354003906 524.9273010253906 2257.1015808105467 793.3866638183594 0.8267066592261905 2092.9457153320313 94.41223831176758 2315.9036499023437 271.8684471130371 0.7412806919642857 
90 1997.5522094726562 518.6636138916016 2261.538854980469 791.7531951904297 0.8573521205357143 2097.3349365234376 102.55211524963379 2315.8066650390624 280.0603649139404 0.7399553571428571 
91 2001.7678466796874 520.7528381347656 2260.3034423828126 783.8243103027344 0.8455868675595238 2096.6690185546877 116.0275047302246 2318.9188720703123 288.3846809387207 0.7156110491071429 
92 2003.2437255859375 529.540493774414 2261.4720947265623 783.2386199951172 0.8554222470238095 2106.569921875 122.33408432006836 2314.96474609375 280.8954231262207 0.7083100818452381 
93 2012.662530517578 530.6446868896485 2261.5536560058595 775.0106475830078 0.8506324404761905 2108.390002441406 129.28577728271483 2312.028210449219 292.1964309692383 0.6957077752976191 
94 2014.7997436523438 538.2410217285156 2262.6487426757812 777.0774597167969 0.8432849702380952 2110.1263061523437 138.04265975952148 2312.9120239257813 300.2711982727051 0.7225399925595238 
95 2014.7166625976563 540.0874481201172 2262.693249511719 770.0293121337891 0.8432152157738095 2108.531640625 146.09970703125 2324.94736328125 303.9029174804688 0.7151460193452381 
96 2018.5317138671876 549.7136871337891 2262.3496337890624 770.9559295654296 0.8365420386904762 2107.966442871094 151.5124382019043 2329.208605957031 332.1183143615723 0.7132161458333334 
97 2014.3878784179688 546.086865234375 2267.0103149414062 776.153857421875 0.8329845610119048 2104.2631225585938 156.22216415405273 2329.8191528320312 336.6668891906738 0.7185872395833334 
98 2016.4014465332032 553.8616973876954 2264.5295837402346 774.9214447021484 0.8338448660714286 2113.223583984375 171.95243148803712 2334.283251953125 334.36362380981444 0.7062174479166666 
99 2010.4292114257812 548.4508911132813 2267.7419311523436 783.1922973632812 0.8397274925595238 2107.8328857421875 180.71251373291017 2333.5460205078125 352.25431365966796 0.7171921502976191 
100 2012.6440124511719 547.5103820800781 2261.5284729003906 778.2941833496094 0.8350771949404762 2109.7610717773437 182.36380844116212 2331.4945434570313 349.7952033996582 0.73095703125 
101 2012.6992614746093 544.522265625 2266.432696533203 780.13203125 0.8390299479166666 2107.50068359375 186.40244064331054 2324.98662109375 354.04783096313474 0.7275855654761905 
102 2005.8081604003905 549.2651428222656 2269.721014404297 781.3264099121094 0.8509579613095238 2113.0884765625 190.1476318359375 2326.9486328125 349.40540771484376 0.7178664434523809 
103 2013.6708374023438 556.7491668701172 2264.4334106445312 775.5965972900391 0.8332868303571429 2113.0991088867186 195.33533096313477 2322.8278930664064 354.9115409851074 0.7269345238095238 
104 2005.6949645996094 540.6008850097656 2262.5273254394533 784.1488708496094 0.8630719866071429 2105.157849121094 191.1181198120117 2326.565051269531 363.8157485961914 0.7390718005952381 
105 2004.4005432128906 544.4818664550781 2266.861053466797 784.3164733886719 0.8594680059523809 2104.128527832031 187.34056091308594 2316.812145996094 354.7722930908203 0.7286086309523809 
106 2007.14345703125 544.9589752197265 2264.65390625 784.7100311279297 0.8525623139880952 2100.55068359375 187.2107162475586 2318.10263671875 360.36426544189453 0.7301664806547619 
107 2011.8780639648437 547.8271545410156 2265.290148925781 783.4558044433594 0.8523297991071429 2097.0326171875 189.59635696411132 2323.76962890625 358.5376609802246 0.7429082961309523 
108 2010.1707153320312 539.0719970703125 2258.5624389648438 783.027978515625 0.8557477678571429 2101.952685546875 189.51540832519532 2323.730908203125 358.0668670654297 0.7426292782738095 
109 2006.7864562988282 548.8895629882812 2265.1660583496096 784.9950805664063 0.8497488839285714 2103.9359497070313 189.93387756347656 2322.2220092773437 359.21706237792966 0.7307942708333334 
110 2006.9912353515624 543.480908203125 2261.1279052734376 784.2421142578125 0.8482142857142857 2103.707409667969 188.16953353881837 2322.175646972656 357.59409255981444 0.7435128348214286 
111 2003.2579528808594 547.6989166259766 2268.3105285644533 785.3323944091796 0.8394252232142857 2108.5408447265627 195.11551666259766 2314.1852294921873 350.4912643432617 0.7078915550595238 
112 2002.2244995117187 547.9292694091797 2267.373400878906 785.6489166259765 0.8358909970238095 2106.49072265625 197.67948532104492 2321.3525390625 362.2546730041504 0.71826171875 
113 2005.831201171875 552.9702423095703 2264.985693359375 780.298617553711 0.8459356398809523 2089.4180297851562 195.54005279541016 2321.2931518554688 368.30964813232424 0.7373744419642857 
114 2004.9982666015626 539.794955444336 2264.0822998046874 785.2431915283203 0.8487955729166666 2090.135876464844 206.58677520751954 2308.312121582031 370.2189193725586 0.7378394717261905 
115 2009.2175415039062 541.0398010253906 2269.6342651367186 783.4969421386719 0.8556547619047619 2086.4099243164064 216.90018310546876 2306.4174682617186 365.0684448242188 0.7460704985119048 
116 2010.5728515625 540.7649230957031 2266.04189453125 778.3061218261719 0.8431687127976191 2075.215966796875 234.4436134338379 2308.275244140625 377.86472091674807 0.7585100446428571 
117 2014.869580078125 551.8040313720703 2266.156787109375 780.6548919677734 0.8427734375 2069.234521484375 254.43603973388673 2298.085302734375 398.0287124633789 0.7743908110119048 
118 2012.3497436523437 551.4497131347656 2277.213000488281 784.8884216308594 0.85498046875 2056.89638671875 274.1548873901367 2294.82431640625 426.7878921508789 0.7981538318452381 
119 2015.7306335449218 546.924429321289 2277.1732971191404 781.3212371826172 0.8614908854166666 2042.6030395507812 309.58031768798827 2281.5075561523436 467.3473861694336 0.8083612351190477 
120 2014.8905151367187 555.4632904052735 2274.821643066406 784.5552032470703 0.8635835193452381 2018.7877685546875 325.35467834472655 2274.3133056640627 492.76800231933595 0.8395414806547619 
121 2013.3914794921875 556.5910705566406 2274.5753173828125 782.3602233886719 0.8613048735119048 2009.9862060546875 346.31591033935547 2271.1700439453125 505.6823501586914 0.8266369047619048 
122 2011.2428344726563 556.2849090576171 2273.5118041992187 782.9920074462891 0.8460984002976191 2000.9846740722655 364.11389007568357 2263.253485107422 537.4781814575196 0.8267996651785714 
123 2004.6068725585938 545.7845733642578 2278.5574340820312 788.298129272461 0.8313569568452381 1988.3701965332032 369.94498443603516 2253.3386657714846 549.5846481323242 0.8173595610119048 
124 2006.2149536132813 545.4998443603515 2276.300427246094 788.5767547607422 0.8365187872023809 1983.0152221679687 368.7323593139648 2244.0978149414063 553.2907424926758 0.8115466889880952 
125 2004.11552734375 546.3214874267578 2274.62470703125 789.3212738037109 0.8389369419642857 1978.0169006347655 369.2737518310547 2230.186590576172 557.254751586914 0.8002464657738095 
126 2002.3099365234375 552.8171875 2277.8140869140625 787.6731689453125 0.8345656622023809 1984.0703857421875 371.98500671386716 2236.9921142578123 548.1269927978516 0.8033621651785714 
127 2001.1129760742188 543.6515045166016 2272.4863891601562 787.8874969482422 0.8411458333333334 1982.3255920410156 373.52130432128905 2235.607391357422 554.4368865966796 0.7963402157738095 
128 2002.6209411621094 560.6003875732422 2287.531524658203 796.8676910400391 0.7804129464285714 1974.5574890136718 369.2345489501953 2224.7229064941407 549.909555053711 0.7565104166666666 
129 2006.2895629882812 567.1289489746093 2290.9543334960936 796.2493469238282 0.7842494419642857 1972.9096801757812 371.3886245727539 2222.8591186523436 538.0216232299805 0.7712751116071429 
130 2012.2201416015625 558.5196105957032 2297.2432373046877 808.7837341308593 0.7823893229166666 1984.1455688476562 370.28681640625 2234.4098510742188 537.1295654296875 0.7762974330357143 
131 1997.2120544433594 551.7612030029297 2277.3212707519533 791.2093170166015 0.8421921502976191 1976.0128173828125 378.3437530517578 2229.0145263671875 554.5414398193359 0.8262648809523809 
132 1999.0979309082031 552.2760467529297 2276.2183532714844 792.4471588134766 0.8292410714285714 1981.511376953125 386.7143020629883 2226.301123046875 552.9865951538086 0.8154994419642857 
133 1999.8695190429687 547.3371490478515 2277.618518066406 792.6820770263672 0.8407970610119048 1978.6821533203124 381.39990386962893 2224.0273193359376 552.678434753418 0.8208472842261905 
134 2001.7553588867188 552.272412109375 2274.7829711914064 788.2792236328125 0.8307291666666666 1979.507421875 381.22975006103513 2229.396875 557.0779586791992 0.8247767857142857 
135 1999.1345581054688 551.2670684814453 2278.145471191406 793.6863616943359 0.8248232886904762 1978.1999877929688 390.8269760131836 2225.193322753906 560.063069152832 0.8154761904761905 
136 1995.2716918945312 550.2395690917969 2275.514685058594 789.8021789550781 0.8454008556547619 1974.0622009277345 383.69317016601565 2227.184991455078 559.9750427246094 0.8242652529761905 
137 1996.8369567871093 550.9353179931641 2274.704180908203 792.3608856201172 0.83056640625 1980.017724609375 386.5977035522461 2221.443212890625 564.250471496582 0.8117559523809523 
138 1996.5417846679688 549.4835754394531 2277.539514160156 789.6911071777344 0.8390066964285714 1980.330499267578 386.4979873657227 2220.5380310058595 558.7223190307617 0.8166387648809523 
139 1997.4158508300782 545.912451171875 2274.2417419433596 790.971337890625 0.8395879836309523 1976.1214721679687 386.2052261352539 2225.718615722656 563.1922042846679 0.8078497023809523 
140 1998.1400512695313 552.0141815185547 2274.2532592773437 795.9142242431641 0.8504231770833334 1977.0775451660156 387.05418853759767 2220.977508544922 557.3240768432618 0.8212890625 
141 1997.9146240234375 552.7272521972657 2274.3671142578123 792.3193786621093 0.8454938616071429 1980.9022399902344 382.95713195800784 2220.4943664550783 558.0436614990234 0.8189639136904762 
142 1998.7385803222655 548.9759490966796 2273.023504638672 791.7854644775391 0.8353329613095238 1977.63974609375 384.3359039306641 2224.945703125 555.2018768310547 0.8116164434523809 
143 1999.9476989746095 549.2795379638671 2273.452813720703 791.3987457275391 0.8374953497023809 1978.9088500976563 381.1412078857422 2225.5118041992187 556.005093383789 0.8133603050595238 
144 1996.4780822753905 557.8951934814453 2276.812322998047 792.2729583740235 0.8397042410714286 1980.039776611328 380.9629470825195 2219.013323974609 555.5973251342773 0.8212890625 
145 1995.9557983398438 554.2209838867187 2275.9340942382814 792.8909545898438 0.8337286086309523 1975.478173828125 381.57360992431643 2218.738134765625 555.986296081543 0.8184058779761905 
146 1999.5471923828125 559.0173431396485 2278.0626708984373 792.6110137939453 0.8406343005952381 1982.9606811523438 379.67540435791017 2225.5385864257814 550.3785202026368 0.8264741443452381 
147 1995.7298645019532 557.5425903320313 2275.8730407714843 791.7606323242187 0.8355422247023809 1978.7728332519532 380.73097839355466 2222.1757751464843 555.2463775634766 0.8159877232142857 
148 1998.35546875 550.7669738769531 2276.078125 792.6544128417969 0.8443312872023809 1977.3367065429688 375.89816131591795 2228.183068847656 550.5946670532227 0.8042922247023809 
149 1998.9529968261718 554.4870208740234 2277.0227111816407 792.1917510986328 0.8439360119047619 1982.3930603027343 375.432275390625 2224.582647705078 550.347021484375 0.8070126488095238 
150 1995.8091613769532 550.8983276367187 2274.7107360839846 789.3140747070313 0.8514927455357143 1978.6806640625 375.28727264404296 2226.09326171875 546.2269180297851 0.8135230654761905 
151 1996.5649169921876 547.0583251953125 2275.0410400390624 789.601953125 0.8495396205357143 1983.4358276367188 371.7151809692383 2225.979455566406 546.8856185913086 0.7975260416666666 
152 1998.0786682128905 547.4401214599609 2271.976385498047 789.9068634033204 0.8476097470238095 1984.4355163574219 376.1246002197266 2226.9024963378906 546.7493621826172 0.8010137648809523 
153 1996.952899169922 549.865365600586 2271.682476806641 787.9642852783203 0.8455403645833334 1983.5686828613282 370.0584350585938 2221.6675231933596 548.6326049804687 0.80810546875 
154 2000.7750549316406 545.5316558837891 2273.709197998047 791.6198944091797 0.8474702380952381 1983.7381591796875 378.2604614257813 2225.3521728515625 552.7594360351562 0.8080357142857143 
155 1998.7581176757812 548.1391540527344 2279.1356811523438 791.7458557128906 0.8514694940476191 1981.7869201660155 383.37756195068357 2225.393621826172 553.442658996582 0.8239397321428571 
156 1999.6288452148438 546.6385711669922 2271.6179809570312 791.4288726806641 0.8457496279761905 1982.3679992675782 384.14245452880857 2222.6250427246096 556.4022537231446 0.8056640625 
157 2000.8674621582031 550.7594329833985 2269.8819274902344 788.3889434814453 0.8477260044642857 1987.244287109375 386.5915466308594 2224.873876953125 552.4838928222656 0.8046177455357143 
158 1994.7022399902344 543.6169464111329 2276.807159423828 789.8991058349609 0.8485630580357143 1982.1297973632813 387.064225769043 2223.9339233398437 557.2227920532226 0.8108491443452381 
159 2000.7377075195313 547.9867584228516 2273.4295288085937 789.3859832763671 0.8459356398809523 1984.2317443847655 391.18039855957034 2221.160711669922 561.0539154052734 0.8068731398809523 
160 1999.1932861328125 550.9628631591797 2276.8594482421877 788.3225982666015 0.8468889508928571 1982.6573364257813 393.3545867919922 2224.495739746094 563.537075805664 0.8198009672619048 
161 1995.5555725097656 546.4878753662109 2276.652801513672 787.4283233642578 0.8498651413690477 1979.0810791015624 392.89694061279295 2224.4833740234376 566.9094863891602 0.8221028645833334 
162 1994.8349243164062 545.748974609375 2276.639440917969 787.295703125 0.8489118303571429 1978.318896484375 391.7715576171875 2224.338818359375 566.22197265625 0.8280319940476191 
163 1993.4919677734374 550.0836242675781 2275.2917236328126 787.1531921386719 0.8483305431547619 1976.976251220703 392.1520065307617 2222.9918884277345 566.5993667602539 0.8270089285714286 
164 1996.8267333984375 550.0007751464843 2273.9393798828123 786.8875305175782 0.8445870535714286 1980.3238037109375 392.19096221923826 2221.6801025390623 566.5038314819336 0.8236142113095238 
165 1997.1669616699219 554.4474365234375 2274.6412658691406 782.692333984375 0.8455403645833334 1976.683575439453 387.99739837646484 2222.829974365234 567.0130081176758 0.8287760416666666 
166 1996.1009887695313 553.8447540283203 2273.4583374023437 781.9935638427735 0.8446335565476191 1979.5834106445313 388.49706268310547 2221.1526733398437 558.4902725219727 0.8275669642857143 
167 1996.2743408203125 553.914437866211 2273.5913818359377 782.0300811767578 0.84619140625 1975.8024353027345 388.0746551513672 2221.809503173828 562.5161041259765 0.8286830357142857 
168 1995.3557373046874 551.2334930419922 2272.5788330078126 779.271694946289 0.8489118303571429 1974.8908203125 385.45005950927737 2220.8142578125 559.8321975708008 0.8327752976190477 
169 1995.0955688476563 553.5442352294922 2276.473522949219 781.3263092041016 0.8504464285714286 1975.1690185546875 387.9469589233398 2220.8163330078123 562.1332717895508 0.8320777529761905 
170 1996.1932189941406 549.6342651367188 2277.7309753417967 782.0146606445312 0.8509812127976191 1972.3020751953125 386.86480102539065 2222.5577880859373 570.0878356933594 0.8291248139880952 
171 1995.8752136230469 551.5164733886719 2273.8573303222656 780.1792053222656 0.8451683407738095 1975.354229736328 389.245263671875 2221.951312255859 559.621435546875 0.8312872023809523 
172 1994.8185546875 554.0653991699219 2278.22490234375 783.4895324707031 0.8415643601190477 1974.7482604980469 391.25387420654295 2222.1664123535156 562.1973281860352 0.8264508928571429 
173 1998.0466430664062 555.7374542236328 2281.3085815429686 785.044711303711 0.8401227678571429 1974.5279357910156 385.0539947509766 2221.8200866699217 564.9028533935547 0.8285202752976191 
174 1997.9913208007813 553.2853698730469 2276.671520996094 782.5222473144531 0.8431919642857143 1973.961248779297 390.0880981445313 2221.1775451660155 565.3868774414062 0.8212890625 
175 1998.7655151367187 552.7106353759766 2277.536486816406 782.0223358154296 0.8329613095238095 1975.2462524414063 389.9788391113281 2218.0469604492187 560.8385437011718 0.8200799851190477 
176 1998.7312072753907 552.2031616210937 2277.220819091797 781.2834106445313 0.8281947544642857 1975.2357055664063 389.6357055664063 2217.791394042969 560.3229125976562 0.8193824404761905 
177 1998.9248291015624 556.3821502685547 2282.5654052734376 781.493765258789 0.8353794642857143 1975.3746826171875 385.4704864501953 2222.9973876953127 561.0575286865235 0.8221493675595238 
178 1999.5958129882813 550.123095703125 2283.144665527344 784.1634033203125 0.8419131324404762 1972.5911865234375 390.6918243408203 2220.1339111328125 566.222055053711 0.8172433035714286 
179 1997.2934631347657 559.431689453125 2281.216668701172 780.2609375 0.8402622767857143 1974.2398498535156 391.8164306640625 2217.6028015136717 563.0717529296875 0.8185221354166666 
180 2000.5156494140624 554.8740203857421 2283.2612060546876 783.7631256103516 0.8425641741071429 1973.5875427246094 387.9540771484375 2220.4286926269533 567.475 0.8248930431547619 
181 2000.1665954589844 553.3582244873047 2278.647003173828 782.430776977539 0.8457728794642857 1976.6719604492187 387.34110260009766 2219.2193969726563 558.0226364135742 0.8102911086309523 
182 2001.0856567382812 555.8811767578125 2279.570349121094 789.4489013671875 0.8375651041666666 1977.0724487304688 383.4694366455078 2224.1152954101562 554.1535491943359 0.8151041666666666 
183 2001.806201171875 556.6248779296875 2280.034130859375 785.4896240234375 0.8373093377976191 1977.8151916503907 383.8544219970703 2224.629998779297 554.3811126708985 0.8079659598214286 
184 2000.8009399414063 550.8980651855469 2279.1104370117187 788.8077453613281 0.8387276785714286 1980.7737121582031 382.04777069091796 2223.1724548339844 557.1133926391601 0.8174990699404762 
185 2001.04580078125 551.148568725586 2279.554296875 789.2284454345703 0.8387741815476191 1981.0042053222655 386.1512756347656 2223.576239013672 556.8500671386719 0.8192894345238095 
186 2001.9378723144532 550.816943359375 2280.5956970214843 789.0244873046875 0.8423549107142857 1978.428155517578 388.66981353759763 2221.1303161621095 563.9546676635742 0.8167085193452381 
187 2001.4581604003906 551.4724243164062 2280.136932373047 789.6977416992188 0.8341471354166666 1981.4044799804688 385.3370880126953 2224.1245727539062 565.129769897461 0.8203357514880952 
188 1998.4883117675781 552.3019439697266 2280.6487731933594 789.6751678466796 0.8382859002976191 1982.4681579589844 390.2059692382812 2224.3200500488283 569.3555541992188 0.8249395461309523 
189 1999.4695190429688 555.3562225341797 2277.268029785156 792.8292633056641 0.8422154017857143 1982.4086608886719 389.7454635620117 2228.8429260253906 568.9703872680664 0.8295433407738095 
190 2000.7463500976562 551.6367614746093 2278.5683471679686 789.1297180175782 0.8431919642857143 1980.7541076660157 389.4590301513672 2222.728192138672 568.6989898681641 0.8304734002976191 
191 2001.0920471191407 548.1337585449219 2278.692987060547 789.9151916503906 0.83447265625 1977.1549499511718 390.0458557128906 2223.4140197753904 569.1432312011718 0.8259858630952381 
192 1996.6842529296875 553.71328125 2280.0569580078127 792.1061767578125 0.8338216145833334 1976.0972778320313 387.4610794067383 2227.984020996094 567.3801986694336 0.8314034598214286 
193 1998.7355224609375 551.206787109375 2278.0330322265627 789.961181640625 0.8377976190476191 1974.1324279785156 388.16769256591795 2226.4011413574217 568.3596817016602 0.8317987351190477 
194 1999.0069152832032 553.7436828613281 2277.1467712402346 787.0224304199219 0.8323102678571429 1974.5057434082032 387.41182098388674 2225.7289978027343 566.8570083618164 0.8255673363095238 
195 1999.4136596679687 549.4112548828125 2277.7364868164063 787.33251953125 0.8354027157738095 1979.3853942871094 387.45904846191405 2221.7958801269533 562.5332000732421 0.8211960565476191 
196 1998.9334777832032 550.2415008544922 2277.9150329589843 788.7257232666016 0.8412620907738095 1978.8579345703124 384.4448181152344 2221.8417724609376 559.9332336425781 0.8147553943452381 
197 1998.7513488769532 549.8137115478515 2277.9487243652343 788.4824920654297 0.8409365699404762 1978.1406127929688 380.9442962646484 2225.8156860351564 552.0652862548828 0.8163132440476191 
198 1999.89140625 548.828500366211 2278.3986328125 791.3993438720703 0.8419828869047619 1979.3316162109375 377.43948822021486 2226.3944580078123 548.1374465942383 0.8071056547619048 
199 1998.9702270507812 550.5334228515625 2278.1950561523436 789.2256103515625 0.8477027529761905 1982.3415283203126 374.7187225341797 2225.5373779296874 545.8565338134765 0.8195219494047619 
200 1998.1742370605468 549.9776733398437 2278.4123107910154 789.5359985351563 0.8514694940476191 1980.963525390625 370.5697265625 2229.561865234375 537.8085693359375 0.8314964657738095 
201 1999.7766723632812 552.7134490966797 2278.0277709960938 789.2270416259765 0.8565615699404762 1981.5831909179688 368.6395233154297 2232.0093383789062 530.9528228759766 0.8280319940476191 
202 1997.9373413085937 550.4388031005859 2277.0472778320313 783.0304962158203 0.8496558779761905 1983.2662353515625 361.14495544433595 2234.4652099609375 528.6109649658204 0.8128487723214286 
203 2002.4360900878905 553.8031433105468 2281.811834716797 783.6122619628907 0.8439360119047619 1985.7983947753905 349.1239715576172 2229.125799560547 520.3542999267578 0.8105236235119048 
204 2003.6714111328124 547.3519165039063 2280.8310302734376 779.8084838867187 0.8466796875 1990.088427734375 337.9347091674805 2235.956005859375 507.8068374633789 0.8160342261904762 
205 2002.582342529297 541.6724456787109 2280.7244201660155 770.4666534423828 0.8484468005952381 1988.433642578125 334.44626770019534 2239.658642578125 504.92043151855466 0.8226609002976191 
206 2007.680712890625 537.5044769287109 2277.536083984375 766.1955352783203 0.8512602306547619 1992.7278930664063 329.2197265625 2239.714245605469 503.02490234375 0.8173828125 
207 2004.1318481445312 531.136117553711 2277.5739624023436 759.7516387939453 0.8479120163690477 1989.9942626953125 334.416438293457 2236.5404052734375 504.7574203491211 0.8053152901785714 
208 2004.3949157714844 516.2032745361328 2267.9177062988283 751.9867279052735 0.8577938988095238 1988.7472229003906 327.5409408569336 2233.777069091797 503.2227615356445 0.8022925967261905 
209 2006.9677734375 523.3857055664063 2273.30908203125 752.9902709960937 0.8489583333333334 1987.8929870605468 335.4632263183594 2235.8659240722654 509.9626770019531 0.8097330729166666 
210 2001.6103759765624 519.1138061523437 2272.6635498046876 752.7802368164063 0.8488653273809523 1986.3321655273437 343.324772644043 2234.018664550781 511.5646011352539 0.7956891741071429 
211 2001.5104675292969 521.7382080078125 2271.2914123535156 755.5484130859375 0.8368908110119048 1986.8108215332031 341.7113800048828 2234.1099548339844 517.0689544677734 0.8004324776785714 
212 2003.2708129882812 529.1684875488281 2273.6952514648438 754.5221862792969 0.8400530133928571 1984.0289428710937 344.2051055908203 2240.932238769531 519.980990600586 0.8141276041666666 
213 2003.5093627929687 526.0781616210937 2268.2355102539063 754.9092651367188 0.8322637648809523 1984.353759765625 341.4255889892578 2235.619384765625 525.3878875732422 0.8007114955357143 
214 1999.3591796875 517.3284393310547 2268.60517578125 755.1623443603515 0.8341238839285714 1984.1709045410157 348.014143371582 2235.467156982422 527.5114608764649 0.7945033482142857 
215 2000.5492004394532 524.6250701904297 2265.1342712402343 753.3342193603515 0.8334728422619048 1980.8863220214844 343.52052307128906 2236.502471923828 527.3847503662109 0.8070824032738095 
216 2000.624774169922 530.9416107177734 2268.886090087891 754.4926544189453 0.833984375 1981.537060546875 350.38108825683594 2236.385302734375 529.2219390869141 0.8104073660714286 
217 2000.8580139160156 530.1450775146484 2268.7990905761717 753.4292022705079 0.8418666294642857 1981.792987060547 350.3155029296875 2236.337017822266 524.477099609375 0.8091052827380952 
218 2000.107861328125 530.3904968261719 2267.956103515625 753.5974182128906 0.8344029017857143 1981.049365234375 353.54191131591796 2235.505322265625 532.1074722290039 0.8116396949404762 
219 1999.0206787109375 530.6239837646484 2271.7801025390627 754.1972442626953 0.8322637648809523 1980.4468688964844 353.48511199951173 2235.320343017578 532.3437759399415 0.8171502976190477 
220 2001.5281555175782 533.7971496582031 2268.8960388183596 756.6038513183594 0.8404250372023809 1982.5038818359376 353.83785552978514 2236.5034423828124 532.0832565307617 0.8144763764880952 
221 2001.8168090820313 528.8151824951171 2265.2283569335937 752.0453521728516 0.8343563988095238 1978.2917785644531 347.9988418579102 2237.2388610839844 531.0475143432617 0.8164295014880952 
222 2000.3039916992188 534.8808807373047 2272.859338378906 753.8187652587891 0.8251953125 1981.7441284179688 346.53242950439454 2236.4270141601564 529.7253524780274 0.8176385788690477 
223 1999.3742248535157 528.6615783691407 2271.709149169922 760.8158386230468 0.8431454613095238 1980.314306640625 344.9299606323242 2239.255517578125 532.4392105102539 0.8127557663690477 
224 2000.6708923339843 527.57744140625 2267.489385986328 757.5933349609375 0.8481212797619048 1984.56982421875 342.32615966796874 2237.58740234375 521.7385375976562 0.8248465401785714 
225 2000.4274536132812 535.1284149169921 2268.698767089844 754.2167388916016 0.8418433779761905 1984.7783935546875 340.8036590576172 2239.6361572265623 515.180044555664 0.8012927827380952 
226 2000.0815307617188 531.6249114990235 2268.7229125976564 755.4927032470703 0.8431222098214286 1984.4108093261718 337.0320526123047 2239.6200744628904 516.126333618164 0.8054082961309523 
227 1998.0187072753906 530.6211944580078 2272.222381591797 755.3781341552734 0.8445405505952381 1982.8044799804688 335.77425689697264 2239.027307128906 511.0846603393555 0.8095935639880952 
228 2004.9074829101562 533.1971984863281 2272.6747924804686 759.4144958496094 0.8480747767857143 1986.2632141113281 340.7171798706055 2230.9471130371094 511.53431549072263 0.8180106026785714 
229 2002.8745056152343 525.5690124511718 2270.594366455078 756.3620178222657 0.8488420758928571 1987.2515869140625 337.20642547607423 2236.5081787109375 507.99325103759764 0.8026181175595238 
230 1997.9546691894532 529.0952789306641 2271.0608337402346 751.2833221435546 0.8557477678571429 1987.4504699707031 329.51765594482424 2228.1543884277344 491.52979888916013 0.8051525297619048 
231 2003.5612915039062 527.7246032714844 2272.4584838867186 750.2602600097656 0.8424479166666666 1988.4045837402343 327.8347534179687 2234.120928955078 490.1003662109375 0.8077101934523809 
232 2002.3306762695313 523.3747283935547 2275.894665527344 752.0921295166015 0.8436569940476191 1988.1867736816407 319.6678695678711 2234.842889404297 490.0847854614258 0.8133603050595238 
233 2013.8127075195312 532.7951477050781 2285.994177246094 763.1025573730469 0.7677408854166666 1986.4335144042968 331.47749481201174 2216.7409240722654 491.99476470947263 0.73828125 
234 2016.6457092285157 539.7627685546875 2281.928387451172 756.1775390625 0.7661830357142857 1983.0825805664062 341.3377960205078 2213.4596557617188 508.8847381591797 0.7447684151785714 
235 2018.206640625 532.9431732177734 2283.79384765625 756.5954620361329 0.7659737723214286 1972.23974609375 328.91426544189454 2216.859375 503.64258880615233 0.7577659970238095 
236 2004.2591491699218 494.8096160888672 2268.7194885253907 736.8580474853516 0.8579799107142857 1985.1227600097657 304.99815063476564 2236.135906982422 488.77565307617186 0.8053617931547619 
237 1998.7288208007812 491.8478973388672 2265.9984741210938 735.6730377197266 0.8474004836309523 1987.5474975585937 316.5535827636719 2226.683703613281 485.35553588867185 0.8030831473214286 
238 1999.5500915527343 500.8535430908203 2263.623858642578 733.596469116211 0.8503766741071429 1987.8440185546874 314.24602966308595 2234.0143798828126 493.2790557861328 0.8092447916666666 
239 2002.488671875 497.1791534423828 2262.41123046875 734.6945648193359 0.8509579613095238 1986.8037170410157 314.30259094238284 2233.282098388672 493.5595306396484 0.8115699404761905 
240 1999.0283447265624 498.4000213623047 2262.8324951171876 739.8479644775391 0.8474469866071429 1987.3343078613282 316.9701263427734 2233.2534606933596 491.3492095947266 0.8101283482142857 
241 2001.6054626464843 500.7165283203125 2261.289190673828 738.013818359375 0.8468889508928571 1981.4575256347657 318.0079635620117 2236.663934326172 497.10022125244143 0.8176618303571429 
242 1998.2723815917968 501.516015625 2262.6920959472654 739.0456298828125 0.8494931175595238 1982.5864196777343 322.07604827880857 2233.561163330078 501.34365997314455 0.8216843377976191 
243 2001.8814392089844 504.2059295654297 2261.299835205078 745.7332183837891 0.8439127604166666 1985.7108642578125 322.71634979248046 2236.1836669921877 497.1527603149414 0.8194986979166666 
244 2001.9094177246093 504.5298095703125 2266.080938720703 746.3139404296875 0.8412155877976191 1982.7940490722656 322.84732818603516 2233.5329772949217 497.4691696166992 0.822265625 
245 2000.1710876464845 507.6977203369141 2262.434503173828 742.3544647216797 0.8415411086309523 1987.6064453125 319.40611572265624 2236.06640625 498.8494384765625 0.8262648809523809 
246 1998.3545166015624 508.7146697998047 2266.6464599609376 745.705923461914 0.8429594494047619 1983.220196533203 322.80206604003905 2233.625872802734 501.66338806152345 0.8277762276785714 
247 1999.9111206054688 516.6065612792969 2267.0417602539064 742.2858947753906 0.8473772321428571 1988.3968505859375 321.04132385253905 2232.4991455078125 491.45232849121095 0.8352167038690477 
248 2001.3259399414062 509.98108825683596 2265.3989135742186 747.1992706298828 0.8486095610119048 1986.177099609375 321.48043670654295 2232.346826171875 491.56140289306643 0.8224981398809523 
249 2000.8627685546876 510.4586547851562 2264.7202392578124 743.0110717773438 0.8510509672619048 1985.2101318359375 318.1556594848633 2235.6511962890627 488.0978500366211 0.8220098586309523 
250 2000.151953125 515.1412353515625 2269.85244140625 747.6416015625 0.8485630580357143 1985.4865417480469 318.23126525878905 2227.2870178222656 490.28155212402345 0.8375651041666666 
251 1996.4628112792968 515.1695129394532 2260.6159240722654 747.9823425292968 0.8470052083333334 1984.2367370605468 315.2466873168945 2234.9582092285154 489.85630950927737 0.8112676711309523 
252 2002.0384094238282 526.9426879882812 2261.5098083496096 744.7133178710938 0.8419596354166666 1989.9203063964844 318.97339630126953 2230.8581359863283 485.7765121459961 0.8354027157738095 
253 1997.0240844726563 518.5449096679688 2270.5791870117187 751.7393920898437 0.8471912202380952 1986.330303955078 315.3622451782227 2232.978167724609 485.77352752685545 0.8217540922619048 
254 1997.7715393066405 513.9709411621094 2271.332830810547 751.6552795410156 0.8412620907738095 1986.559991455078 314.7506729125977 2237.6981872558595 485.1659225463867 0.8153134300595238 
255 1992.4316345214843 514.3212768554688 2270.371221923828 751.9146850585937 0.8519810267857143 1985.190087890625 311.2116470336914 2236.232275390625 486.04454803466797 0.8233351934523809 
256 1997.6929931640625 514.0494781494141 2261.2952880859375 750.8447479248047 0.8539341517857143 1989.4447875976562 312.13770751953126 2235.175573730469 481.9154541015625 0.8259858630952381 
257 1999.7722290039062 518.9333801269531 2264.6830932617186 742.0162048339844 0.8424014136904762 1991.72841796875 310.3293884277344 2233.40146484375 482.2891418457031 0.8214750744047619 
258 1994.0183471679688 499.5575836181641 2271.543908691406 745.7496063232422 0.8551664806547619 1987.8203979492187 293.3071990966797 2229.5362915039063 476.83214416503904 0.7985258556547619 
259 1997.323193359375 497.7419097900391 2265.158740234375 734.3299285888672 0.8558872767857143 1991.142352294922 287.5941528320312 2223.266461181641 470.6150146484375 0.7932710193452381 
260 2001.2738708496095 501.3840667724609 2263.492852783203 728.0480010986328 0.8604213169642857 1986.7440795898438 280.3611862182617 2226.7410278320312 467.0255630493164 0.8076869419642857 
261 2001.3869079589845 493.9393646240234 2264.500909423828 730.2961700439453 0.8509347098214286 1995.21201171875 277.1359893798828 2222.6498046875 459.97808532714845 0.8015252976190477 
262 2004.0818115234374 490.4621643066406 2262.7697509765626 726.8493591308594 0.8573521205357143 1992.931463623047 277.57640380859374 2229.3186584472655 455.981884765625 0.8140345982142857 
263 2009.70732421875 490.3523315429687 2264.87421875 722.3223510742188 0.8447265625 1986.8671142578125 278.54591674804686 2223.4766357421877 459.48252563476564 0.8129650297619048 
264 2003.941473388672 485.7939086914063 2265.8081604003905 724.6898559570312 0.84130859375 1985.3880676269532 276.0531402587891 2224.2841735839843 464.4134124755859 0.7830868675595238 
265 2003.268212890625 480.21875762939453 2260.226416015625 718.8225936889648 0.8554920014880952 1991.2674987792968 278.3231826782227 2229.8712951660154 461.86459197998045 0.8178478422619048 
266 2003.8330871582032 485.60828857421876 2264.8279235839846 724.1033813476563 0.8510277157738095 1992.5833862304687 280.6893569946289 2231.078479003906 465.185612487793 0.8077799479166666 
267 2003.7336059570312 489.8683288574219 2259.918981933594 723.5812561035157 0.8488653273809523 1988.0028991699219 284.67815551757815 2230.7047424316406 468.95172729492185 0.8083612351190477 
268 2009.3316345214844 512.7336883544922 2267.232940673828 735.7835845947266 0.7571149553571429 1972.6033996582032 309.2543670654297 2223.5346618652343 483.5120513916016 0.7308872767857143 
269 2013.0929077148437 519.2814270019531 2270.922961425781 735.3012145996094 0.7510230654761905 1984.1473205566406 320.4145217895508 2214.1040222167967 494.6240829467773 0.7140299479166666 
270 2009.8805236816406 512.5347564697265 2260.985076904297 735.7387420654297 0.7491396949404762 1977.6876525878906 308.91479034423827 2228.792205810547 483.29288177490236 0.7474888392857143 
271 2004.5675048828125 513.0086029052734 2262.7869873046875 729.3547393798829 0.7549293154761905 1979.3360900878906 309.2782257080078 2223.597869873047 476.7720062255859 0.7540690104166666 
272 2003.850341796875 513.7532135009766 2261.812744140625 729.8836883544922 0.7494652157738095 1977.8396118164062 309.42134246826174 2228.8300659179686 483.7201675415039 0.7450009300595238 
273 2008.0078735351562 520.2712341308594 2265.7306518554688 729.2356018066406 0.7595331101190477 1982.825 320.6834884643555 2226.61689453125 494.82044830322263 0.7378394717261905 
274 2007.9731994628905 519.8391082763671 2265.881170654297 728.9536773681641 0.7601376488095238 1982.7722106933593 313.94165954589846 2226.739141845703 495.17430725097654 0.7423967633928571 
275 2004.9437255859375 513.4535278320312 2255.9713134765625 729.6162963867188 0.75634765625 1977.3199279785156 303.7273651123047 2235.3205749511717 478.0521759033203 0.7563244047619048 
276 2000.0139465332031 492.0824798583984 2261.9825134277344 726.4753204345703 0.8432849702380952 1992.0593627929688 300.9974700927734 2231.048303222656 475.6431549072266 0.8239397321428571 
277 2003.449853515625 513.7923522949219 2261.334814453125 729.8581604003906 0.7500930059523809 1978.2511596679688 315.68735961914064 2222.1963500976562 482.96412963867186 0.7291899181547619 
278 2001.346856689453 493.0726013183594 2262.1652282714845 726.9099426269531 0.8401227678571429 1993.5637634277343 292.27002716064453 2231.897784423828 467.64803314208984 0.8007579985119048 
279 2001.5855102539062 493.5810089111328 2262.4249877929688 727.4369964599609 0.8423549107142857 1989.8235107421874 288.783984375 2232.6740478515626 468.67322998046876 0.7958054315476191 
280 2002.669451904297 493.6199432373047 2259.251080322266 727.694448852539 0.8477957589285714 1990.3770568847656 281.1869689941406 2233.4543640136717 465.74570922851564 0.8080124627976191 
281 2003.3828857421875 493.6959930419922 2259.5609619140623 727.4023345947265 0.8484468005952381 1991.6284606933593 278.13992767333986 2229.829180908203 462.408381652832 0.8101050967261905 
282 2000.551495361328 493.2296630859375 2261.278460693359 731.4800537109375 0.8568638392857143 1992.7711486816406 271.23150024414065 2231.021697998047 455.53839721679685 0.8206380208333334 
283 2003.1067138671874 491.53168029785155 2264.1623291015626 730.0823944091796 0.8493303571428571 1995.316583251953 266.3106399536133 2233.8673767089845 446.3489364624023 0.8081752232142857 
284 2000.7041259765624 492.01771850585936 2261.7597412109376 734.7535217285156 0.8503999255952381 1996.3003723144532 263.3739044189453 2234.4563415527346 441.9908416748047 0.8156854538690477 
285 2000.3194458007813 487.60804443359376 2261.334118652344 734.8851196289063 0.8540969122023809 1995.9163696289063 259.5283721923828 2234.035046386719 438.1173797607422 0.8179640997023809 
286 1999.30078125 488.66783447265624 2264.70263671875 736.0763061523437 0.8579334077380952 1998.4357666015626 254.75434112548828 2241.3459716796874 430.1894760131836 0.8093145461309523 
287 1997.898663330078 487.36011657714846 2258.219378662109 729.7278350830078 0.8630952380952381 2000.4880676269531 256.3857940673828 2238.3672790527344 435.9174285888672 0.8119187127976191 
288 1996.7108764648438 488.912841796875 2257.0012817382812 731.2520751953125 0.8563988095238095 1998.7821655273438 257.96558685302733 2241.1213989257812 437.47615509033204 0.8224981398809523 
289 2000.5187683105469 489.7532073974609 2262.4857482910156 737.9325225830078 0.8554222470238095 1996.0995483398438 263.8464111328125 2235.0872192382812 447.6829467773438 0.8216843377976191 
290 1996.9431091308593 492.11858520507815 2261.755743408203 730.0012878417969 0.85205078125 2000.5683044433595 264.59370880126954 2233.962579345703 439.63941497802733 0.8035016741071429 
291 2001.044140625 488.5409210205078 2260.68486328125 730.2753021240235 0.8500511532738095 1996.2233032226563 265.05714263916013 2237.9576049804687 444.119645690918 0.8091982886904762 
292 2001.935040283203 484.103076171875 2257.818743896484 731.00849609375 0.8575381324404762 1996.5824890136719 267.41342010498045 2238.9986877441406 446.98095855712893 0.8298456101190477 
293 2002.39462890625 491.4669891357422 2254.42958984375 729.754751586914 0.8451683407738095 1992.3484130859374 265.1641357421875 2239.8010009765626 448.46239013671874 0.8328218005952381 
294 2007.5436889648438 489.36574401855466 2255.9804809570314 728.7684722900391 0.8464704241071429 1998.1621398925781 266.8150329589844 2237.5647888183594 447.4963073730469 0.8244047619047619 
295 2002.0573425292969 507.3774383544922 2259.9745178222656 730.4409820556641 0.7528599330357143 1992.94169921875 289.40787506103516 2236.91767578125 449.7347946166992 0.7553245907738095 
296 1996.7931274414063 490.23955078125 2257.7354370117187 724.1878173828125 0.8435872395833334 1999.3886840820312 261.6554122924805 2237.8361694335936 437.1166519165039 0.8153366815476191 
297 2003.2698486328125 519.4027038574219 2254.3126708984373 728.6051086425781 0.7331194196428571 1994.1507141113282 289.81654052734376 2231.2466247558596 443.2316162109375 0.7440708705357143 
298 2000.291064453125 489.80226135253906 2256.733837890625 732.5068817138672 0.8379603794642857 1997.8252746582032 265.238835144043 2245.1091735839846 439.2534439086914 0.8261486235119048 
299 2000.8411865234375 488.08655700683596 2257.7593994140625 731.2413848876953 0.8339378720238095 1999.4296020507813 259.04807434082034 2237.9964233398437 437.9733489990234 0.82177734375 
